  0.41770008   0.46579966  -1.27410019  -0.43299947   2.09289994   0.69139981   0.43859986   1.64320038  -1.13520030
  0.41770075   0.46579714  -1.27410151  -0.43299592   2.09289944   0.69139854   0.43859889   1.64320282  -1.13520240
  0.41770289   0.46578955  -1.27410490  -0.43298702   2.09289741   0.69139567   0.43859629   1.64320824  -1.13520814
  0.41770771   0.46577351  -1.27411105  -0.43297129   2.09289181   0.69139182   0.43859115   1.64321624  -1.13521940
  0.41771664   0.46574543  -1.27412039  -0.43294792   2.09287996   0.69138849   0.43858254   1.64322553  -1.13523804
  0.41773122   0.46570169  -1.27413325  -0.43291645   2.09285893   0.69138745   0.43856943   1.64323447  -1.13526588
  0.41775311   0.46563876  -1.27414988  -0.43287639   2.09282595   0.69139033   0.43855103   1.64324138  -1.13530495
  0.41778402   0.46555327  -1.27417047  -0.43282657   2.09277840   0.69139881   0.43852753   1.64324441  -1.13535822
  0.41782569   0.46544202  -1.27419510  -0.43276543   2.09271412   0.69141370   0.43849874   1.64324256  -1.13542874
  0.41787987   0.46530203  -1.27422382  -0.43269129   2.09263156   0.69143460   0.43846345   1.64323612  -1.13551912
  0.41794836   0.46513053  -1.27425663  -0.43260283   2.09252941   0.69146058   0.43841975   1.64322592  -1.13563140
  0.41803300   0.46492500  -1.27429348  -0.43249945   2.09240574   0.69149200   0.43836565   1.64321212  -1.13576737
  0.41813564   0.46468316  -1.27433432  -0.43238091   2.09225805   0.69153032   0.43829964   1.64319410  -1.13592886
  0.41825813   0.46440284  -1.27437894  -0.43224646   2.09208232   0.69157972   0.43822050   1.64317041  -1.13611871
  0.41840212   0.46408200  -1.27442654  -0.43209475   2.09187066   0.69165055   0.43812497   1.64313829  -1.13634097
  0.41856920   0.46371881  -1.27447593  -0.43192499   2.09161146   0.69176055   0.43801116   1.64309066  -1.13660129
  0.41876087   0.46331114  -1.27452807  -0.43173322   2.09130553   0.69190650   0.43787767   1.64303110  -1.13690272
  0.41897892   0.46285608  -1.27458348  -0.43151604   2.09094118   0.69210365   0.43771967   1.64295783  -1.13725036
  0.41922522   0.46235003  -1.27464413  -0.43126801   2.09051266   0.69235550   0.43752997   1.64287704  -1.13764698
  0.41950165   0.46178933  -1.27471337  -0.43098249   2.09002042   0.69265764   0.43730757   1.64279521  -1.13809621
  0.41981013   0.46117064  -1.27479471  -0.43065410   2.08946728   0.69300345   0.43705526   1.64271677  -1.13860150
  0.42015250   0.46049100  -1.27489079  -0.43028017   2.08885382   0.69339007   0.43677537   1.64264314  -1.13916529
  0.42053051   0.45974780  -1.27500369  -0.42985950   2.08818099   0.69381420   0.43646946   1.64257541  -1.13978874
  0.42094594   0.45893840  -1.27513467  -0.42939374   2.08744091   0.69428771   0.43614068   1.64250584  -1.14047470
  0.42140043   0.45806016  -1.27528513  -0.42888451   2.08663079   0.69481329   0.43579040   1.64243151  -1.14122346
  0.42189524   0.45711077  -1.27545642  -0.42833256   2.08575436   0.69538248   0.43541787   1.64235535  -1.14203309
  0.42243124   0.45608818  -1.27564920  -0.42773786   2.08481662   0.69598391   0.43501867   1.64228372  -1.14290067
  0.42300922   0.45499021  -1.27586447  -0.42710154   2.08381688   0.69661747   0.43459429   1.64221465  -1.14382594
  0.42362961   0.45381498  -1.27610226  -0.42642526   2.08275116   0.69728945   0.43414714   1.64214218  -1.14481011
  0.42429247   0.45256131  -1.27636084  -0.42571077   2.08161501   0.69800706   0.43367542   1.64206113  -1.14585412
  0.42499761   0.45122850  -1.27663888  -0.42495759   2.08041383   0.69876083   0.43317608   1.64197515  -1.14695677
  0.42574472   0.44981620  -1.27693453  -0.42416418   2.07915203   0.69954192   0.43264340   1.64188995  -1.14811696
  0.42653367   0.44832390  -1.27724456  -0.42332888   2.07781668   0.70037059   0.43207100   1.64179949  -1.14933981
  0.42736454   0.44675110  -1.27756732  -0.42245109   2.07639723   0.70126681   0.43146315   1.64169166  -1.15063228
  0.42823739   0.44509734  -1.27790361  -0.42153206   2.07489607   0.70223075   0.43083283   1.64155782  -1.15199735
  0.42915198   0.44336203  -1.27825418  -0.42057225   2.07332243   0.70324528   0.43018176   1.64140421  -1.15343111
  0.43010806   0.44154418  -1.27861821  -0.41956910   2.07167389   0.70431110   0.42950412   1.64123477  -1.15493386
  0.43110546   0.43964296  -1.27899491  -0.41852150   2.06994500   0.70543686   0.42880029   1.64104552  -1.15650851
  0.43214399   0.43765758  -1.27938423  -0.41743041   2.06813333   0.70662719   0.42807419   1.64083142  -1.15815627
  0.43322328   0.43558685  -1.27978638  -0.41629729   2.06623630   0.70788481   0.42732561   1.64059067  -1.15987575
  0.43434264   0.43342952  -1.28020178  -0.41512212   2.06425692   0.70920251   0.42655215   1.64032733  -1.16166385
  0.43550118   0.43118438  -1.28063005  -0.41390375   2.06219286   0.71058206   0.42574991   1.64004276  -1.16351988
  0.43669788   0.42885083  -1.28107010  -0.41263888   2.06004341   0.71202372   0.42491463   1.63973948  -1.16544505
  0.43793187   0.42642858  -1.28152149  -0.41132147   2.05781521   0.71351567   0.42404179   1.63942668  -1.16744016
  0.43920282   0.42391751  -1.28198531  -0.40995388   2.05551147   0.71505621   0.42314230   1.63909775  -1.16950570
  0.44050992   0.42131745  -1.28246095  -0.40853725   2.05313320   0.71664305   0.42221482   1.63875324  -1.17163954
  0.44185217   0.41862832  -1.28294718  -0.40707194   2.05067821   0.71827910   0.42125653   1.63839249  -1.17384088
  0.44322841   0.41585032  -1.28344330  -0.40555615   2.04814924   0.71996075   0.42026781   1.63801669  -1.17611007
  0.44463750   0.41298404  -1.28394698  -0.40398667   2.04553967   0.72170075   0.41924764   1.63762106  -1.17845228
  0.44607855   0.41003056  -1.28445638  -0.40236234   2.04284537   0.72350969   0.41820088   1.63719781  -1.18087240
  0.44755078   0.40699053  -1.28497325  -0.40068048   2.04007815   0.72537329   0.41714062   1.63674716  -1.18337256
  0.44905303   0.40386477  -1.28549663  -0.39893599   2.03724909   0.72727134   0.41606004   1.63628301  -1.18595047
  0.45058434   0.40065440  -1.28602437  -0.39712357   2.03436275   0.72919482   0.41495072   1.63581504  -1.18860652
  0.45214449   0.39736164  -1.28655307  -0.39524914   2.03140389   0.73117508   0.41382347   1.63532055  -1.19134710
  0.45373317   0.39398831  -1.28707951  -0.39331819   2.02836253   0.73322995   0.41267943   1.63478845  -1.19417295
  0.45534985   0.39053590  -1.28760211  -0.39132815   2.02525337   0.73533054   0.41150611   1.63423834  -1.19707719
  0.45699461   0.38700593  -1.28812096  -0.38928750   2.02208892   0.73745450   0.41030416   1.63367635  -1.20004903
  0.45866707   0.38339996  -1.28863459  -0.38720244   2.01887246   0.73959408   0.40907046   1.63310509  -1.20308130
  0.46036648   0.37971940  -1.28914167  -0.38507457   2.01560019   0.74175609   0.40780696   1.63252053  -1.20617433
  0.46209179   0.37596591  -1.28963930  -0.38290387   2.01226262   0.74395633   0.40651197   1.63191687  -1.20933086
  0.46384175   0.37214121  -1.29012363  -0.38068573   2.00884664   0.74621599   0.40517916   1.63128995  -1.21255713
  0.46561524   0.36824682  -1.29059591  -0.37840602   2.00536954   0.74851050   0.40381500   1.63065317  -1.21586026
  0.46741172   0.36428527  -1.29105240  -0.37605463   2.00182249   0.75085782   0.40241772   1.63000304  -1.21925269
  0.46923135   0.36025863  -1.29149671  -0.37362178   1.99823359   0.75321848   0.40100392   1.62935307  -1.22273865
  0.47107551   0.35616965  -1.29193271  -0.37112106   1.99460493   0.75560494   0.39961810   1.62867229  -1.22632271
  0.47294441   0.35202086  -1.29235593  -0.36856830   1.99092273   0.75803538   0.39824974   1.62795219  -1.22999447
  0.47483776   0.34781447  -1.29275932  -0.36597868   1.98716023   0.76054567   0.39687586   1.62718245  -1.23374405
  0.47675482   0.34355232  -1.29314039  -0.36335930   1.98331433   0.76313829   0.39548947   1.62636277  -1.23756441
  0.47869448   0.33923563  -1.29349886  -0.36070416   1.97940127   0.76578212   0.39407973   1.62551458  -1.24145019
  0.48065582   0.33486580  -1.29383541  -0.35801327   1.97544014   0.76844189   0.39264012   1.62465686  -1.24539151
  0.48263776   0.33044428  -1.29414946  -0.35528817   1.97143458   0.77111027   0.39116796   1.62379395  -1.24938399
  0.48463909   0.32597338  -1.29443964  -0.35252930   1.96737516   0.77381006   0.38967782   1.62290927  -1.25343546
  0.48665833   0.32145519  -1.29470445  -0.34972844   1.96326033   0.77654842   0.38817582   1.62200012  -1.25755495
  0.48869403   0.31689242  -1.29493819  -0.34687707   1.95907585   0.77934928   0.38665190   1.62106297  -1.26175192
  0.49074568   0.31228688  -1.29514606  -0.34397372   1.95486194   0.78215086   0.38512121   1.62011888  -1.26601838
  0.49281280   0.30764110  -1.29532762  -0.34102365   1.95061945   0.78495557   0.38359322   1.61916130  -1.27035314
  0.49489450   0.30295878  -1.29547470  -0.33802428   1.94631554   0.78781993   0.38206148   1.61816883  -1.27476943
  0.49699091   0.29824306  -1.29559105  -0.33497053   1.94194914   0.79076736   0.38057890   1.61711226  -1.27929001
  0.49910164   0.29349593  -1.29567820  -0.33185365   1.93754440   0.79375702   0.37914522   1.61601450  -1.28391297
  0.50122637   0.28871936  -1.29573475  -0.32866880   1.93312809   0.79673371   0.37773365   1.61491344  -1.28862425
  0.50336610   0.28391623  -1.29576048  -0.32543721   1.92869990   0.79969703   0.37634803   1.61380183  -1.29340886
  0.50552101   0.27909030  -1.29574510  -0.32218651   1.92421362   0.80271411   0.37496054   1.61265219  -1.29825287
  0.50769037   0.27424479  -1.29568018  -0.31892952   1.91964154   0.80582420   0.37354429   1.61145267  -1.30314810
  0.50987327   0.26938142  -1.29556815  -0.31565350   1.91502063   0.80896571   0.37209827   1.61023513  -1.30809153
  0.51206964   0.26450215  -1.29541536  -0.31235192   1.91038310   0.81209423   0.37065299   1.60901137  -1.31308655
  0.51427899   0.25960953  -1.29522041  -0.30902159   1.90572997   0.81520711   0.36920837   1.60778552  -1.31813476
  0.51650088   0.25470794  -1.29497252  -0.30566446   1.90102240   0.81836630   0.36774265   1.60653703  -1.32324338
  0.51873648   0.24980075  -1.29467579  -0.30229366   1.89626098   0.82158788   0.36629712   1.60523982  -1.32841708
  0.52098555   0.24488925  -1.29433404  -0.29890520   1.89147466   0.82482055   0.36487118   1.60392056  -1.33364713
  0.52324719   0.23997511  -1.29394510  -0.29548619   1.88667550   0.82803263   0.36344223   1.60260871  -1.33893010
  0.52552161   0.23506318  -1.29349877  -0.29204975   1.88180609   0.83132401   0.36200535   1.60125721  -1.34427635
  0.52780895   0.23015743  -1.29299340  -0.28860666   1.87684916   0.83474473   0.36058384   1.59982761  -1.34969609
  0.53010934   0.22525946  -1.29243663  -0.28516632   1.87183902   0.83825272   0.35920510   1.59832396  -1.35518112
  0.53242195   0.22037014  -1.29183100  -0.28172982   1.86680823   0.84178583   0.35785676   1.59677938  -1.36071367
  0.53474587   0.21549088  -1.29117384  -0.27829621   1.86176779   0.84530737   0.35650946   1.59522448  -1.36627786
  0.53708077   0.21062338  -1.29046597  -0.27485282   1.85673325   0.84878342   0.35516505   1.59368330  -1.37187577
  0.53942662   0.20577106  -1.28969846  -0.27137384   1.85168815   0.85222529   0.35379650   1.59217311  -1.37752255
  0.54178464   0.20093385  -1.28888151  -0.26780763   1.84668777   0.85552879   0.35243094   1.59076109  -1.38324060
  0.54415916   0.19611050  -1.28804507  -0.26413564   1.84178557   0.85861890   0.35120494   1.58946741  -1.38905772
  0.54655354   0.19130230  -1.28719303  -0.26040575   1.83694202   0.86154493   0.35012179   1.58826854  -1.39494355
  0.54896880   0.18651287  -1.28631215  -0.25666805   1.83208205   0.86441782   0.34911643   1.58711916  -1.40086525
  0.55140405   0.18174395  -1.28539804  -0.25292868   1.82721020   0.86723763   0.34814198   1.58602031  -1.40680866
  0.55385803   0.17699723  -1.28445016  -0.24918395   1.82235637   0.86997844   0.34717317   1.58497529  -1.41276945
  0.55633081   0.17227588  -1.28346897  -0.24544776   1.81752918   0.87265738   0.34621714   1.58395638  -1.41874740
  0.55882234   0.16758195  -1.28245153  -0.24173139   1.81272416   0.87528440   0.34524916   1.58295783  -1.42473065
  0.56133298   0.16291782  -1.28139747  -0.23803582   1.80792383   0.87789602   0.34428712   1.58196026  -1.43073018
  0.56386284   0.15828864  -1.28029575  -0.23437113   1.80307841   0.88058890   0.34332428   1.58091372  -1.43675938
  0.56641195   0.15369706  -1.27914649  -0.23071732   1.79822749   0.88331170   0.34236693   1.57983793  -1.44282974
  0.56898126   0.14914588  -1.27794593  -0.22706298   1.79339248   0.88602399   0.34139608   1.57875709  -1.44894029
  0.57157301   0.14464304  -1.27667463  -0.22344074   1.78848513   0.88888075   0.34037645   1.57759447  -1.45509378
  0.57418948   0.14019531  -1.27533045  -0.21986634   1.78349195   0.89195733   0.33935317   1.57628443  -1.46131471
  0.57683378   0.13580649  -1.27391933  -0.21635865   1.77844670   0.89522128   0.33836064   1.57482252  -1.46759772
  0.57950813   0.13147920  -1.27243945  -0.21289917   1.77339123   0.89858507   0.33738793   1.57326110  -1.47394029
  0.58221662   0.12721580  -1.27089393  -0.20950614   1.76831223   0.90205370   0.33645181   1.57160499  -1.48033286
  0.58496194   0.12301522  -1.26928998  -0.20619229   1.76320840   0.90559025   0.33555741   1.56989039  -1.48675320
  0.58774441   0.11887471  -1.26763247  -0.20294073   1.75811577   0.90908632   0.33468962   1.56819467  -1.49318262
  0.59056356   0.11479104  -1.26591903  -0.19971856   1.75305640   0.91243730   0.33379001   1.56660780  -1.49960199
  0.59342253   0.11076079  -1.26415853  -0.19656292   1.74801130   0.91561228   0.33281906   1.56517048  -1.50595485
  0.59632217   0.10678217  -1.26235844  -0.19347990   1.74295674   0.91863375   0.33178570   1.56388398  -1.51223558
  0.59926124   0.10285694  -1.26051926  -0.19043262   1.73787740   0.92155752   0.33073599   1.56272006  -1.51849562
  0.60223826   0.09898596  -1.25865102  -0.18735124   1.73282240   0.92435596   0.32976008   1.56168240  -1.52480964
  0.60525526   0.09517356  -1.25676671  -0.18422657   1.72778927   0.92711475   0.32896824   1.56070259  -1.53123668
  0.60831312   0.09142057  -1.25487451  -0.18104596   1.72282499   0.92978791   0.32836188   1.55979168  -1.53778125
  0.61141375   0.08772343  -1.25299370  -0.17782513   1.71798231   0.93228729   0.32793776   1.55899063  -1.54440925
  0.61455721   0.08407881  -1.25112948  -0.17459487   1.71324998   0.93460474   0.32763310   1.55831346  -1.55107115
  0.61774162   0.08048939  -1.24926415  -0.17138165   1.70856782   0.93683232   0.32733824   1.55771692  -1.55773524
  0.62096455   0.07695660  -1.24738722  -0.16816986   1.70395123   0.93894844   0.32698628   1.55720663  -1.56439419
  0.62422591   0.07348950  -1.24546982  -0.16496822   1.69931112   0.94111890   0.32650104   1.55669539  -1.57106104
  0.62753214   0.07009662  -1.24351640  -0.16186184   1.69452055   0.94359995   0.32596497   1.55604412  -1.57774597
  0.63088423   0.06677798  -1.24154916  -0.15888510   1.68963164   0.94636097   0.32544995   1.55523655  -1.58444026
  0.63427773   0.06352923  -1.23957538  -0.15599990   1.68478336   0.94917041   0.32492424   1.55437231  -1.59112205
  0.63771075   0.06035025  -1.23759120  -0.15321547   1.67999253   0.95197634   0.32434915   1.55347922  -1.59776299
  0.64118162   0.05724098  -1.23559324  -0.15053345   1.67526593   0.95473764   0.32371250   1.55258646  -1.60434829
  0.64468835   0.05420273  -1.23357694  -0.14793052   1.67059700   0.95744971   0.32305479   1.55170963  -1.61090396
  0.64822834   0.05123574  -1.23154058  -0.14535799   1.66602203   0.96004292   0.32242566   1.55089369  -1.61746652
  0.65180083   0.04834381  -1.22947338  -0.14280405   1.66149422   0.96258854   0.32183815   1.55011556  -1.62406185
  0.65540549   0.04552702  -1.22737532  -0.14024188   1.65704090   0.96502850   0.32129982   1.54941207  -1.63070027
  0.65904534   0.04278902  -1.22524994  -0.13771349   1.65263308   0.96742776   0.32080324   1.54874407  -1.63736267
  0.66272267   0.04013218  -1.22310362  -0.13525400   1.64825215   0.96983556   0.32034925   1.54808074  -1.64403319
  0.66643702   0.03755687  -1.22093588  -0.13286583   1.64390162   0.97224803   0.31990708   1.54742064  -1.65070046
  0.67018757   0.03506040  -1.21875500  -0.13051385   1.63962225   0.97459274   0.31951401   1.54680859  -1.65738382
  0.67397455   0.03264094  -1.21657172  -0.12818977   1.63543524   0.97683291   0.31921490   1.54627120  -1.66409163
  0.67779733   0.03029989  -1.21437907  -0.12590169   1.63132371   0.97898862   0.31896015   1.54579725  -1.67080787
  0.68165567   0.02803452  -1.21218382  -0.12364461   1.62729918   0.98102405   0.31875566   1.54541452  -1.67752602
  0.68554761   0.02583896  -1.20999193  -0.12139846   1.62337405   0.98288689   0.31858814   1.54516359  -1.68423779
  0.68947241   0.02370986  -1.20781438  -0.11918737   1.61954650   0.98457580   0.31845577   1.54504671  -1.69091845
  0.69342794   0.02164773  -1.20564973  -0.11704726   1.61578955   0.98615099   0.31830055   1.54501774  -1.69753535
  0.69741113   0.01965540  -1.20349161  -0.11499643   1.61207969   0.98768638   0.31807302   1.54501679  -1.70407742
  0.70141930   0.01773532  -1.20133932  -0.11304001   1.60842600   0.98920590   0.31776277   1.54501046  -1.71054580
  0.70544956   0.01588892  -1.19919766  -0.11115150   1.60488220   0.99066109   0.31741779   1.54500825  -1.71696843
  0.70949946   0.01411850  -1.19707028  -0.10929615   1.60147684   0.99204061   0.31713115   1.54501712  -1.72339782
  0.71356655   0.01242571  -1.19495195  -0.10746022   1.59820832   0.99334826   0.31691758   1.54503838  -1.72984918
  0.71764844   0.01081484  -1.19282134  -0.10564251   1.59504933   0.99462199   0.31669083   1.54503962  -1.73631014
  0.72174668   0.00928895  -1.19068526  -0.10384712   1.59202005   0.99584404   0.31652254   1.54503590  -1.74279834
  0.72586229   0.00785321  -1.18853242  -0.10209259   1.58909555   0.99705172   0.31637793   1.54500405  -1.74930237
  0.72999798   0.00651034  -1.18636493  -0.10041857   1.58625190   0.99827138   0.31625497   1.54493891  -1.75579814
  0.73415397   0.00526057  -1.18417779  -0.09884427   1.58347701   0.99949058   0.31610193   1.54484907  -1.76225307
  0.73832932   0.00410179  -1.18197066  -0.09734694   1.58079559   1.00063858   0.31593254   1.54478306  -1.76867188
  0.74252337   0.00303094  -1.17975012  -0.09590867   1.57822180   1.00166857   0.31579718   1.54478645  -1.77506797
  0.74673452   0.00204373  -1.17752215  -0.09453010   1.57575294   1.00255880   0.31569995   1.54488430  -1.78143023
  0.75095957   0.00113486  -1.17529082  -0.09320945   1.57338645   1.00329168   0.31561891   1.54509053  -1.78774181
  0.75519503   0.00030058  -1.17305751  -0.09196365   1.57110606   1.00388747   0.31549347   1.54538397  -1.79397010
  0.75943764  -0.00045804  -1.17081221  -0.09082894   1.56884581   1.00447169   0.31520414   1.54567025  -1.80007538
  0.76368460  -0.00113863  -1.16855157  -0.08981182   1.56658353   1.00513612   0.31470046   1.54586797  -1.80605773
  0.76793518  -0.00173804  -1.16628413  -0.08890565   1.56432646   1.00593719   0.31404152   1.54593560  -1.81195309
