  0.41770007   0.46579972  -1.27410016  -0.43299957   2.09289996   0.69139984   0.43859988   1.64320031  -1.13520024
  0.41770061   0.46579766  -1.27410124  -0.43299665   2.09289956   0.69139879   0.43859909   1.64320232  -1.13520196
  0.41770236   0.46579146  -1.27410402  -0.43298935   2.09289793   0.69139638   0.43859695   1.64320680  -1.13520666
  0.41770630   0.46577835  -1.27410906  -0.43297643   2.09289346   0.69139307   0.43859276   1.64321343  -1.13521587
  0.41771358   0.46575539  -1.27411674  -0.43295722   2.09288401   0.69138996   0.43858571   1.64322125  -1.13523109
  0.41772549   0.46571961  -1.27412732  -0.43293130   2.09286732   0.69138829   0.43857494   1.64322901  -1.13525379
  0.41774338   0.46566812  -1.27414105  -0.43289844   2.09284116   0.69138925   0.43855964   1.64323545  -1.13528540
  0.41776866   0.46559815  -1.27415812  -0.43285832   2.09280332   0.69139413   0.43853926   1.64323920  -1.13532759
  0.41780275   0.46550708  -1.27417865  -0.43280978   2.09275157   0.69140455   0.43851408   1.64323873  -1.13538307
  0.41784706   0.46539245  -1.27420267  -0.43275094   2.09268445   0.69142085   0.43848373   1.64323381  -1.13545469
  0.41790299   0.46525192  -1.27423034  -0.43267972   2.09260160   0.69144138   0.43844733   1.64322558  -1.13554486
  0.41797202   0.46508341  -1.27426162  -0.43259482   2.09250214   0.69146532   0.43840357   1.64321477  -1.13565552
  0.41805566   0.46488502  -1.27429635  -0.43249596   2.09238403   0.69149375   0.43835089   1.64320108  -1.13578821
  0.41815543   0.46465501  -1.27433427  -0.43238308   2.09224431   0.69152938   0.43828775   1.64318356  -1.13594459
  0.41827279   0.46439164  -1.27437497  -0.43225477   2.09207789   0.69157818   0.43821194   1.64316109  -1.13612775
  0.41840913   0.46409314  -1.27441818  -0.43210922   2.09187967   0.69164566   0.43811987   1.64313395  -1.13634040
  0.41856596   0.46375769  -1.27446426  -0.43194484   2.09164507   0.69173708   0.43801002   1.64310147  -1.13658540
  0.41874492   0.46338299  -1.27451331  -0.43176057   2.09136131   0.69187038   0.43787923   1.64305872  -1.13686715
  0.41894751   0.46296613  -1.27456708  -0.43155237   2.09102462   0.69204681   0.43772177   1.64301122  -1.13718718
  0.41917512   0.46250422  -1.27462821  -0.43131595   2.09063547   0.69226249   0.43753645   1.64296406  -1.13754734
  0.41942905   0.46199468  -1.27469917  -0.43104755   2.09019492   0.69251479   0.43732653   1.64291845  -1.13795084
  0.41971040   0.46143526  -1.27478204  -0.43074417   2.08970624   0.69279813   0.43709583   1.64287569  -1.13840018
  0.42002012   0.46082415  -1.27487793  -0.43040501   2.08917155   0.69310842   0.43684625   1.64283616  -1.13889622
  0.42035904   0.46015969  -1.27498760  -0.43003035   2.08859209   0.69344291   0.43657980   1.64279910  -1.13943932
  0.42072812   0.45943984  -1.27511170  -0.42962308   2.08796180   0.69381038   0.43629955   1.64275749  -1.14003017
  0.42112804   0.45866236  -1.27525012  -0.42918355   2.08727460   0.69421775   0.43600118   1.64271003  -1.14066909
  0.42155943   0.45782521  -1.27540317  -0.42871216   2.08652738   0.69466867   0.43568380   1.64265461  -1.14135667
  0.42202277   0.45692661  -1.27557100  -0.42820910   2.08571855   0.69516484   0.43534649   1.64258976  -1.14209341
  0.42251848   0.45596467  -1.27575351  -0.42767447   2.08484325   0.69571278   0.43498700   1.64251299  -1.14288030
  0.42304688   0.45493764  -1.27595145  -0.42710615   2.08390392   0.69630757   0.43460426   1.64242698  -1.14371789
  0.42360830   0.45384416  -1.27616558  -0.42650223   2.08290509   0.69694192   0.43419937   1.64233397  -1.14460687
  0.42420310   0.45268312  -1.27639695  -0.42586358   2.08185158   0.69760905   0.43377798   1.64223250  -1.14554702
  0.42483156   0.45145310  -1.27664589  -0.42519235   2.08074123   0.69831141   0.43334157   1.64211929  -1.14653759
  0.42549373   0.45015269  -1.27691173  -0.42449002   2.07956953   0.69905432   0.43288749   1.64199218  -1.14757795
  0.42618949   0.44878081  -1.27719361  -0.42375606   2.07833491   0.69983837   0.43241166   1.64185243  -1.14866782
  0.42691862   0.44733659  -1.27749091  -0.42299109   2.07703621   0.70066389   0.43191228   1.64170000  -1.14980632
  0.42768084   0.44581883  -1.27780275  -0.42219641   2.07566431   0.70154388   0.43138791   1.64152939  -1.15099441
  0.42847552   0.44422631  -1.27812873  -0.42137001   2.07421626   0.70248178   0.43083679   1.64134051  -1.15223331
  0.42930188   0.44255795  -1.27847013  -0.42050889   2.07269939   0.70346611   0.43026301   1.64113685  -1.15352321
  0.43015911   0.44081265  -1.27882738  -0.41960905   2.07111678   0.70449130   0.42966634   1.64092214  -1.15486523
  0.43104635   0.43898965  -1.27919985  -0.41866654   2.06946985   0.70555414   0.42904338   1.64070035  -1.15626059
  0.43196298   0.43708880  -1.27958579  -0.41768050   2.06775150   0.70666784   0.42839588   1.64046410  -1.15771364
  0.43290858   0.43510991  -1.27998482  -0.41665004   2.06595667   0.70784438   0.42773304   1.64020295  -1.15923022
  0.43388270   0.43305295  -1.28039632  -0.41556887   2.06409360   0.70906976   0.42705079   1.63992678  -1.16081172
  0.43488519   0.43091796  -1.28082124  -0.41443472   2.06217780   0.71031717   0.42634926   1.63964792  -1.16245428
  0.43591618   0.42870522  -1.28125724  -0.41325158   2.06019551   0.71160997   0.42563004   1.63935330  -1.16416099
  0.43697575   0.42641512  -1.28170179  -0.41202563   2.05813553   0.71296634   0.42489273   1.63903196  -1.16593167
  0.43806374   0.42404813  -1.28215353  -0.41075363   2.05600514   0.71437316   0.42413090   1.63869320  -1.16776539
  0.43918042   0.42160427  -1.28261521  -0.40943681   2.05381819   0.71580956   0.42335541   1.63834037  -1.16965930
  0.44032551   0.41908368  -1.28308635  -0.40807947   2.05157743   0.71726814   0.42256299   1.63797677  -1.17160731
  0.44149826   0.41648677  -1.28356506  -0.40668469   2.04928189   0.71874775   0.42174745   1.63760447  -1.17360508
  0.44269777   0.41381357  -1.28404957  -0.40525572   2.04692546   0.72025521   0.42090259   1.63722246  -1.17564917
  0.44392283   0.41106408  -1.28453833  -0.40379274   2.04450434   0.72179498   0.42002363   1.63683089  -1.17773840
  0.44517213   0.40823814  -1.28503169  -0.40229056   2.04202235   0.72336165   0.41911135   1.63643366  -1.17987482
  0.44644449   0.40533584  -1.28553156  -0.40074206   2.03948687   0.72494857   0.41817744   1.63603034  -1.18206466
  0.44773887   0.40235725  -1.28603915  -0.39914193   2.03690301   0.72655085   0.41722933   1.63562141  -1.18431209
  0.44905446   0.39930287  -1.28655466  -0.39749062   2.03426994   0.72817356   0.41627612   1.63519967  -1.18661976
  0.45039042   0.39617340  -1.28707583  -0.39578978   2.03158018   0.72982937   0.41531514   1.63475967  -1.18898846
  0.45174601   0.39297038  -1.28759639  -0.39404892   2.02880278   0.73157078   0.41434199   1.63427541  -1.19142191
  0.45312046   0.38969501  -1.28811271  -0.39227666   2.02592242   0.73342407   0.41335528   1.63373152  -1.19391908
  0.45451226   0.38634798  -1.28862370  -0.39047376   2.02294334   0.73538257   0.41235143   1.63313127  -1.19647650
  0.45591937   0.38292999  -1.28912642  -0.38863310   2.01986767   0.73744037   0.41131567   1.63248606  -1.19909410
  0.45734002   0.37944162  -1.28962449  -0.38673442   2.01673729   0.73953048   0.41024921   1.63183190  -1.20177297
  0.45877368   0.37588395  -1.29012402  -0.38476830   2.01358340   0.74161218   0.40918416   1.63117529  -1.20451948
  0.46021984   0.37225879  -1.29062381  -0.38273745   2.01040772   0.74368323   0.40812480   1.63051466  -1.20733233
  0.46167836   0.36856851  -1.29111817  -0.38065424   2.00718147   0.74579053   0.40707060   1.62982550  -1.21021256
  0.46314890   0.36481544  -1.29160035  -0.37852901   2.00388627   0.74795868   0.40600393   1.62910106  -1.21315404
  0.46463089   0.36100233  -1.29206275  -0.37636304   2.00050461   0.75021814   0.40490744   1.62833227  -1.21616066
  0.46612427   0.35713210  -1.29250143  -0.37416149   1.99702218   0.75260230   0.40378857   1.62749598  -1.21923997
  0.46762885   0.35320704  -1.29291334  -0.37193170   1.99344244   0.75510847   0.40264030   1.62659036  -1.22238607
  0.46914404   0.34922982  -1.29329771  -0.36965996   1.98980615   0.75767972   0.40145534   1.62564154  -1.22560026
  0.47067133   0.34520288  -1.29365623  -0.36736048   1.98612719   0.76029632   0.40024853   1.62464613  -1.22887269
  0.47221137   0.34112710  -1.29399185  -0.36503623   1.98242630   0.76291062   0.39901385   1.62363273  -1.23218709
  0.47376414   0.33700295  -1.29430653  -0.36267842   1.97871353   0.76549185   0.39774358   1.62262931  -1.23553833
  0.47532995   0.33283278  -1.29459570  -0.36028602   1.97495425   0.76809032   0.39643753   1.62162052  -1.23893636
  0.47690976   0.32861834  -1.29486129  -0.35786362   1.97112754   0.77074346   0.39512641   1.62058111  -1.24239135
  0.47850354   0.32436021  -1.29510806  -0.35540363   1.96725249   0.77341575   0.39382091   1.61953033  -1.24590177
  0.48011078   0.32006017  -1.29533426  -0.35289698   1.96333251   0.77610206   0.39251473   1.61847666  -1.24947253
  0.48173133   0.31571877  -1.29554972  -0.35032511   1.95941335   0.77873637   0.39124059   1.61744446  -1.25311114
  0.48336553   0.31133738  -1.29575644  -0.34769522   1.95549193   0.78132290   0.39001082   1.61642817  -1.25681446
  0.48501298   0.30691863  -1.29594657  -0.34501740   1.95153528   0.78390980   0.38880393   1.61541316  -1.26057969
  0.48667276   0.30246322  -1.29612059  -0.34228563   1.94756498   0.78645462   0.38759997   1.61442927  -1.26439661
  0.48834343   0.29797284  -1.29627785  -0.33948904   1.94360085   0.78893395   0.38639231   1.61348800  -1.26826893
  0.49002427   0.29345264  -1.29640677  -0.33662780   1.93961687   0.79141564   0.38517496   1.61254847  -1.27221721
  0.49171641   0.28890471  -1.29650922  -0.33371882   1.93564691   0.79383998   0.38393800   1.61163303  -1.27621535
  0.49342144   0.28432991  -1.29658628  -0.33079800   1.93168366   0.79619624   0.38266585   1.61074818  -1.28022582
  0.49513936   0.27972921  -1.29663731  -0.32788152   1.92769287   0.79852841   0.38136141   1.60987679  -1.28424119
  0.49686795   0.27510601  -1.29665532  -0.32495569   1.92364593   0.80090669   0.38003847   1.60898005  -1.28829324
  0.49860542   0.27046504  -1.29663646  -0.32200405   1.91953879   0.80338218   0.37873923   1.60801064  -1.29242314
  0.50035111   0.26580854  -1.29658589  -0.31900244   1.91541396   0.80590422   0.37749752   1.60698307  -1.29664996
  0.50210617   0.26113780  -1.29650528  -0.31595430   1.91127442   0.80844846   0.37631103   1.60591927  -1.30096194
  0.50387218   0.25645672  -1.29638397  -0.31289357   1.90704313   0.81112620   0.37516561   1.60477286  -1.30535074
  0.50564965   0.25176781  -1.29622295  -0.30982690   1.90271486   0.81394813   0.37408022   1.60353419  -1.30981768
  0.50743833   0.24707221  -1.29602250  -0.30674430   1.89832461   0.81684190   0.37302925   1.60225138  -1.31434849
  0.50923817   0.24237060  -1.29578388  -0.30363394   1.89392000   0.81970958   0.37197791   1.60098765  -1.31892268
  0.51104880   0.23766390  -1.29550759  -0.30047708   1.88954615   0.82246474   0.37089350   1.59979920  -1.32352898
  0.51287004   0.23295428  -1.29519360  -0.29724706   1.88522725   0.82507907   0.36977728   1.59870221  -1.32818515
  0.51470360   0.22825000  -1.29482310  -0.29393456   1.88089437   0.82769296   0.36862841   1.59762759  -1.33293704
  0.51655723   0.22355626  -1.29441690  -0.29058204   1.87654674   0.83036317   0.36761383   1.59648283  -1.33781124
  0.51843445   0.21887559  -1.29397319  -0.28723336   1.87216328   0.83310860   0.36671109   1.59525921  -1.34277242
  0.52033653   0.21420995  -1.29348115  -0.28393246   1.86769469   0.83597615   0.36584603   1.59395390  -1.34777537
  0.52226266   0.20955945  -1.29293571  -0.28070203   1.86312742   0.83896291   0.36495824   1.59258415  -1.35278345
  0.52421054   0.20492416  -1.29233600  -0.27754578   1.85846380   0.84206269   0.36402969   1.59115568  -1.35778586
  0.52617686   0.20030478  -1.29168114  -0.27445646   1.85370428   0.84528628   0.36306545   1.58965962  -1.36279062
  0.52815794   0.19570119  -1.29096990  -0.27142067   1.84887339   0.84858995   0.36204356   1.58812285  -1.36779162
  0.53014946   0.19111204  -1.29020336  -0.26836755   1.84404816   0.85183272   0.36093697   1.58663843  -1.37280501
  0.53214962   0.18653578  -1.28938976  -0.26523074   1.83929238   0.85489911   0.35976269   1.58528090  -1.37785781
  0.53416020   0.18197979  -1.28851737  -0.26199213   1.83451677   0.85796975   0.35857904   1.58395735  -1.38302030
  0.53618497   0.17744862  -1.28759155  -0.25861964   1.82975658   0.86101387   0.35744982   1.58267071  -1.38833388
  0.53823364   0.17294990  -1.28662412  -0.25517880   1.82492428   0.86422480   0.35652580   1.58128280  -1.39383091
  0.54031267   0.16848670  -1.28561949  -0.25173090   1.82000537   0.86761720   0.35579653   1.57977942  -1.39946664
  0.54242425   0.16405793  -1.28457837  -0.24827540   1.81507335   0.87102820   0.35515805   1.57826526  -1.40518196
  0.54456966   0.15966476  -1.28349197  -0.24479901   1.81017782   0.87434964   0.35449502   1.57681634  -1.41093962
  0.54675317   0.15531310  -1.28235468  -0.24132835   1.80528859   0.87766125   0.35380248   1.57537788  -1.41674305
  0.54897862   0.15100256  -1.28118185  -0.23785862   1.80048237   0.88084002   0.35310433   1.57400081  -1.42257927
  0.55125098   0.14673248  -1.27999506  -0.23439974   1.79575969   0.88388912   0.35250974   1.57267544  -1.42846439
  0.55357209   0.14250476  -1.27878322  -0.23097083   1.79105680   0.88687861   0.35196094   1.57139269  -1.43437944
  0.55594425   0.13831991  -1.27754604  -0.22762346   1.78634124   0.88983920   0.35141354   1.57014263  -1.44027677
  0.55836629   0.13417793  -1.27627776  -0.22437973   1.78159525   0.89278069   0.35080073   1.56893003  -1.44612133
  0.56083464   0.13007677  -1.27497578  -0.22121554   1.77684050   0.89564937   0.35007333   1.56779596  -1.45190342
  0.56334673   0.12602015  -1.27363092  -0.21813198   1.77203263   0.89855156   0.34923439   1.56667704  -1.45764775
  0.56590156   0.12201078  -1.27225033  -0.21514804   1.76716458   0.90154862   0.34835255   1.56551319  -1.46337360
  0.56849576   0.11804849  -1.27084154  -0.21221986   1.76229501   0.90456823   0.34748431   1.56433095  -1.46911545
  0.57112752   0.11413221  -1.26941944  -0.20931904   1.75744716   0.90758751   0.34673489   1.56313837  -1.47491315
  0.57379364   0.11025977  -1.26798833  -0.20643101   1.75262022   0.91059012   0.34612444   1.56195717  -1.48077167
  0.57648942   0.10642680  -1.26654896  -0.20352962   1.74784415   0.91348235   0.34561414   1.56085855  -1.48667183
  0.57921295   0.10263083  -1.26510625  -0.20063958   1.74310402   0.91625388   0.34519547   1.55986097  -1.49258081
