  0.41770029   0.46579949  -1.27410013  -0.43299998   2.09290052   0.69139871   0.43859998   1.64320030  -1.13520000
  0.41770039   0.46579932  -1.27410017  -0.43299999   2.09290067   0.69139833   0.43859997   1.64320038  -1.13520001
  0.41770076   0.46579871  -1.27410027  -0.43300004   2.09290100   0.69139727   0.43859993   1.64320051  -1.13520008
  0.41770164   0.46579732  -1.27410046  -0.43300022   2.09290139   0.69139543   0.43859978   1.64320057  -1.13520037
  0.41770333   0.46579477  -1.27410077  -0.43300055   2.09290156   0.69139291   0.43859942   1.64320038  -1.13520111
  0.41770615   0.46579059  -1.27410123  -0.43300098   2.09290117   0.69138986   0.43859869   1.64319981  -1.13520263
  0.41771048   0.46578434  -1.27410193  -0.43300138   2.09289981   0.69138647   0.43859741   1.64319880  -1.13520531
  0.41771670   0.46577552  -1.27410297  -0.43300149   2.09289706   0.69138296   0.43859541   1.64319733  -1.13520967
  0.41772520   0.46576366  -1.27410435  -0.43300081   2.09289241   0.69137972   0.43859259   1.64319537  -1.13521652
  0.41773640   0.46574829  -1.27410597  -0.43299866   2.09288529   0.69137712   0.43858882   1.64319296  -1.13522688
  0.41775075   0.46572892  -1.27410768  -0.43299439   2.09287514   0.69137546   0.43858381   1.64319021  -1.13524175
  0.41776874   0.46570506  -1.27410932  -0.43298745   2.09286139   0.69137502   0.43857715   1.64318726  -1.13526204
  0.41779091   0.46567621  -1.27411082  -0.43297748   2.09284353   0.69137603   0.43856837   1.64318421  -1.13528851
  0.41781783   0.46564182  -1.27411221  -0.43296423   2.09282089   0.69137897   0.43855707   1.64318103  -1.13532187
  0.41785012   0.46560129  -1.27411356  -0.43294727   2.09279242   0.69138486   0.43854300   1.64317754  -1.13536307
  0.41788846   0.46555392  -1.27411510  -0.43292605   2.09275680   0.69139492   0.43852570   1.64317380  -1.13541308
  0.41793355   0.46549885  -1.27411725  -0.43289987   2.09271260   0.69141042   0.43850451   1.64317011  -1.13547284
  0.41798620   0.46543483  -1.27412078  -0.43286790   2.09265711   0.69143420   0.43847846   1.64316655  -1.13554335
  0.41804727   0.46536024  -1.27412687  -0.43282891   2.09258734   0.69146955   0.43844674   1.64316317  -1.13562595
  0.41811768   0.46527308  -1.27413701  -0.43278144   2.09250143   0.69151807   0.43840946   1.64316006  -1.13572199
  0.41819827   0.46517124  -1.27415248  -0.43272391   2.09239886   0.69157933   0.43836674   1.64315774  -1.13583284
  0.41828989   0.46505262  -1.27417384  -0.43265494   2.09227946   0.69165230   0.43831805   1.64315660  -1.13595985
  0.41839333   0.46491522  -1.27420094  -0.43257364   2.09214265   0.69173650   0.43826201   1.64315660  -1.13610429
  0.41850933   0.46475717  -1.27423319  -0.43247952   2.09198684   0.69183299   0.43819734   1.64315674  -1.13626763
  0.41863871   0.46457640  -1.27427011  -0.43237183   2.09180810   0.69194631   0.43812245   1.64315511  -1.13645197
  0.41878235   0.46437058  -1.27431183  -0.43224961   2.09160288   0.69208021   0.43803647   1.64315022  -1.13665930
  0.41894115   0.46413728  -1.27435910  -0.43211126   2.09136992   0.69223472   0.43793895   1.64314237  -1.13689116
  0.41911608   0.46387407  -1.27441281  -0.43195534   2.09110882   0.69240853   0.43782964   1.64313225  -1.13714882
  0.41930807   0.46357855  -1.27447365  -0.43178096   2.09081804   0.69260212   0.43770793   1.64311971  -1.13743339
  0.41951805   0.46324840  -1.27454217  -0.43158716   2.09049546   0.69281683   0.43757255   1.64310462  -1.13774606
  0.41974690   0.46288146  -1.27461879  -0.43137264   2.09013952   0.69305337   0.43742233   1.64308716  -1.13808832
  0.41999549   0.46247588  -1.27470377  -0.43113612   2.08974930   0.69331179   0.43725659   1.64306743  -1.13846171
  0.42026467   0.46202982  -1.27479752  -0.43087680   2.08932355   0.69359263   0.43707533   1.64304499  -1.13886759
  0.42055532   0.46154150  -1.27490052  -0.43059413   2.08886058   0.69389711   0.43687846   1.64301917  -1.13930714
  0.42086823   0.46100930  -1.27501308  -0.43028747   2.08835878   0.69422630   0.43666541   1.64298967  -1.13978144
  0.42120412   0.46043177  -1.27513543  -0.42995616   2.08781729   0.69458024   0.43643549   1.64295665  -1.14029139
  0.42156365   0.45980748  -1.27526792  -0.42959964   2.08723472   0.69495967   0.43618838   1.64291993  -1.14083784
  0.42194737   0.45913501  -1.27541080  -0.42921692   2.08660938   0.69536609   0.43592331   1.64287936  -1.14142198
  0.42235579   0.45841311  -1.27556418  -0.42880683   2.08594028   0.69580037   0.43563970   1.64283473  -1.14204528
  0.42278938   0.45764060  -1.27572810  -0.42836867   2.08522592   0.69626462   0.43533779   1.64278459  -1.14270930
  0.42324860   0.45681635  -1.27590251  -0.42790185   2.08446489   0.69676052   0.43501736   1.64272792  -1.14341536
  0.42373390   0.45593932  -1.27608728  -0.42740607   2.08365594   0.69728920   0.43467808   1.64266396  -1.14416434
  0.42424565   0.45500843  -1.27628232  -0.42688088   2.08279766   0.69785174   0.43431927   1.64259245  -1.14495698
  0.42478420   0.45402262  -1.27648771  -0.42632538   2.08188952   0.69844774   0.43394056   1.64251386  -1.14579401
  0.42534976   0.45298101  -1.27670338  -0.42573837   2.08093134   0.69907688   0.43354191   1.64242834  -1.14667662
  0.42594257   0.45188270  -1.27692900  -0.42511895   2.07992116   0.69974197   0.43312294   1.64233461  -1.14760646
  0.42656285   0.45072680  -1.27716451  -0.42446663   2.07885759   0.70044519   0.43268419   1.64223099  -1.14858486
  0.42721084   0.44951248  -1.27740987  -0.42378152   2.07773989   0.70118703   0.43222586   1.64211674  -1.14961212
  0.42788670   0.44823884  -1.27766513  -0.42306341   2.07656786   0.70196661   0.43174713   1.64199245  -1.15068809
  0.42859049   0.44690511  -1.27793020  -0.42231127   2.07534239   0.70278194   0.43124696   1.64185925  -1.15181314
  0.42932229   0.44551084  -1.27820445  -0.42152381   2.07406418   0.70363208   0.43072458   1.64171743  -1.15298860
  0.43008222   0.44405563  -1.27848735  -0.42069989   2.07273421   0.70451519   0.43017893   1.64156799  -1.15421532
  0.43087041   0.44253899  -1.27877852  -0.41983919   2.07135270   0.70543007   0.42960935   1.64141149  -1.15549346
  0.43168696   0.44096047  -1.27907763  -0.41894207   2.06991754   0.70637997   0.42901649   1.64124569  -1.15682382
  0.43253183   0.43931953  -1.27938454  -0.41800846   2.06842744   0.70736695   0.42840126   1.64106888  -1.15820719
  0.43340499   0.43761554  -1.27969922  -0.41703802   2.06688070   0.70839335   0.42776399   1.64087988  -1.15964429
  0.43430640   0.43584787  -1.28002173  -0.41602976   2.06527687   0.70945883   0.42710378   1.64067966  -1.16113540
  0.43523607   0.43401586  -1.28035224  -0.41498231   2.06361660   0.71056151   0.42641998   1.64046979  -1.16268091
  0.43619398   0.43211897  -1.28069090  -0.41389472   2.06190039   0.71170073   0.42571404   1.64024983  -1.16428190
  0.43718012   0.43015671  -1.28103759  -0.41276679   2.06012727   0.71287806   0.42498745   1.64001819  -1.16593925
  0.43819435   0.42812879  -1.28139149  -0.41159903   2.05829484   0.71409704   0.42423977   1.63977277  -1.16765346
  0.43923644   0.42603503  -1.28175134  -0.41039218   2.05639948   0.71536302   0.42346988   1.63951095  -1.16942504
  0.44030614   0.42387539  -1.28211641  -0.40914691   2.05443892   0.71667958   0.42267925   1.63923000  -1.17125460
  0.44140315   0.42164977  -1.28248674  -0.40786320   2.05241338   0.71804616   0.42187037   1.63892922  -1.17314233
  0.44252713   0.41935823  -1.28286227  -0.40654089   2.05032450   0.71945954   0.42104384   1.63860991  -1.17508754
  0.44367764   0.41700095  -1.28324271  -0.40517943   2.04817450   0.72091581   0.42019907   1.63827411  -1.17708947
  0.44485411   0.41457832  -1.28362717  -0.40377810   2.04596530   0.72241195   0.41933415   1.63792359  -1.17914771
  0.44605602   0.41209113  -1.28401368  -0.40233451   2.04369804   0.72394761   0.41844543   1.63755940  -1.18126416
  0.44728298   0.40954043  -1.28439993  -0.40084563   2.04137597   0.72551848   0.41752839   1.63718488  -1.18344053
  0.44853481   0.40692736  -1.28478398  -0.39931274   2.03900063   0.72712130   0.41658088   1.63680135  -1.18567547
  0.44981135   0.40425306  -1.28516425  -0.39773747   2.03657090   0.72875708   0.41560342   1.63640774  -1.18796849
  0.45111254   0.40151865  -1.28553986  -0.39611995   2.03408392   0.73043083   0.41459955   1.63600105  -1.19032149
  0.45243846   0.39872525  -1.28591076  -0.39445794   2.03153949   0.73214378   0.41357335   1.63558083  -1.19273746
  0.45378933   0.39587396  -1.28627748  -0.39274931   2.02893865   0.73389662   0.41253073   1.63514581  -1.19521974
  0.45516536   0.39296603  -1.28663998  -0.39099283   2.02628334   0.73568822   0.41147334   1.63469628  -1.19776996
  0.45656686   0.39000277  -1.28699752  -0.38918940   2.02357339   0.73752121   0.41040102   1.63423025  -1.20038874
  0.45799416   0.38698546  -1.28734921  -0.38734002   2.02081050   0.73939394   0.40931099   1.63374858  -1.20307525
  0.45944765   0.38391528  -1.28769423  -0.38544708   2.01799617   0.74130420   0.40820080   1.63325203  -1.20582738
  0.46092762   0.38079338  -1.28803145  -0.38351296   2.01512921   0.74325395   0.40706925   1.63273936  -1.20864401
  0.46243429   0.37762078  -1.28835990  -0.38153898   2.01220664   0.74524760   0.40591719   1.63220845  -1.21152551
  0.46396778   0.37439823  -1.28867956  -0.37952481   2.00922815   0.74728437   0.40474721   1.63166021  -1.21447225
  0.46552808   0.37112639  -1.28899041  -0.37746903   2.00619388   0.74936367   0.40356218   1.63109531  -1.21748568
  0.46711499   0.36780593  -1.28929219  -0.37536794   2.00310881   0.75147745   0.40236215   1.63051856  -1.22056720
  0.46872807   0.36443767  -1.28958379  -0.37321701   1.99997895   0.75361609   0.40114449   1.62993597  -1.22371831
  0.47036718   0.36102317  -1.28986255  -0.37101378   1.99680507   0.75578228   0.39990922   1.62934479  -1.22694349
  0.47203266   0.35756414  -1.29012623  -0.36876047   1.99358656   0.75797913   0.39865772   1.62874103  -1.23024378
  0.47372503   0.35406222  -1.29037277  -0.36646215   1.99032056   0.76021064   0.39738900   1.62812154  -1.23361694
  0.47544466   0.35051880  -1.29060088  -0.36412344   1.98700403   0.76248035   0.39610216   1.62748425  -1.23706030
  0.47719173   0.34693505  -1.29081032  -0.36174741   1.98363638   0.76478831   0.39479810   1.62682878  -1.24057152
  0.47896617   0.34331202  -1.29100130  -0.35933491   1.98021932   0.76713120   0.39347803   1.62615688  -1.24414910
  0.48076765   0.33965073  -1.29117392  -0.35688457   1.97675601   0.76950419   0.39214325   1.62547116  -1.24779308
  0.48259583   0.33595262  -1.29132718  -0.35439539   1.97324610   0.77191023   0.39079587   1.62476946  -1.25150565
  0.48445037   0.33221939  -1.29145951  -0.35186906   1.96969023   0.77434976   0.38943583   1.62405036  -1.25528616
  0.48633088   0.32845287  -1.29156906  -0.34930798   1.96608939   0.77682145   0.38806184   1.62331362  -1.25913272
  0.48823692   0.32465495  -1.29165387  -0.34671295   1.96244318   0.77932621   0.38667328   1.62255868  -1.26304515
  0.49016812   0.32082740  -1.29171282  -0.34407962   1.95875548   0.78185702   0.38527024   1.62179087  -1.26702549
  0.49212427   0.31697154  -1.29174680  -0.34140390   1.95503181   0.78440214   0.38385645   1.62101838  -1.27107436
  0.49410514   0.31308857  -1.29175709  -0.33868637   1.95127399   0.78695531   0.38243618   1.62024588  -1.27518939
  0.49611040   0.30917999  -1.29174436  -0.33592992   1.94747893   0.78952175   0.38101419   1.61947071  -1.27936918
  0.49813947   0.30524753  -1.29170846  -0.33313579   1.94364704   0.79210555   0.37959359   1.61868873  -1.28361424
  0.50019165   0.30129331  -1.29164802  -0.33030537   1.93977922   0.79471275   0.37817570   1.61789335  -1.28792601
  0.50226626   0.29731976  -1.29155961  -0.32744105   1.93587392   0.79735170   0.37675481   1.61707800  -1.29230457
  0.50436297   0.29332912  -1.29144038  -0.32454813   1.93193064   0.80002505   0.37532458   1.61623967  -1.29674599
  0.50648163   0.28932330  -1.29128854  -0.32163173   1.92794943   0.80273164   0.37388207   1.61537821  -1.30124579
