  0.41770007   0.46579972  -1.27410016  -0.43299956   2.09289996   0.69139983   0.43859988   1.64320032  -1.13520025
  0.41770061   0.46579766  -1.27410125  -0.43299660   2.09289960   0.69139870   0.43859905   1.64320241  -1.13520196
  0.41770235   0.46579145  -1.27410407  -0.43298919   2.09289817   0.69139596   0.43859689   1.64320711  -1.13520665
  0.41770628   0.46577832  -1.27410919  -0.43297609   2.09289402   0.69139210   0.43859271   1.64321409  -1.13521584
  0.41771356   0.46575534  -1.27411694  -0.43295665   2.09288479   0.69138864   0.43858571   1.64322216  -1.13523114
  0.41772546   0.46571955  -1.27412756  -0.43293054   2.09286796   0.69138727   0.43857506   1.64322984  -1.13525405
  0.41774332   0.46566805  -1.27414127  -0.43289741   2.09284128   0.69138917   0.43855968   1.64323603  -1.13528603
  0.41776848   0.46559801  -1.27415829  -0.43285623   2.09280298   0.69139491   0.43853826   1.64324034  -1.13532889
  0.41780230   0.46550680  -1.27417890  -0.43280516   2.09275190   0.69140466   0.43851145   1.64324189  -1.13538562
  0.41784619   0.46539199  -1.27420280  -0.43274298   2.09268390   0.69142338   0.43847918   1.64323795  -1.13545974
  0.41790143   0.46525134  -1.27422837  -0.43266925   2.09258754   0.69146720   0.43843742   1.64322281  -1.13555556
  0.41796914   0.46508256  -1.27425549  -0.43258035   2.09246198   0.69153468   0.43838153   1.64320020  -1.13567552
  0.41805040   0.46488348  -1.27428433  -0.43247246   2.09230829   0.69162173   0.43830742   1.64317480  -1.13582172
  0.41814629   0.46465210  -1.27431553  -0.43234234   2.09212780   0.69172471   0.43821436   1.64314923  -1.13599664
  0.41825797   0.46438644  -1.27435042  -0.43218783   2.09192367   0.69183688   0.43810581   1.64312540  -1.13620197
  0.41838674   0.46408464  -1.27438998  -0.43200978   2.09169566   0.69195620   0.43798504   1.64310229  -1.13643797
  0.41853381   0.46374465  -1.27443477  -0.43181206   2.09143794   0.69208792   0.43785289   1.64307640  -1.13670291
  0.41870031   0.46336394  -1.27448488  -0.43159864   2.09113612   0.69225103   0.43770849   1.64303928  -1.13699717
  0.41888709   0.46293962  -1.27454072  -0.43136981   2.09077878   0.69245959   0.43754751   1.64298778  -1.13732184
  0.41909487   0.46246868  -1.27460467  -0.43112262   2.09036665   0.69270918   0.43736918   1.64292603  -1.13767719
  0.41932426   0.46194832  -1.27467972  -0.43085400   2.08990487   0.69299029   0.43717815   1.64285701  -1.13806410
  0.41957566   0.46137615  -1.27476739  -0.43056078   2.08939646   0.69329697   0.43697473   1.64278375  -1.13848373
  0.41984937   0.46075013  -1.27486962  -0.43024039   2.08884913   0.69361649   0.43676179   1.64271037  -1.13893607
  0.42014552   0.46006848  -1.27498650  -0.42989204   2.08826061   0.69395226   0.43653907   1.64263462  -1.13942271
  0.42046435   0.45932912  -1.27511663  -0.42951483   2.08761724   0.69432504   0.43630096   1.64254991  -1.13994769
  0.42080627   0.45852992  -1.27525944  -0.42910818   2.08690745   0.69475296   0.43604568   1.64244874  -1.14051520
  0.42117174   0.45766886  -1.27541540  -0.42867140   2.08612862   0.69523938   0.43577335   1.64232908  -1.14112678
  0.42156114   0.45674380  -1.27558710  -0.42819997   2.08529516   0.69575875   0.43548315   1.64220383  -1.14177993
  0.42197507   0.45575255  -1.27577850  -0.42769293   2.08441948   0.69629033   0.43518441   1.64207775  -1.14247257
  0.42241395   0.45469333  -1.27599018  -0.42715126   2.08350084   0.69683344   0.43487726   1.64195028  -1.14320378
  0.42287818   0.45356507  -1.27622004  -0.42657520   2.08253068   0.69740077   0.43455562   1.64181761  -1.14397578
  0.42336839   0.45236700  -1.27646687  -0.42596703   2.08150171   0.69800407   0.43421979   1.64167264  -1.14479048
  0.42388515   0.45109752  -1.27673209  -0.42532753   2.08041430   0.69864108   0.43387280   1.64151487  -1.14564717
  0.42442864   0.44975499  -1.27701609  -0.42466025   2.07926339   0.69931709   0.43351567   1.64134047  -1.14654381
  0.42499847   0.44833798  -1.27731766  -0.42396650   2.07804546   0.70003284   0.43313905   1.64115322  -1.14747661
  0.42559394   0.44684553  -1.27763532  -0.42324358   2.07676029   0.70078724   0.43273486   1.64095737  -1.14844564
  0.42621453   0.44527678  -1.27796785  -0.42249169   2.07539801   0.70160080   0.43230831   1.64073889  -1.14945723
  0.42685953   0.44363052  -1.27831669  -0.42170607   2.07396821   0.70245999   0.43186391   1.64050185  -1.15051307
  0.42752815   0.44190581  -1.27868271  -0.42088327   2.07247996   0.70335070   0.43140359   1.64025161  -1.15161304
  0.42821968   0.44010218  -1.27906346  -0.42002505   2.07092332   0.70429167   0.43092735   1.63997689  -1.15276063
  0.42893344   0.43821900  -1.27945820  -0.41913530   2.06929679   0.70528416   0.43043674   1.63967407  -1.15395318
  0.42966847   0.43625559  -1.27986551  -0.41821589   2.06759715   0.70632905   0.42992664   1.63934492  -1.15518712
  0.43042366   0.43421103  -1.28028431  -0.41726663   2.06582299   0.70742269   0.42938873   1.63899621  -1.15645824
  0.43119790   0.43208469  -1.28071493  -0.41628513   2.06397307   0.70856699   0.42882868   1.63862577  -1.15776893
  0.43198995   0.42987627  -1.28115776  -0.41526524   2.06204943   0.70976060   0.42825308   1.63823332  -1.15912452
  0.43279863   0.42758506  -1.28161426  -0.41419357   2.06006612   0.71098113   0.42765950   1.63783510  -1.16052915
  0.43362301   0.42521045  -1.28208587  -0.41305625   2.05804345   0.71219320   0.42703899   1.63745662  -1.16198308
  0.43446262   0.42275292  -1.28257253  -0.41184645   2.05599323   0.71338172   0.42639321   1.63710411  -1.16349009
  0.43531793   0.42021517  -1.28306927  -0.41057288   2.05389311   0.71460664   0.42575162   1.63672465  -1.16507025
  0.43618985   0.41759908  -1.28357392  -0.40924648   2.05173913   0.71588273   0.42512892   1.63629668  -1.16672539
  0.43707908   0.41490694  -1.28407701  -0.40787665   2.04951581   0.71722732   0.42449341   1.63582246  -1.16844781
  0.43798739   0.41213919  -1.28458144  -0.40647042   2.04722729   0.71862873   0.42385733   1.63530296  -1.17023160
  0.43891583   0.40929568  -1.28508665  -0.40503509   2.04487186   0.72007322   0.42320221   1.63475608  -1.17206142
  0.43986507   0.40637624  -1.28559242  -0.40358154   2.04244171   0.72156316   0.42252151   1.63418383  -1.17392581
  0.44083448   0.40338117  -1.28609809  -0.40210988   2.03993845   0.72309757   0.42181293   1.63358646  -1.17582419
  0.44182302   0.40031007  -1.28660486  -0.40061207   2.03737262   0.72465970   0.42107165   1.63297642  -1.17775715
  0.44282987   0.39716298  -1.28711255  -0.39909249   2.03474339   0.72624898   0.42029687   1.63235301  -1.17971988
  0.44385341   0.39394075  -1.28761916  -0.39754922   2.03204928   0.72787853   0.41949480   1.63170330  -1.18171996
  0.44489203   0.39064371  -1.28812294  -0.39598448   2.02928878   0.72954983   0.41865926   1.63102780  -1.18375368
  0.44594398   0.38727221  -1.28862539  -0.39439288   2.02646248   0.73127110   0.41780916   1.63031490  -1.18583084
  0.44700697   0.38382838  -1.28912316  -0.39276681   2.02357135   0.73305984   0.41695906   1.62954519  -1.18796831
  0.44807897   0.38031481  -1.28961170  -0.39109980   2.02061791   0.73492922   0.41611639   1.62870380  -1.19018003
  0.44915861   0.37673374  -1.29009021  -0.38937591   2.01762691   0.73684954   0.41528627   1.62780309  -1.19247606
  0.45024661   0.37308728  -1.29055838  -0.38760497   2.01456742   0.73887622   0.41450144   1.62680460  -1.19486790
  0.45134280   0.36937690  -1.29101312  -0.38580217   2.01142256   0.74102613   0.41375513   1.62570304  -1.19734380
  0.45244640   0.36560193  -1.29145410  -0.38397652   2.00819492   0.74326486   0.41301208   1.62453665  -1.19987426
  0.45355559   0.36176070  -1.29188454  -0.38211155   2.00492021   0.74550399   0.41223004   1.62337994  -1.20243547
  0.45466864   0.35785292  -1.29231197  -0.38018023   2.00164335   0.74767605   0.41142295   1.62226702  -1.20503536
  0.45578491   0.35387759  -1.29274266  -0.37817769   1.99839010   0.74972086   0.41058619   1.62123743  -1.20765754
  0.45690314   0.34983323  -1.29318185  -0.37609749   1.99517199   0.75160037   0.40971164   1.62032420  -1.21028932
  0.45802146   0.34572024  -1.29362818  -0.37393489   1.99197255   0.75333617   0.40879622   1.61952516  -1.21293472
  0.45913803   0.34154571  -1.29406081  -0.37168159   1.98871033   0.75511055   0.40785359   1.61873719  -1.21565591
  0.46025364   0.33731989  -1.29447300  -0.36935260   1.98539113   0.75701354   0.40699634   1.61782715  -1.21851330
  0.46136893   0.33305160  -1.29484481  -0.36697850   1.98200477   0.75909772   0.40620538   1.61674221  -1.22150835
  0.46248446   0.32874900  -1.29515489  -0.36458776   1.97853191   0.76141343   0.40543831   1.61544811  -1.22463444
  0.46360156   0.32441738  -1.29539196  -0.36220510   1.97497551   0.76395474   0.40466115   1.61394510  -1.22787054
  0.46472261   0.32005668  -1.29555366  -0.35983060   1.97140813   0.76652334   0.40375319   1.61239114  -1.23113750
  0.46585228   0.31566401  -1.29565409  -0.35743745   1.96787480   0.76897119   0.40267519   1.61091532  -1.23439851
  0.46699731   0.31124333  -1.29570842  -0.35500911   1.96434824   0.77137216   0.40156802   1.60944690  -1.23771736
  0.46816481   0.30679773  -1.29573023  -0.35256209   1.96078650   0.77381247   0.40054728   1.60790955  -1.24112731
  0.46935873   0.30232775  -1.29572499  -0.35011559   1.95715932   0.77632227   0.39962483   1.60629569  -1.24461729
  0.47057986   0.29783380  -1.29569460  -0.34767191   1.95346305   0.77890135   0.39879161   1.60461399  -1.24818118
  0.47182688   0.29331592  -1.29563818  -0.34521771   1.94974540   0.78145813   0.39799038   1.60293126  -1.25179543
  0.47309928   0.28877207  -1.29555538  -0.34274516   1.94603547   0.78389849   0.39713318   1.60133897  -1.25541629
  0.47439762   0.28420836  -1.29543729  -0.34025200   1.94230342   0.78631518   0.39625334   1.59976816  -1.25908494
  0.47572448   0.27963098  -1.29528067  -0.33777315   1.93847854   0.78887765   0.39543654   1.59808669  -1.26284156
  0.47707924   0.27504408  -1.29508240  -0.33532843   1.93455104   0.79163654   0.39471313   1.59624023  -1.26669672
  0.47845970   0.27044677  -1.29484593  -0.33291304   1.93053343   0.79456037   0.39407043   1.59425566  -1.27063883
  0.47986193   0.26583351  -1.29457501  -0.33046845   1.92650392   0.79744677   0.39338562   1.59231225  -1.27462275
  0.48128375   0.26119584  -1.29428973  -0.32795656   1.92258129   0.80002213   0.39257865   1.59060173  -1.27857871
  0.48272486   0.25652695  -1.29400415  -0.32539314   1.91878306   0.80217634   0.39160065   1.58921924  -1.28243621
  0.48418497   0.25183463  -1.29370265  -0.32276415   1.91502162   0.80410653   0.39051137   1.58804619  -1.28627415
  0.48566904   0.24712802  -1.29338900  -0.32013178   1.91120262   0.80605805   0.38949315   1.58687033  -1.29015794
  0.48717615   0.24241257  -1.29306030  -0.31751744   1.90729979   0.80813399   0.38860485   1.58559714  -1.29411852
  0.48870356   0.23769123  -1.29271059  -0.31492888   1.90330047   0.81037191   0.38784414   1.58420080  -1.29816021
  0.49024757   0.23296119  -1.29234621  -0.31233390   1.89923608   0.81269345   0.38718541   1.58275015  -1.30227362
  0.49180490   0.22821842  -1.29197731  -0.30969957   1.89512795   0.81503284   0.38662180   1.58130789  -1.30645419
  0.49337228   0.22346657  -1.29159760  -0.30704855   1.89094282   0.81747960   0.38618053   1.57980406  -1.31071551
  0.49494436   0.21871069  -1.29119787  -0.30439098   1.88668067   0.82009107   0.38588912   1.57817292  -1.31508049
  0.49651584   0.21395644  -1.29075942  -0.30175597   1.88230211   0.82295874   0.38572756   1.57635215  -1.31954941
  0.49808074   0.20920833  -1.29026686  -0.29918366   1.87782654   0.82606831   0.38564155   1.57432804  -1.32408391
  0.49963259   0.20446941  -1.28970586  -0.29669227   1.87327738   0.82937617   0.38556679   1.57212139  -1.32864801
  0.50116696   0.19973718  -1.28907669  -0.29425102   1.86868243   0.83277331   0.38545632   1.56983115  -1.33321540
  0.50268098   0.19500586  -1.28838320  -0.29178919   1.86408103   0.83609547   0.38522682   1.56762176  -1.33775976
  0.50417753   0.19027606  -1.28764458  -0.28928343   1.85946372   0.83936956   0.38501576   1.56546702  -1.34233434
  0.50565992   0.18554505  -1.28687931  -0.28672646   1.85484434   0.84253670   0.38486938   1.56341104  -1.34693168
  0.50713064   0.18081497  -1.28608870  -0.28413224   1.85022008   0.84559484   0.38478954   1.56145528  -1.35154175
  0.50859168   0.17609259  -1.28526371  -0.28150814   1.84558285   0.84859928   0.38478166   1.55955225  -1.35618573
  0.51004667   0.17138250  -1.28440443  -0.27887855   1.84093014   0.85158024   0.38485742   1.55766831  -1.36086306
  0.51149892   0.16668477  -1.28351456  -0.27627114   1.83625108   0.85453272   0.38497911   1.55581801  -1.36553740
  0.51294952   0.16199962  -1.28259093  -0.27370648   1.83155371   0.85742214   0.38506768   1.55403240  -1.37016314
  0.51439919   0.15732305  -1.28164248  -0.27117613   1.82685576   0.86017615   0.38508121   1.55237643  -1.37470759
  0.51584777   0.15265199  -1.28067257  -0.26869455   1.82216749   0.86274258   0.38494873   1.55089528  -1.37912051
