  0.41770002   0.46579988  -1.27410011  -0.43299961   2.09289982   0.69140017   0.43859987   1.64320024  -1.13520023
  0.41770015   0.46579899  -1.27410089  -0.43299685   2.09289863   0.69140121   0.43859895   1.64320198  -1.13520188
  0.41770064   0.46579613  -1.27410320  -0.43298917   2.09289565   0.69140339   0.43859658   1.64320679  -1.13520647
  0.41770189   0.46578970  -1.27410784  -0.43297430   2.09288988   0.69140709   0.43859213   1.64321575  -1.13521555
  0.41770446   0.46577770  -1.27411553  -0.43295039   2.09288007   0.69141282   0.43858503   1.64322935  -1.13523064
  0.41770907   0.46575776  -1.27412686  -0.43291601   2.09286457   0.69142142   0.43857471   1.64324740  -1.13525327
  0.41771658   0.46572722  -1.27414222  -0.43287019   2.09284096   0.69143487   0.43856059   1.64326872  -1.13528506
  0.41772800   0.46568313  -1.27416181  -0.43281235   2.09280578   0.69145658   0.43854217   1.64329105  -1.13532794
  0.41774445   0.46562228  -1.27418592  -0.43274141   2.09275714   0.69148730   0.43851923   1.64331314  -1.13538389
  0.41776714   0.46554127  -1.27421493  -0.43265601   2.09269449   0.69152521   0.43849158   1.64333483  -1.13545467
  0.41779740   0.46543658  -1.27424909  -0.43255506   2.09261697   0.69156872   0.43845852   1.64335593  -1.13554193
  0.41783669   0.46530462  -1.27428828  -0.43243809   2.09252199   0.69161853   0.43841806   1.64337562  -1.13564711
  0.41788650   0.46514181  -1.27433233  -0.43230466   2.09240658   0.69167588   0.43836770   1.64339315  -1.13577171
  0.41794841   0.46494462  -1.27438113  -0.43215402   2.09226790   0.69174196   0.43830516   1.64340785  -1.13591751
  0.41802403   0.46470962  -1.27443439  -0.43198530   2.09210094   0.69182191   0.43822878   1.64341715  -1.13608748
  0.41811497   0.46443352  -1.27449189  -0.43179733   2.09190112   0.69191989   0.43813606   1.64341971  -1.13628434
  0.41822290   0.46411312  -1.27455385  -0.43158821   2.09166615   0.69203661   0.43802492   1.64341594  -1.13651060
  0.41834957   0.46374537  -1.27462005  -0.43135695   2.09138856   0.69218097   0.43789219   1.64340324  -1.13676955
  0.41849681   0.46332728  -1.27469049  -0.43110272   2.09106107   0.69236115   0.43773417   1.64337991  -1.13706384
  0.41866645   0.46285607  -1.27476595  -0.43082461   2.09067963   0.69258089   0.43754993   1.64334497  -1.13739578
  0.41886033   0.46232918  -1.27484753  -0.43052160   2.09024159   0.69284252   0.43734095   1.64329682  -1.13776808
  0.41908020   0.46174441  -1.27493682  -0.43019196   2.08974772   0.69314383   0.43711077   1.64323508  -1.13818352
  0.41932780   0.46109989  -1.27503599  -0.42983487   2.08920162   0.69347900   0.43686654   1.64315874  -1.13864428
  0.41960478   0.46039405  -1.27514665  -0.42945045   2.08860530   0.69384370   0.43661235   1.64306768  -1.13915119
  0.41991267   0.45962541  -1.27526919  -0.42903998   2.08795369   0.69424268   0.43634542   1.64296161  -1.13970403
  0.42025286   0.45879258  -1.27540447  -0.42860471   2.08724238   0.69468062   0.43606524   1.64283917  -1.14030292
  0.42062653   0.45789427  -1.27555409  -0.42814499   2.08647265   0.69515323   0.43577227   1.64270270  -1.14094681
  0.42103459   0.45692943  -1.27571940  -0.42766084   2.08564715   0.69565405   0.43546595   1.64255595  -1.14163409
  0.42147770   0.45589718  -1.27590073  -0.42715156   2.08476433   0.69618382   0.43514333   1.64240085  -1.14236485
  0.42195637   0.45479674  -1.27609904  -0.42661704   2.08382631   0.69673719   0.43480300   1.64224103  -1.14313750
  0.42247098   0.45362743  -1.27631541  -0.42605823   2.08283530   0.69730927   0.43444595   1.64207822  -1.14395014
  0.42302150   0.45238879  -1.27654973  -0.42547527   2.08178908   0.69790232   0.43406940   1.64191305  -1.14480219
  0.42360765   0.45108047  -1.27680077  -0.42486597   2.08068008   0.69852901   0.43366954   1.64174248  -1.14569727
  0.42422940   0.44970219  -1.27706971  -0.42423255   2.07950799   0.69919294   0.43325738   1.64155800  -1.14663707
  0.42488631   0.44825352  -1.27735741  -0.42357471   2.07827622   0.69988919   0.43283640   1.64135992  -1.14762113
  0.42557760   0.44673418  -1.27766312  -0.42289025   2.07698446   0.70061800   0.43240312   1.64115022  -1.14865006
  0.42630251   0.44514366  -1.27798668  -0.42217886   2.07563077   0.70138193   0.43195700   1.64092823  -1.14972375
  0.42706007   0.44348145  -1.27832692  -0.42144058   2.07420846   0.70219061   0.43149431   1.64069154  -1.15084248
  0.42784918   0.44174684  -1.27868393  -0.42067523   2.07271817   0.70304187   0.43101404   1.64044154  -1.15200449
  0.42866850   0.43993899  -1.27905714  -0.41988249   2.07115755   0.70393759   0.43051210   1.64017945  -1.15320807
  0.42951646   0.43805711  -1.27944520  -0.41906193   2.06952012   0.70488747   0.42998495   1.63990233  -1.15445364
  0.43039130   0.43610026  -1.27984872  -0.41820986   2.06780904   0.70588817   0.42943684   1.63961002  -1.15574309
  0.43129120   0.43406750  -1.28026795  -0.41732280   2.06602386   0.70694315   0.42887373   1.63929822  -1.15708018
  0.43221412   0.43195797  -1.28070204  -0.41639748   2.06416121   0.70806011   0.42829824   1.63896210  -1.15846870
  0.43315790   0.42977093  -1.28114881  -0.41543154   2.06221529   0.70924897   0.42770758   1.63859799  -1.15991111
  0.43412044   0.42750561  -1.28160619  -0.41442283   2.06017780   0.71052474   0.42710138   1.63819873  -1.16141134
  0.43509962   0.42516115  -1.28207488  -0.41336616   2.05805337   0.71188490   0.42649000   1.63776033  -1.16297455
  0.43609314   0.42273664  -1.28255530  -0.41225263   2.05585711   0.71330670   0.42587398   1.63729377  -1.16460206
  0.43709909   0.42023128  -1.28304889  -0.41107687   2.05360418   0.71476765   0.42526013   1.63680603  -1.16629396
  0.43811566   0.41764440  -1.28355484  -0.40983677   2.05130434   0.71624871   0.42464177   1.63630849  -1.16804515
  0.43914110   0.41497559  -1.28407128  -0.40853077   2.04896351   0.71773643   0.42400897   1.63581144  -1.16985079
  0.44017397   0.41222510  -1.28459344  -0.40716087   2.04656806   0.71925138   0.42335139   1.63530844  -1.17171153
  0.44121335   0.40939308  -1.28511989  -0.40573085   2.04412054   0.72078832   0.42266854   1.63479938  -1.17362321
  0.44225840   0.40647985  -1.28564756  -0.40424439   2.04161537   0.72235305   0.42195167   1.63428379  -1.17558215
  0.44330846   0.40348556  -1.28617525  -0.40270232   2.03905721   0.72393398   0.42119272   1.63377019  -1.17758287
  0.44436326   0.40041051  -1.28670281  -0.40110750   2.03644812   0.72552605   0.42039189   1.63325989  -1.17962175
  0.44542264   0.39725541  -1.28722773  -0.39946461   2.03377742   0.72714499   0.41954536   1.63274614  -1.18169777
  0.44648642   0.39402092  -1.28774915  -0.39777230   2.03104256   0.72879556   0.41865315   1.63222740  -1.18381318
  0.44755481   0.39070843  -1.28826595  -0.39603165   2.02822962   0.73050905   0.41773157   1.63168089  -1.18597922
  0.44862810   0.38731932  -1.28877834  -0.39424218   2.02533397   0.73230280   0.41679840   1.63108934  -1.18820588
  0.44970668   0.38385497  -1.28928695  -0.39240303   2.02235803   0.73417948   0.41586624   1.63044532  -1.19049870
  0.45079081   0.38031672  -1.28979127  -0.39051180   2.01930433   0.73613737   0.41493610   1.62974996  -1.19286034
  0.45188064   0.37670594  -1.29029066  -0.38856209   2.01618605   0.73815397   0.41399929   1.62901953  -1.19528982
  0.45297711   0.37302508  -1.29078278  -0.38655843   2.01299304   0.74025261   0.41306490   1.62823674  -1.19779336
  0.45408156   0.36927661  -1.29126667  -0.38450970   2.00971635   0.74245408   0.41214821   1.62738206  -1.20037433
  0.45519496   0.36546242  -1.29174021  -0.38242072   2.00635361   0.74475749   0.41123852   1.62646077  -1.20302685
  0.45631770   0.36158419  -1.29220089  -0.38028570   2.00291839   0.74713208   0.41031035   1.62550153  -1.20574336
  0.45745179   0.35764460  -1.29264897  -0.37811773   1.99940854   0.74958471   0.40938073   1.62448976  -1.20852136
  0.45859883   0.35364580  -1.29308414  -0.37592662   1.99582872   0.75210293   0.40844765   1.62343064  -1.21135089
  0.45976017   0.34958971  -1.29350528  -0.37372053   1.99217910   0.75467855   0.40750077   1.62233265  -1.21422148
  0.46093665   0.34547860  -1.29390989  -0.37150085   1.98845166   0.75732313   0.40653456   1.62119444  -1.21713408
  0.46212886   0.34131516  -1.29429602  -0.36926565   1.98464091   0.76005329   0.40555536   1.62000552  -1.22009763
  0.46333733   0.33710185  -1.29466340  -0.36701222   1.98075273   0.76286739   0.40457230   1.61876230  -1.22311838
  0.46456188   0.33283977  -1.29501445  -0.36472327   1.97682720   0.76569542   0.40357161   1.61750886  -1.22619152
  0.46580378   0.32852965  -1.29535554  -0.36239985   1.97291006   0.76845044   0.40255219   1.61628862  -1.22929598
  0.46706392   0.32417396  -1.29568194  -0.36005044   1.96899492   0.77113269   0.40149580   1.61510852  -1.23242176
  0.46834410   0.31977407  -1.29599828  -0.35768213   1.96508159   0.77373740   0.40042692   1.61396569  -1.23556634
  0.46964539   0.31533068  -1.29630825  -0.35529798   1.96116044   0.77627284   0.39935751   1.61285916  -1.23872850
  0.47096757   0.31084423  -1.29661332  -0.35289509   1.95723021   0.77873240   0.39828077   1.61180163  -1.24190425
  0.47230963   0.30631541  -1.29691443  -0.35046757   1.95329249   0.78111168   0.39719641   1.61080006  -1.24509521
  0.47367038   0.30174656  -1.29721062  -0.34801111   1.94932325   0.78346922   0.39614166   1.60981353  -1.24832737
  0.47504841   0.29714012  -1.29750014  -0.34552636   1.94530063   0.78585864   0.39514957   1.60880257  -1.25162113
  0.47644138   0.29249852  -1.29777724  -0.34301178   1.94120703   0.78831888   0.39422302   1.60774599  -1.25498803
  0.47784688   0.28782406  -1.29803969  -0.34046549   1.93703861   0.79087332   0.39338129   1.60662145  -1.25844110
  0.47926199   0.28311833  -1.29828637  -0.33787993   1.93281537   0.79349911   0.39262811   1.60543554  -1.26198339
  0.48068261   0.27838350  -1.29850900  -0.33523562   1.92855646   0.79616874   0.39192923   1.60421299  -1.26561814
  0.48210593   0.27362366  -1.29869880  -0.33253095   1.92426372   0.79890003   0.39128248   1.60293505  -1.26935600
  0.48353008   0.26884076  -1.29885355  -0.32976811   1.91997336   0.80163083   0.39066466   1.60163263  -1.27317805
  0.48495389   0.26403877  -1.29896406  -0.32696437   1.91567339   0.80438360   0.39005510   1.60029175  -1.27707418
  0.48637580   0.25921942  -1.29902575  -0.32411610   1.91139316   0.80709335   0.38940440   1.59896046  -1.28102076
  0.48779603   0.25438256  -1.29904477  -0.32122980   1.90718449   0.80964707   0.38868296   1.59770512  -1.28497680
  0.48921695   0.24953060  -1.29902579  -0.31834523   1.90302796   0.81207058   0.38792143   1.59649727  -1.28892235
  0.49064026   0.24466513  -1.29897151  -0.31549337   1.89888122   0.81441751   0.38713252   1.59531153  -1.29284197
  0.49206606   0.23978799  -1.29888065  -0.31268737   1.89469131   0.81676861   0.38632217   1.59411518  -1.29673910
  0.49349242   0.23490140  -1.29875221  -0.30991176   1.89043904   0.81917221   0.38550855   1.59288430  -1.30063979
  0.49491701   0.23000696  -1.29858867  -0.30713976   1.88613791   0.82162495   0.38471802   1.59161759  -1.30457045
  0.49633786   0.22510552  -1.29839509  -0.30434628   1.88181076   0.82410118   0.38397819   1.59032591  -1.30855038
  0.49775392   0.22019895  -1.29817461  -0.30152432   1.87745864   0.82661349   0.38332647   1.58899402  -1.31259671
  0.49916351   0.21528853  -1.29792792  -0.29866193   1.87309597   0.82914104   0.38276945   1.58763387  -1.31671510
  0.50056478   0.21037529  -1.29765422  -0.29574419   1.86874493   0.83164392   0.38229710   1.58627241  -1.32090527
  0.50195764   0.20546184  -1.29735447  -0.29277823   1.86439255   0.83415651   0.38194758   1.58488063  -1.32517966
  0.50334186   0.20055166  -1.29701957  -0.28978884   1.85999446   0.83675019   0.38170513   1.58342448  -1.32953163
  0.50471654   0.19564806  -1.29663930  -0.28679770   1.85552841   0.83946283   0.38153398   1.58188593  -1.33394695
  0.50608070   0.19075431  -1.29620680  -0.28382152   1.85099096   0.84231280   0.38141390   1.58024775  -1.33841672
  0.50743346   0.18587355  -1.29571442  -0.28087896   1.84637466   0.84532135   0.38131791   1.57849369  -1.34292900
  0.50877441   0.18100774  -1.29516050  -0.27798098   1.84168480   0.84848334   0.38123788   1.57662182  -1.34747420
  0.51010306   0.17615786  -1.29454364  -0.27513125   1.83694086   0.85175456   0.38114928   1.57465942  -1.35203374
  0.51141919   0.17132589  -1.29385818  -0.27233940   1.83213094   0.85514208   0.38102390   1.57261114  -1.35659426
  0.51272293   0.16651381  -1.29310130  -0.26961753   1.82724906   0.85865304   0.38084700   1.57047358  -1.36114506
  0.51401436   0.16172179  -1.29227347  -0.26697135   1.82230914   0.86224708   0.38058687   1.56827569  -1.36566247
  0.51529301   0.15694797  -1.29137868  -0.26438009   1.81735468   0.86582153   0.38020428   1.56608965  -1.37012414
  0.51656066   0.15219312  -1.29041676  -0.26186527   1.81236350   0.86938868   0.37967804   1.56391923  -1.37450631
  0.51781842   0.14745833  -1.28938977  -0.25942547   1.80733125   0.87294858   0.37901980   1.56176756  -1.37881095
  0.51906561   0.14274407  -1.28830097  -0.25700542   1.80229425   0.87644408   0.37826164   1.55967204  -1.38307514
  0.52030415   0.13805446  -1.28715514  -0.25457224   1.79723102   0.87994883   0.37752032   1.55758152  -1.38737419
  0.52153737   0.13339124  -1.28597564  -0.25208995   1.79221714   0.88339069   0.37695910   1.55549458  -1.39177068
  0.52276900   0.12875408  -1.28477490  -0.24953835   1.78727006   0.88673136   0.37662822   1.55343978  -1.39628164
  0.52400317   0.12414443  -1.28355010  -0.24693336   1.78234366   0.89001547   0.37649474   1.55142003  -1.40089160
  0.52524422   0.11956199  -1.28229885  -0.24430978   1.77743006   0.89320228   0.37645864   1.54948431  -1.40553383
  0.52649553   0.11500350  -1.28102946  -0.24166819   1.77258796   0.89614752   0.37644156   1.54772913  -1.41014974
  0.52776018   0.11046598  -1.27975217  -0.23899668   1.76787553   0.89872518   0.37640139   1.54623367  -1.41470511
  0.52903966   0.10595349  -1.27845180  -0.23627341   1.76326304   0.90098996   0.37629262   1.54498373  -1.41922039
  0.53033941   0.10146447  -1.27715190  -0.23348440   1.75880628   0.90287507   0.37619779   1.54399584  -1.42371525
  0.53166720   0.09700279  -1.27585955  -0.23071180   1.75446206   0.90447256   0.37614668   1.54319569  -1.42816300
  0.53302681   0.09257414  -1.27455948  -0.22799041   1.75015612   0.90591175   0.37610277   1.54251943  -1.43256211
  0.53442195   0.08818577  -1.27324041  -0.22534507   1.74582643   0.90733321   0.37608786   1.54188102  -1.43694216
  0.53585712   0.08384300  -1.27190112  -0.22280269   1.74142389   0.90885205   0.37614481   1.54120787  -1.44132755
  0.53733502   0.07954768  -1.27054644  -0.22035452   1.73694606   0.91049492   0.37630760   1.54048297  -1.44574304
  0.53885707   0.07530233  -1.26917502  -0.21798971   1.73237105   0.91232020   0.37659027   1.53967819  -1.45021593
  0.54042419   0.07110621  -1.26780290  -0.21567375   1.72777493   0.91423814   0.37706096   1.53882315  -1.45477573
  0.54203805   0.06695896  -1.26644443  -0.21339814   1.72317455   0.91624474   0.37778526   1.53791322  -1.45944565
  0.54369884   0.06285852  -1.26510898  -0.21115566   1.71857668   0.91832636   0.37877329   1.53696422  -1.46422537
  0.54540512   0.05880139  -1.26379916  -0.20894521   1.71398930   0.92043848   0.37996470   1.53601923  -1.46908042
  0.54715543   0.05478746  -1.26250322  -0.20681192   1.70934217   0.92266331   0.38124733   1.53505695  -1.47395680
  0.54894615   0.05081981  -1.26120770  -0.20478733   1.70461374   0.92506865   0.38254600   1.53402537  -1.47883258
  0.55077312   0.04690078  -1.25990481  -0.20289279   1.69981155   0.92768377   0.38381283   1.53288412  -1.48369367
  0.55263103   0.04302544  -1.25860380  -0.20109288   1.69503446   0.93034794   0.38502494   1.53170685  -1.48852212
  0.55451654   0.03918952  -1.25732617  -0.19935035   1.69035665   0.93295304   0.38628983   1.53053889  -1.49334702
  0.55642513   0.03539148  -1.25606515  -0.19765208   1.68574317   0.93551500   0.38758970   1.52939842  -1.49816508
  0.55835329   0.03162816  -1.25482207  -0.19600028   1.68119175   0.93798437   0.38890788   1.52833197  -1.50294663
  0.56029502   0.02790279  -1.25357064  -0.19438955   1.67664889   0.94042004   0.39016392   1.52732765  -1.50768312
  0.56224494   0.02422020  -1.25228518  -0.19280957   1.67205542   0.94291418   0.39129953   1.52634910  -1.51238630
  0.56419938   0.02057819  -1.25097705  -0.19119325   1.66748385   0.94535824   0.39239766   1.52545191  -1.51710035
  0.56615843   0.01698056  -1.24966381  -0.18953881   1.66296040   0.94779323   0.39361391   1.52457891  -1.52188946
  0.56812132   0.01342722  -1.24835996  -0.18783542   1.65853661   0.95016609   0.39501175   1.52374158  -1.52676908
  0.57008963   0.00991517  -1.24708670  -0.18610868   1.65421893   0.95244655   0.39663298   1.52296341  -1.53171474
  0.57206278   0.00644149  -1.24585028  -0.18438853   1.64998862   0.95461877   0.39842693   1.52227137  -1.53667304
  0.57403801   0.00300507  -1.24464465  -0.18269626   1.64581719   0.95668884   0.40031123   1.52167844  -1.54159633
  0.57601064  -0.00039109  -1.24344372  -0.18107115   1.64165669   0.95870863   0.40211631   1.52115916  -1.54641853
  0.57797677  -0.00374360  -1.24222678  -0.17956870   1.63749326   0.96069551   0.40366888   1.52068381  -1.55105890
  0.57993299  -0.00705445  -1.24099163  -0.17820368   1.63337427   0.96254918   0.40486209   1.52029138  -1.55545035
  0.58187841  -0.01032132  -1.23973134  -0.17705529   1.62924245   0.96435004   0.40558080   1.51992824  -1.55951876
  0.58381154  -0.01354188  -1.23845010  -0.17616022   1.62508443   0.96614881   0.40582703   1.51954652  -1.56325258
  0.58572685  -0.01671717  -1.23715485  -0.17541974   1.62097381   0.96786491   0.40572330   1.51918323  -1.56674032
  0.58761803  -0.01984512  -1.23584279  -0.17468354   1.61695455   0.96948085   0.40547644   1.51885968  -1.57014828
  0.58948167  -0.02291640  -1.23449370  -0.17387516   1.61293919   0.97120804   0.40523813   1.51848065  -1.57363141
  0.59131409  -0.02592689  -1.23310789  -0.17283381   1.60903118   0.97294943   0.40527222   1.51809628  -1.57737201
  0.59312032  -0.02887593  -1.23173030  -0.17143058   1.60527582   0.97468708   0.40609334   1.51775539  -1.58160305
  0.59490595  -0.03176222  -1.23037650  -0.16965189   1.60162430   0.97649118   0.40786929   1.51746129  -1.58639049
  0.59667639  -0.03459251  -1.22906101  -0.16755397   1.59808040   0.97826761   0.41048943   1.51729098  -1.59162272
  0.59843711  -0.03737337  -1.22778753  -0.16526692   1.59460875   0.97996726   0.41367733   1.51728268  -1.59709835
  0.60019181  -0.04011262  -1.22654334  -0.16294315   1.59111716   0.98162584   0.41698812   1.51742269  -1.60256694
  0.60194473  -0.04281452  -1.22533224  -0.16072464   1.58760782   0.98321806   0.42015409   1.51767944  -1.60784601
  0.60369715  -0.04547787  -1.22413741  -0.15872241   1.58409174   0.98473272   0.42291291   1.51799690  -1.61279448
  0.60545174  -0.04809927  -1.22295430  -0.15703795   1.58058820   0.98617352   0.42514226   1.51831136  -1.61732712
  0.60720863  -0.05067517  -1.22177273  -0.15570608   1.57712471   0.98752187   0.42678379   1.51859127  -1.62141610
  0.60896642  -0.05320360  -1.22058717  -0.15465380   1.57373128   0.98874631   0.42795590   1.51885897  -1.62514746
  0.61072652  -0.05567945  -1.21940241  -0.15381459   1.57036565   0.98996203   0.42891147   1.51908503  -1.62867342
  0.61248937  -0.05810184  -1.21822735  -0.15311216   1.56703023   0.99118538   0.42984671   1.51929144  -1.63210660
  0.61425472  -0.06047181  -1.21707211  -0.15247779   1.56375814   0.99236956   0.43090679   1.51952571  -1.63552267
  0.61602113  -0.06278848  -1.21593704  -0.15185616   1.56056153   0.99350662   0.43218028   1.51980849  -1.63898295
  0.61778781  -0.06504648  -1.21480753  -0.15126651   1.55736633   0.99473583   0.43361994   1.52006913  -1.64249595
  0.61955639  -0.06724238  -1.21369051  -0.15077268   1.55414998   0.99612501   0.43519276   1.52025281  -1.64602848
  0.62132659  -0.06937644  -1.21259615  -0.15040991   1.55096415   0.99760076   0.43684728   1.52037128  -1.64952640
  0.62309686  -0.07144889  -1.21152313  -0.15022764   1.54782298   0.99911830   0.43844490   1.52042616  -1.65290217
  0.62486513  -0.07345830  -1.21046512  -0.15028019   1.54470338   1.00069643   0.43984501   1.52039038  -1.65607899
  0.62662867  -0.07540226  -1.20942321  -0.15057042   1.54160756   1.00234698   0.44105535   1.52025130  -1.65906042
  0.62838232  -0.07728112  -1.20839746  -0.15103600   1.53859480   1.00397537   0.44212790   1.52006121  -1.66187951
  0.63012098  -0.07909007  -1.20736468  -0.15166749   1.53558255   1.00570676   0.44300226   1.51976792  -1.66455100
  0.63184046  -0.08082224  -1.20631169  -0.15245714   1.53250826   1.00769384   0.44369320   1.51928928  -1.66712671
  0.63354002  -0.08247668  -1.20527834  -0.15333405   1.52945318   1.00990344   0.44455304   1.51865646  -1.66975459
  0.63521615  -0.08405725  -1.20429631  -0.15421643   1.52656597   1.01213772   0.44581693   1.51797438  -1.67251247
  0.63686364  -0.08556558  -1.20336056  -0.15508032   1.52383826   1.01437839   0.44748447   1.51727123  -1.67540224
  0.63847655  -0.08700137  -1.20245360  -0.15591848   1.52120061   1.01669854   0.44950649   1.51653288  -1.67842145
  0.64004926  -0.08836429  -1.20155660  -0.15675432   1.51857120   1.01919031   0.45178214   1.51572385  -1.68153753
  0.64157756  -0.08965949  -1.20066521  -0.15764368   1.51593398   1.02181189   0.45414954   1.51485671  -1.68464174
  0.64305575  -0.09089796  -1.19978024  -0.15856444   1.51334043   1.02438605   0.45651705   1.51403205  -1.68765827
  0.64447873  -0.09208978  -1.19890670  -0.15946337   1.51084751   1.02674859   0.45891238   1.51335795  -1.69057343
  0.64583853  -0.09324405  -1.19801923  -0.16027340   1.50847374   1.02877861   0.46121216   1.51290892  -1.69335034
  0.64713259  -0.09436681  -1.19709793  -0.16099565   1.50604343   1.03068170   0.46333219   1.51263078  -1.69598640
  0.64836571  -0.09546926  -1.19619692  -0.16167693   1.50361470   1.03238580   0.46544997   1.51256162  -1.69847667
  0.64953820  -0.09655939  -1.19533647  -0.16235556   1.50126199   1.03378507   0.46757132   1.51272158  -1.70077479
  0.65064713  -0.09764166  -1.19450331  -0.16306077   1.49899168   1.03485938   0.46955792   1.51308447  -1.70281905
  0.65168912  -0.09871672  -1.19367273  -0.16379502   1.49675688   1.03569410   0.47129840   1.51358497  -1.70460225
  0.65266102  -0.09978943  -1.19284555  -0.16443814   1.49464008   1.03618151   0.47296685   1.51429730  -1.70623470
  0.65356338  -0.10086314  -1.19204003  -0.16487690   1.49265076   1.03633878   0.47490017   1.51528093  -1.70789156
  0.65439677  -0.10194341  -1.19127267  -0.16504507   1.49079424   1.03617511   0.47727894   1.51657057  -1.70966389
  0.65516123  -0.10303784  -1.19055505  -0.16494020   1.48908388   1.03565959   0.48008901   1.51818128  -1.71152991
  0.65585750  -0.10414559  -1.18988463  -0.16464992   1.48749027   1.03488258   0.48319434   1.52001439  -1.71342291
  0.65648541  -0.10526010  -1.18923360  -0.16430854   1.48595626   1.03399419   0.48626337   1.52189271  -1.71521808
  0.65704634  -0.10637420  -1.18858005  -0.16403925   1.48447016   1.03308776   0.48897189   1.52365524  -1.71679368
  0.65754738  -0.10748382  -1.18795836  -0.16384068   1.48309389   1.03215781   0.49154231   1.52530317  -1.71823130
  0.65799625  -0.10858502  -1.18739765  -0.16373392   1.48182531   1.03127091   0.49411408   1.52681080  -1.71958081
  0.65839795  -0.10967660  -1.18690920  -0.16372859   1.48066369   1.03043741   0.49666837   1.52817087  -1.72083114
  0.65875736  -0.11075365  -1.18648460  -0.16388907   1.47949803   1.02982572   0.49904323   1.52929014  -1.72193263
  0.65908200  -0.11181677  -1.18614783  -0.16432649   1.47834034   1.02940234   0.50108441   1.53014323  -1.72275604
  0.65937673  -0.11286561  -1.18591766  -0.16507994   1.47726332   1.02904800   0.50274456   1.53076084  -1.72323472
  0.65964214  -0.11389556  -1.18578720  -0.16610394   1.47634385   1.02864189   0.50404581   1.53119686  -1.72338464
  0.65987925  -0.11489363  -1.18572916  -0.16741397   1.47551664   1.02831807   0.50493610   1.53137447  -1.72323343
  0.66009306  -0.11584603  -1.18574619  -0.16904108   1.47469489   1.02828526   0.50554870   1.53120947  -1.72286667
  0.66028634  -0.11674356  -1.18584691  -0.17095021   1.47387880   1.02859408   0.50608545   1.53070890  -1.72238636
  0.66045871  -0.11758169  -1.18603503  -0.17304612   1.47313327   1.02914992   0.50675320   1.52996222  -1.72189046
  0.66060872  -0.11835743  -1.18630501  -0.17525137   1.47247914   1.02988339   0.50768552   1.52905328  -1.72144187
  0.66073204  -0.11906715  -1.18663854  -0.17745220   1.47196263   1.03067175   0.50904595   1.52809960  -1.72112644
  0.66082399  -0.11970516  -1.18700759  -0.17954953   1.47153986   1.03152846   0.51098821   1.52716991  -1.72104903
  0.66088054  -0.12027143  -1.18739401  -0.18147873   1.47119036   1.03238999   0.51359021   1.52635939  -1.72124075
  0.66089897  -0.12076944  -1.18777700  -0.18329983   1.47084847   1.03323302   0.51663468   1.52568333  -1.72157313
  0.66087666  -0.12120811  -1.18815232  -0.18503656   1.47052257   1.03391659   0.51998871   1.52522172  -1.72193007
  0.66081098  -0.12159819  -1.18850860  -0.18679776   1.47019524   1.03432237   0.52330214   1.52499325  -1.72208346
  0.66069992  -0.12195340  -1.18884520  -0.18867826   1.46985156   1.03431837   0.52630213   1.52504315  -1.72182429
  0.66053950  -0.12228647  -1.18916128  -0.19066615   1.46947956   1.03382964   0.52892323   1.52542737  -1.72109325
  0.66032745  -0.12260676  -1.18946711  -0.19279976   1.46904741   1.03290993   0.53111410   1.52610146  -1.71985587
  0.66005959  -0.12292359  -1.18977541  -0.19506908   1.46858671   1.03156099   0.53290187   1.52703896  -1.71813076
  0.65972801  -0.12324528  -1.19008603  -0.19736924   1.46816338   1.02977139   0.53439226   1.52823166  -1.71602785
  0.65932913  -0.12357153  -1.19041227  -0.19962164   1.46771313   1.02784458   0.53590056   1.52954756  -1.71379686
  0.65885939  -0.12390689  -1.19078724  -0.20172953   1.46733011   1.02584230   0.53778191   1.53094129  -1.71165202
  0.65831306  -0.12425721  -1.19121859  -0.20363538   1.46705297   1.02382859   0.54016760   1.53235556  -1.70970611
  0.65768583  -0.12462301  -1.19169035  -0.20539689   1.46672201   1.02215623   0.54296378   1.53358169  -1.70800683
  0.65697501  -0.12500874  -1.19222935  -0.20699013   1.46640044   1.02087016   0.54638040   1.53456803  -1.70666688
  0.65617862  -0.12542029  -1.19285902  -0.20847654   1.46615392   1.01995071   0.55042913   1.53525962  -1.70566622
  0.65529237  -0.12586444  -1.19357705  -0.20994453   1.46601897   1.01932580   0.55490475   1.53562216  -1.70488076
  0.65430570  -0.12635046  -1.19434247  -0.21139236   1.46613349   1.01865919   0.55945779   1.53575263  -1.70412780
