  0.41770029   0.46579949  -1.27410013  -0.43299998   2.09290052   0.69139871   0.43859998   1.64320030  -1.13520000
  0.41770039   0.46579932  -1.27410017  -0.43299999   2.09290067   0.69139833   0.43859997   1.64320038  -1.13520001
  0.41770076   0.46579871  -1.27410027  -0.43300004   2.09290100   0.69139727   0.43859993   1.64320051  -1.13520008
  0.41770164   0.46579733  -1.27410046  -0.43300022   2.09290139   0.69139544   0.43859978   1.64320056  -1.13520037
  0.41770333   0.46579477  -1.27410076  -0.43300055   2.09290156   0.69139292   0.43859942   1.64320037  -1.13520111
  0.41770615   0.46579059  -1.27410123  -0.43300098   2.09290116   0.69138987   0.43859869   1.64319980  -1.13520263
  0.41771048   0.46578434  -1.27410193  -0.43300139   2.09289981   0.69138647   0.43859741   1.64319879  -1.13520531
  0.41771670   0.46577553  -1.27410296  -0.43300151   2.09289706   0.69138297   0.43859541   1.64319731  -1.13520967
  0.41772520   0.46576367  -1.27410434  -0.43300083   2.09289241   0.69137972   0.43859260   1.64319535  -1.13521652
  0.41773640   0.46574830  -1.27410595  -0.43299869   2.09288530   0.69137711   0.43858884   1.64319293  -1.13522688
  0.41775076   0.46572893  -1.27410766  -0.43299444   2.09287515   0.69137544   0.43858385   1.64319017  -1.13524174
  0.41776876   0.46570509  -1.27410928  -0.43298753   2.09286143   0.69137498   0.43857720   1.64318720  -1.13526202
  0.41779093   0.46567625  -1.27411075  -0.43297760   2.09284358   0.69137599   0.43856844   1.64318410  -1.13528850
  0.41781786   0.46564189  -1.27411208  -0.43296441   2.09282098   0.69137893   0.43855718   1.64318081  -1.13532188
  0.41785018   0.46560141  -1.27411335  -0.43294758   2.09279257   0.69138479   0.43854318   1.64317717  -1.13536309
  0.41788856   0.46555411  -1.27411476  -0.43292656   2.09275706   0.69139479   0.43852597   1.64317322  -1.13541310
  0.41793371   0.46549914  -1.27411673  -0.43290057   2.09271291   0.69141037   0.43850493   1.64316919  -1.13547297
  0.41798646   0.46543529  -1.27411999  -0.43286847   2.09265728   0.69143491   0.43847919   1.64316496  -1.13554418
  0.41804769   0.46536095  -1.27412573  -0.43282875   2.09258763   0.69147110   0.43844804   1.64316079  -1.13562825
  0.41811838   0.46527420  -1.27413533  -0.43277990   2.09250243   0.69151987   0.43841093   1.64315744  -1.13572641
  0.41819949   0.46517296  -1.27414993  -0.43272054   2.09240078   0.69158118   0.43836754   1.64315544  -1.13583990
  0.41829195   0.46505516  -1.27417012  -0.43264969   2.09228194   0.69165478   0.43831747   1.64315477  -1.13597001
  0.41839662   0.46491880  -1.27419585  -0.43256671   2.09214470   0.69174117   0.43825983   1.64315476  -1.13611807
  0.41851430   0.46476198  -1.27422665  -0.43247098   2.09198744   0.69184149   0.43819339   1.64315450  -1.13628564
  0.41864584   0.46458261  -1.27426226  -0.43236135   2.09180740   0.69195838   0.43811653   1.64315312  -1.13647473
  0.41879219   0.46437838  -1.27430301  -0.43223629   2.09160254   0.69209314   0.43802834   1.64315046  -1.13668723
  0.41895436   0.46414688  -1.27434958  -0.43209449   2.09137116   0.69224664   0.43792848   1.64314624  -1.13692485
  0.41913334   0.46388574  -1.27440257  -0.43193494   2.09111157   0.69241972   0.43781641   1.64314009  -1.13718903
  0.41933010   0.46359257  -1.27446258  -0.43175674   2.09082166   0.69261378   0.43769137   1.64313156  -1.13748109
  0.41954556   0.46326501  -1.27453032  -0.43155909   2.09049980   0.69282944   0.43755275   1.64312042  -1.13780208
  0.41978055   0.46290087  -1.27460629  -0.43134117   2.09014466   0.69306703   0.43739989   1.64310655  -1.13815300
  0.42003578   0.46249821  -1.27469075  -0.43110229   2.08975491   0.69332712   0.43723218   1.64308949  -1.13853497
  0.42031195   0.46205516  -1.27478392  -0.43084187   2.08932844   0.69361170   0.43704942   1.64306808  -1.13894930
  0.42060975   0.46156988  -1.27488621  -0.43055907   2.08886353   0.69392195   0.43685115   1.64304191  -1.13939715
  0.42092975   0.46104064  -1.27499806  -0.43025302   2.08835956   0.69425730   0.43663694   1.64301133  -1.13987928
  0.42127247   0.46046593  -1.27511967  -0.42992287   2.08781598   0.69461698   0.43640578   1.64297709  -1.14039625
  0.42163840   0.45984430  -1.27525105  -0.42956734   2.08723051   0.69500318   0.43615613   1.64293921  -1.14094948
  0.42202806   0.45917438  -1.27539232  -0.42918553   2.08660039   0.69541927   0.43588767   1.64289643  -1.14154062
  0.42244191   0.45845486  -1.27554390  -0.42877708   2.08592444   0.69586653   0.43560152   1.64284738  -1.14217074
  0.42288034   0.45768441  -1.27570626  -0.42834143   2.08520203   0.69634511   0.43529798   1.64279167  -1.14284053
  0.42334364   0.45686173  -1.27587972  -0.42787759   2.08443329   0.69685381   0.43497618   1.64273015  -1.14355046
  0.42383198   0.45598565  -1.27606440  -0.42738460   2.08361867   0.69739106   0.43463555   1.64266350  -1.14430103
  0.42434546   0.45505505  -1.27626013  -0.42686209   2.08275765   0.69795704   0.43427596   1.64259105  -1.14509283
  0.42488410   0.45406893  -1.27646640  -0.42630964   2.08184857   0.69855362   0.43389681   1.64251172  -1.14592676
  0.42544797   0.45302642  -1.27668272  -0.42572675   2.08088957   0.69918310   0.43349815   1.64242406  -1.14680402
  0.42603715   0.45192657  -1.27690884  -0.42511257   2.07987822   0.69984859   0.43308006   1.64232676  -1.14772606
  0.42665178   0.45076838  -1.27714507  -0.42446638   2.07881349   0.70055108   0.43264358   1.64221897  -1.14869384
  0.42729198   0.44955090  -1.27739171  -0.42378779   2.07769584   0.70128916   0.43218936   1.64210082  -1.14970756
  0.42795772   0.44827325  -1.27764873  -0.42307626   2.07652608   0.70206102   0.43171655   1.64197299  -1.15076720
  0.42864892   0.44693469  -1.27791589  -0.42233127   2.07530509   0.70286493   0.43122430   1.64183596  -1.15187286
  0.42936543   0.44553463  -1.27819275  -0.42155232   2.07403317   0.70370019   0.43071235   1.64168956  -1.15302497
  0.43010709   0.44407256  -1.27847872  -0.42073911   2.07270869   0.70456960   0.43018121   1.64153170  -1.15422478
  0.43087370   0.44254799  -1.27877325  -0.41989144   2.07133093   0.70547449   0.42963094   1.64136103  -1.15547300
