  0.41770002   0.46579988  -1.27410011  -0.43299961   2.09289982   0.69140016   0.43859986   1.64320025  -1.13520023
  0.41770016   0.46579895  -1.27410091  -0.43299682   2.09289865   0.69140116   0.43859893   1.64320201  -1.13520189
  0.41770068   0.46579598  -1.27410324  -0.43298909   2.09289565   0.69140326   0.43859650   1.64320687  -1.13520650
  0.41770203   0.46578924  -1.27410796  -0.43297413   2.09288993   0.69140664   0.43859195   1.64321592  -1.13521563
  0.41770481   0.46577658  -1.27411578  -0.43295009   2.09288026   0.69141166   0.43858475   1.64322959  -1.13523083
  0.41770982   0.46575543  -1.27412731  -0.43291560   2.09286507   0.69141896   0.43857436   1.64324757  -1.13525365
  0.41771803   0.46572284  -1.27414301  -0.43286964   2.09284258   0.69142917   0.43856019   1.64326914  -1.13528558
  0.41773056   0.46567556  -1.27416321  -0.43281153   2.09281071   0.69144309   0.43854161   1.64329307  -1.13532815
  0.41774871   0.46561005  -1.27418809  -0.43274059   2.09276685   0.69146234   0.43851842   1.64331732  -1.13538345
  0.41777390   0.46552260  -1.27421767  -0.43265624   2.09270814   0.69148876   0.43849049   1.64333949  -1.13545376
  0.41780769   0.46540938  -1.27425184  -0.43255807   2.09263140   0.69152429   0.43845699   1.64335734  -1.13554126
  0.41785175   0.46526646  -1.27429062  -0.43244542   2.09253484   0.69156833   0.43841652   1.64337013  -1.13564767
  0.41790782   0.46508997  -1.27433378  -0.43231806   2.09241543   0.69162203   0.43836680   1.64337672  -1.13577465
  0.41797776   0.46487626  -1.27438043  -0.43217674   2.09226512   0.69169501   0.43830511   1.64337213  -1.13592500
  0.41806342   0.46462181  -1.27442968  -0.43202144   2.09207594   0.69179712   0.43822904   1.64335154  -1.13610230
  0.41816663   0.46432328  -1.27448144  -0.43185053   2.09184560   0.69192859   0.43813565   1.64331563  -1.13630889
  0.41828925   0.46397748  -1.27453609  -0.43166178   2.09157464   0.69208444   0.43802065   1.64326875  -1.13654586
  0.41843317   0.46358137  -1.27459400  -0.43145304   2.09126095   0.69226333   0.43787817   1.64321513  -1.13681429
  0.41860031   0.46313217  -1.27465567  -0.43122280   2.09090044   0.69246775   0.43770376   1.64315667  -1.13711578
  0.41879261   0.46262738  -1.27472243  -0.43096947   2.09049159   0.69269739   0.43749697   1.64309466  -1.13745228
  0.41901194   0.46206495  -1.27479626  -0.43069123   2.09003497   0.69295038   0.43726203   1.64302871  -1.13782671
  0.41926008   0.46144332  -1.27487915  -0.43038642   2.08953077   0.69322762   0.43700727   1.64295488  -1.13824368
  0.41953869   0.46076141  -1.27497315  -0.43005411   2.08898079   0.69352730   0.43674117   1.64287024  -1.13870657
  0.41984928   0.46001859  -1.27507954  -0.42969365   2.08838569   0.69384865   0.43646867   1.64277336  -1.13921783
  0.42019318   0.45921440  -1.27519863  -0.42930456   2.08774258   0.69419471   0.43618820   1.64266489  -1.13977875
  0.42057170   0.45834854  -1.27533113  -0.42888801   2.08704986   0.69456567   0.43589819   1.64254651  -1.14038831
  0.42098608   0.45742101  -1.27547721  -0.42844777   2.08630027   0.69497224   0.43559986   1.64241268  -1.14104647
  0.42143728   0.45643188  -1.27563752  -0.42798754   2.08548966   0.69541990   0.43529450   1.64226022  -1.14175180
  0.42192591   0.45538106  -1.27581295  -0.42750924   2.08461681   0.69590850   0.43498056   1.64209080  -1.14250179
  0.42245219   0.45426844  -1.27600406  -0.42701428   2.08368057   0.69643711   0.43465389   1.64190783  -1.14329327
  0.42301584   0.45309392  -1.27621109  -0.42650131   2.08268154   0.69700284   0.43430918   1.64171671  -1.14412455
  0.42361627   0.45185767  -1.27643280  -0.42596782   2.08161391   0.69761558   0.43394153   1.64151649  -1.14499831
  0.42425278   0.45055968  -1.27666845  -0.42541195   2.08047128   0.69828712   0.43355036   1.64130289  -1.14591804
  0.42492453   0.44919946  -1.27692012  -0.42482926   2.07926304   0.69900354   0.43313977   1.64108171  -1.14688407
  0.42563070   0.44777671  -1.27718796  -0.42422185   2.07798616   0.69977139   0.43271539   1.64084596  -1.14789687
  0.42637007   0.44629075  -1.27747259  -0.42358828   2.07664436   0.70058474   0.43227844   1.64059770  -1.14895542
  0.42714122   0.44474041  -1.27777499  -0.42292686   2.07524194   0.70143541   0.43182887   1.64034110  -1.15005755
  0.42794247   0.44312430  -1.27809511  -0.42223653   2.07377890   0.70232119   0.43136322   1.64007889  -1.15120095
  0.42877170   0.44144085  -1.27843244  -0.42151279   2.07225552   0.70324047   0.43087632   1.63981505  -1.15238587
  0.42962659   0.43968857  -1.27878436  -0.42075029   2.07066085   0.70421218   0.43036235   1.63954420  -1.15361827
  0.43050497   0.43786610  -1.27914853  -0.41994645   2.06898026   0.70526445   0.42982522   1.63925034  -1.15490674
  0.43140486   0.43597185  -1.27952485  -0.41909980   2.06720751   0.70641293   0.42927805   1.63891817  -1.15625823
  0.43232389   0.43400353  -1.27991565  -0.41820054   2.06535942   0.70763171   0.42872550   1.63855869  -1.15767415
  0.43325972   0.43195891  -1.28032201  -0.41724036   2.06345325   0.70889078   0.42816406   1.63818817  -1.15915200
  0.43421052   0.42983645  -1.28074279  -0.41622009   2.06148776   0.71019282   0.42759720   1.63780103  -1.16069202
  0.43517460   0.42763434  -1.28117725  -0.41514094   2.05946558   0.71153055   0.42702212   1.63739986  -1.16228981
  0.43615023   0.42535071  -1.28162433  -0.41400316   2.05739186   0.71288966   0.42642829   1.63699494  -1.16393809
  0.43713571   0.42298400  -1.28208194  -0.41280726   2.05526806   0.71426146   0.42580224   1.63659536  -1.16563015
  0.43812959   0.42053325  -1.28254596  -0.41155607   2.05307962   0.71566646   0.42513353   1.63619452  -1.16736536
  0.43913071   0.41799791  -1.28301380  -0.41025067   2.05081599   0.71712333   0.42442280   1.63578156  -1.16914726
  0.44013788   0.41537756  -1.28348489  -0.40888566   2.04848376   0.71862331   0.42367057   1.63536007  -1.17097857
  0.44115037   0.41267255  -1.28395759  -0.40745797   2.04608005   0.72017831   0.42288401   1.63491930  -1.17286760
  0.44216813   0.40988370  -1.28443015  -0.40596992   2.04359534   0.72181052   0.42207349   1.63444142  -1.17482148
  0.44319152   0.40701174  -1.28490260  -0.40442472   2.04102639   0.72352895   0.42124863   1.63391617  -1.17684271
  0.44422112   0.40405716  -1.28537768  -0.40282334   2.03838710   0.72531167   0.42041771   1.63334963  -1.17892775
  0.44525757   0.40102064  -1.28585642  -0.40116635   2.03568689   0.72713985   0.41957665   1.63275339  -1.18107087
  0.44630131   0.39790343  -1.28633638  -0.39945112   2.03292724   0.72900584   0.41870746   1.63214136  -1.18326872
  0.44735345   0.39470780  -1.28681441  -0.39767999   2.03009574   0.73093343   0.41780932   1.63150196  -1.18552676
  0.44841563   0.39143633  -1.28728840  -0.39585894   2.02717899   0.73295007   0.41689030   1.63081686  -1.18785073
  0.44948988   0.38809137  -1.28775930  -0.39399462   2.02417525   0.73506342   0.41596445   1.63007457  -1.19024224
  0.45057803   0.38467455  -1.28823216  -0.39208510   2.02111251   0.73722893   0.41504280   1.62929240  -1.19269658
  0.45168208   0.38118785  -1.28870910  -0.39013484   2.01800553   0.73941934   0.41412655   1.62848291  -1.19520541
  0.45280385   0.37763339  -1.28918972  -0.38814914   2.01486416   0.74161073   0.41320320   1.62766336  -1.19775723
  0.45394473   0.37401386  -1.28966808  -0.38613109   2.01167997   0.74380646   0.41224192   1.62684726  -1.20034455
  0.45510610   0.37033131  -1.29014202  -0.38407853   2.00846835   0.74596772   0.41121272   1.62606929  -1.20295405
  0.45629028   0.36658681  -1.29061829  -0.38199328   2.00526718   0.74802236   0.41011760   1.62536516  -1.20556814
  0.45749945   0.36278191  -1.29110150  -0.37987714   2.00207879   0.74996764   0.40897836   1.62473061  -1.20818965
  0.45873460   0.35892020  -1.29158437  -0.37772657   1.99886921   0.75186876   0.40779730   1.62413551  -1.21084000
  0.45999749   0.35500418  -1.29206796  -0.37554339   1.99564451   0.75372061   0.40659265   1.62357422  -1.21352350
  0.46128917   0.35103743  -1.29254628  -0.37332249   1.99237952   0.75557522   0.40537331   1.62302007  -1.21626176
  0.46261152   0.34702435  -1.29301595  -0.37106928   1.98904553   0.75750478   0.40418248   1.62241592  -1.21908274
  0.46396631   0.34296743  -1.29348100  -0.36878358   1.98565904   0.75949726   0.40305617   1.62175022  -1.22199605
  0.46535549   0.33886890  -1.29394335  -0.36647867   1.98222055   0.76155712   0.40201616   1.62100826  -1.22499927
  0.46678012   0.33473053  -1.29440012  -0.36417057   1.97871183   0.76370869   0.40105506   1.62017983  -1.22808338
  0.46823992   0.33055360  -1.29484492  -0.36186923   1.97511136   0.76597461   0.40013963   1.61926855  -1.23123651
  0.46973300   0.32633812  -1.29527426  -0.35956235   1.97143967   0.76830582   0.39922267   1.61832170  -1.23444480
  0.47125756   0.32208365  -1.29568678  -0.35724256   1.96772671   0.77063386   0.39826158   1.61739228  -1.23768660
  0.47281152   0.31779209  -1.29607539  -0.35490180   1.96395735   0.77298886   0.39724792   1.61646964  -1.24097424
  0.47439493   0.31346542  -1.29645032  -0.35254551   1.96014291   0.77538903   0.39628368   1.61549791  -1.24433462
  0.47600680   0.30910537  -1.29681090  -0.35019001   1.95625514   0.77789166   0.39540430   1.61443204  -1.24777544
  0.47764433   0.30471238  -1.29715219  -0.34784158   1.95227704   0.78051520   0.39458820   1.61327295  -1.25128749
  0.47930348   0.30028641  -1.29746875  -0.34550322   1.94820610   0.78325262   0.39379830   1.61203731  -1.25485485
  0.48097891   0.29582843  -1.29775597  -0.34316644   1.94405683   0.78609218   0.39302448   1.61072799  -1.25848008
  0.48266476   0.29133789  -1.29801705  -0.34080823   1.93988450   0.78895184   0.39226901   1.60938202  -1.26216268
  0.48435474   0.28681363  -1.29825201  -0.33840824   1.93573786   0.79174109   0.39150063   1.60805675  -1.26588722
  0.48604288   0.28225495  -1.29846015  -0.33595359   1.93164227   0.79440986   0.39069961   1.60678595  -1.26964310
  0.48772458   0.27766390  -1.29863860  -0.33345604   1.92757232   0.79701343   0.38989982   1.60552524  -1.27343926
  0.48939430   0.27304351  -1.29877471  -0.33092839   1.92348122   0.79963144   0.38908941   1.60423533  -1.27727847
  0.49104631   0.26839675  -1.29885673  -0.32837656   1.91933071   0.80232867   0.38825368   1.60288750  -1.28116448
  0.49267577   0.26372590  -1.29888432  -0.32579801   1.91511526   0.80512930   0.38742663   1.60145690  -1.28511044
  0.49427707   0.25903356  -1.29885194  -0.32318229   1.91084117   0.80803069   0.38660313   1.59994469  -1.28912171
  0.49584435   0.25432267  -1.29875323  -0.32049921   1.90654159   0.81098591   0.38576584   1.59838046  -1.29320835
  0.49737626   0.24959654  -1.29859540  -0.31775448   1.90224188   0.81396946   0.38497494   1.59675220  -1.29737525
  0.49887186   0.24485816  -1.29837618  -0.31496375   1.89793881   0.81697034   0.38421524   1.59507161  -1.30160098
  0.50033070   0.24010948  -1.29809265  -0.31213734   1.89362596   0.81996465   0.38344129   1.59337471  -1.30585476
  0.50175311   0.23535318  -1.29773915  -0.30928976   1.88927646   0.82296446   0.38260264   1.59168063  -1.31010970
  0.50314082   0.23059049  -1.29731905  -0.30643384   1.88489546   0.82593045   0.38166758   1.59002652  -1.31433321
  0.50449606   0.22582319  -1.29683887  -0.30357296   1.88049297   0.82883520   0.38064021   1.58843092  -1.31851426
  0.50582102   0.22105496  -1.29629999  -0.30070348   1.87606798   0.83168961   0.37953683   1.58688509  -1.32266396
  0.50711917   0.21628907  -1.29570510  -0.29782888   1.87161542   0.83450519   0.37837449   1.58538112  -1.32678764
  0.50839423   0.21152959  -1.29505715  -0.29494054   1.86712877   0.83731502   0.37719715   1.58389209  -1.33091463
  0.50965112   0.20678049  -1.29436062  -0.29203387   1.86259041   0.84017260   0.37606134   1.58237926  -1.33507855
  0.51089547   0.20204464  -1.29362305  -0.28910415   1.85799232   0.84311208   0.37502284   1.58081523  -1.33930809
  0.51213274   0.19732381  -1.29285229  -0.28613927   1.85334445   0.84613212   0.37412022   1.57919627  -1.34362578
  0.51336885   0.19261814  -1.29205449  -0.28313924   1.84867746   0.84916967   0.37333622   1.57756254  -1.34801606
  0.51461053   0.18792910  -1.29122772  -0.28012919   1.84397838   0.85222782   0.37263123   1.57592326  -1.35245345
  0.51586409   0.18325977  -1.29036674  -0.27712659   1.83923103   0.85533689   0.37198448   1.57426297  -1.35693390
  0.51713640   0.17861240  -1.28947354  -0.27413924   1.83442961   0.85851858   0.37141614   1.57256375  -1.36146866
  0.51843320   0.17398613  -1.28855735  -0.27113526   1.82962695   0.86168800   0.37094402   1.57087203  -1.36607338
  0.51976225   0.16937837  -1.28764336  -0.26808814   1.82488975   0.86474655   0.37066483   1.56922504  -1.37077457
  0.52113131   0.16478865  -1.28673800  -0.26501496   1.82019910   0.86771000   0.37059284   1.56762242  -1.37556686
  0.52254555   0.16021875  -1.28582719  -0.26192612   1.81550151   0.87064429   0.37065860   1.56605731  -1.38044173
  0.52401097   0.15567272  -1.28490262  -0.25885285   1.81077283   0.87360966   0.37084608   1.56448684  -1.38539672
  0.52553501   0.15115117  -1.28397149  -0.25584103   1.80601550   0.87660441   0.37116211   1.56289825  -1.39040433
  0.52712301   0.14665207  -1.28303662  -0.25292450   1.80123155   0.87959205   0.37154147   1.56132460  -1.39541273
