  0.41770002   0.46579988  -1.27410011  -0.43299961   2.09289982   0.69140016   0.43859986   1.64320025  -1.13520023
  0.41770002   0.46579987  -1.27410012  -0.43299958   2.09289981   0.69140017   0.43859986   1.64320026  -1.13520025
  0.41770002   0.46579983  -1.27410015  -0.43299948   2.09289977   0.69140020   0.43859982   1.64320033  -1.13520031
  0.41770004   0.46579973  -1.27410023  -0.43299922   2.09289967   0.69140027   0.43859974   1.64320049  -1.13520046
  0.41770009   0.46579949  -1.27410038  -0.43299873   2.09289948   0.69140038   0.43859959   1.64320078  -1.13520077
  0.41770019   0.46579905  -1.27410065  -0.43299790   2.09289913   0.69140057   0.43859934   1.64320125  -1.13520130
  0.41770037   0.46579829  -1.27410107  -0.43299662   2.09289857   0.69140085   0.43859895   1.64320192  -1.13520214
  0.41770067   0.46579706  -1.27410170  -0.43299477   2.09289769   0.69140128   0.43859838   1.64320284  -1.13520340
  0.41770115   0.46579519  -1.27410256  -0.43299223   2.09289638   0.69140189   0.43859758   1.64320398  -1.13520520
  0.41770188   0.46579247  -1.27410371  -0.43298887   2.09289450   0.69140275   0.43859651   1.64320534  -1.13520769
  0.41770294   0.46578864  -1.27410519  -0.43298456   2.09289187   0.69140397   0.43859511   1.64320686  -1.13521102
  0.41770442   0.46578342  -1.27410705  -0.43297917   2.09288830   0.69140561   0.43859332   1.64320849  -1.13521539
  0.41770646   0.46577648  -1.27410931  -0.43297256   2.09288357   0.69140778   0.43859106   1.64321017  -1.13522098
  0.41770917   0.46576748  -1.27411202  -0.43296460   2.09287738   0.69141065   0.43858820   1.64321179  -1.13522802
  0.41771271   0.46575602  -1.27411520  -0.43295517   2.09286937   0.69141451   0.43858461   1.64321319  -1.13523676
  0.41771725   0.46574169  -1.27411886  -0.43294412   2.09285913   0.69141966   0.43858012   1.64321421  -1.13524749
  0.41772297   0.46572405  -1.27412304  -0.43293130   2.09284629   0.69142630   0.43857452   1.64321476  -1.13526047
  0.41773007   0.46570263  -1.27412775  -0.43291651   2.09283043   0.69143467   0.43856756   1.64321476  -1.13527601
  0.41773878   0.46567692  -1.27413302  -0.43289958   2.09281113   0.69144500   0.43855892   1.64321418  -1.13529440
  0.41774932   0.46564643  -1.27413892  -0.43288027   2.09278794   0.69145753   0.43854830   1.64321299  -1.13531598
  0.41776194   0.46561061  -1.27414549  -0.43285838   2.09276041   0.69147246   0.43853544   1.64321114  -1.13534109
  0.41777692   0.46556894  -1.27415283  -0.43283366   2.09272811   0.69149001   0.43852016   1.64320858  -1.13537012
  0.41779454   0.46552086  -1.27416103  -0.43280587   2.09269064   0.69151038   0.43850237   1.64320520  -1.13540348
  0.41781509   0.46546584  -1.27417022  -0.43277475   2.09264759   0.69153376   0.43848203   1.64320088  -1.13544162
  0.41783887   0.46540333  -1.27418050  -0.43274005   2.09259854   0.69156037   0.43845909   1.64319552  -1.13548500
  0.41786620   0.46533278  -1.27419201  -0.43270152   2.09254305   0.69159043   0.43843348   1.64318903  -1.13553403
  0.41789740   0.46525366  -1.27420486  -0.43265899   2.09248063   0.69162424   0.43840515   1.64318126  -1.13558915
  0.41793279   0.46516544  -1.27421919  -0.43261227   2.09241072   0.69166220   0.43837404   1.64317205  -1.13565078
  0.41797273   0.46506760  -1.27423512  -0.43256124   2.09233278   0.69170466   0.43834011   1.64316124  -1.13571929
  0.41801752   0.46495961  -1.27425281  -0.43250577   2.09224625   0.69175199   0.43830324   1.64314871  -1.13579503
  0.41806750   0.46484095  -1.27427240  -0.43244573   2.09215061   0.69180450   0.43826330   1.64313439  -1.13587833
  0.41812299   0.46471112  -1.27429400  -0.43238095   2.09204524   0.69186261   0.43822009   1.64311821  -1.13596952
  0.41818429   0.46456960  -1.27431774  -0.43231126   2.09192950   0.69192685   0.43817339   1.64310006  -1.13606901
  0.41825169   0.46441590  -1.27434377  -0.43223644   2.09180284   0.69199762   0.43812305   1.64307987  -1.13617716
  0.41832548   0.46424951  -1.27437221  -0.43215629   2.09166467   0.69207536   0.43806898   1.64305753  -1.13629436
  0.41840593   0.46406992  -1.27440321  -0.43207061   2.09151447   0.69216045   0.43801107   1.64303293  -1.13642097
  0.41849328   0.46387663  -1.27443693  -0.43197918   2.09135174   0.69225320   0.43794925   1.64300602  -1.13655733
  0.41858777   0.46366910  -1.27447351  -0.43188175   2.09117601   0.69235388   0.43788339   1.64297674  -1.13670377
  0.41868961   0.46344682  -1.27451310  -0.43177806   2.09098681   0.69246275   0.43781332   1.64294513  -1.13686059
  0.41879898   0.46320924  -1.27455582  -0.43166778   2.09078355   0.69258024   0.43773881   1.64291112  -1.13702817
  0.41891604   0.46295581  -1.27460174  -0.43155057   2.09056552   0.69270708   0.43765967   1.64287451  -1.13720695
  0.41904093   0.46268597  -1.27465097  -0.43142606   2.09033194   0.69284414   0.43757586   1.64283495  -1.13739747
  0.41917376   0.46239914  -1.27470362  -0.43129381   2.09008221   0.69299202   0.43748735   1.64279218  -1.13760023
  0.41931462   0.46209474  -1.27475980  -0.43115327   2.08981592   0.69315100   0.43739412   1.64274614  -1.13781575
  0.41946358   0.46177216  -1.27481963  -0.43100394   2.08953264   0.69332142   0.43729615   1.64269669  -1.13804451
  0.41962069   0.46143078  -1.27488321  -0.43084531   2.08923197   0.69350351   0.43719341   1.64264373  -1.13828697
  0.41978598   0.46106998  -1.27495062  -0.43067689   2.08891357   0.69369738   0.43708576   1.64258724  -1.13854348
  0.41995948   0.46068912  -1.27502193  -0.43049819   2.08857711   0.69390302   0.43697292   1.64252732  -1.13881434
  0.42014118   0.46028756  -1.27509717  -0.43030877   2.08822214   0.69412065   0.43685453   1.64246399  -1.13909985
  0.42033108   0.45986466  -1.27517634  -0.43010819   2.08784808   0.69435068   0.43673021   1.64239717  -1.13940033
  0.42052915   0.45941979  -1.27525943  -0.42989596   2.08745443   0.69459340   0.43659962   1.64232680  -1.13971611
  0.42073536   0.45895232  -1.27534641  -0.42967158   2.08704069   0.69484925   0.43646246   1.64225272  -1.14004763
  0.42094969   0.45846163  -1.27543725  -0.42943457   2.08660623   0.69511887   0.43631857   1.64217461  -1.14039536
  0.42117210   0.45794714  -1.27553190  -0.42918447   2.08615044   0.69540297   0.43616787   1.64209202  -1.14075984
  0.42140259   0.45740824  -1.27563036  -0.42892086   2.08567280   0.69570205   0.43601037   1.64200460  -1.14114152
  0.42164114   0.45684436  -1.27573262  -0.42864331   2.08517294   0.69601643   0.43584603   1.64191209  -1.14154081
  0.42188775   0.45625495  -1.27583866  -0.42835139   2.08465049   0.69634633   0.43567465   1.64181438  -1.14195809
  0.42214240   0.45563948  -1.27594841  -0.42804468   2.08410494   0.69669220   0.43549599   1.64171126  -1.14239378
  0.42240513   0.45499745  -1.27606181  -0.42772282   2.08353568   0.69705478   0.43530994   1.64160231  -1.14284835
  0.42267598   0.45432839  -1.27617879  -0.42738554   2.08294208   0.69743486   0.43511648   1.64148703  -1.14332229
  0.42295500   0.45363185  -1.27629932  -0.42703253   2.08232378   0.69783280   0.43491574   1.64136509  -1.14381603
  0.42324227   0.45290741  -1.27642342  -0.42666356   2.08168060   0.69824867   0.43470785   1.64123627  -1.14432992
  0.42353789   0.45215467  -1.27655108  -0.42627841   2.08101243   0.69868229   0.43449281   1.64110054  -1.14486419
  0.42384196   0.45137326  -1.27668225  -0.42587694   2.08031911   0.69913353   0.43427030   1.64095800  -1.14541900
  0.42415460   0.45056284  -1.27681685  -0.42545895   2.07960060   0.69960187   0.43403972   1.64080912  -1.14599435
  0.42447596   0.44972308  -1.27695486  -0.42502430   2.07885727   0.70008608   0.43380050   1.64065468  -1.14659009
  0.42480619   0.44885367  -1.27709633  -0.42457283   2.07808948   0.70058489   0.43355228   1.64049544  -1.14720608
  0.42514547   0.44795433  -1.27724121  -0.42410436   2.07729728   0.70109773   0.43329473   1.64033184  -1.14784242
  0.42549399   0.44702483  -1.27738948  -0.42361875   2.07648075   0.70162396   0.43302771   1.64016426  -1.14849923
  0.42585195   0.44606496  -1.27754105  -0.42311579   2.07563974   0.70216347   0.43275116   1.63999282  -1.14917686
  0.42621954   0.44507455  -1.27769580  -0.42259533   2.07477380   0.70271689   0.43246548   1.63981705  -1.14987592
  0.42659701   0.44405348  -1.27785365  -0.42205721   2.07388265   0.70328469   0.43217138   1.63963638  -1.15059712
  0.42698459   0.44300163  -1.27801454  -0.42150142   2.07296603   0.70386741   0.43186983   1.63945010  -1.15134114
  0.42738255   0.44191892  -1.27817840  -0.42092812   2.07202349   0.70446583   0.43156168   1.63925740  -1.15210856
  0.42779112   0.44080527  -1.27834507  -0.42033753   2.07105437   0.70508091   0.43124746   1.63905751  -1.15289984
  0.42821054   0.43966060  -1.27851436  -0.41972977   2.07005822   0.70571316   0.43092722   1.63885015  -1.15371529
  0.42864101   0.43848483  -1.27868608  -0.41910490   2.06903490   0.70636237   0.43060056   1.63863557  -1.15455500
  0.42908272   0.43727790  -1.27885997  -0.41846287   2.06798413   0.70702864   0.43026703   1.63841391  -1.15541920
  0.42953584   0.43603978  -1.27903588  -0.41780370   2.06690572   0.70771224   0.42992720   1.63818475  -1.15630835
  0.43000055   0.43477043  -1.27921363  -0.41712756   2.06579921   0.70841403   0.42958197   1.63794723  -1.15722302
  0.43047699   0.43346985  -1.27939301  -0.41643470   2.06466399   0.70913505   0.42923203   1.63770048  -1.15816367
  0.43096525   0.43213802  -1.27957377  -0.41572539   2.06349941   0.70987622   0.42887770   1.63744385  -1.15913058
  0.43146539   0.43077492  -1.27975559  -0.41499980   2.06230498   0.71063838   0.42851916   1.63717669  -1.16012407
  0.43197738   0.42938055  -1.27993821  -0.41425788   2.06108078   0.71142152   0.42815666   1.63689875  -1.16114446
  0.43250116   0.42795488  -1.28012135  -0.41349938   2.05982735   0.71222471   0.42779010   1.63661033  -1.16219189
  0.43303657   0.42649788  -1.28030473  -0.41272393   2.05854550   0.71304656   0.42741920   1.63631208  -1.16326640
  0.43358345   0.42500954  -1.28048807  -0.41193125   2.05723577   0.71388623   0.42704400   1.63600421  -1.16436813
  0.43414156   0.42348988  -1.28067094  -0.41112122   2.05589822   0.71474368   0.42666446   1.63568653  -1.16549723
  0.43471061   0.42193895  -1.28085280  -0.41029377   2.05453255   0.71561953   0.42628035   1.63535854  -1.16665390
  0.43529026   0.42035682  -1.28103311  -0.40944881   2.05313837   0.71651463   0.42589181   1.63501952  -1.16783847
  0.43588013   0.41874359  -1.28121130  -0.40858615   2.05171540   0.71742979   0.42549893   1.63466877  -1.16905130
  0.43647977   0.41709938  -1.28138672  -0.40770528   2.05026366   0.71836535   0.42510159   1.63430589  -1.17029287
  0.43708874   0.41542435  -1.28155881  -0.40680577   2.04878345   0.71932139   0.42470033   1.63393035  -1.17156370
  0.43770657   0.41371869  -1.28172698  -0.40588735   2.04727500   0.72029788   0.42429548   1.63354176  -1.17286407
  0.43833281   0.41198260  -1.28189064  -0.40494985   2.04573851   0.72129455   0.42388694   1.63314009  -1.17419398
  0.43896701   0.41021630  -1.28204912  -0.40399325   2.04417389   0.72231125   0.42347409   1.63272550  -1.17555313
  0.43960875   0.40842005  -1.28220182  -0.40301766   2.04258110   0.72334744   0.42305603   1.63229851  -1.17694093
  0.44025762   0.40659408  -1.28234819  -0.40202321   2.04096022   0.72440232   0.42263187   1.63185983  -1.17835667
  0.44091326   0.40473869  -1.28248771  -0.40101001   2.03931130   0.72547519   0.42220092   1.63141009  -1.17979974
  0.44157532   0.40285419  -1.28261988  -0.39997820   2.03763434   0.72656549   0.42176265   1.63094980  -1.18126962
  0.44224350   0.40094094  -1.28274426  -0.39892783   2.03592929   0.72767299   0.42131700   1.63047922  -1.18276607
  0.44291758   0.39899934  -1.28286042  -0.39785889   2.03419590   0.72879798   0.42086444   1.62999822  -1.18428919
  0.44359736   0.39702979  -1.28296805  -0.39677134   2.03243386   0.72994112   0.42040603   1.62950639  -1.18583938
  0.44428271   0.39503273  -1.28306689  -0.39566502   2.03064297   0.73110303   0.41994317   1.62900329  -1.18741725
  0.44497358   0.39300859  -1.28315676  -0.39453976   2.02882331   0.73228370   0.41947710   1.62848888  -1.18902323
  0.44566994   0.39095779  -1.28323747  -0.39339565   2.02697486   0.73348314   0.41900864   1.62796322  -1.19065754
  0.44637189   0.38888081  -1.28330877  -0.39223296   2.02509742   0.73470168   0.41853840   1.62742622  -1.19232030
  0.44707953   0.38677813  -1.28337041  -0.39105203   2.02319075   0.73593985   0.41806718   1.62687760  -1.19401178
  0.44779307   0.38465021  -1.28342228  -0.38985286   2.02125511   0.73719733   0.41759594   1.62631754  -1.19573240
  0.44851276   0.38249749  -1.28346449  -0.38863521   2.01929145   0.73847282   0.41712663   1.62574662  -1.19748282
  0.44923895   0.38032040  -1.28349723  -0.38739901   2.01730053   0.73976519   0.41666130   1.62516537  -1.19926366
  0.44997201   0.37811938  -1.28352053  -0.38614428   2.01528254   0.74107399   0.41620127   1.62457429  -1.20107544
  0.45071240   0.37589492  -1.28353435  -0.38487137   2.01323744   0.74239934   0.41574772   1.62397342  -1.20291866
  0.45146063   0.37364748  -1.28353872  -0.38358106   2.01116522   0.74374139   0.41530186   1.62336267  -1.20479351
  0.45221725   0.37137753  -1.28353370  -0.38227450   2.00906589   0.74509990   0.41486426   1.62274229  -1.20669970
