  0.41770007   0.46579972  -1.27410016  -0.43299956   2.09289996   0.69139983   0.43859988   1.64320032  -1.13520025
  0.41770007   0.46579970  -1.27410017  -0.43299953   2.09289996   0.69139982   0.43859987   1.64320034  -1.13520026
  0.41770010   0.46579962  -1.27410021  -0.43299943   2.09289994   0.69139978   0.43859984   1.64320041  -1.13520033
  0.41770016   0.46579941  -1.27410030  -0.43299920   2.09289988   0.69139971   0.43859977   1.64320055  -1.13520048
  0.41770029   0.46579897  -1.27410046  -0.43299877   2.09289973   0.69139960   0.43859963   1.64320076  -1.13520079
  0.41770054   0.46579817  -1.27410074  -0.43299809   2.09289941   0.69139947   0.43859938   1.64320105  -1.13520132
  0.41770097   0.46579687  -1.27410114  -0.43299708   2.09289883   0.69139937   0.43859899   1.64320140  -1.13520217
  0.41770165   0.46579488  -1.27410171  -0.43299567   2.09289787   0.69139933   0.43859838   1.64320179  -1.13520344
  0.41770265   0.46579200  -1.27410248  -0.43299377   2.09289641   0.69139938   0.43859751   1.64320219  -1.13520526
  0.41770409   0.46578800  -1.27410349  -0.43299126   2.09289429   0.69139962   0.43859633   1.64320255  -1.13520780
  0.41770606   0.46578263  -1.27410474  -0.43298804   2.09289122   0.69140030   0.43859474   1.64320275  -1.13521128
  0.41770869   0.46577563  -1.27410624  -0.43298396   2.09288693   0.69140164   0.43859261   1.64320273  -1.13521592
  0.41771211   0.46576671  -1.27410802  -0.43297885   2.09288114   0.69140384   0.43858975   1.64320245  -1.13522198
  0.41771645   0.46575557  -1.27411010  -0.43297248   2.09287361   0.69140705   0.43858600   1.64320192  -1.13522973
  0.41772187   0.46574188  -1.27411250  -0.43296464   2.09286411   0.69141135   0.43858120   1.64320115  -1.13523945
  0.41772852   0.46572530  -1.27411528  -0.43295509   2.09285242   0.69141680   0.43857524   1.64320016  -1.13525143
  0.41773657   0.46570550  -1.27411847  -0.43294366   2.09283828   0.69142351   0.43856801   1.64319893  -1.13526595
  0.41774621   0.46568208  -1.27412214  -0.43293021   2.09282126   0.69143178   0.43855942   1.64319733  -1.13528326
  0.41775762   0.46565466  -1.27412632  -0.43291460   2.09280083   0.69144206   0.43854930   1.64319523  -1.13530365
  0.41777099   0.46562280  -1.27413111  -0.43289668   2.09277649   0.69145473   0.43853750   1.64319254  -1.13532738
  0.41778652   0.46558605  -1.27413659  -0.43287626   2.09274777   0.69147009   0.43852390   1.64318919  -1.13535475
  0.41780441   0.46554395  -1.27414290  -0.43285310   2.09271426   0.69148836   0.43850841   1.64318513  -1.13538604
  0.41782486   0.46549601  -1.27415017  -0.43282697   2.09267561   0.69150964   0.43849095   1.64318038  -1.13542154
  0.41784807   0.46544174  -1.27415853  -0.43279762   2.09263146   0.69153406   0.43847143   1.64317493  -1.13546155
  0.41787423   0.46538061  -1.27416811  -0.43276480   2.09258132   0.69156197   0.43844972   1.64316868  -1.13550641
  0.41790355   0.46531211  -1.27417902  -0.43272823   2.09252458   0.69159388   0.43842568   1.64316148  -1.13555650
  0.41793623   0.46523567  -1.27419139  -0.43268766   2.09246062   0.69163034   0.43839916   1.64315315  -1.13561220
  0.41797248   0.46515075  -1.27420535  -0.43264279   2.09238896   0.69167162   0.43837000   1.64314366  -1.13567388
  0.41801251   0.46505677  -1.27422108  -0.43259329   2.09230927   0.69171781   0.43833814   1.64313300  -1.13574187
  0.41805652   0.46495314  -1.27423877  -0.43253887   2.09222118   0.69176897   0.43830353   1.64312117  -1.13581649
  0.41810474   0.46483926  -1.27425858  -0.43247923   2.09212428   0.69182528   0.43826605   1.64310814  -1.13589808
  0.41815738   0.46471453  -1.27428066  -0.43241411   2.09201805   0.69188707   0.43822559   1.64309378  -1.13598700
  0.41821465   0.46457836  -1.27430518  -0.43234324   2.09190202   0.69195461   0.43818206   1.64307799  -1.13608361
  0.41827679   0.46443013  -1.27433229  -0.43226641   2.09177563   0.69202824   0.43813540   1.64306062  -1.13618821
  0.41834401   0.46426921  -1.27436214  -0.43218341   2.09163833   0.69210828   0.43808544   1.64304155  -1.13630109
  0.41841651   0.46409497  -1.27439487  -0.43209401   2.09148955   0.69219507   0.43803193   1.64302070  -1.13642254
  0.41849449   0.46390679  -1.27443060  -0.43199799   2.09132863   0.69228913   0.43797469   1.64299789  -1.13655288
  0.41857814   0.46370403  -1.27446946  -0.43189507   2.09115503   0.69239084   0.43791359   1.64297293  -1.13669249
  0.41866764   0.46348605  -1.27451160  -0.43178495   2.09096828   0.69250044   0.43784849   1.64294571  -1.13684169
  0.41876316   0.46325221  -1.27455711  -0.43166736   2.09076783   0.69261835   0.43777928   1.64291602  -1.13700088
  0.41886486   0.46300188  -1.27460613  -0.43154203   2.09055312   0.69274501   0.43770585   1.64288360  -1.13717040
  0.41897290   0.46273441  -1.27465872  -0.43140877   2.09032356   0.69288085   0.43762806   1.64284822  -1.13735057
  0.41908741   0.46244918  -1.27471498  -0.43126735   2.09007855   0.69302627   0.43754566   1.64280970  -1.13754165
  0.41920851   0.46214553  -1.27477497  -0.43111753   2.08981750   0.69318167   0.43745849   1.64276786  -1.13774392
  0.41933633   0.46182284  -1.27483880  -0.43095901   2.08953982   0.69334746   0.43736644   1.64272251  -1.13795773
  0.41947095   0.46148046  -1.27490656  -0.43079135   2.08924508   0.69352380   0.43726937   1.64267364  -1.13818344
  0.41961247   0.46111776  -1.27497835  -0.43061400   2.08893306   0.69371049   0.43716707   1.64262147  -1.13842144
  0.41976097   0.46073411  -1.27505429  -0.43042633   2.08860366   0.69390721   0.43705933   1.64256629  -1.13867212
  0.41991654   0.46032893  -1.27513444  -0.43022779   2.08825656   0.69411420   0.43694625   1.64250788  -1.13893610
  0.42007927   0.45990163  -1.27521884  -0.43001798   2.08789139   0.69433188   0.43682808   1.64244577  -1.13921400
  0.42024927   0.45945168  -1.27530742  -0.42979657   2.08750763   0.69456084   0.43670473   1.64237953  -1.13950634
  0.42042665   0.45897855  -1.27540016  -0.42956330   2.08710483   0.69480152   0.43657626   1.64230877  -1.13981359
  0.42061154   0.45848173  -1.27549702  -0.42931802   2.08668250   0.69505424   0.43644252   1.64223324  -1.14013607
  0.42080408   0.45796067  -1.27559798  -0.42906066   2.08624009   0.69531932   0.43630331   1.64215275  -1.14047396
  0.42100438   0.45741488  -1.27570298  -0.42879115   2.08577707   0.69559711   0.43615840   1.64206708  -1.14082747
  0.42121257   0.45684383  -1.27581200  -0.42850936   2.08529303   0.69588773   0.43600754   1.64197618  -1.14119676
  0.42142874   0.45624702  -1.27592500  -0.42821519   2.08478753   0.69619135   0.43585043   1.64187995  -1.14158199
  0.42165299   0.45562396  -1.27604194  -0.42790853   2.08426015   0.69650822   0.43568687   1.64177818  -1.14198337
  0.42188538   0.45497415  -1.27616275  -0.42758929   2.08371043   0.69683863   0.43551660   1.64167068  -1.14240108
  0.42212597   0.45429714  -1.27628738  -0.42725733   2.08313796   0.69718296   0.43533952   1.64155712  -1.14283537
  0.42237478   0.45359245  -1.27641574  -0.42691242   2.08254229   0.69754173   0.43515572   1.64143700  -1.14328670
  0.42263182   0.45285967  -1.27654770  -0.42655429   2.08192305   0.69791560   0.43496532   1.64130967  -1.14375564
  0.42289709   0.45209841  -1.27668312  -0.42618251   2.08128008   0.69830494   0.43476853   1.64117460  -1.14424284
  0.42317058   0.45130830  -1.27682188  -0.42579673   2.08061296   0.69871065   0.43456586   1.64103090  -1.14474909
  0.42345230   0.45048899  -1.27696379  -0.42539679   2.07992105   0.69913381   0.43435776   1.64087762  -1.14527504
  0.42374224   0.44964012  -1.27710869  -0.42498259   2.07920379   0.69957512   0.43414430   1.64071421  -1.14582103
  0.42404038   0.44876132  -1.27725645  -0.42455388   2.07846096   0.70003441   0.43392516   1.64054087  -1.14638718
  0.42434666   0.44785224  -1.27740701  -0.42411014   2.07769278   0.70051082   0.43370013   1.64035813  -1.14697366
  0.42466104   0.44691249  -1.27756036  -0.42365081   2.07689975   0.70100292   0.43346899   1.64016692  -1.14758050
  0.42498346   0.44594170  -1.27771658  -0.42317528   2.07608248   0.70150890   0.43323142   1.63996850  -1.14820758
  0.42531384   0.44493948  -1.27787569  -0.42268288   2.07524138   0.70202717   0.43298707   1.63976406  -1.14885486
  0.42565209   0.44390555  -1.27803754  -0.42217286   2.07437607   0.70255801   0.43273573   1.63955379  -1.14952287
  0.42599810   0.44283969  -1.27820190  -0.42164466   2.07348622   0.70310256   0.43247834   1.63933653  -1.15021277
  0.42635181   0.44174181  -1.27836833  -0.42109800   2.07257140   0.70366251   0.43221561   1.63911058  -1.15092573
  0.42671314   0.44061188  -1.27853619  -0.42053290   2.07163101   0.70424002   0.43194784   1.63887396  -1.15166281
  0.42708202   0.43944994  -1.27870475  -0.41994962   2.07066445   0.70483717   0.43167497   1.63862467  -1.15242489
  0.42745843   0.43825600  -1.27887324  -0.41934843   2.06967189   0.70545403   0.43139575   1.63836234  -1.15321202
  0.42784237   0.43703008  -1.27904105  -0.41872932   2.06865392   0.70608920   0.43110855   1.63808787  -1.15402388
  0.42823391   0.43577222  -1.27920772  -0.41809212   2.06761086   0.70674203   0.43081314   1.63780146  -1.15486082
  0.42863322   0.43448247  -1.27937295  -0.41743682   2.06654262   0.70741274   0.43051048   1.63750254  -1.15572348
  0.42904048   0.43316092  -1.27953647  -0.41676361   2.06544879   0.70810183   0.43020163   1.63719047  -1.15661242
  0.42945587   0.43180765  -1.27969805  -0.41607269   2.06432893   0.70880983   0.42988753   1.63686470  -1.15752811
  0.42987958   0.43042274  -1.27985745  -0.41536414   2.06318309   0.70953631   0.42956856   1.63652537  -1.15847078
  0.43031178   0.42900623  -1.28001443  -0.41463795   2.06201162   0.71027993   0.42924420   1.63617351  -1.15944024
  0.43075264   0.42755825  -1.28016866  -0.41389409   2.06081453   0.71104028   0.42891429   1.63580945  -1.16043668
  0.43120236   0.42607898  -1.28031978  -0.41313288   2.05959117   0.71181866   0.42857952   1.63543222  -1.16146073
  0.43166113   0.42456863  -1.28046740  -0.41235484   2.05834077   0.71261684   0.42824085   1.63504030  -1.16251309
  0.43212911   0.42302741  -1.28061119  -0.41156042   2.05706270   0.71343627   0.42789915   1.63463246  -1.16359435
  0.43260644   0.42145547  -1.28075083  -0.41074950   2.05575711   0.71427638   0.42755401   1.63420926  -1.16470463
  0.43309321   0.41985287  -1.28088622  -0.40992157   2.05442535   0.71513383   0.42720426   1.63377318  -1.16584337
  0.43358953   0.41821962  -1.28101740  -0.40907628   2.05306893   0.71600426   0.42684822   1.63332764  -1.16700930
  0.43409548   0.41655577  -1.28114425  -0.40821316   2.05168846   0.71688528   0.42648485   1.63287483  -1.16820195
  0.43461122   0.41486149  -1.28126670  -0.40733235   2.05028360   0.71777701   0.42611494   1.63241478  -1.16942151
  0.43513687   0.41313700  -1.28138463  -0.40643420   2.04885376   0.71868058   0.42573984   1.63194661  -1.17066848
  0.43567254   0.41138254  -1.28149789  -0.40551915   2.04739823   0.71959749   0.42536088   1.63146915  -1.17194340
  0.43621829   0.40959833  -1.28160638  -0.40458729   2.04591661   0.72052845   0.42497912   1.63098196  -1.17324670
  0.43677415   0.40778453  -1.28171008  -0.40363842   2.04440872   0.72147350   0.42459555   1.63048522  -1.17457877
  0.43734013   0.40594135  -1.28180896  -0.40267252   2.04287406   0.72243356   0.42421140   1.62997841  -1.17594014
  0.43791618   0.40406904  -1.28190285  -0.40168970   2.04131213   0.72341013   0.42382818   1.62946035  -1.17733155
  0.43850217   0.40216792  -1.28199141  -0.40069037   2.03972203   0.72440562   0.42344717   1.62892927  -1.17875372
  0.43909796   0.40023832  -1.28207417  -0.39967530   2.03810307   0.72542225   0.42306912   1.62838326  -1.18020703
  0.43970330   0.39828063  -1.28215049  -0.39864547   2.03645482   0.72646178   0.42269409   1.62782064  -1.18169144
  0.44031794   0.39629520  -1.28221975  -0.39760152   2.03477709   0.72752490   0.42232171   1.62724074  -1.18320668
  0.44094157   0.39428230  -1.28228138  -0.39654340   2.03307013   0.72861061   0.42195077   1.62664455  -1.18475221
  0.44157393   0.39224224  -1.28233501  -0.39547080   2.03133407   0.72971820   0.42158142   1.62603278  -1.18632803
  0.44221479   0.39017527  -1.28238046  -0.39438336   2.02956917   0.73084638   0.42121430   1.62540656  -1.18793406
  0.44286395   0.38808167  -1.28241754  -0.39328085   2.02777568   0.73199387   0.42085005   1.62476705  -1.18957014
  0.44352123   0.38596178  -1.28244600  -0.39216312   2.02595375   0.73315992   0.42048936   1.62411490  -1.19123630
  0.44418648   0.38381598  -1.28246559  -0.39103027   2.02410351   0.73434412   0.42013304   1.62345043  -1.19293256
  0.44485961   0.38164467  -1.28247608  -0.38988268   2.02222499   0.73554601   0.41978151   1.62277411  -1.19465861
  0.44554050   0.37944822  -1.28247722  -0.38872092   2.02031828   0.73676477   0.41943437   1.62208669  -1.19641366
  0.44622909   0.37722697  -1.28246888  -0.38754547   2.01838365   0.73799888   0.41909084   1.62138959  -1.19819660
  0.44692528   0.37498122  -1.28245091  -0.38635696   2.01642149   0.73924632   0.41874941   1.62068465  -1.20000584
