  0.41770029   0.46579949  -1.27410013  -0.43299998   2.09290052   0.69139871   0.43859998   1.64320030  -1.13520000
  0.41770230   0.46579602  -1.27410088  -0.43300007   2.09290339   0.69139110   0.43859980   1.64320180  -1.13520017
  0.41770781   0.46578716  -1.27410226  -0.43300110   2.09290733   0.69137706   0.43859906   1.64320301  -1.13520153
  0.41771840   0.46577103  -1.27410410  -0.43300354   2.09290885   0.69136055   0.43859697   1.64320164  -1.13520586
  0.41773538   0.46574615  -1.27410653  -0.43300677   2.09290485   0.69134500   0.43859255   1.64319675  -1.13521518
  0.41775986   0.46571130  -1.27411004  -0.43300922   2.09289358   0.69133194   0.43858485   1.64318898  -1.13523139
  0.41779274   0.46566551  -1.27411533  -0.43300902   2.09287402   0.69132195   0.43857314   1.64317961  -1.13525623
  0.41783479   0.46560800  -1.27412265  -0.43300363   2.09284493   0.69131634   0.43855736   1.64316941  -1.13529249
  0.41788669   0.46553834  -1.27413053  -0.43298776   2.09280407   0.69131808   0.43853901   1.64315821  -1.13534677
  0.41794923   0.46545615  -1.27413680  -0.43295778   2.09275001   0.69132770   0.43851715   1.64314717  -1.13542372
  0.41802345   0.46536091  -1.27414009  -0.43291325   2.09268217   0.69134409   0.43848878   1.64313789  -1.13552433
  0.41811061   0.46525185  -1.27414046  -0.43285578   2.09260023   0.69136655   0.43845061   1.64313122  -1.13564749
  0.41821207   0.46512804  -1.27413932  -0.43278806   2.09250405   0.69139531   0.43840139   1.64312639  -1.13579139
  0.41832930   0.46498839  -1.27413859  -0.43271232   2.09239075   0.69143486   0.43834247   1.64312052  -1.13595572
  0.41846371   0.46483122  -1.27413938  -0.43262515   2.09225147   0.69149672   0.43827564   1.64311128  -1.13614581
  0.41861682   0.46465387  -1.27414434  -0.43252276   2.09208015   0.69158602   0.43819691   1.64310277  -1.13636345
  0.41879025   0.46445243  -1.27415808  -0.43240243   2.09187265   0.69170484   0.43810207   1.64309987  -1.13660814
  0.41898649   0.46421861  -1.27418786  -0.43226054   2.09160289   0.69188609   0.43798350   1.64309900  -1.13688310
  0.41920776   0.46394290  -1.27424255  -0.43208802   2.09126168   0.69214112   0.43784403   1.64309891  -1.13719528
  0.41945531   0.46361713  -1.27432974  -0.43187963   2.09086909   0.69244002   0.43770101   1.64310106  -1.13754683
  0.41972960   0.46323630  -1.27444631  -0.43163076   2.09045003   0.69274321   0.43755519   1.64311359  -1.13793904
  0.42003072   0.46279871  -1.27457976  -0.43134458   2.09001083   0.69303873   0.43739291   1.64313493  -1.13837293
  0.42035851   0.46230476  -1.27471570  -0.43102898   2.08954336   0.69333627   0.43719732   1.64315652  -1.13884873
  0.42071333   0.46175416  -1.27484609  -0.43069107   2.08902641   0.69366639   0.43696851   1.64315944  -1.13937108
  0.42109700   0.46114167  -1.27497150  -0.43032588   2.08841201   0.69409933   0.43669960   1.64312417  -1.13995448
  0.42151143   0.46046012  -1.27510447  -0.42992732   2.08770376   0.69462444   0.43640281   1.64305727  -1.14059844
  0.42195845   0.45970448  -1.27525736  -0.42948262   2.08694365   0.69517032   0.43608600   1.64299334  -1.14129650
  0.42243971   0.45887307  -1.27543320  -0.42899285   2.08614794   0.69571088   0.43575290   1.64293985  -1.14204441
  0.42295598   0.45796373  -1.27562964  -0.42846776   2.08529315   0.69628034   0.43539531   1.64288151  -1.14284017
  0.42350764   0.45697547  -1.27584411  -0.42790505   2.08436650   0.69689636   0.43500044   1.64281788  -1.14368684
  0.42409510   0.45590976  -1.27607448  -0.42729661   2.08337677   0.69754764   0.43456816   1.64275542  -1.14459118
  0.42471859   0.45476973  -1.27631837  -0.42664233   2.08233502   0.69822180   0.43410751   1.64269259  -1.14555616
  0.42537917   0.45355463  -1.27657888  -0.42594975   2.08123435   0.69892858   0.43363130   1.64261860  -1.14657941
  0.42607754   0.45226352  -1.27685745  -0.42522331   2.08006409   0.69968227   0.43313800   1.64252869  -1.14765856
  0.42681354   0.45089748  -1.27715182  -0.42446104   2.07882468   0.70048092   0.43261752   1.64242918  -1.14879311
  0.42758604   0.44945878  -1.27745999  -0.42366129   2.07752891   0.70130505   0.43206688   1.64232915  -1.14998046
  0.42839468   0.44794583  -1.27778522  -0.42282570   2.07616593   0.70216882   0.43149328   1.64222237  -1.15122027
  0.42923821   0.44635806  -1.27812552  -0.42194527   2.07472790   0.70308799   0.43088701   1.64210848  -1.15252080
  0.43011577   0.44469713  -1.27847837  -0.42101516   2.07322729   0.70405187   0.43025115   1.64198667  -1.15388783
  0.43102752   0.44296294  -1.27884261  -0.42004349   2.07165304   0.70508524   0.42960141   1.64183207  -1.15532586
  0.43197383   0.44115560  -1.27921637  -0.41903240   2.07000533   0.70618257   0.42892921   1.64165102  -1.15683043
  0.43295447   0.43927563  -1.27959792  -0.41798625   2.06828604   0.70733426   0.42823191   1.64144872  -1.15839500
  0.43396904   0.43732149  -1.27998796  -0.41690227   2.06649024   0.70853988   0.42750181   1.64123391  -1.16001699
  0.43501654   0.43529240  -1.28039012  -0.41577073   2.06463497   0.70977187   0.42674511   1.64102059  -1.16169766
  0.43609546   0.43319024  -1.28080115  -0.41458530   2.06272589   0.71103040   0.42596759   1.64080352  -1.16344619
  0.43720592   0.43101480  -1.28121583  -0.41334995   2.06072772   0.71237874   0.42516232   1.64055360  -1.16527342
  0.43834827   0.42876487  -1.28163917  -0.41207258   2.05864982   0.71380641   0.42434810   1.64026232  -1.16717450
  0.43952253   0.42644036  -1.28207170  -0.41076436   2.05650349   0.71528202   0.42351752   1.63994600  -1.16913008
  0.44072800   0.42403963  -1.28251510  -0.40941929   2.05429924   0.71677850   0.42265127   1.63963095  -1.17113143
  0.44196259   0.42156423  -1.28296641  -0.40802072   2.05205854   0.71827321   0.42174380   1.63932832  -1.17318923
  0.44322652   0.41901979  -1.28341530  -0.40656209   2.04977821   0.71978484   0.42079926   1.63902295  -1.17532229
  0.44452090   0.41640651  -1.28386233  -0.40504533   2.04746475   0.72129417   0.41981165   1.63872856  -1.17752297
  0.44584606   0.41372301  -1.28431089  -0.40348582   2.04510399   0.72281296   0.41878728   1.63843800  -1.17977815
  0.44720132   0.41096853  -1.28476063  -0.40189678   2.04264943   0.72442799   0.41775226   1.63809547  -1.18210068
  0.44858447   0.40814157  -1.28521583  -0.40027005   2.04011556   0.72611952   0.41671186   1.63770960  -1.18449107
  0.44999499   0.40523986  -1.28567814  -0.39859962   2.03749274   0.72789503   0.41565574   1.63728878  -1.18694924
  0.45143318   0.40226208  -1.28614946  -0.39687268   2.03480414   0.72970300   0.41455981   1.63687553  -1.18946653
  0.45289971   0.39920763  -1.28663202  -0.39508094   2.03207131   0.73151236   0.41342776   1.63648218  -1.19204559
  0.45439431   0.39607808  -1.28712529  -0.39323036   2.02929244   0.73334596   0.41230118   1.63607073  -1.19470064
  0.45591681   0.39287387  -1.28762483  -0.39133623   2.02643798   0.73524729   0.41118228   1.63561698  -1.19742899
  0.45746474   0.38959816  -1.28811559  -0.38941162   2.02347872   0.73725771   0.41003384   1.63510985  -1.20022339
  0.45903621   0.38625367  -1.28858835  -0.38746194   2.02038762   0.73941659   0.40884209   1.63453637  -1.20308508
  0.46063036   0.38284216  -1.28905279  -0.38548684   2.01718832   0.74169424   0.40765730   1.63389178  -1.20601629
  0.46224632   0.37936297  -1.28952311  -0.38347272   2.01392800   0.74401107   0.40650151   1.63321448  -1.20900911
  0.46388275   0.37581911  -1.28999724  -0.38141686   2.01063592   0.74631387   0.40533973   1.63254303  -1.21204651
  0.46553726   0.37221267  -1.29047113  -0.37931175   2.00732439   0.74858500   0.40414856   1.63189388  -1.21512619
  0.46720703   0.36854831  -1.29093195  -0.37715294   2.00399053   0.75083860   0.40290071   1.63126373  -1.21825438
  0.46889235   0.36483440  -1.29135723  -0.37490630   2.00062009   0.75312504   0.40155973   1.63063985  -1.22147672
  0.47059523   0.36107726  -1.29173877  -0.37255681   1.99725678   0.75536512   0.40010466   1.63006904  -1.22479149
  0.47231956   0.35727895  -1.29208086  -0.37018784   1.99386908   0.75757478   0.39857810   1.62951426  -1.22813939
  0.47406570   0.35344130  -1.29238945  -0.36780735   1.99040599   0.75983697   0.39703170   1.62892907  -1.23153587
  0.47583502   0.34956490  -1.29267645  -0.36538704   1.98683127   0.76223195   0.39552596   1.62827387  -1.23502833
  0.47763096   0.34565060  -1.29295782  -0.36287975   1.98319540   0.76468989   0.39407567   1.62759665  -1.23864095
  0.47945582   0.34169955  -1.29324521  -0.36028545   1.97952265   0.76720057   0.39272087   1.62688043  -1.24238314
  0.48131008   0.33771529  -1.29352736  -0.35761956   1.97583241   0.76972869   0.39138289   1.62615535  -1.24622408
  0.48319525   0.33370080  -1.29379080  -0.35492425   1.97208434   0.77234790   0.39002690   1.62537560  -1.25014558
  0.48511297   0.32965667  -1.29403145  -0.35220184   1.96831559   0.77497589   0.38860041   1.62459690  -1.25411898
  0.48706391   0.32558177  -1.29424962  -0.34948113   1.96452402   0.77759922   0.38710731   1.62381764  -1.25811777
  0.48904713   0.32147728  -1.29443854  -0.34676475   1.96065690   0.78029914   0.38556979   1.62299848  -1.26216010
  0.49106103   0.31734151  -1.29460046  -0.34403331   1.95667787   0.78312697   0.38402799   1.62212122  -1.26627401
  0.49310391   0.31316974  -1.29475312  -0.34125558   1.95263676   0.78598305   0.38251772   1.62124368  -1.27046029
  0.49517393   0.30896144  -1.29489654  -0.33840932   1.94854275   0.78887026   0.38104645   1.62036210  -1.27474072
  0.49726614   0.30471721  -1.29502609  -0.33544711   1.94449246   0.79163937   0.37956157   1.61956037  -1.27911609
  0.49937668   0.30044059  -1.29512418  -0.33234940   1.94051160   0.79425023   0.37800904   1.61886688  -1.28358954
  0.50151015   0.29614768  -1.29515896  -0.32915237   1.93650131   0.79693988   0.37643909   1.61811222  -1.28822177
  0.50367694   0.29184261  -1.29513613  -0.32594753   1.93243500   0.79971931   0.37487925   1.61726955  -1.29294934
  0.50588002   0.28752574  -1.29505705  -0.32279418   1.92826644   0.80260923   0.37328328   1.61635136  -1.29770708
  0.50811756   0.28319379  -1.29493501  -0.31968800   1.92398999   0.80560479   0.37165216   1.61537565  -1.30248399
  0.51038603   0.27884396  -1.29478970  -0.31660271   1.91965117   0.80863965   0.37002109   1.61437490  -1.30728474
  0.51268055   0.27447445  -1.29462987  -0.31349751   1.91529510   0.81164611   0.36839667   1.61339077  -1.31212307
  0.51499586   0.27008617  -1.29445363  -0.31032806   1.91095310   0.81459106   0.36678233   1.61244244  -1.31702882
  0.51733122   0.26568841  -1.29423912  -0.30710104   1.90655790   0.81762495   0.36519578   1.61143727  -1.32204439
  0.51968667   0.26128813  -1.29397382  -0.30386875   1.90212855   0.82070078   0.36359505   1.61038750  -1.32711593
  0.52206050   0.25688899  -1.29365062  -0.30064746   1.89767345   0.82378351   0.36195590   1.60931542  -1.33221730
  0.52445171   0.25249450  -1.29326510  -0.29740727   1.89316530   0.82691665   0.36029070   1.60821484  -1.33738137
  0.52686096   0.24810396  -1.29283301  -0.29404641   1.88868921   0.82994244   0.35861249   1.60720255  -1.34265198
  0.52929104   0.24371004  -1.29239237  -0.29056532   1.88428193   0.83275949   0.35699436   1.60634097  -1.34800290
  0.53174161   0.23931231  -1.29195257  -0.28705316   1.87987549   0.83546555   0.35545103   1.60556846  -1.35337492
  0.53421043   0.23491691  -1.29150244  -0.28355750   1.87537282   0.83828402   0.35399655   1.60474248  -1.35878516
  0.53669177   0.23053081  -1.29102646  -0.28004730   1.87084114   0.84119779   0.35260216   1.60383112  -1.36427044
  0.53918303   0.22616310  -1.29049956  -0.27652727   1.86629049   0.84424947   0.35123584   1.60278107  -1.36984963
  0.54168397   0.22182235  -1.28987985  -0.27301903   1.86167322   0.84749174   0.34975780   1.60158646  -1.37549713
  0.54420032   0.21750689  -1.28917502  -0.26958260   1.85700841   0.85081871   0.34815032   1.60031142  -1.38113304
  0.54673629   0.21321281  -1.28840365  -0.26622025   1.85230648   0.85415689   0.34647431   1.59901047  -1.38674198
