  0.41770029   0.46579949  -1.27410013  -0.43299998   2.09290052   0.69139871   0.43859998   1.64320030  -1.13520000
  0.41770230   0.46579602  -1.27410088  -0.43300007   2.09290338   0.69139110   0.43859980   1.64320180  -1.13520017
  0.41770781   0.46578716  -1.27410227  -0.43300110   2.09290732   0.69137707   0.43859906   1.64320302  -1.13520152
  0.41771840   0.46577103  -1.27410411  -0.43300353   2.09290884   0.69136056   0.43859696   1.64320166  -1.13520586
  0.41773538   0.46574614  -1.27410654  -0.43300674   2.09290484   0.69134501   0.43859253   1.64319677  -1.13521520
  0.41775985   0.46571130  -1.27411004  -0.43300917   2.09289359   0.69133195   0.43858482   1.64318899  -1.13523142
  0.41779272   0.46566551  -1.27411530  -0.43300897   2.09287407   0.69132193   0.43857310   1.64317961  -1.13525628
  0.41783478   0.46560801  -1.27412261  -0.43300359   2.09284505   0.69131621   0.43855734   1.64316943  -1.13529251
  0.41788668   0.46553836  -1.27413048  -0.43298778   2.09280422   0.69131784   0.43853902   1.64315826  -1.13534674
  0.41794923   0.46545618  -1.27413676  -0.43295783   2.09275026   0.69132728   0.43851720   1.64314728  -1.13542364
  0.41802346   0.46536096  -1.27414006  -0.43291329   2.09268273   0.69134312   0.43848883   1.64313822  -1.13552417
  0.41811067   0.46525190  -1.27414042  -0.43285620   2.09260058   0.69136565   0.43845046   1.64313158  -1.13564696
  0.41821225   0.46512800  -1.27413951  -0.43278923   2.09250316   0.69139572   0.43840103   1.64312649  -1.13579023
  0.41832954   0.46498809  -1.27413948  -0.43271340   2.09238870   0.69143633   0.43834206   1.64312105  -1.13595422
  0.41846387   0.46483050  -1.27414127  -0.43262469   2.09224884   0.69149866   0.43827524   1.64311308  -1.13614476
  0.41861667   0.46465266  -1.27414715  -0.43251974   2.09207728   0.69158830   0.43819627   1.64310615  -1.13636354
  0.41878959   0.46445080  -1.27416110  -0.43239551   2.09186739   0.69171226   0.43810081   1.64310283  -1.13661174
  0.41898500   0.46421706  -1.27418895  -0.43224349   2.09158821   0.69191541   0.43798183   1.64309464  -1.13690037
  0.41920532   0.46394209  -1.27424004  -0.43205384   2.09124130   0.69218951   0.43783844   1.64309111  -1.13723211
  0.41945260   0.46361805  -1.27432033  -0.43182588   2.09084445   0.69250276   0.43767872   1.64309847  -1.13760319
  0.41972805   0.46323988  -1.27442841  -0.43156005   2.09042220   0.69281457   0.43750979   1.64312174  -1.13801160
  0.42003230   0.46280553  -1.27455507  -0.43126368   2.08998227   0.69311204   0.43733142   1.64315272  -1.13845702
  0.42036566   0.46231527  -1.27468815  -0.43094729   2.08951808   0.69340568   0.43713777   1.64317586  -1.13894035
  0.42072872   0.46176919  -1.27481738  -0.43061714   2.08900504   0.69373117   0.43691830   1.64317464  -1.13946669
  0.42112323   0.46116190  -1.27494143  -0.43026669   2.08839021   0.69416212   0.43665184   1.64313680  -1.14004872
  0.42155109   0.46048590  -1.27507355  -0.42987521   2.08768363   0.69467594   0.43634090   1.64308633  -1.14069212
  0.42201383   0.45973616  -1.27522669  -0.42942736   2.08692595   0.69520917   0.43600350   1.64304893  -1.14139709
  0.42251263   0.45891097  -1.27540455  -0.42892617   2.08613430   0.69573822   0.43565305   1.64302390  -1.14216090
  0.42304847   0.45800821  -1.27560499  -0.42838203   2.08528178   0.69630456   0.43528699   1.64298976  -1.14298412
  0.42362193   0.45702707  -1.27582534  -0.42780127   2.08436000   0.69691805   0.43489537   1.64294350  -1.14386259
  0.42423300   0.45596915  -1.27606176  -0.42718671   2.08337916   0.69756204   0.43447328   1.64289041  -1.14479242
  0.42488128   0.45483772  -1.27630847  -0.42654286   2.08234002   0.69823870   0.43402003   1.64282460  -1.14577408
  0.42556692   0.45363217  -1.27656491  -0.42586946   2.08121856   0.69898722   0.43353836   1.64272992  -1.14681568
  0.42628948   0.45235017  -1.27683802  -0.42516315   2.08002044   0.69979515   0.43303759   1.64261320  -1.14791448
  0.42704846   0.45099173  -1.27713046  -0.42442253   2.07875878   0.70063819   0.43251864   1.64248714  -1.14906459
  0.42784290   0.44955929  -1.27743975  -0.42364859   2.07744390   0.70150194   0.43197923   1.64235655  -1.15026311
  0.42867135   0.44805252  -1.27776211  -0.42283734   2.07605677   0.70241908   0.43140935   1.64221221  -1.15151778
  0.42953250   0.44647082  -1.27809781  -0.42197978   2.07460513   0.70337970   0.43080733   1.64206115  -1.15283286
  0.43042569   0.44481512  -1.27844590  -0.42107317   2.07309694   0.70437136   0.43017396   1.64190873  -1.15420853
  0.43135076   0.44308493  -1.27880473  -0.42011793   2.07152191   0.70541306   0.42950985   1.64174461  -1.15564950
  0.43230783   0.44128051  -1.27917362  -0.41911147   2.06988618   0.70649466   0.42881367   1.64157410  -1.15715623
  0.43329744   0.43940321  -1.27955052  -0.41805463   2.06819100   0.70761264   0.42808996   1.64139660  -1.15872990
  0.43432020   0.43745282  -1.27993537  -0.41694884   2.06643347   0.70877085   0.42734228   1.64120862  -1.16037140
  0.43537651   0.43543003  -1.28032700  -0.41579217   2.06461571   0.70996578   0.42656693   1.64101382  -1.16208174
  0.43646725   0.43333760  -1.28072040  -0.41458620   2.06272890   0.71121368   0.42576194   1.64080422  -1.16386609
  0.43759376   0.43117434  -1.28111506  -0.41333724   2.06074385   0.71256008   0.42492203   1.64056217  -1.16572706
  0.43875633   0.42893758  -1.28152051  -0.41205141   2.05867676   0.71397883   0.42406410   1.64029096  -1.16765411
  0.43995388   0.42662570  -1.28194381  -0.41071808   2.05656905   0.71539256   0.42318492   1.64003437  -1.16963381
  0.44118527   0.42423659  -1.28238623  -0.40933459   2.05441314   0.71680522   0.42227252   1.63980101  -1.17166218
  0.44244962   0.42177299  -1.28283769  -0.40789780   2.05218132   0.71827375   0.42132060   1.63956314  -1.17375792
  0.44374662   0.41924020  -1.28329113  -0.40641094   2.04987939   0.71981005   0.42035830   1.63929030  -1.17593668
  0.44507647   0.41663929  -1.28374176  -0.40488401   2.04749816   0.72142806   0.41937852   1.63897339  -1.17819415
  0.44643910   0.41396911  -1.28419226  -0.40332031   2.04504628   0.72310528   0.41837516   1.63862699  -1.18051869
  0.44783418   0.41122698  -1.28464626  -0.40170761   2.04253786   0.72481031   0.41732716   1.63828198  -1.18290496
