  0.41770017   0.46579953  -1.27410016  -0.43299971   2.09290012   0.69139942   0.43859990   1.64320027  -1.13520018
  0.41770141   0.46579625  -1.27410119  -0.43299783   2.09290059   0.69139598   0.43859921   1.64320181  -1.13520150
  0.41770489   0.46578739  -1.27410365  -0.43299334   2.09290012   0.69138953   0.43859722   1.64320446  -1.13520540
  0.41771181   0.46577027  -1.27410790  -0.43298557   2.09289635   0.69138171   0.43859312   1.64320716  -1.13521351
  0.41772341   0.46574229  -1.27411421  -0.43297388   2.09288677   0.69137440   0.43858605   1.64320887  -1.13522753
  0.41774096   0.46570098  -1.27412294  -0.43295758   2.09286922   0.69136900   0.43857515   1.64320879  -1.13524905
  0.41776572   0.46564392  -1.27413445  -0.43293595   2.09284185   0.69136635   0.43855961   1.64320647  -1.13527962
  0.41779896   0.46556882  -1.27414901  -0.43290783   2.09280287   0.69136740   0.43853903   1.64320138  -1.13532129
  0.41784193   0.46547351  -1.27416652  -0.43287061   2.09275022   0.69137382   0.43851410   1.64319271  -1.13537798
  0.41789593   0.46535593  -1.27418675  -0.43282205   2.09268235   0.69138598   0.43848443   1.64318063  -1.13545279
  0.41796225   0.46521408  -1.27420958  -0.43276072   2.09259817   0.69140338   0.43844857   1.64316594  -1.13554764
  0.41804225   0.46504606  -1.27423506  -0.43268588   2.09249669   0.69142532   0.43840430   1.64314973  -1.13566361
  0.41813718   0.46484999  -1.27426341  -0.43259641   2.09237706   0.69145156   0.43834979   1.64313276  -1.13580218
  0.41824843   0.46462417  -1.27429466  -0.43249276   2.09223657   0.69148474   0.43828441   1.64311343  -1.13596461
  0.41837739   0.46436676  -1.27432838  -0.43237347   2.09206837   0.69153340   0.43820724   1.64308920  -1.13615470
  0.41852521   0.46407565  -1.27436441  -0.43223577   2.09186511   0.69160620   0.43811263   1.64306075  -1.13637551
  0.41869333   0.46374852  -1.27440400  -0.43207849   2.09162267   0.69170712   0.43799864   1.64302830  -1.13662853
  0.41888327   0.46338177  -1.27444796  -0.43189996   2.09131988   0.69186607   0.43785948   1.64298440  -1.13691921
  0.41909626   0.46297152  -1.27450052  -0.43169355   2.09095930   0.69207500   0.43769373   1.64293763  -1.13724914
  0.41933367   0.46251484  -1.27456585  -0.43145392   2.09055152   0.69231646   0.43750680   1.64289488  -1.13762002
  0.41959684   0.46200975  -1.27464581  -0.43117848   2.09010437   0.69257914   0.43730574   1.64285692  -1.13803467
  0.41988686   0.46145490  -1.27473999  -0.43086789   2.08962040   0.69285884   0.43709164   1.64282273  -1.13849382
  0.42020441   0.46084920  -1.27484630  -0.43052632   2.08909447   0.69316135   0.43685982   1.64278893  -1.13899581
  0.42055054   0.46019148  -1.27496373  -0.43015556   2.08852532   0.69348744   0.43660903   1.64275366  -1.13954073
  0.42092642   0.45947883  -1.27509144  -0.42975502   2.08789360   0.69386332   0.43632936   1.64271188  -1.14013199
  0.42133310   0.45870831  -1.27523240  -0.42932306   2.08719835   0.69428947   0.43602544   1.64266212  -1.14077151
  0.42177118   0.45787785  -1.27538864  -0.42885884   2.08644407   0.69475951   0.43570394   1.64260291  -1.14146048
  0.42224126   0.45698599  -1.27556066  -0.42836423   2.08563378   0.69526847   0.43536764   1.64253280  -1.14219791
  0.42274361   0.45603045  -1.27574808  -0.42783903   2.08475956   0.69582491   0.43500922   1.64245199  -1.14298348
  0.42327818   0.45500927  -1.27595166  -0.42728053   2.08382336   0.69642357   0.43462596   1.64236486  -1.14381705
  0.42384491   0.45392130  -1.27617200  -0.42668675   2.08283215   0.69705347   0.43422031   1.64227433  -1.14469887
  0.42444414   0.45276603  -1.27640838  -0.42605809   2.08178800   0.69771199   0.43379385   1.64217888  -1.14562977
  0.42507645   0.45154167  -1.27665926  -0.42539172   2.08067549   0.69842180   0.43333951   1.64207357  -1.14661536
  0.42574234   0.45024688  -1.27692469  -0.42468782   2.07948865   0.69919294   0.43286032   1.64195188  -1.14765882
  0.42644160   0.44888065  -1.27720688  -0.42394775   2.07823918   0.70000802   0.43236760   1.64181392  -1.14875798
  0.42717367   0.44744224  -1.27750576  -0.42316979   2.07693843   0.70084539   0.43185547   1.64167197  -1.14990794
  0.42793899   0.44593043  -1.27781866  -0.42234896   2.07556967   0.70172850   0.43131152   1.64152470  -1.15111490
  0.42873782   0.44434454  -1.27814481  -0.42148859   2.07412271   0.70267628   0.43074297   1.64135785  -1.15238283
  0.42956968   0.44268394  -1.27848609  -0.42059096   2.07261053   0.70366918   0.43015918   1.64117292  -1.15370785
  0.43043419   0.44094737  -1.27884149  -0.41965601   2.07102764   0.70471238   0.42955277   1.64097152  -1.15508862
  0.43133074   0.43913421  -1.27921087  -0.41868583   2.06937602   0.70580159   0.42892465   1.64075361  -1.15652241
  0.43225910   0.43724452  -1.27959299  -0.41767918   2.06765620   0.70693583   0.42827495   1.64051930  -1.15801063
  0.43321951   0.43527814  -1.27998536  -0.41663231   2.06585844   0.70812920   0.42759545   1.64026811  -1.15955801
  0.43421151   0.43323495  -1.28038799  -0.41555022   2.06398509   0.70937833   0.42689241   1.63999554  -1.16116136
  0.43523376   0.43111455  -1.28080355  -0.41442964   2.06206065   0.71064352   0.42617225   1.63971621  -1.16281527
  0.43628555   0.42891580  -1.28123178  -0.41326758   2.06008181   0.71192664   0.42542706   1.63943508  -1.16451922
  0.43736694   0.42663922  -1.28166894  -0.41205870   2.05803075   0.71325929   0.42465019   1.63914282  -1.16628403
  0.43847772   0.42428598  -1.28211293  -0.41080795   2.05589809   0.71466271   0.42385422   1.63882004  -1.16811506
  0.43961728   0.42185572  -1.28256387  -0.40951623   2.05368200   0.71613920   0.42304044   1.63846509  -1.17001148
  0.44078502   0.41934867  -1.28302237  -0.40816909   2.05140758   0.71764401   0.42219343   1.63811075  -1.17197121
  0.44198039   0.41676579  -1.28348922  -0.40676091   2.04909684   0.71914326   0.42131656   1.63777092  -1.17399311
  0.44320369   0.41410796  -1.28395995  -0.40530354   2.04671490   0.72069832   0.42041785   1.63740916  -1.17608440
  0.44445470   0.41137535  -1.28443567  -0.40380462   2.04426520   0.72230471   0.41950720   1.63701943  -1.17824013
  0.44573339   0.40856791  -1.28491647  -0.40225789   2.04175375   0.72394840   0.41857311   1.63661713  -1.18045881
  0.44704013   0.40568689  -1.28539842  -0.40066048   2.03916730   0.72564999   0.41760353   1.63620017  -1.18274547
  0.44837569   0.40273245  -1.28588471  -0.39900095   2.03652670   0.72737533   0.41660007   1.63578840  -1.18510225
  0.44974053   0.39970538  -1.28637781  -0.39728792   2.03384394   0.72910820   0.41558007   1.63537684  -1.18752364
  0.45113514   0.39660802  -1.28687030  -0.39551859   2.03110831   0.73087170   0.41452388   1.63496001  -1.19001713
  0.45255943   0.39344110  -1.28736601  -0.39369532   2.02833854   0.73264072   0.41345284   1.63453759  -1.19258067
  0.45401262   0.39020534  -1.28786355  -0.39183532   2.02550835   0.73446087   0.41238666   1.63407489  -1.19521392
  0.45549281   0.38690207  -1.28835441  -0.38994766   2.02258286   0.73638000   0.41130117   1.63356004  -1.19791280
  0.45699833   0.38353207  -1.28883618  -0.38803199   2.01955106   0.73841384   0.41019397   1.63298886  -1.20067866
  0.45852839   0.38009650  -1.28931112  -0.38606894   2.01644751   0.74050442   0.40905969   1.63239748  -1.20351275
  0.46008245   0.37659633  -1.28978271  -0.38406390   2.01328226   0.74264150   0.40792538   1.63177648  -1.20641442
  0.46165859   0.37303238  -1.29025058  -0.38201904   2.01007281   0.74479070   0.40678054   1.63114507  -1.20937059
  0.46325523   0.36940531  -1.29071175  -0.37993783   2.00681102   0.74696011   0.40561226   1.63050500  -1.21237564
  0.46487142   0.36571772  -1.29115879  -0.37781625   2.00346372   0.74920897   0.40441363   1.62983357  -1.21544506
  0.46650653   0.36197126  -1.29158912  -0.37564775   2.00001507   0.75156826   0.40318851   1.62911811  -1.21859168
  0.46816006   0.35816616  -1.29200949  -0.37341606   1.99651983   0.75394145   0.40193323   1.62841158  -1.22180481
  0.46983235   0.35430435  -1.29242289  -0.37113049   1.99299291   0.75631403   0.40067488   1.62770302  -1.22508213
  0.47152420   0.35039075  -1.29281570  -0.36879231   1.98939740   0.75874927   0.39938341   1.62697284  -1.22843467
  0.47323635   0.34642910  -1.29318012  -0.36641085   1.98569278   0.76132296   0.39806387   1.62617966  -1.23187582
  0.47496838   0.34242138  -1.29351965  -0.36400252   1.98189259   0.76402266   0.39674707   1.62530792  -1.23539778
  0.47671845   0.33836635  -1.29384603  -0.36154773   1.97808273   0.76670140   0.39543545   1.62443031  -1.23898201
  0.47848479   0.33426532  -1.29415965  -0.35902951   1.97429602   0.76930660   0.39411828   1.62357852  -1.24262856
  0.48026746   0.33011986  -1.29445906  -0.35646434   1.97050178   0.77188962   0.39281367   1.62271972  -1.24633836
  0.48206534   0.32593127  -1.29474079  -0.35385725   1.96669393   0.77444835   0.39150090   1.62186497  -1.25010002
  0.48387807   0.32170162  -1.29500184  -0.35120948   1.96284615   0.77702868   0.39018791   1.62099259  -1.25392352
  0.48570558   0.31743374  -1.29523793  -0.34850236   1.95897000   0.77960870   0.38885066   1.62012831  -1.25781505
  0.48754937   0.31313329  -1.29543648  -0.34573902   1.95501572   0.78228619   0.38748488   1.61922326  -1.26179860
  0.48941058   0.30880364  -1.29559743  -0.34294174   1.95096394   0.78510439   0.38612638   1.61823620  -1.26587590
  0.49128965   0.30444371  -1.29573087  -0.34010135   1.94688253   0.78793230   0.38476486   1.61723958  -1.27002025
  0.49318705   0.30005397  -1.29584126  -0.33723125   1.94278115   0.79073640   0.38340128   1.61625285  -1.27420970
  0.49510242   0.29563699  -1.29592105  -0.33434133   1.93861781   0.79358244   0.38202238   1.61525040  -1.27844667
  0.49703476   0.29119474  -1.29597290  -0.33143516   1.93439963   0.79647147   0.38065557   1.61421832  -1.28273542
  0.49898241   0.28672858  -1.29599252  -0.32851158   1.93012445   0.79940355   0.37927572   1.61316488  -1.28707036
  0.50094387   0.28223906  -1.29598706  -0.32554531   1.92585231   0.80228514   0.37789200   1.61213544  -1.29145364
  0.50291873   0.27772800  -1.29596001  -0.32254140   1.92158088   0.80513495   0.37654363   1.61110514  -1.29589471
  0.50490559   0.27319758  -1.29590876  -0.31950541   1.91730443   0.80796393   0.37522980   1.61006731  -1.30039102
  0.50690351   0.26865066  -1.29582195  -0.31645353   1.91298000   0.81083047   0.37391232   1.60900596  -1.30493239
  0.50891170   0.26408798  -1.29570314  -0.31337444   1.90864040   0.81367936   0.37259322   1.60794957  -1.30951600
  0.51092944   0.25951125  -1.29555673  -0.31026519   1.90429890   0.81650136   0.37130709   1.60689096  -1.31415054
  0.51295581   0.25492397  -1.29537546  -0.30714219   1.89992736   0.81934047   0.37003987   1.60581017  -1.31882917
  0.51498995   0.25032889  -1.29515150  -0.30401218   1.89548539   0.82226050   0.36877864   1.60468306  -1.32355593
  0.51703115   0.24572526  -1.29489098  -0.30086037   1.89100554   0.82519453   0.36751952   1.60355269  -1.32832329
  0.51907883   0.24111551  -1.29459357  -0.29766626   1.88653450   0.82807135   0.36624830   1.60245607  -1.33313273
  0.52113451   0.23650667  -1.29425033  -0.29443680   1.88205211   0.83096868   0.36498850   1.60133039  -1.33801251
  0.52320002   0.23190185  -1.29386190  -0.29120414   1.87755514   0.83389091   0.36374899   1.60016212  -1.34294197
  0.52527560   0.22730300  -1.29342393  -0.28798483   1.87300938   0.83688088   0.36251903   1.59893777  -1.34791171
  0.52736049   0.22271381  -1.29292819  -0.28477658   1.86838546   0.84000067   0.36129337   1.59762661  -1.35293784
  0.52945446   0.21813727  -1.29237281  -0.28158838   1.86368704   0.84326022   0.36007947   1.59621204  -1.35802078
  0.53155750   0.21357218  -1.29176845  -0.27841833   1.85894624   0.84658978   0.35890158   1.59473137  -1.36314773
  0.53366934   0.20901724  -1.29111795  -0.27525127   1.85416150   0.84995523   0.35774527   1.59322865  -1.36831111
  0.53579104   0.20447047  -1.29042911  -0.27204595   1.84937602   0.85325407   0.35659293   1.59178362  -1.37351141
  0.53792659   0.19994065  -1.28969186  -0.26879543   1.84459619   0.85653113   0.35545483   1.59034964  -1.37878370
  0.54007974   0.19543101  -1.28891224  -0.26552321   1.83980561   0.85982707   0.35438658   1.58889065  -1.38413345
  0.54225177   0.19093827  -1.28809451  -0.26224584   1.83501989   0.86304918   0.35331755   1.58748661  -1.38950054
  0.54444302   0.18646200  -1.28724433  -0.25897679   1.83024237   0.86618233   0.35224914   1.58614667  -1.39486788
  0.54665187   0.18200049  -1.28636644  -0.25569878   1.82549754   0.86917086   0.35116763   1.58491073  -1.40022893
  0.54887622   0.17755337  -1.28546466  -0.25235996   1.82081103   0.87198336   0.35009423   1.58380232  -1.40562087
  0.55111803   0.17312637  -1.28453655  -0.24898824   1.81609676   0.87480539   0.34910214   1.58270794  -1.41108118
  0.55337801   0.16872310  -1.28358098  -0.24561275   1.81136244   0.87765041   0.34818534   1.58160068  -1.41659495
  0.55565642   0.16435011  -1.28258153  -0.24225756   1.80659041   0.88057299   0.34728302   1.58044182  -1.42215027
  0.55795387   0.16001180  -1.28153063  -0.23895380   1.80176626   0.88360913   0.34636934   1.57920243  -1.42772947
  0.56027037   0.15570806  -1.28043441  -0.23570668   1.79691239   0.88670839   0.34546083   1.57790861  -1.43331960
  0.56260532   0.15143552  -1.27930314  -0.23248907   1.79207534   0.88975543   0.34456489   1.57663822  -1.43891185
  0.56495804   0.14719136  -1.27814377  -0.22927213   1.78727450   0.89268725   0.34368549   1.57544472  -1.44450835
  0.56732756   0.14297789  -1.27695003  -0.22598708   1.78255417   0.89544685   0.34280458   1.57436472  -1.45015171
  0.56972040   0.13880938  -1.27569826  -0.22263429   1.77785394   0.89820277   0.34191668   1.57329290  -1.45589630
  0.57214484   0.13468771  -1.27441437  -0.21927541   1.77314646   0.90101794   0.34117109   1.57217493  -1.46174330
  0.57460198   0.13061001  -1.27310629  -0.21594708   1.76843157   0.90385070   0.34053690   1.57104528  -1.46763960
  0.57709035   0.12657740  -1.27176585  -0.21264938   1.76373045   0.90665450   0.33993315   1.56993372  -1.47355694
  0.57960939   0.12259035  -1.27037578  -0.20931537   1.75906699   0.90935454   0.33924405   1.56891210  -1.47950270
  0.58216486   0.11864619  -1.26894219  -0.20600206   1.75429525   0.91214234   0.33845363   1.56792008  -1.48544885
  0.58475892   0.11474565  -1.26749064  -0.20275451   1.74945298   0.91502326   0.33767738   1.56690744  -1.49139628
  0.58738873   0.11088842  -1.26602166  -0.19954600   1.74461484   0.91787527   0.33689895   1.56592905  -1.49734009
  0.59005106   0.10707386  -1.26452633  -0.19629039   1.73987506   0.92051747   0.33606365   1.56509265  -1.50329862
  0.59274764   0.10329126  -1.26303285  -0.19299675   1.73520421   0.92291575   0.33523601   1.56445898  -1.50924820
  0.59547666   0.09952913  -1.26154569  -0.18967378   1.73039903   0.92534105   0.33438688   1.56395574  -1.51519396
