  0.41770008   0.46579966  -1.27410019  -0.43299947   2.09289994   0.69139981   0.43859986   1.64320038  -1.13520030
  0.41770012   0.46579954  -1.27410026  -0.43299930   2.09289992   0.69139975   0.43859981   1.64320050  -1.13520040
  0.41770026   0.46579904  -1.27410049  -0.43299868   2.09289979   0.69139954   0.43859964   1.64320089  -1.13520079
  0.41770063   0.46579776  -1.27410102  -0.43299731   2.09289939   0.69139916   0.43859921   1.64320166  -1.13520172
  0.41770143   0.46579514  -1.27410199  -0.43299484   2.09289842   0.69139862   0.43859838   1.64320285  -1.13520354
  0.41770292   0.46579047  -1.27410355  -0.43299092   2.09289645   0.69139806   0.43859693   1.64320443  -1.13520665
  0.41770543   0.46578289  -1.27410587  -0.43298520   2.09289292   0.69139768   0.43859464   1.64320628  -1.13521157
  0.41770936   0.46577141  -1.27410910  -0.43297726   2.09288720   0.69139773   0.43859128   1.64320818  -1.13521890
  0.41771517   0.46575494  -1.27411340  -0.43296667   2.09287854   0.69139853   0.43858665   1.64320990  -1.13522939
  0.41772341   0.46573229  -1.27411892  -0.43295290   2.09286619   0.69140034   0.43858049   1.64321121  -1.13524388
  0.41773466   0.46570220  -1.27412580  -0.43293540   2.09284935   0.69140335   0.43857246   1.64321195  -1.13526326
  0.41774957   0.46566334  -1.27413419  -0.43291360   2.09282717   0.69140778   0.43856212   1.64321196  -1.13528846
  0.41776888   0.46561433  -1.27414419  -0.43288697   2.09279872   0.69141391   0.43854899   1.64321107  -1.13532048
  0.41779334   0.46555376  -1.27415593  -0.43285494   2.09276290   0.69142220   0.43853257   1.64320903  -1.13536039
  0.41782378   0.46548017  -1.27416946  -0.43281693   2.09271829   0.69143362   0.43851219   1.64320550  -1.13540942
  0.41786105   0.46539210  -1.27418479  -0.43277234   2.09266294   0.69144996   0.43848714   1.64319975  -1.13546901
  0.41790604   0.46528805  -1.27420195  -0.43272038   2.09259507   0.69147279   0.43845666   1.64319132  -1.13554070
  0.41795969   0.46516646  -1.27422103  -0.43266016   2.09251238   0.69150433   0.43841981   1.64317965  -1.13562618
  0.41802296   0.46502563  -1.27424218  -0.43259056   2.09241239   0.69154689   0.43837532   1.64316452  -1.13572722
  0.41809690   0.46486382  -1.27426574  -0.43251015   2.09229279   0.69160243   0.43832193   1.64314605  -1.13584567
  0.41818256   0.46467916  -1.27429219  -0.43241735   2.09215152   0.69167248   0.43825860   1.64312459  -1.13598346
  0.41828105   0.46446975  -1.27432212  -0.43231049   2.09198663   0.69175836   0.43818444   1.64310051  -1.13614255
  0.41839353   0.46423366  -1.27435620  -0.43218794   2.09179635   0.69186115   0.43809869   1.64307426  -1.13632486
  0.41852115   0.46396889  -1.27439512  -0.43204823   2.09157858   0.69198248   0.43800079   1.64304584  -1.13653236
  0.41866511   0.46367346  -1.27443962  -0.43189004   2.09133119   0.69212402   0.43789027   1.64301512  -1.13676691
  0.41882662   0.46334532  -1.27449046  -0.43171217   2.09105235   0.69228694   0.43776665   1.64298213  -1.13703022
  0.41900685   0.46298246  -1.27454840  -0.43151346   2.09074056   0.69247179   0.43762925   1.64294721  -1.13732374
  0.41920697   0.46258285  -1.27461420  -0.43129286   2.09039438   0.69267907   0.43747750   1.64291058  -1.13764885
  0.41942810   0.46214446  -1.27468861  -0.43104948   2.09001222   0.69290959   0.43731098   1.64287216  -1.13800691
  0.41967132   0.46166530  -1.27477222  -0.43078254   2.08959236   0.69316447   0.43712921   1.64283161  -1.13839928
  0.41993763   0.46114346  -1.27486555  -0.43049130   2.08913343   0.69344429   0.43693155   1.64278879  -1.13882715
  0.42022799   0.46057710  -1.27496900  -0.43017494   2.08863436   0.69374917   0.43671714   1.64274385  -1.13929164
  0.42054327   0.45996444  -1.27508278  -0.42983264   2.08809348   0.69408024   0.43648484   1.64269663  -1.13979405
  0.42088434   0.45930377  -1.27520700  -0.42946356   2.08750866   0.69443957   0.43623375   1.64264638  -1.14033596
  0.42125199   0.45859345  -1.27534183  -0.42906698   2.08687803   0.69482913   0.43596370   1.64259195  -1.14091903
  0.42164699   0.45783188  -1.27548745  -0.42864225   2.08620025   0.69524993   0.43567461   1.64253257  -1.14154463
  0.42207004   0.45701749  -1.27564399  -0.42818859   2.08547394   0.69570299   0.43536608   1.64246768  -1.14221410
  0.42252181   0.45614877  -1.27581154  -0.42770524   2.08469749   0.69618969   0.43503779   1.64239657  -1.14292882
  0.42300292   0.45522421  -1.27599017  -0.42719149   2.08386928   0.69671156   0.43468961   1.64231831  -1.14369019
  0.42351394   0.45424234  -1.27617998  -0.42664678   2.08298763   0.69727022   0.43432141   1.64223193  -1.14449947
  0.42405537   0.45320170  -1.27638107  -0.42607055   2.08205110   0.69786684   0.43393295   1.64213670  -1.14535769
  0.42462766   0.45210083  -1.27659352  -0.42546221   2.08105818   0.69850260   0.43352380   1.64203200  -1.14626580
  0.42523118   0.45093833  -1.27681735  -0.42482104   2.08000745   0.69917866   0.43309334   1.64191738  -1.14722476
  0.42586621   0.44971285  -1.27705256  -0.42414607   2.07889783   0.69989551   0.43264076   1.64179284  -1.14823553
  0.42653304   0.44842308  -1.27729919  -0.42343646   2.07772852   0.70065354   0.43216584   1.64165809  -1.14929904
  0.42723188   0.44706780  -1.27755728  -0.42269150   2.07649875   0.70145302   0.43166829   1.64151284  -1.15041606
  0.42796290   0.44564582  -1.27782678  -0.42191052   2.07520772   0.70229432   0.43114770   1.64135683  -1.15158730
  0.42872617   0.44415605  -1.27810760  -0.42109280   2.07385480   0.70317764   0.43060371   1.64118982  -1.15281344
  0.42952174   0.44259745  -1.27839957  -0.42023749   2.07243904   0.70410380   0.43003590   1.64101138  -1.15409538
  0.43034958   0.44096910  -1.27870241  -0.41934374   2.07095936   0.70507409   0.42944415   1.64082070  -1.15543423
  0.43120964   0.43927017  -1.27901595  -0.41841057   2.06941530   0.70608905   0.42882898   1.64061703  -1.15683115
  0.43210181   0.43749990  -1.27933999  -0.41743685   2.06780699   0.70714817   0.42819053   1.64040032  -1.15828712
  0.43302594   0.43565763  -1.27967421  -0.41642118   2.06613478   0.70825050   0.42752854   1.64017106  -1.15980309
  0.43398186   0.43374283  -1.28001815  -0.41536258   2.06439823   0.70939673   0.42684328   1.63992853  -1.16138029
  0.43496943   0.43175510  -1.28037122  -0.41426036   2.06259645   0.71058839   0.42613509   1.63967153  -1.16301992
  0.43598845   0.42969414  -1.28073276  -0.41311375   2.06072929   0.71182550   0.42540364   1.63939987  -1.16472278
  0.43703876   0.42755973  -1.28110217  -0.41192244   2.05879727   0.71310695   0.42464867   1.63911369  -1.16648910
  0.43812017   0.42535174  -1.28147879  -0.41068644   2.05680103   0.71443130   0.42386976   1.63881326  -1.16831871
  0.43923249   0.42307013  -1.28186194  -0.40940584   2.05474099   0.71579754   0.42306662   1.63849863  -1.17021149
  0.44037546   0.42071492  -1.28225080  -0.40808075   2.05261707   0.71720548   0.42223889   1.63816954  -1.17216746
  0.44154877   0.41828623  -1.28264445  -0.40671099   2.05042855   0.71865601   0.42138590   1.63782556  -1.17418694
  0.44275209   0.41578426  -1.28304202  -0.40529575   2.04817560   0.72014873   0.42050735   1.63746694  -1.17627061
  0.44398507   0.41320931  -1.28344254  -0.40383369   2.04585795   0.72168419   0.41960287   1.63709375  -1.17841971
  0.44524739   0.41056178  -1.28384525  -0.40232309   2.04347673   0.72326090   0.41867292   1.63670671  -1.18063566
  0.44653879   0.40784217  -1.28424962  -0.40076299   2.04103314   0.72487810   0.41772018   1.63630499  -1.18292001
  0.44785908   0.40505110  -1.28465494  -0.39915326   2.03852762   0.72653597   0.41674666   1.63588735  -1.18527373
  0.44920801   0.40218927  -1.28506015  -0.39749453   2.03595925   0.72823645   0.41575312   1.63545211  -1.18769725
  0.45058535   0.39925743  -1.28546417  -0.39578777   2.03332700   0.72998154   0.41473994   1.63499764  -1.19019061
  0.45199081   0.39625634  -1.28586590  -0.39403359   2.03063072   0.73177157   0.41370693   1.63452349  -1.19275359
  0.45342406   0.39318681  -1.28626438  -0.39223257   2.02787119   0.73360509   0.41265359   1.63403016  -1.19538548
  0.45488474   0.39004968  -1.28665863  -0.39038535   2.02504936   0.73548035   0.41157931   1.63351835  -1.19808541
  0.45637246   0.38684587  -1.28704768  -0.38849255   2.02216565   0.73739683   0.41048423   1.63298789  -1.20085291
  0.45788675   0.38357633  -1.28743052  -0.38655434   2.01922038   0.73935441   0.40936881   1.63243850  -1.20368801
  0.45942712   0.38024214  -1.28780590  -0.38457048   2.01621315   0.74135416   0.40823297   1.63186973  -1.20659121
  0.46099305   0.37684438  -1.28817291  -0.38254064   2.01314559   0.74339399   0.40707738   1.63128218  -1.20956257
  0.46258403   0.37338421  -1.28853065  -0.38046479   2.01001929   0.74547207   0.40590317   1.63067614  -1.21260210
  0.46419956   0.36986294  -1.28887785  -0.37834277   2.00683410   0.74758946   0.40471109   1.63005077  -1.21571046
  0.46583912   0.36628195  -1.28921351  -0.37617415   2.00358985   0.74974836   0.40350448   1.62940385  -1.21888944
  0.46750225   0.36264265  -1.28953674  -0.37395813   2.00028758   0.75194879   0.40228651   1.62873438  -1.22214062
  0.46918846   0.35894648  -1.28984664  -0.37169366   1.99692960   0.75418804   0.40105887   1.62804333  -1.22546480
  0.47089734   0.35519497  -1.29014234  -0.36938084   1.99351812   0.75646349   0.39982333   1.62733126  -1.22886200
  0.47262852   0.35138973  -1.29042247  -0.36702112   1.99005289   0.75877602   0.39858019   1.62659731  -1.23233154
  0.47438161   0.34753249  -1.29068536  -0.36461654   1.98653233   0.76112843   0.39732839   1.62584007  -1.23587237
  0.47615620   0.34362493  -1.29092950  -0.36216839   1.98295674   0.76352029   0.39606689   1.62505983  -1.23948333
  0.47795187   0.33966879  -1.29115379  -0.35967757   1.97932806   0.76594899   0.39479619   1.62425740  -1.24316349
  0.47976823   0.33566583  -1.29135712  -0.35714477   1.97564815   0.76841189   0.39351680   1.62343381  -1.24691206
  0.48160486   0.33161794  -1.29153789  -0.35457075   1.97191687   0.77090961   0.39222809   1.62258897  -1.25072862
  0.48346144   0.32752708  -1.29169479  -0.35195690   1.96813407   0.77344353   0.39093155   1.62172151  -1.25461304
  0.48533764   0.32339519  -1.29182675  -0.34930431   1.96430110   0.77601238   0.38962853   1.62083146  -1.25856475
  0.48723312   0.31922418  -1.29193267  -0.34661341   1.96041982   0.77861339   0.38831921   1.61992033  -1.26258302
  0.48914755   0.31501613  -1.29201097  -0.34388522   1.95648913   0.78124892   0.38700352   1.61898717  -1.26666768
  0.49108062   0.31077320  -1.29206009  -0.34112130   1.95250714   0.78392371   0.38568254   1.61802919  -1.27081910
  0.49303205   0.30649751  -1.29207892  -0.33832355   1.94847373   0.78664016   0.38435866   1.61704393  -1.27503720
  0.49500155   0.30219114  -1.29206652  -0.33549386   1.94439046   0.78939745   0.38303357   1.61603070  -1.27932103
  0.49698876   0.29785613  -1.29202189  -0.33263398   1.94025932   0.79219294   0.38170736   1.61499039  -1.28366887
  0.49899336   0.29349449  -1.29194409  -0.32974492   1.93608302   0.79502247   0.38038025   1.61392504  -1.28807921
  0.50101503   0.28910832  -1.29183181  -0.32682637   1.93186327   0.79788261   0.37905106   1.61283744  -1.29255138
  0.50305351   0.28469960  -1.29168430  -0.32387543   1.92760450   0.80076492   0.37772005   1.61173362  -1.29708584
  0.50510879   0.28027014  -1.29150234  -0.32088844   1.92331355   0.80365762   0.37639430   1.61062031  -1.30168444
  0.50718103   0.27582175  -1.29128687  -0.31786431   1.91899498   0.80655198   0.37508067   1.60950272  -1.30634739
  0.50927042   0.27135631  -1.29103813  -0.31480449   1.91464933   0.80944527   0.37378246   1.60838355  -1.31107328
  0.51137710   0.26687569  -1.29075613  -0.31171070   1.91027737   0.81233489   0.37250044   1.60726538  -1.31586005
  0.51350115   0.26238177  -1.29044083  -0.30858436   1.90588132   0.81521707   0.37123407   1.60615088  -1.32070552
  0.51564263   0.25787647  -1.29009224  -0.30542753   1.90146372   0.81808908   0.36998323   1.60504116  -1.32560762
  0.51780161   0.25336174  -1.28971020  -0.30224273   1.89702674   0.82094885   0.36874652   1.60393699  -1.33056377
  0.51997818   0.24883955  -1.28929457  -0.29903238   1.89257159   0.82379621   0.36752355   1.60283815  -1.33557209
  0.52217241   0.24431200  -1.28884463  -0.29579932   1.88809693   0.82663584   0.36631359   1.60174193  -1.34063145
  0.52438439   0.23978126  -1.28835972  -0.29254522   1.88360346   0.82946964   0.36511626   1.60064673  -1.34574137
  0.52661423   0.23524949  -1.28783903  -0.28927111   1.87909291   0.83229735   0.36393025   1.59955225  -1.35090131
  0.52886217   0.23071917  -1.28728081  -0.28597959   1.87456252   0.83512652   0.36275256   1.59845436  -1.35611094
  0.53112854   0.22619297  -1.28668329  -0.28267393   1.87000899   0.83796806   0.36158259   1.59734586  -1.36137113
  0.53341380   0.22167365  -1.28604509  -0.27935816   1.86543088   0.84083073   0.36042149   1.59621970  -1.36668245
  0.53571852   0.21716393  -1.28536481  -0.27603521   1.86082890   0.84371844   0.35926981   1.59507177  -1.37204535
  0.53804342   0.21266652  -1.28464127  -0.27270876   1.85620306   0.84663521   0.35812891   1.59389843  -1.37745972
  0.54038935   0.20818395  -1.28387370  -0.26938294   1.85155333   0.84958296   0.35700034   1.59269803  -1.38292440
  0.54275710   0.20371849  -1.28306164  -0.26606083   1.84688145   0.85255813   0.35588480   1.59147286  -1.38843731
  0.54514742   0.19927212  -1.28220451  -0.26274371   1.84219020   0.85555208   0.35478006   1.59022961  -1.39399554
  0.54756118   0.19484655  -1.28130221  -0.25943467   1.83748125   0.85855509   0.35368201   1.58897665  -1.39959351
  0.54999923   0.19044333  -1.28035502  -0.25613693   1.83275503   0.86155903   0.35258720   1.58772202  -1.40522561
  0.55246233   0.18606401  -1.27936323  -0.25285172   1.82801115   0.86455895   0.35149464   1.58647192  -1.41088911
  0.55495113   0.18171011  -1.27832762  -0.24957670   1.82325171   0.86754880   0.35040791   1.58523244  -1.41658514
  0.55746633   0.17738328  -1.27724958  -0.24630919   1.81847859   0.87052710   0.34933593   1.58400595  -1.42231771
  0.56000867   0.17308515  -1.27613083  -0.24304603   1.81369591   0.87349014   0.34828722   1.58279524  -1.42809089
  0.56257893   0.16881706  -1.27497397  -0.23978498   1.80891023   0.87643000   0.34726975   1.58160501  -1.43390681
  0.56517784   0.16458015  -1.27378174  -0.23652548   1.80412722   0.87933873   0.34628792   1.58044043  -1.43976503
  0.56780603   0.16037561  -1.27255587  -0.23326829   1.79934925   0.88221341   0.34534043   1.57930425  -1.44566354
  0.57046396   0.15620466  -1.27129743  -0.23001336   1.79457935   0.88505016   0.34442273   1.57819937  -1.45160007
  0.57315205   0.15206890  -1.27000605  -0.22676111   1.78981593   0.88785360   0.34352664   1.57712417  -1.45757312
  0.57587106   0.14797029  -1.26868157  -0.22351614   1.78505117   0.89064092   0.34264856   1.57607017  -1.46358176
  0.57862172   0.14391067  -1.26732495  -0.22028459   1.78028019   0.89342692   0.34178863   1.57502849  -1.46962468
  0.58140452   0.13989160  -1.26593747  -0.21707036   1.77550535   0.89621410   0.34094541   1.57399568  -1.47569955
  0.58421983   0.13591453  -1.26452016  -0.21387761   1.77072971   0.89900221   0.34011559   1.57296986  -1.48180272
  0.58706792   0.13198086  -1.26307381  -0.21071040   1.76595652   0.90178898   0.33929544   1.57195069  -1.48793000
  0.58994894   0.12809195  -1.26159897  -0.20757141   1.76118854   0.90457202   0.33848341   1.57093863  -1.49407870
  0.59286291   0.12424914  -1.26009605  -0.20446074   1.75643022   0.90734556   0.33768052   1.56993639  -1.50024809
  0.59580981   0.12045387  -1.25856491  -0.20137791   1.75168342   0.91010771   0.33688840   1.56894535  -1.50643878
  0.59878959   0.11670753  -1.25700543  -0.19832110   1.74695129   0.91285375   0.33610897   1.56796868  -1.51265185
  0.60180238   0.11301160  -1.25541766  -0.19529072   1.74223538   0.91558245   0.33534369   1.56700745  -1.51888739
  0.60484839   0.10936763  -1.25380196  -0.19228889   1.73753622   0.91829511   0.33459396   1.56606112  -1.52514468
  0.60792782   0.10577710  -1.25215865  -0.18931773   1.73285449   0.92099275   0.33385962   1.56512909  -1.53142247
  0.61104081   0.10224126  -1.25048847  -0.18637754   1.72819288   0.92367275   0.33314234   1.56421307  -1.53772054
  0.61418750   0.09876124  -1.24879263  -0.18346815   1.72355500   0.92633076   0.33244597   1.56331597  -1.54403910
  0.61736799   0.09533818  -1.24707196  -0.18058983   1.71894343   0.92896365   0.33177168   1.56244004  -1.55037753
  0.62058237   0.09197299  -1.24532755  -0.17774257   1.71436122   0.93156667   0.33112088   1.56158876  -1.55673496
  0.62383063   0.08866629  -1.24356077  -0.17492536   1.70981186   0.93413268   0.33049424   1.56076750  -1.56311010
  0.62711272   0.08541847  -1.24177345  -0.17213846   1.70529859   0.93665484   0.32989232   1.55998146  -1.56950052
  0.63042848   0.08222993  -1.23996726  -0.16938390   1.70082314   0.93912965   0.32931273   1.55923328  -1.57590226
  0.63377762   0.07910121  -1.23814348  -0.16666453   1.69638597   0.94155748   0.32875074   1.55852245  -1.58231102
  0.63715970   0.07603291  -1.23630327  -0.16398330   1.69198797   0.94393990   0.32820134   1.55784685  -1.58872276
  0.64057419   0.07302571  -1.23444799  -0.16134171   1.68763268   0.94627596   0.32766217   1.55720492  -1.59513504
  0.64402046   0.07008035  -1.23257911  -0.15873943   1.68332489   0.94856420   0.32713561   1.55659553  -1.60154818
  0.64749776   0.06719762  -1.23069775  -0.15617547   1.67906906   0.95080340   0.32662471   1.55601767  -1.60796323
  0.65100530   0.06437848  -1.22880393  -0.15364882   1.67486807   0.95299433   0.32612802   1.55546877  -1.61438057
  0.65454236   0.06162400  -1.22689799  -0.15115874   1.67072567   0.95513681   0.32564774   1.55494713  -1.62080146
  0.65810836   0.05893546  -1.22497972  -0.14870543   1.66664417   0.95723256   0.32518425   1.55444997  -1.62722651
  0.66170284   0.05631421  -1.22304898  -0.14629109   1.66262455   0.95928450   0.32473779   1.55397442  -1.63365509
  0.66532540   0.05376153  -1.22110542  -0.14391875   1.65866717   0.96129480   0.32430600   1.55351815  -1.64008499
  0.66897559   0.05127854  -1.21914868  -0.14159016   1.65477360   0.96326199   0.32388732   1.55308140  -1.64651433
  0.67265298   0.04886616  -1.21717875  -0.13930608   1.65094601   0.96518232   0.32348282   1.55266665  -1.65294202
  0.67635706   0.04652504  -1.21519592  -0.13706728   1.64718635   0.96705115   0.32309367   1.55227753  -1.65936643
  0.68008719   0.04425553  -1.21320067  -0.13487439   1.64349636   0.96886317   0.32271993   1.55191818  -1.66578520
  0.68384258   0.04205778  -1.21119351  -0.13272886   1.63987684   0.97061439   0.32235861   1.55159147  -1.67219444
  0.68762233   0.03993199  -1.20917444  -0.13063386   1.63632529   0.97230725   0.32200089   1.55129541  -1.67858849
  0.69142544   0.03787846  -1.20714330  -0.12859276   1.63283820   0.97394870   0.32163587   1.55102404  -1.68496195
  0.69525093   0.03589763  -1.20510034  -0.12660840   1.62941262   0.97554812   0.32125615   1.55076962  -1.69131151
