  0.41770029   0.46579949  -1.27410013  -0.43299998   2.09290052   0.69139871   0.43859998   1.64320030  -1.13520000
  0.41770039   0.46579932  -1.27410017  -0.43299999   2.09290067   0.69139833   0.43859997   1.64320038  -1.13520001
  0.41770076   0.46579871  -1.27410027  -0.43300004   2.09290100   0.69139727   0.43859993   1.64320051  -1.13520008
  0.41770164   0.46579732  -1.27410046  -0.43300022   2.09290139   0.69139543   0.43859978   1.64320057  -1.13520037
  0.41770333   0.46579477  -1.27410077  -0.43300054   2.09290156   0.69139291   0.43859942   1.64320038  -1.13520111
  0.41770615   0.46579059  -1.27410123  -0.43300097   2.09290116   0.69138987   0.43859869   1.64319981  -1.13520263
  0.41771048   0.46578434  -1.27410193  -0.43300137   2.09289981   0.69138647   0.43859741   1.64319880  -1.13520531
  0.41771670   0.46577552  -1.27410297  -0.43300149   2.09289707   0.69138296   0.43859540   1.64319733  -1.13520967
  0.41772520   0.46576366  -1.27410434  -0.43300080   2.09289243   0.69137970   0.43859258   1.64319538  -1.13521652
  0.41773640   0.46574829  -1.27410596  -0.43299865   2.09288532   0.69137708   0.43858882   1.64319297  -1.13522688
  0.41775075   0.46572892  -1.27410767  -0.43299438   2.09287519   0.69137538   0.43858382   1.64319023  -1.13524174
  0.41776875   0.46570507  -1.27410931  -0.43298747   2.09286146   0.69137489   0.43857715   1.64318730  -1.13526201
  0.41779092   0.46567622  -1.27411082  -0.43297756   2.09284355   0.69137594   0.43856834   1.64318426  -1.13528842
  0.41781785   0.46564181  -1.27411225  -0.43296435   2.09282080   0.69137896   0.43855703   1.64318110  -1.13532171
  0.41785015   0.46560125  -1.27411370  -0.43294737   2.09279221   0.69138494   0.43854294   1.64317770  -1.13536286
  0.41788848   0.46555382  -1.27411537  -0.43292599   2.09275646   0.69139511   0.43852561   1.64317412  -1.13541289
  0.41793353   0.46549867  -1.27411766  -0.43289947   2.09271201   0.69141097   0.43850437   1.64317056  -1.13547284
  0.41798611   0.46543459  -1.27412122  -0.43286667   2.09265582   0.69143619   0.43847824   1.64316676  -1.13554421
  0.41804707   0.46535996  -1.27412716  -0.43282603   2.09258509   0.69147385   0.43844625   1.64316298  -1.13562861
  0.41811734   0.46527287  -1.27413682  -0.43277602   2.09249806   0.69152530   0.43840787   1.64315975  -1.13572734
  0.41819788   0.46517122  -1.27415140  -0.43271522   2.09239426   0.69158976   0.43836297   1.64315785  -1.13584155
  0.41828960   0.46505293  -1.27417159  -0.43264264   2.09227367   0.69166588   0.43831139   1.64315760  -1.13597232
  0.41839340   0.46491605  -1.27419741  -0.43255787   2.09213589   0.69175287   0.43825271   1.64315851  -1.13612072
  0.41851017   0.46475871  -1.27422841  -0.43246084   2.09197934   0.69185178   0.43818599   1.64315932  -1.13628802
  0.41864082   0.46457887  -1.27426406  -0.43235113   2.09179989   0.69196730   0.43810928   1.64315819  -1.13647606
  0.41878634   0.46437422  -1.27430454  -0.43222733   2.09159407   0.69210273   0.43802086   1.64315460  -1.13668686
  0.41894771   0.46414231  -1.27435065  -0.43208734   2.09136067   0.69225805   0.43791999   1.64314931  -1.13692237
  0.41912596   0.46388075  -1.27440334  -0.43192928   2.09109935   0.69243206   0.43780665   1.64314304  -1.13718430
  0.41932208   0.46358712  -1.27446342  -0.43175192   2.09080847   0.69262569   0.43768066   1.64313538  -1.13747429
  0.41953708   0.46325912  -1.27453152  -0.43155438   2.09048605   0.69284030   0.43754140   1.64312578  -1.13779371
  0.41977187   0.46289462  -1.27460803  -0.43133600   2.09013070   0.69307639   0.43738799   1.64311402  -1.13814364
  0.42002734   0.46249177  -1.27469305  -0.43109634   2.08974117   0.69333451   0.43721960   1.64309955  -1.13852516
  0.42030432   0.46204879  -1.27478665  -0.43083500   2.08931504   0.69361714   0.43703553   1.64308106  -1.13893969
  0.42060358   0.46156386  -1.27488921  -0.43055141   2.08885031   0.69392604   0.43683564   1.64305767  -1.13938843
  0.42092582   0.46103526  -1.27500128  -0.43024496   2.08834573   0.69426165   0.43661979   1.64302914  -1.13987224
  0.42127168   0.46046146  -1.27512320  -0.42991514   2.08780064   0.69462366   0.43638776   1.64299551  -1.14039178
  0.42164166   0.45984101  -1.27525515  -0.42956125   2.08721345   0.69501344   0.43613884   1.64295635  -1.14094808
  0.42203620   0.45917250  -1.27539728  -0.42918218   2.08658303   0.69543175   0.43587226   1.64291159  -1.14154232
  0.42245568   0.45845463  -1.27554971  -0.42877673   2.08590873   0.69587873   0.43558735   1.64286145  -1.14217563
  0.42290043   0.45768615  -1.27571246  -0.42834379   2.08518939   0.69635545   0.43528347   1.64280561  -1.14284932
  0.42337080   0.45686587  -1.27588552  -0.42788217   2.08442422   0.69686241   0.43495998   1.64274403  -1.14356467
  0.42386713   0.45599273  -1.27606877  -0.42739080   2.08361256   0.69739992   0.43461648   1.64267666  -1.14432293
  0.42438979   0.45506574  -1.27626210  -0.42686870   2.08275361   0.69796846   0.43425277   1.64260326  -1.14512535
  0.42493912   0.45408395  -1.27646534  -0.42631487   2.08184671   0.69856833   0.43386848   1.64252378  -1.14597317
  0.42551553   0.45304663  -1.27667810  -0.42572844   2.08089082   0.69920060   0.43346315   1.64243781  -1.14686782
  0.42611944   0.45195302  -1.27689994  -0.42510888   2.07988347   0.69986857   0.43303610   1.64234402  -1.14781078
  0.42675128   0.45080225  -1.27713097  -0.42445600   2.07882314   0.70057408   0.43258750   1.64224137  -1.14880295
  0.42741141   0.44959342  -1.27737161  -0.42376911   2.07771043   0.70131501   0.43211737   1.64213102  -1.14984449
  0.42810011   0.44832558  -1.27762234  -0.42304738   2.07654557   0.70208952   0.43162513   1.64201452  -1.15093537
  0.42881758   0.44699795  -1.27788311  -0.42228990   2.07532736   0.70289873   0.43110990   1.64189195  -1.15207650
  0.42956403   0.44561006  -1.27815351  -0.42149596   2.07405496   0.70374430   0.43057232   1.64176187  -1.15326951
  0.43033966   0.44416152  -1.27843293  -0.42066536   2.07272712   0.70462848   0.43001263   1.64162245  -1.15451574
  0.43114463   0.44265190  -1.27872089  -0.41979811   2.07134308   0.70555232   0.42943076   1.64147267  -1.15581589
  0.43197911   0.44108066  -1.27901716  -0.41889358   2.06990282   0.70651522   0.42882558   1.64131314  -1.15717034
