  0.41770002   0.46579988  -1.27410011  -0.43299961   2.09289982   0.69140017   0.43859987   1.64320024  -1.13520023
  0.41770002   0.46579987  -1.27410011  -0.43299959   2.09289981   0.69140018   0.43859986   1.64320026  -1.13520025
  0.41770002   0.46579984  -1.27410014  -0.43299948   2.09289977   0.69140021   0.43859982   1.64320032  -1.13520031
  0.41770004   0.46579974  -1.27410022  -0.43299923   2.09289967   0.69140028   0.43859975   1.64320048  -1.13520046
  0.41770009   0.46579952  -1.27410037  -0.43299874   2.09289947   0.69140041   0.43859960   1.64320077  -1.13520076
  0.41770018   0.46579910  -1.27410064  -0.43299791   2.09289912   0.69140062   0.43859935   1.64320123  -1.13520129
  0.41770034   0.46579838  -1.27410106  -0.43299664   2.09289854   0.69140096   0.43859896   1.64320191  -1.13520213
  0.41770062   0.46579723  -1.27410166  -0.43299479   2.09289761   0.69140152   0.43859840   1.64320280  -1.13520338
  0.41770105   0.46579548  -1.27410251  -0.43299226   2.09289621   0.69140237   0.43859760   1.64320390  -1.13520519
  0.41770172   0.46579294  -1.27410363  -0.43298890   2.09289419   0.69140360   0.43859654   1.64320521  -1.13520768
  0.41770267   0.46578937  -1.27410508  -0.43298456   2.09289142   0.69140525   0.43859516   1.64320672  -1.13521103
  0.41770401   0.46578452  -1.27410692  -0.43297909   2.09288772   0.69140739   0.43859339   1.64320841  -1.13521539
  0.41770584   0.46577810  -1.27410917  -0.43297235   2.09288291   0.69141007   0.43859114   1.64321026  -1.13522095
  0.41770826   0.46576976  -1.27411189  -0.43296417   2.09287676   0.69141339   0.43858828   1.64321223  -1.13522792
  0.41771142   0.46575916  -1.27411512  -0.43295438   2.09286901   0.69141748   0.43858468   1.64321428  -1.13523651
  0.41771546   0.46574590  -1.27411888  -0.43294281   2.09285933   0.69142250   0.43858019   1.64321633  -1.13524699
  0.41772053   0.46572958  -1.27412323  -0.43292926   2.09284739   0.69142864   0.43857464   1.64321833  -1.13525963
  0.41772682   0.46570973  -1.27412820  -0.43291354   2.09283281   0.69143616   0.43856782   1.64322018  -1.13527473
  0.41773452   0.46568591  -1.27413382  -0.43289543   2.09281509   0.69144541   0.43855948   1.64322178  -1.13529262
  0.41774384   0.46565761  -1.27414015  -0.43287472   2.09279373   0.69145677   0.43854938   1.64322301  -1.13531365
  0.41775501   0.46562433  -1.27414722  -0.43285119   2.09276821   0.69147063   0.43853730   1.64322375  -1.13533819
  0.41776826   0.46558553  -1.27415511  -0.43282460   2.09273801   0.69148736   0.43852304   1.64322386  -1.13536665
  0.41778385   0.46554067  -1.27416392  -0.43279470   2.09270264   0.69150727   0.43850647   1.64322321  -1.13539942
  0.41780206   0.46548921  -1.27417375  -0.43276126   2.09266167   0.69153064   0.43848753   1.64322165  -1.13543694
  0.41782317   0.46543057  -1.27418471  -0.43272405   2.09261459   0.69155776   0.43846611   1.64321905  -1.13547961
  0.41784746   0.46536419  -1.27419690  -0.43268285   2.09256087   0.69158899   0.43844210   1.64321525  -1.13552784
  0.41787526   0.46528949  -1.27421047  -0.43263747   2.09249999   0.69162463   0.43841540   1.64321013  -1.13558203
  0.41790685   0.46520589  -1.27422556  -0.43258771   2.09243146   0.69166492   0.43838591   1.64320359  -1.13564255
  0.41794256   0.46511280  -1.27424232  -0.43253335   2.09235479   0.69171011   0.43835348   1.64319556  -1.13570978
  0.41798270   0.46500964  -1.27426088  -0.43247418   2.09226950   0.69176038   0.43831798   1.64318601  -1.13578405
  0.41802758   0.46489582  -1.27428143  -0.43241002   2.09217516   0.69181587   0.43827926   1.64317494  -1.13586572
  0.41807752   0.46477075  -1.27430411  -0.43234068   2.09207130   0.69187674   0.43823716   1.64316232  -1.13595508
  0.41813282   0.46463385  -1.27432908  -0.43226593   2.09195739   0.69194326   0.43819148   1.64314812  -1.13605250
  0.41819378   0.46448453  -1.27435648  -0.43218560   2.09183289   0.69201576   0.43814214   1.64313222  -1.13615835
  0.41826071   0.46432222  -1.27438649  -0.43209949   2.09169733   0.69209449   0.43808908   1.64311450  -1.13627298
  0.41833388   0.46414634  -1.27441926  -0.43200739   2.09155020   0.69217973   0.43803222   1.64309485  -1.13639675
  0.41841357   0.46395631  -1.27445493  -0.43190911   2.09139100   0.69227175   0.43797147   1.64307319  -1.13653002
  0.41850003   0.46375156  -1.27449365  -0.43180442   2.09121918   0.69237094   0.43790670   1.64304937  -1.13667314
  0.41859352   0.46353152  -1.27453556  -0.43169313   2.09103417   0.69247765   0.43783777   1.64302329  -1.13682645
  0.41869427   0.46329559  -1.27458077  -0.43157503   2.09083540   0.69259225   0.43776452   1.64299485  -1.13699027
  0.41880249   0.46304321  -1.27462942  -0.43144989   2.09062225   0.69271520   0.43768672   1.64296393  -1.13716490
  0.41891838   0.46277378  -1.27468161  -0.43131749   2.09039412   0.69284693   0.43760422   1.64293039  -1.13735069
  0.41904211   0.46248671  -1.27473747  -0.43117755   2.09015041   0.69298789   0.43751692   1.64289407  -1.13754798
  0.41917383   0.46218143  -1.27479712  -0.43102975   2.08989052   0.69313861   0.43742473   1.64285475  -1.13775719
  0.41931367   0.46185732  -1.27486064  -0.43087376   2.08961377   0.69329972   0.43732756   1.64281218  -1.13797873
  0.41946174   0.46151380  -1.27492809  -0.43070925   2.08931941   0.69347197   0.43722530   1.64276605  -1.13821305
  0.41961812   0.46115028  -1.27499956  -0.43053582   2.08900675   0.69365610   0.43711794   1.64271599  -1.13846067
  0.41978287   0.46076614  -1.27507512  -0.43035299   2.08867525   0.69385260   0.43700550   1.64266177  -1.13872208
  0.41995603   0.46036079  -1.27515485  -0.43016023   2.08832454   0.69406175   0.43688805   1.64260321  -1.13899780
  0.42013763   0.45993363  -1.27523885  -0.42995700   2.08795434   0.69428362   0.43676559   1.64254026  -1.13928828
  0.42032766   0.45948405  -1.27532718  -0.42974273   2.08756443   0.69451815   0.43663802   1.64247297  -1.13959390
  0.42052612   0.45901146  -1.27541984  -0.42951692   2.08715447   0.69476548   0.43650515   1.64240133  -1.13991508
  0.42073300   0.45851527  -1.27551684  -0.42927905   2.08672413   0.69502571   0.43636679   1.64232531  -1.14025216
  0.42094825   0.45799492  -1.27561815  -0.42902871   2.08627304   0.69529898   0.43622264   1.64224489  -1.14060546
  0.42117185   0.45744983  -1.27572372  -0.42876544   2.08580088   0.69558533   0.43607234   1.64216015  -1.14097523
  0.42140377   0.45687943  -1.27583351  -0.42848886   2.08530736   0.69588474   0.43591553   1.64207114  -1.14136170
  0.42164395   0.45628319  -1.27594745  -0.42819862   2.08479206   0.69619734   0.43575183   1.64197789  -1.14176506
  0.42189238   0.45566057  -1.27606547  -0.42789436   2.08425456   0.69652333   0.43558085   1.64188039  -1.14218554
  0.42214900   0.45501105  -1.27618747  -0.42757573   2.08369431   0.69686318   0.43540235   1.64177839  -1.14262348
  0.42241379   0.45433413  -1.27631338  -0.42724240   2.08311071   0.69721758   0.43521631   1.64167150  -1.14307930
  0.42268672   0.45362934  -1.27644312  -0.42689400   2.08250318   0.69758720   0.43502281   1.64155924  -1.14355349
  0.42296776   0.45289621  -1.27657660  -0.42653018   2.08187119   0.69797270   0.43482195   1.64144115  -1.14404656
  0.42325689   0.45213431  -1.27671374  -0.42615050   2.08121434   0.69837451   0.43461372   1.64131693  -1.14455900
  0.42355410   0.45134322  -1.27685443  -0.42575458   2.08053213   0.69879329   0.43439823   1.64118613  -1.14509134
  0.42385937   0.45052255  -1.27699855  -0.42534213   2.07982397   0.69922990   0.43417573   1.64104809  -1.14564417
  0.42417273   0.44967195  -1.27714597  -0.42491292   2.07908927   0.69968518   0.43394636   1.64090222  -1.14621800
  0.42449418   0.44879107  -1.27729652  -0.42446664   2.07832756   0.70015965   0.43371000   1.64074821  -1.14681325
  0.42482375   0.44787961  -1.27745004  -0.42400315   2.07753837   0.70065390   0.43346671   1.64058563  -1.14743033
  0.42516150   0.44693727  -1.27760638  -0.42352239   2.07672127   0.70116839   0.43321651   1.64041408  -1.14806954
  0.42550749   0.44596380  -1.27776537  -0.42302437   2.07587585   0.70170349   0.43295936   1.64023326  -1.14873106
  0.42586178   0.44495894  -1.27792682  -0.42250914   2.07500161   0.70225969   0.43269511   1.64004287  -1.14941509
  0.42622445   0.44392251  -1.27809051  -0.42197670   2.07409800   0.70283762   0.43242371   1.63984250  -1.15012191
  0.42659558   0.44285430  -1.27825624  -0.42142706   2.07316455   0.70343792   0.43214520   1.63963170  -1.15085188
  0.42697524   0.44175415  -1.27842382  -0.42086002   2.07220117   0.70406049   0.43185946   1.63941047  -1.15160527
  0.42736353   0.44062191  -1.27859314  -0.42027542   2.07120826   0.70470439   0.43156639   1.63917925  -1.15238218
  0.42776053   0.43945743  -1.27876403  -0.41967317   2.07018613   0.70536868   0.43126568   1.63893854  -1.15318257
  0.42816637   0.43826060  -1.27893637  -0.41905326   2.06913508   0.70605236   0.43095730   1.63868881  -1.15400641
  0.42858116   0.43703130  -1.27911009  -0.41841570   2.06805534   0.70675457   0.43064130   1.63843052  -1.15485363
  0.42900502   0.43576943  -1.27928512  -0.41776050   2.06694709   0.70747435   0.43031769   1.63816423  -1.15572414
  0.42943807   0.43447489  -1.27946141  -0.41708757   2.06581054   0.70821072   0.42998648   1.63789059  -1.15661785
  0.42988039   0.43314760  -1.27963891  -0.41639680   2.06464567   0.70896330   0.42964803   1.63760982  -1.15753495
  0.43033207   0.43178753  -1.27981752  -0.41568810   2.06345222   0.70973226   0.42930305   1.63732174  -1.15847581
  0.43079317   0.43039464  -1.27999712  -0.41496134   2.06222977   0.71051812   0.42895225   1.63702599  -1.15944093
  0.43126370   0.42896893  -1.28017754  -0.41421638   2.06097785   0.71132168   0.42859654   1.63672194  -1.16043093
  0.43174369   0.42751043  -1.28035863  -0.41345301   2.05969623   0.71214345   0.42823685   1.63640908  -1.16144646
  0.43223307   0.42601916  -1.28054013  -0.41267084   2.05838483   0.71298370   0.42787378   1.63608712  -1.16248817
  0.43273180   0.42449520  -1.28072172  -0.41186944   2.05704362   0.71384287   0.42750786   1.63575560  -1.16355685
  0.43323979   0.42293866  -1.28090304  -0.41104843   2.05567292   0.71472075   0.42713943   1.63541437  -1.16465306
  0.43375693   0.42134966  -1.28108365  -0.41020759   2.05427292   0.71561737   0.42676859   1.63506314  -1.16577727
  0.43428312   0.41972836  -1.28126307  -0.40934667   2.05284413   0.71653213   0.42639495   1.63470211  -1.16692971
  0.43481824   0.41807490  -1.28144089  -0.40846550   2.05138753   0.71746328   0.42601783   1.63433214  -1.16811018
  0.43536223   0.41638946  -1.28161674  -0.40756430   2.04990393   0.71840936   0.42563686   1.63395379  -1.16931830
  0.43591501   0.41467221  -1.28179028  -0.40664359   2.04839371   0.71936944   0.42525182   1.63356737  -1.17055354
  0.43647652   0.41292337  -1.28196119  -0.40570403   2.04685668   0.72034343   0.42486252   1.63317285  -1.17181539
  0.43704668   0.41114315  -1.28212910  -0.40474611   2.04529251   0.72133172   0.42446898   1.63276996  -1.17310364
  0.43762538   0.40933179  -1.28229369  -0.40377004   2.04370096   0.72233465   0.42407147   1.63235844  -1.17441831
  0.43821251   0.40748953  -1.28245471  -0.40277580   2.04208206   0.72335232   0.42367054   1.63193812  -1.17575963
  0.43880792   0.40561662  -1.28261191  -0.40176329   2.04043582   0.72438493   0.42326710   1.63150867  -1.17712800
  0.43941148   0.40371334  -1.28276507  -0.40073228   2.03876243   0.72543249   0.42286212   1.63106993  -1.17852387
  0.44002301   0.40177996  -1.28291396  -0.39968240   2.03706225   0.72649460   0.42245647   1.63062195  -1.17994768
  0.44064236   0.39981678  -1.28305836  -0.39861335   2.03533555   0.72757122   0.42205138   1.63016454  -1.18140000
  0.44126935   0.39782413  -1.28319797  -0.39752511   2.03358214   0.72866301   0.42164792   1.62969714  -1.18288132
  0.44190383   0.39580237  -1.28333239  -0.39641783   2.03180160   0.72977101   0.42124678   1.62921903  -1.18439197
  0.44254559   0.39375188  -1.28346113  -0.39529187   2.02999350   0.73089643   0.42084845   1.62872931  -1.18593222
  0.44319447   0.39167310  -1.28358366  -0.39414774   2.02815731   0.73204068   0.42045315   1.62822696  -1.18750219
  0.44385027   0.38956645  -1.28369943  -0.39298607   2.02629259   0.73320510   0.42006100   1.62771091  -1.18910191
  0.44451280   0.38743236  -1.28380788  -0.39180753   2.02439907   0.73439060   0.41967188   1.62718039  -1.19073123
  0.44518186   0.38527130  -1.28390838  -0.39061285   2.02247639   0.73559811   0.41928540   1.62663470  -1.19238986
  0.44585727   0.38308372  -1.28400031  -0.38940289   2.02052411   0.73682866   0.41890101   1.62607309  -1.19407741
  0.44653885   0.38087010  -1.28408304  -0.38817858   2.01854196   0.73808285   0.41851787   1.62549511  -1.19579326
  0.44722639   0.37863088  -1.28415600  -0.38694059   2.01653009   0.73936023   0.41813474   1.62490106  -1.19753657
  0.44791973   0.37636650  -1.28421860  -0.38568984   2.01448842   0.74066052   0.41775017   1.62429124  -1.19930627
  0.44861872   0.37407742  -1.28427031  -0.38442719   2.01241685   0.74198340   0.41736287   1.62366600  -1.20110131
  0.44932319   0.37176409  -1.28431062  -0.38315298   2.01031563   0.74332800   0.41697185   1.62302606  -1.20292105
  0.45003300   0.36942699  -1.28433907  -0.38186717   2.00818478   0.74469421   0.41657734   1.62237162  -1.20476558
  0.45074804   0.36706663  -1.28435543  -0.38056940   2.00602510   0.74608118   0.41618116   1.62170285  -1.20663563
  0.45146825   0.36468351  -1.28435963  -0.37925909   2.00383755   0.74748768   0.41578563   1.62102022  -1.20853209
  0.45219360   0.36227812  -1.28435153  -0.37793583   2.00162262   0.74891296   0.41539272   1.62032422  -1.21045569
  0.45292410   0.35985096  -1.28433100  -0.37659957   1.99938069   0.75035585   0.41500338   1.61961582  -1.21240647
  0.45365982   0.35740248  -1.28429799  -0.37525026   1.99711276   0.75181377   0.41461776   1.61889695  -1.21438390
  0.45440082   0.35493312  -1.28425253  -0.37388772   1.99482039   0.75328288   0.41423560   1.61817032  -1.21638712
  0.45514721   0.35244332  -1.28419452  -0.37251158   1.99250482   0.75475995   0.41385617   1.61743845  -1.21841545
  0.45589913   0.34993353  -1.28412410  -0.37112130   1.99016783   0.75624110   0.41347958   1.61670402  -1.22046845
  0.45665681   0.34740423  -1.28404145  -0.36971721   1.98781077   0.75772342   0.41310625   1.61596894  -1.22254539
  0.45742051   0.34485592  -1.28394663  -0.36829994   1.98543423   0.75920530   0.41273622   1.61523445  -1.22464556
  0.45819053   0.34228922  -1.28383957  -0.36687039   1.98303815   0.76068658   0.41236973   1.61450091  -1.22676853
  0.45896719   0.33970476  -1.28372019  -0.36542972   1.98062201   0.76216824   0.41200749   1.61376798  -1.22891412
  0.45975087   0.33710319  -1.28358845  -0.36397896   1.97818525   0.76365150   0.41165049   1.61303513  -1.23108241
  0.46054193   0.33448518  -1.28344431  -0.36251907   1.97572711   0.76513819   0.41129988   1.61230156  -1.23327374
  0.46134076   0.33185139  -1.28328790  -0.36105062   1.97324758   0.76662919   0.41095749   1.61156678  -1.23548876
  0.46214773   0.32920247  -1.28311947  -0.35957409   1.97074685   0.76812534   0.41062577   1.61083024  -1.23772833
  0.46296324   0.32653903  -1.28293936  -0.35808991   1.96822515   0.76962735   0.41030725   1.61009158  -1.23999330
  0.46378766   0.32386165  -1.28274796  -0.35659846   1.96568279   0.77113547   0.41000382   1.60935086  -1.24228417
  0.46462134   0.32117091  -1.28254551  -0.35510060   1.96311939   0.77265074   0.40971626   1.60860792  -1.24460090
  0.46546459   0.31846740  -1.28233213  -0.35359746   1.96053433   0.77417492   0.40944455   1.60786209  -1.24694321
  0.46631767   0.31575173  -1.28210786  -0.35209042   1.95792710   0.77571001   0.40918824   1.60711231  -1.24931072
  0.46718080   0.31302447  -1.28187282  -0.35058044   1.95529818   0.77725639   0.40894660   1.60635826  -1.25170283
  0.46805416   0.31028612  -1.28162735  -0.34906814   1.95264876   0.77881336   0.40872004   1.60560007  -1.25411927
  0.46893787   0.30753717  -1.28137173  -0.34755398   1.94997970   0.78038037   0.40850873   1.60483805  -1.25655973
  0.46983203   0.30477808  -1.28110623  -0.34603844   1.94729183   0.78195641   0.40831272   1.60407299  -1.25902360
  0.47073666   0.30200933  -1.28083088  -0.34452195   1.94458540   0.78354105   0.40813124   1.60330554  -1.26151020
  0.47165174   0.29923144  -1.28054542  -0.34300483   1.94186010   0.78513478   0.40796292   1.60253597  -1.26401896
  0.47257721   0.29644491  -1.28024974  -0.34148671   1.93911633   0.78673702   0.40780727   1.60176513  -1.26654977
  0.47351303   0.29365026  -1.27994388  -0.33996724   1.93635477   0.78834758   0.40766533   1.60099327  -1.26910317
  0.47445911   0.29084803  -1.27962804  -0.33844592   1.93357659   0.78996576   0.40753880   1.60022075  -1.27167983
  0.47541541   0.28803870  -1.27930263  -0.33692255   1.93078302   0.79159057   0.40742974   1.59944818  -1.27428018
  0.47638189   0.28522273  -1.27896810  -0.33539720   1.92797507   0.79322085   0.40733971   1.59867641  -1.27690411
  0.47735845   0.28240056  -1.27862487  -0.33387020   1.92515349   0.79485553   0.40726943   1.59790643  -1.27955103
  0.47834497   0.27957264  -1.27827306  -0.33234221   1.92231852   0.79649406   0.40721790   1.59713896  -1.28221970
  0.47934129   0.27673948  -1.27791259  -0.33081447   1.91947027   0.79813608   0.40718241   1.59637441  -1.28490809
  0.48034721   0.27390154  -1.27754338  -0.32928836   1.91660931   0.79978021   0.40715920   1.59561358  -1.28761352
  0.48136252   0.27105931  -1.27716526  -0.32776603   1.91373564   0.80142591   0.40714342   1.59485672  -1.29033257
  0.48238701   0.26821330  -1.27677811  -0.32624997   1.91084913   0.80307314   0.40713025   1.59410362  -1.29306177
  0.48342041   0.26536399  -1.27638188  -0.32474167   1.90795038   0.80472105   0.40711618   1.59335442  -1.29579856
  0.48446238   0.26251190  -1.27597649  -0.32324109   1.90504042   0.80636865   0.40709979   1.59260947  -1.29854205
  0.48551258   0.25965762  -1.27556166  -0.32174743   1.90211941   0.80801705   0.40708117   1.59186818  -1.30129295
  0.48657059   0.25680177  -1.27513712  -0.32025829   1.89918853   0.80966637   0.40706308   1.59113046  -1.30405374
  0.48763609   0.25394500  -1.27470305  -0.31877002   1.89624940   0.81131658   0.40705338   1.59039671  -1.30682923
  0.48870879   0.25108792  -1.27425979  -0.31727884   1.89330315   0.81296832   0.40706154   1.58966736  -1.30962484
  0.48978846   0.24823112  -1.27380780  -0.31578159   1.89035092   0.81462132   0.40709582   1.58894359  -1.31244482
  0.49087495   0.24537507  -1.27334760  -0.31427644   1.88739350   0.81627478   0.40716164   1.58822698  -1.31529136
  0.49196812   0.24252020  -1.27287956  -0.31276311   1.88443074   0.81792829   0.40725990   1.58751894  -1.31816411
  0.49306788   0.23966685  -1.27240408  -0.31124272   1.88146251   0.81958118   0.40738884   1.58682055  -1.32106093
  0.49417418   0.23681540  -1.27192142  -0.30971752   1.87848880   0.82123270   0.40754408   1.58613231  -1.32397827
  0.49528695   0.23396626  -1.27143174  -0.30819072   1.87550979   0.82288211   0.40772007   1.58545410  -1.32691176
  0.49640617   0.23111984  -1.27093515  -0.30666588   1.87252594   0.82452850   0.40791070   1.58478547  -1.32985680
  0.49753177   0.22827661  -1.27043167  -0.30514576   1.86953799   0.82617068   0.40811116   1.58412621  -1.33280971
  0.49866372   0.22543705  -1.26992138  -0.30363245   1.86654627   0.82780860   0.40831916   1.58347579  -1.33576834
  0.49980198   0.22260166  -1.26940444  -0.30212724   1.86355111   0.82944236   0.40853443   1.58283395  -1.33873173
  0.50094650   0.21977092  -1.26888112  -0.30063075   1.86055318   0.83107164   0.40875816   1.58220087  -1.34169963
  0.50209725   0.21694533  -1.26835168  -0.29914300   1.85755326   0.83269599   0.40899238   1.58157694  -1.34467247
  0.50325416   0.21412541  -1.26781624  -0.29766424   1.85455140   0.83431638   0.40923865   1.58096187  -1.34765070
  0.50441718   0.21131173  -1.26727498  -0.29619532   1.85154738   0.83593447   0.40949820   1.58035478  -1.35063448
  0.50558627   0.20850485  -1.26672819  -0.29473747   1.84854155   0.83755113   0.40977169   1.57975494  -1.35362340
  0.50676138   0.20570531  -1.26617614  -0.29329237   1.84553436   0.83916681   0.41005842   1.57916165  -1.35661619
  0.50794242   0.20291368  -1.26561903  -0.29186225   1.84252605   0.84078210   0.41035628   1.57857394  -1.35961082
  0.50912928   0.20013052  -1.26505707  -0.29044933   1.83951687   0.84239775   0.41066327   1.57799071  -1.36260531
  0.51032181   0.19735640  -1.26449048  -0.28905520   1.83650765   0.84401353   0.41097792   1.57741142  -1.36559805
  0.51151980   0.19459194  -1.26391922  -0.28768132   1.83349840   0.84563046   0.41129816   1.57683498  -1.36858758
  0.51272301   0.19183780  -1.26334314  -0.28632908   1.83048850   0.84725109   0.41162211   1.57625953  -1.37157297
  0.51393118   0.18909465  -1.26276249  -0.28499913   1.82747814   0.84887762   0.41195142   1.57568350  -1.37455479
  0.51514403   0.18636313  -1.26217783  -0.28369130   1.82446902   0.85051022   0.41229008   1.57510641  -1.37753437
  0.51636122   0.18364385  -1.26158966  -0.28240519   1.82146271   0.85214890   0.41264202   1.57452805  -1.38051305
  0.51758238   0.18093739  -1.26099830  -0.28114032   1.81846009   0.85379440   0.41301067   1.57394810  -1.38349213
  0.51880704   0.17824438  -1.26040388  -0.27989646   1.81546120   0.85544835   0.41339838   1.57336586  -1.38647258
  0.52003475   0.17556534  -1.25980650  -0.27867393   1.81246593   0.85711199   0.41380589   1.57278077  -1.38945428
  0.52126496   0.17290070  -1.25920623  -0.27747284   1.80947468   0.85878473   0.41423301   1.57219328  -1.39243632
  0.52249710   0.17025080  -1.25860324  -0.27629275   1.80648840   0.86046437   0.41467980   1.57160493  -1.39541769
  0.52373051   0.16761585  -1.25799740  -0.27513255   1.80350826   0.86214751   0.41514512   1.57101797  -1.39839701
  0.52496453   0.16499602  -1.25738840  -0.27399118   1.80053361   0.86383285   0.41562699   1.57043410  -1.40137291
  0.52619854   0.16239137  -1.25677649  -0.27286804   1.79756442   0.86551838   0.41612522   1.56985537  -1.40434394
  0.52743194   0.15980186  -1.25616209  -0.27176292   1.79460140   0.86720105   0.41663968   1.56928403  -1.40730825
  0.52866409   0.15722743  -1.25554550  -0.27067589   1.79164530   0.86887763   0.41716887   1.56872204  -1.41026336
  0.52989434   0.15466799  -1.25492677  -0.26960709   1.78869641   0.87054580   0.41771016   1.56817067  -1.41320675
  0.53112201   0.15212341  -1.25430596  -0.26855540   1.78575585   0.87220215   0.41826273   1.56763193  -1.41613703
  0.53234642   0.14959355  -1.25368330  -0.26751861   1.78282480   0.87384352   0.41882910   1.56710842  -1.41905457
  0.53356693   0.14707818  -1.25305919  -0.26649388   1.77990449   0.87546684   0.41941360   1.56660304  -1.42196067
  0.53478287   0.14457702  -1.25243415  -0.26547834   1.77699629   0.87706876   0.42002036   1.56611883  -1.42485636
  0.53599362   0.14208979  -1.25180866  -0.26447005   1.77410123   0.87864690   0.42065210   1.56565778  -1.42774203
  0.53719853   0.13961629  -1.25118291  -0.26346844   1.77121978   0.88020038   0.42130821   1.56522013  -1.43061679
  0.53839701   0.13715639  -1.25055688  -0.26247415   1.76835228   0.88172925   0.42198485   1.56480448  -1.43347856
  0.53958852   0.13470999  -1.24993089  -0.26148781   1.76549970   0.88323353   0.42268042   1.56440947  -1.43632608
  0.54077259   0.13227704  -1.24930556  -0.26051027   1.76266295   0.88471391   0.42339476   1.56403348  -1.43915863
  0.54194885   0.12985750  -1.24868160  -0.25954246   1.75984296   0.88617114   0.42412749   1.56367486  -1.44197536
  0.54311693   0.12745139  -1.24805963  -0.25858592   1.75703951   0.88760769   0.42487665   1.56333101  -1.44477493
  0.54427658   0.12505871  -1.24744051  -0.25764333   1.75425252   0.88902564   0.42563873   1.56299913  -1.44755474
  0.54542758   0.12267946  -1.24682528  -0.25671769   1.75148263   0.89042586   0.42640979   1.56267675  -1.45031154
  0.54656973   0.12031371  -1.24621490  -0.25581156   1.74873124   0.89180802   0.42718615   1.56236195  -1.45304227
  0.54770283   0.11796164  -1.24561004  -0.25492758   1.74599910   0.89317312   0.42796365   1.56205208  -1.45574418
  0.54882673   0.11562356  -1.24501140  -0.25406872   1.74328605   0.89452424   0.42873950   1.56174365  -1.45841541
  0.54994132   0.11329989  -1.24441976  -0.25323753   1.74059198   0.89586494   0.42951296   1.56143330  -1.46105512
  0.55104650   0.11099108  -1.24383591  -0.25243562   1.73791739   0.89719779   0.43028536   1.56111859  -1.46366347
  0.55214212   0.10869759  -1.24326060  -0.25166377   1.73526301   0.89852465   0.43105936   1.56079794  -1.46624125
  0.55322802   0.10641994  -1.24269438  -0.25092166   1.73263001   0.89984612   0.43183923   1.56047095  -1.46879011
  0.55430398   0.10415869  -1.24213751  -0.25020794   1.73001911   0.90116294   0.43263072   1.56013794  -1.47131269
  0.55536974   0.10191439  -1.24159008  -0.24952065   1.72743082   0.90247521   0.43344031   1.55980016  -1.47381197
  0.55642504   0.09968755  -1.24105195  -0.24885844   1.72486499   0.90378279   0.43427225   1.55945899  -1.47628959
  0.55746955   0.09747860  -1.24052295  -0.24822022   1.72232157   0.90508413   0.43512942   1.55911662  -1.47874599
  0.55850297   0.09528783  -1.24000281  -0.24760599   1.71980031   0.90637651   0.43601115   1.55877538  -1.48117937
  0.55952494   0.09311542  -1.23949123  -0.24701672   1.71730082   0.90765593   0.43691406   1.55843806  -1.48358582
  0.56053508   0.09096140  -1.23898793  -0.24645321   1.71482261   0.90891766   0.43783415   1.55810795  -1.48596089
  0.56153301   0.08882572  -1.23849272  -0.24591668   1.71236486   0.91015759   0.43876695   1.55778789  -1.48829984
  0.56251827   0.08670822  -1.23800555  -0.24540820   1.70992707   0.91137162   0.43970830   1.55748040  -1.49059815
  0.56349037   0.08460869  -1.23752636  -0.24492781   1.70750944   0.91255562   0.44065514   1.55718791  -1.49285245
  0.56444876   0.08252689  -1.23705522  -0.24447475   1.70511147   0.91370851   0.44160759   1.55691151  -1.49506189
  0.56539286   0.08046255  -1.23659254  -0.24404730   1.70273366   0.91482985   0.44256933   1.55665181  -1.49722779
  0.56632206   0.07841535  -1.23613880  -0.24364318   1.70037685   0.91591983   0.44354532   1.55640884  -1.49935257
  0.56723570   0.07638497  -1.23569431  -0.24326072   1.69804030   0.91698220   0.44453950   1.55618057  -1.50143912
  0.56813310   0.07437103  -1.23525966  -0.24289801   1.69572391   0.91802108   0.44555791   1.55596445  -1.50349139
  0.56901355   0.07237312  -1.23483566  -0.24255379   1.69342821   0.91904037   0.44660662   1.55575740  -1.50551314
  0.56987634   0.07039074  -1.23442307  -0.24222770   1.69115411   0.92004323   0.44768960   1.55555605  -1.50750682
  0.57072063   0.06842333  -1.23402226  -0.24191935   1.68890391   0.92102939   0.44880728   1.55535801  -1.50947303
