  0.74358111   0.46159728  -1.17336575  -0.31175382   1.87211806   0.73031932   0.40424661   1.80723728  -1.54474943
  0.74358269   0.46159340  -1.17336656  -0.31175260   1.87211691   0.73032095   0.40424455   1.80723483  -1.54475232
  0.74358680   0.46158327  -1.17336860  -0.31174961   1.87211415   0.73032445   0.40423962   1.80722884  -1.54475957
  0.74359451   0.46156430  -1.17337228  -0.31174432   1.87210897   0.73033059   0.40423073   1.80721783  -1.54477283
  0.74360677   0.46153408  -1.17337805  -0.31173611   1.87210069   0.73034011   0.40421678   1.80720041  -1.54479375
  0.74362452   0.46149028  -1.17338634  -0.31172427   1.87208867   0.73035384   0.40419664   1.80717519  -1.54482399
  0.74364864   0.46143060  -1.17339763  -0.31170813   1.87207229   0.73037259   0.40416919   1.80714081  -1.54486517
  0.74368002   0.46135275  -1.17341238  -0.31168697   1.87205091   0.73039717   0.40413332   1.80709590  -1.54491891
  0.74371958   0.46125441  -1.17343106  -0.31166013   1.87202390   0.73042836   0.40408791   1.80703909  -1.54498682
  0.74376823   0.46113323  -1.17345412  -0.31162692   1.87199072   0.73046696   0.40403178   1.80696893  -1.54507057
  0.74382692   0.46098685  -1.17348201  -0.31158661   1.87195102   0.73051372   0.40396368   1.80688377  -1.54517198
  0.74389662   0.46081285  -1.17351512  -0.31153857   1.87190432   0.73056940   0.40388246   1.80678204  -1.54529282
  0.74397836   0.46060882  -1.17355384  -0.31148219   1.87184999   0.73063471   0.40378698   1.80666230  -1.54543477
  0.74407311   0.46037236  -1.17359862  -0.31141685   1.87178737   0.73071035   0.40367618   1.80652321  -1.54559947
  0.74418186   0.46010113  -1.17364992  -0.31134189   1.87171587   0.73079712   0.40354895   1.80636331  -1.54578861
  0.74430556   0.45979277  -1.17370817  -0.31125662   1.87163505   0.73089579   0.40340408   1.80618105  -1.54600395
  0.74444514   0.45944495  -1.17377378  -0.31116039   1.87154439   0.73100708   0.40324047   1.80597495  -1.54624715
  0.74460156   0.45905533  -1.17384713  -0.31105265   1.87144312   0.73113197   0.40305695   1.80574352  -1.54651983
  0.74477575   0.45862141  -1.17392879  -0.31093263   1.87133087   0.73127110   0.40285232   1.80548521  -1.54682368
  0.74496867   0.45814062  -1.17401932  -0.31079960   1.87120714   0.73142501   0.40262546   1.80519864  -1.54716035
  0.74518129   0.45761042  -1.17411917  -0.31065291   1.87107090   0.73159495   0.40237517   1.80488218  -1.54753153
  0.74541454   0.45702835  -1.17422878  -0.31049169   1.87092164   0.73178165   0.40210033   1.80453436  -1.54793904
  0.74566935   0.45639207  -1.17434845  -0.31031529   1.87075873   0.73198580   0.40179973   1.80415377  -1.54838453
  0.74594665   0.45569916  -1.17447860  -0.31012284   1.87058128   0.73220848   0.40147216   1.80373897  -1.54886980
  0.74624743   0.45494664  -1.17462003  -0.30991299   1.87038751   0.73245242   0.40111541   1.80328776  -1.54939722
  0.74657273   0.45413139  -1.17477341  -0.30968448   1.87017663   0.73271831   0.40072818   1.80279872  -1.54996880
  0.74692349   0.45325055  -1.17493907  -0.30943631   1.86994852   0.73300577   0.40031004   1.80227065  -1.55058639
  0.74730063   0.45230160  -1.17511712  -0.30916796   1.86970249   0.73331513   0.39986014   1.80170227  -1.55125147
  0.74770500   0.45128227  -1.17530776  -0.30887921   1.86943706   0.73364814   0.39937696   1.80109182  -1.55196535
  0.74813733   0.45019047  -1.17551144  -0.30856906   1.86915261   0.73400467   0.39885963   1.80043807  -1.55272964
  0.74859826   0.44902419  -1.17572812  -0.30823661   1.86884863   0.73438611   0.39830648   1.79973898  -1.55354628
  0.74908838   0.44778129  -1.17595745  -0.30788062   1.86852385   0.73479566   0.39771509   1.79899144  -1.55441803
  0.74960818   0.44645972  -1.17619912  -0.30749940   1.86817950   0.73523305   0.39708600   1.79819342  -1.55534767
  0.75015835   0.44505750  -1.17645278  -0.30709289   1.86781472   0.73569970   0.39641803   1.79734273  -1.55633655
  0.75073975   0.44357228  -1.17671921  -0.30666090   1.86743021   0.73619264   0.39571029   1.79644013  -1.55738455
  0.75135333   0.44200145  -1.17699940  -0.30620263   1.86702403   0.73671397   0.39496127   1.79548424  -1.55849289
  0.75199980   0.44034269  -1.17729361  -0.30571699   1.86659448   0.73726624   0.39416943   1.79447299  -1.55966351
  0.75267956   0.43859426  -1.17760133  -0.30520231   1.86614249   0.73784919   0.39333443   1.79340468  -1.56089889
  0.75339292   0.43675457  -1.17792133  -0.30465722   1.86566821   0.73846435   0.39245448   1.79227639  -1.56220189
  0.75414023   0.43482215  -1.17825265  -0.30408041   1.86517222   0.73911270   0.39152925   1.79108540  -1.56357522
  0.75492200   0.43279538  -1.17859492  -0.30347220   1.86465339   0.73979627   0.39055766   1.78982929  -1.56501974
  0.75573880   0.43067246  -1.17894855  -0.30283278   1.86411318   0.74051096   0.38953878   1.78850916  -1.56653455
  0.75659104   0.42845173  -1.17931345  -0.30216078   1.86355134   0.74125797   0.38847171   1.78712317  -1.56812156
  0.75747890   0.42613183  -1.17968885  -0.30145395   1.86296702   0.74204143   0.38735602   1.78566746  -1.56978446
  0.75840260   0.42371150  -1.18007377  -0.30071165   1.86235941   0.74286348   0.38618950   1.78413941  -1.57152492
  0.75936241   0.42118943  -1.18046764  -0.29993326   1.86173097   0.74371985   0.38497152   1.78253946  -1.57334318
  0.76035854   0.41856433  -1.18086974  -0.29911780   1.86108139   0.74461287   0.38370272   1.78086449  -1.57524142
  0.76139125   0.41583484  -1.18127940  -0.29826470   1.86041081   0.74554259   0.38238214   1.77911294  -1.57722065
  0.76246083   0.41299948  -1.18169646  -0.29737307   1.85972015   0.74650697   0.38100883   1.77728469  -1.57928129
  0.76356735   0.41005674  -1.18212040  -0.29644152   1.85900797   0.74750967   0.37958171   1.77537647  -1.58142544
  0.76471083   0.40700563  -1.18254947  -0.29546782   1.85827379   0.74855394   0.37809875   1.77338448  -1.58365664
  0.76589135   0.40384534  -1.18298239  -0.29445077   1.85751919   0.74963834   0.37656004   1.77130738  -1.58597644
  0.76710897   0.40057503  -1.18341785  -0.29339046   1.85674427   0.75076265   0.37496401   1.76914362  -1.58838508
  0.76836354   0.39719411  -1.18385459  -0.29228521   1.85595200   0.75192387   0.37331159   1.76689225  -1.59088414
  0.76965485   0.39370210  -1.18429084  -0.29113381   1.85514058   0.75312813   0.37160248   1.76454794  -1.59347660
  0.77098268   0.39009808  -1.18472577  -0.28993590   1.85431202   0.75437198   0.36983575   1.76211060  -1.59616191
  0.77234639   0.38638110  -1.18515858  -0.28869120   1.85346727   0.75565389   0.36801035   1.75957918  -1.59893931
  0.77374543   0.38255128  -1.18558589  -0.28739613   1.85260491   0.75698098   0.36612629   1.75694737  -1.60181464
  0.77517968   0.37860861  -1.18600542  -0.28604910   1.85172713   0.75835068   0.36418297   1.75421419  -1.60478950
  0.77664903   0.37455330  -1.18641564  -0.28465061   1.85083596   0.75975875   0.36217890   1.75138027  -1.60786253
  0.77815288   0.37038683  -1.18681459  -0.28319936   1.84993236   0.76120795   0.36011647   1.74844197  -1.61103584
  0.77969020   0.36611200  -1.18719948  -0.28169447   1.84901891   0.76269778   0.35799507   1.74539745  -1.61431012
  0.78125974   0.36173298  -1.18756722  -0.28013554   1.84809697   0.76422847   0.35581600   1.74224606  -1.61768538
  0.78286010   0.35725532  -1.18791471  -0.27852427   1.84716771   0.76579772   0.35358283   1.73899011  -1.62115883
  0.78448984   0.35268543  -1.18824039  -0.27686465   1.84623450   0.76739781   0.35130196   1.73563578  -1.62472387
  0.78614689   0.34803082  -1.18854132  -0.27515722   1.84530034   0.76902343   0.34897531   1.73218824  -1.62837693
  0.78782906   0.34330062  -1.18881082  -0.27339935   1.84436144   0.77068340   0.34660348   1.72864590  -1.63212145
  0.78953502   0.33850349  -1.18904646  -0.27159459   1.84342356   0.77236687   0.34419375   1.72501699  -1.63595144
  0.79126331   0.33364737  -1.18924816  -0.26974548   1.84249507   0.77405874   0.34175265   1.72131227  -1.63985957
  0.79301144   0.32873978  -1.18941614  -0.26785519   1.84157632   0.77575852   0.33928694   1.71753606  -1.64383936
  0.79477781   0.32379080  -1.18953975  -0.26592312   1.84065236   0.77749209   0.33678518   1.71367853  -1.64789623
  0.79656239   0.31880941  -1.18961593  -0.26394816   1.83973799   0.77923463   0.33425874   1.70975410  -1.65202868
  0.79836560   0.31380401  -1.18964331  -0.26193752   1.83883339   0.78098460   0.33171400   1.70576705  -1.65623059
  0.80018727   0.30878185  -1.18962411  -0.25989586   1.83794591   0.78272855   0.32915984   1.70172808  -1.66049400
  0.80202569   0.30374905  -1.18956143  -0.25782821   1.83707799   0.78446143   0.32659843   1.69764378  -1.66480896
  0.80387914   0.29871337  -1.18945176  -0.25574067   1.83621659   0.78620732   0.32402730   1.69350512  -1.66917280
  0.80574639   0.29368398  -1.18928588  -0.25361953   1.83536872   0.78795158   0.32145048   1.68932418  -1.67359687
  0.80762819   0.28866925  -1.18905994  -0.25146980   1.83453606   0.78968724   0.31887107   1.68510830  -1.67807747
  0.80952561   0.28367644  -1.18877440  -0.24929712   1.83371995   0.79141293   0.31629410   1.68086129  -1.68261015
  0.81143948   0.27871207  -1.18843123  -0.24710658   1.83292307   0.79312340   0.31372377   1.67658986  -1.68718898
  0.81337027   0.27378237  -1.18803227  -0.24490222   1.83214715   0.79481373   0.31116377   1.67230129  -1.69180842
  0.81531799   0.26889374  -1.18757789  -0.24268816   1.83139255   0.79648124   0.30861658   1.66800143  -1.69646355
  0.81728226   0.26405256  -1.18706797  -0.24046744   1.83066148   0.79812085   0.30608858   1.66369717  -1.70115094
  0.81926253   0.25926553  -1.18649945  -0.23824036   1.82994839   0.79974209   0.30358178   1.65938779  -1.70587234
  0.82125895   0.25453802  -1.18587261  -0.23600898   1.82925741   0.80133448   0.30109436   1.65508231  -1.71062296
  0.82327207   0.24987530  -1.18518868  -0.23377736   1.82858957   0.80289410   0.29863144   1.65078745  -1.71539885
  0.82530246   0.24528238  -1.18444990  -0.23154867   1.82794669   0.80441723   0.29620150   1.64651006  -1.72019733
  0.82735075   0.24076327  -1.18366095  -0.22933037   1.82733104   0.80589672   0.29380724   1.64225897  -1.72500910
  0.82941713   0.23632293  -1.18282280  -0.22712884   1.82673321   0.80734706   0.29144765   1.63803208  -1.72982983
  0.83150124   0.23196700  -1.18193101  -0.22493689   1.82615350   0.80876573   0.28911700   1.63383377  -1.73466503
  0.83360374   0.22770129  -1.18098317  -0.22275154   1.82559773   0.81014209   0.28682208   1.62967321  -1.73951876
  0.83572646   0.22353078  -1.17998083  -0.22058180   1.82506503   0.81147514   0.28456541   1.62555534  -1.74438484
  0.83787127   0.21945919  -1.17892822  -0.21843415   1.82455528   0.81276270   0.28234991   1.62148674  -1.74925756
  0.84003957   0.21548986  -1.17782916  -0.21631142   1.82406776   0.81400384   0.28017865   1.61747368  -1.75413408
  0.84223236   0.21162605  -1.17668664  -0.21421532   1.82360135   0.81519862   0.27805200   1.61352122  -1.75901218
  0.84445040   0.20787094  -1.17550265  -0.21214744   1.82315312   0.81634998   0.27596991   1.60963281  -1.76389034
  0.84669421   0.20422800  -1.17427786  -0.21011119   1.82272341   0.81745382   0.27393141   1.60581458  -1.76876510
  0.84896406   0.20070134  -1.17301296  -0.20810804   1.82231507   0.81850471   0.27194700   1.60207464  -1.77363740
  0.85126046   0.19729455  -1.17170892  -0.20614223   1.82192281   0.81951012   0.27001407   1.59841343  -1.77850429
  0.85358412   0.19401013  -1.17036893  -0.20421621   1.82154720   0.82046661   0.26812821   1.59483650  -1.78336113
  0.85593566   0.19085081  -1.16899595  -0.20232998   1.82119061   0.82136879   0.26629750   1.59135259  -1.78820847
  0.85831570   0.18781950  -1.16759126  -0.20048688   1.82084705   0.82222415   0.26452050   1.58796296  -1.79304419
  0.86072484   0.18491900  -1.16615678  -0.19869026   1.82051651   0.82303002   0.26279502   1.58467301  -1.79786445
  0.86316355   0.18215230  -1.16469465  -0.19694128   1.82020189   0.82378039   0.26112901   1.58149137  -1.80266943
  0.86563243   0.17952196  -1.16320681  -0.19524263   1.81989866   0.82448124   0.25952091   1.57841966  -1.80745712
  0.86813219   0.17702982  -1.16169659  -0.19359587   1.81960568   0.82513279   0.25796663   1.57546150  -1.81222419
  0.87066333   0.17467808  -1.16016618  -0.19200263   1.81932182   0.82573484   0.25646843   1.57262209  -1.81696956
  0.87322621   0.17246918  -1.15861678  -0.19046457   1.81904676   0.82628535   0.25503114   1.56990794  -1.82169307
  0.87582128   0.17040502  -1.15705031  -0.18898348   1.81877780   0.82678641   0.25365416   1.56732258  -1.82639306
  0.87844908   0.16848683  -1.15547008  -0.18756039   1.81851260   0.82723988   0.25233453   1.56486915  -1.83106696
  0.88111009   0.16671597  -1.15387931  -0.18619566   1.81825039   0.82764511   0.25107355   1.56255284  -1.83571365
  0.88380458   0.16509423  -1.15227985  -0.18489075   1.81798899   0.82800329   0.24987221   1.56037785  -1.84033193
  0.88653270   0.16362368  -1.15067298  -0.18364720   1.81772681   0.82831483   0.24873147   1.55834848  -1.84492063
  0.88929453   0.16230647  -1.14905998  -0.18246650   1.81746233   0.82858028   0.24765205   1.55646878  -1.84947852
  0.89209017   0.16114472  -1.14744233  -0.18134999   1.81719405   0.82880024   0.24663464   1.55474282  -1.85400433
  0.89491967   0.16014049  -1.14582165  -0.18029893   1.81692045   0.82897533   0.24567985   1.55317474  -1.85849667
  0.89778312   0.15929583  -1.14419981  -0.17931440   1.81664037   0.82910552   0.24478862   1.55176908  -1.86295414
  0.90068057   0.15861274  -1.14257875  -0.17839754   1.81635286   0.82919049   0.24396213   1.55053062  -1.86737522
  0.90361197   0.15809349  -1.14095955  -0.17754992   1.81605367   0.82923531   0.24319874   1.54946087  -1.87175813
  0.90657725   0.15774023  -1.13934406  -0.17677157   1.81574353   0.82923702   0.24250058   1.54856584  -1.87610201
  0.90957625   0.15755521  -1.13773373  -0.17606385   1.81542031   0.82919722   0.24186796   1.54784909  -1.88040503
  0.91260873   0.15754052  -1.13613012  -0.17542779   1.81508292   0.82911586   0.24130190   1.54731492  -1.88466548
  0.91567423   0.15769799  -1.13453445  -0.17486452   1.81472965   0.82899351   0.24080324   1.54696722  -1.88888155
  0.91877209   0.15802897  -1.13294766  -0.17437498   1.81435905   0.82883020   0.24037317   1.54680976  -1.89305158
  0.92190137   0.15853406  -1.13137065  -0.17395977   1.81397028   0.82862613   0.24001235   1.54684488  -1.89717395
  0.92506088   0.15921302  -1.12980454  -0.17361887   1.81356371   0.82838207   0.23972008   1.54707227  -1.90124715
  0.92824912   0.16006471  -1.12825047  -0.17335177   1.81314049   0.82809938   0.23949484   1.54748940  -1.90526975
  0.93146434   0.16108728  -1.12670948  -0.17315768   1.81270209   0.82777918   0.23933496   1.54809302  -1.90924037
  0.93470455   0.16227839  -1.12518227  -0.17303547   1.81225007   0.82742191   0.23923923   1.54888005  -1.91315782
  0.93796749   0.16363542  -1.12366928  -0.17298396   1.81178548   0.82702857   0.23920675   1.54984710  -1.91702100
  0.94125088   0.16515580  -1.12217043  -0.17300295   1.81130795   0.82660232   0.23923568   1.55098942  -1.92082820
  0.94455238   0.16683693  -1.12068626  -0.17309150   1.81082126   0.82613978   0.23932551   1.55230532  -1.92457755
  0.94786953   0.16867648  -1.11921690  -0.17324900   1.81032571   0.82564361   0.23947537   1.55379033  -1.92826753
  0.95119980   0.17067219  -1.11776253  -0.17347459   1.80982279   0.82511462   0.23968428   1.55544063  -1.93189636
  0.95454059   0.17282190  -1.11632331  -0.17376733   1.80931534   0.82455054   0.23995168   1.55725422  -1.93546195
  0.95788927   0.17512370  -1.11489867  -0.17412692   1.80880226   0.82395552   0.24027732   1.55922660  -1.93896283
  0.96124322   0.17757558  -1.11348875  -0.17455274   1.80828726   0.82332677   0.24066033   1.56135528  -1.94239649
  0.96459986   0.18017552  -1.11209351  -0.17504405   1.80777313   0.82266302   0.24109966   1.56363699  -1.94576073
  0.96795672   0.18292142  -1.11071242  -0.17559874   1.80726016   0.82196600   0.24159567   1.56606821  -1.94905527
  0.97131181   0.18581126  -1.10934488  -0.17621284   1.80675123   0.82123316   0.24214967   1.56864746  -1.95228147
  0.97466308   0.18884312  -1.10798988  -0.17688646   1.80624454   0.82046950   0.24275701   1.57136788  -1.95543683
  0.97800776   0.19201465  -1.10664764  -0.17762301   1.80573666   0.81968124   0.24341510   1.57422402  -1.95851559
  0.98134260   0.19532339  -1.10531900  -0.17841917   1.80523295   0.81886240   0.24412906   1.57721707  -1.96151747
  0.98466447   0.19876739  -1.10400289  -0.17927306   1.80473483   0.81801350   0.24489684   1.58034226  -1.96444067
  0.98797049   0.20234479  -1.10269839  -0.18018263   1.80424464   0.81713330   0.24571901   1.58359681  -1.96728433
  0.99125831   0.20605383  -1.10140453  -0.18114619   1.80376356   0.81622197   0.24659594   1.58697764  -1.97004780
  0.99452597   0.20989283  -1.10012016  -0.18216235   1.80329376   0.81527845   0.24752475   1.59048046  -1.97272965
  0.99777076   0.21385959  -1.09884488  -0.18323216   1.80283085   0.81431095   0.24850444   1.59409912  -1.97532684
  1.00098962   0.21795166  -1.09757958  -0.18435363   1.80237948   0.81331327   0.24953817   1.59783480  -1.97783720
  1.00417972   0.22216735  -1.09632330  -0.18552621   1.80193934   0.81228774   0.25062545   1.60168333  -1.98025859
  1.00733863   0.22650534  -1.09507398  -0.18674512   1.80151497   0.81123035   0.25176643   1.60564207  -1.98259272
  1.01046517   0.23096454  -1.09382889  -0.18800681   1.80111124   0.81013685   0.25295780   1.60970661  -1.98484114
  1.01355809   0.23554345  -1.09258575  -0.18931328   1.80071877   0.80902342   0.25419683   1.61386672  -1.98700296
  1.01661460   0.24023875  -1.09134648  -0.19066284   1.80033968   0.80788351   0.25549043   1.61812791  -1.98907574
  1.01963187   0.24504783  -1.09011034  -0.19205297   1.79997696   0.80671485   0.25683233   1.62248423  -1.99105678
  1.02260643   0.24996823  -1.08887743  -0.19348437   1.79963182   0.80551885   0.25822591   1.62693256  -1.99294310
  1.02553569   0.25499803  -1.08764447  -0.19494982   1.79930776   0.80429284   0.25967118   1.63146912  -1.99473892
  1.02841830   0.26013554  -1.08640879  -0.19644626   1.79900739   0.80303726   0.26116573   1.63608729  -1.99644635
  1.03125408   0.26537946  -1.08516616  -0.19797622   1.79871854   0.80177451   0.26270121   1.64077048  -1.99806601
  1.03404356   0.27072654  -1.08391763  -0.19953402   1.79845008   0.80048369   0.26428682   1.64553239  -1.99960070
  1.03678734   0.27617336  -1.08266710  -0.20111917   1.79821408   0.79914361   0.26592531   1.65038184  -2.00104663
  1.03948558   0.28171847  -1.08141302  -0.20272566   1.79801625   0.79775336   0.26761736   1.65531261  -2.00240996
  1.04213868   0.28736276  -1.08014392  -0.20434637   1.79784869   0.79633686   0.26935125   1.66029997  -2.00370424
  1.04474723   0.29310501  -1.07885354  -0.20599884   1.79768911   0.79492531   0.27109997   1.66531930  -2.00491711
  1.04731182   0.29894060  -1.07754906  -0.20770361   1.79750292   0.79356372   0.27287978   1.67036703  -2.00603645
  1.04982776   0.30486239  -1.07623965  -0.20943956   1.79732069   0.79220110   0.27468679   1.67545980  -2.00706076
  1.05228139   0.31085915  -1.07495311  -0.21120342   1.79716774   0.79078247   0.27658816   1.68065933  -2.00796788
  1.05466156   0.31692922  -1.07367547  -0.21296158   1.79706497   0.78929760   0.27854762   1.68593319  -2.00877441
  1.05696601   0.32307689  -1.07237501  -0.21470217   1.79700000   0.78778889   0.28053122   1.69122890  -2.00950768
  1.05919718   0.32930138  -1.07104214  -0.21644460   1.79695159   0.78628546   0.28255026   1.69654006  -2.01016683
  1.06135001   0.33558980  -1.06970379  -0.21822096   1.79690590   0.78476565   0.28463637   1.70191519  -2.01070299
  1.06341113   0.34193212  -1.06837403  -0.22003480   1.79681992   0.78329868   0.28675552   1.70731181  -2.01109209
  1.06536468   0.34831918  -1.06706800  -0.22184439   1.79674575   0.78180606   0.28893887   1.71276989  -2.01133787
  1.06720566   0.35475244  -1.06576424  -0.22361962   1.79669870   0.78028276   0.29117381   1.71826884  -2.01147170
  1.06893095   0.36123063  -1.06445205  -0.22539424   1.79663221   0.77879566   0.29343230   1.72377079  -2.01147312
  1.07054737   0.36775539  -1.06311493  -0.22714947   1.79656353   0.77733859   0.29571588   1.72926298  -2.01137722
  1.07206839   0.37432407  -1.06174590  -0.22886040   1.79653217   0.77583213   0.29805585   1.73479554  -2.01121449
  1.07351173   0.38093442  -1.06034530  -0.23053815   1.79654540   0.77426603   0.30043549   1.74036204  -2.01099026
  1.07489035   0.38758325  -1.05892633  -0.23220333   1.79661034   0.77264181   0.30285731   1.74595657  -2.01069601
  1.07620241   0.39426262  -1.05751179  -0.23388471   1.79669718   0.77098545   0.30533669   1.75158990  -2.01029459
  1.07741942   0.40096051  -1.05613646  -0.23563390   1.79671704   0.76941586   0.30784961   1.75722179  -2.00970178
  1.07850836   0.40767428  -1.05479203  -0.23736874   1.79671728   0.76789247   0.31037657   1.76283785  -2.00895172
  1.07946117   0.41440935  -1.05343608  -0.23904224   1.79672873   0.76639646   0.31290994   1.76841831  -2.00810279
  1.08028724   0.42116345  -1.05204685  -0.24067061   1.79674611   0.76490679   0.31547064   1.77398980  -2.00716204
  1.08099336   0.42792759  -1.05063953  -0.24230742   1.79672179   0.76348728   0.31804806   1.77952794  -2.00609070
  1.08157097   0.43468683  -1.04925721  -0.24394697   1.79668044   0.76208312   0.32067916   1.78508080  -2.00485244
  1.08201334   0.44143850  -1.04789857  -0.24554398   1.79665836   0.76065821   0.32335413   1.79064550  -2.00347513
  1.08232478   0.44818822  -1.04652806  -0.24707831   1.79665407   0.75923994   0.32603859   1.79617887  -2.00200626
  1.08251858   0.45493732  -1.04512739  -0.24858102   1.79664016   0.75786545   0.32872125   1.80166095  -2.00044980
  1.08260575   0.46168010  -1.04370997  -0.25004924   1.79664544   0.75647706   0.33145239   1.80714197  -1.99880639
  1.08259414   0.46841510  -1.04227200  -0.25149437   1.79664986   0.75512324   0.33416829   1.81256507  -1.99708183
  1.08249487   0.47514045  -1.04081208  -0.25289888   1.79666719   0.75378003   0.33690383   1.81795623  -1.99530195
  1.08231705   0.48184862  -1.03935413  -0.25427918   1.79672887   0.75236485   0.33971041   1.82338467  -1.99343467
  1.08206412   0.48853502  -1.03791340  -0.25563128   1.79685400   0.75085473   0.34257419   1.82884896  -1.99147380
  1.08173565   0.49520110  -1.03648101  -0.25693027   1.79704344   0.74927494   0.34547725   1.83431904  -1.98945127
  1.08133144   0.50184945  -1.03503675  -0.25820367   1.79724271   0.74771923   0.34836310   1.83972864  -1.98736872
  1.08083633   0.50846970  -1.03362352  -0.25958051   1.79729323   0.74638893   0.35123833   1.84502927  -1.98509842
  1.08021103   0.51505379  -1.03226563  -0.26095407   1.79726321   0.74517180   0.35410698   1.85027697  -1.98265564
  1.07942699   0.52160387  -1.03094780  -0.26224121   1.79722576   0.74398030   0.35696968   1.85549426  -1.98008300
  1.07847653   0.52812525  -1.02963491  -0.26344209   1.79719435   0.74282308   0.35981955   1.86065486  -1.97740401
  1.07736952   0.53461700  -1.02830172  -0.26456742   1.79719233   0.74167273   0.36268061   1.86576656  -1.97463733
  1.07612179   0.54107134  -1.02694817  -0.26565994   1.79718270   0.74057870   0.36553969   1.87080346  -1.97177132
  1.07474567   0.54747586  -1.02560253  -0.26672548   1.79717961   0.73949674   0.36841875   1.87580039  -1.96878686
  1.07324904   0.55382627  -1.02427211  -0.26775093   1.79717959   0.73844375   0.37129314   1.88073707  -1.96570340
  1.07164068   0.56012413  -1.02294500  -0.26871851   1.79719614   0.73741659   0.37415713   1.88560396  -1.96255617
  1.06993334   0.56636830  -1.02161516  -0.26964218   1.79723765   0.73639184   0.37701858   1.89041425  -1.95934606
  1.06813733   0.57255671  -1.02028299  -0.27053399   1.79729256   0.73539302   0.37987011   1.89515206  -1.95607907
  1.06625774   0.57868452  -1.01896229  -0.27141027   1.79735337   0.73441975   0.38271886   1.89982482  -1.95273645
  1.06429676   0.58475024  -1.01765327  -0.27226983   1.79740756   0.73350686   0.38553292   1.90440048  -1.94933139
  1.06226160   0.59075295  -1.01635014  -0.27310280   1.79746401   0.73265382   0.38832209   1.90887631  -1.94588725
  1.06015826   0.59668845  -1.01505119  -0.27387906   1.79757287   0.73176451   0.39112223   1.91331008  -1.94241828
  1.05799512   0.60255341  -1.01375274  -0.27462266   1.79771093   0.73087699   0.39390544   1.91767175  -1.93892370
  1.05577587   0.60834430  -1.01246210  -0.27537238   1.79783485   0.73007735   0.39664803   1.92190748  -1.93539021
  1.05350491   0.61405728  -1.01117928  -0.27613621   1.79793597   0.72938107   0.39933316   1.92600210  -1.93182113
  1.05118601   0.61968648  -1.00990124  -0.27686552   1.79805502   0.72869567   0.40197995   1.93001464  -1.92824260
  1.04881320   0.62521983  -1.00867810  -0.27758728   1.79819629   0.72795339   0.40469601   1.93403600  -1.92456544
  1.04636238   0.63065538  -1.00753461  -0.27829433   1.79832991   0.72722936   0.40738972   1.93799927  -1.92077900
  1.04381319   0.63599847  -1.00646207  -0.27894626   1.79847466   0.72654018   0.41004320   1.94187767  -1.91691691
  1.04115756   0.64125240  -1.00543647  -0.27954483   1.79862838   0.72590032   0.41265723   1.94565864  -1.91299100
  1.03839718   0.64641381  -1.00444463  -0.28009838   1.79880084   0.72529002   0.41524299   1.94934938  -1.90900168
  1.03553972   0.65147611  -1.00348008  -0.28061639   1.79898212   0.72472524   0.41779018   1.95293509  -1.90495872
  1.03259709   0.65643221  -1.00253753  -0.28110141   1.79916538   0.72422169   0.42028676   1.95639949  -1.90088259
  1.02958407   0.66127577  -1.00161214  -0.28154901   1.79935941   0.72377073   0.42273510   1.95974073  -1.89679724
  1.02651402   0.66599993  -1.00070779  -0.28195681   1.79958057   0.72333961   0.42515376   1.96297710  -1.89270945
  1.02339608   0.67059723  -0.99983614  -0.28233659   1.79983386   0.72289572   0.42754633   1.96612903  -1.88860129
  1.02023630   0.67506214  -0.99901174  -0.28270244   1.80010399   0.72245707   0.42991144   1.96919008  -1.88446085
  1.01703512   0.67939171  -0.99824826  -0.28305912   1.80038045   0.72204986   0.43223641   1.97214280  -1.88028518
  1.01379012   0.68358421  -0.99755509  -0.28340728   1.80065593   0.72169271   0.43451455   1.97497634  -1.87607214
  1.01049907   0.68763794  -0.99693184  -0.28374512   1.80092599   0.72138479   0.43674342   1.97769424  -1.87182055
  1.00716099   0.69155103  -0.99637518  -0.28406127   1.80120211   0.72111040   0.43892350   1.98030192  -1.86754048
  1.00377718   0.69532066  -0.99588080  -0.28435381   1.80148404   0.72087383   0.44105103   1.98279335  -1.86324130
  1.00035089   0.69894229  -0.99544712  -0.28462525   1.80177135   0.72067484   0.44312589   1.98516595  -1.85892675
  0.99688642   0.70241021  -0.99507569  -0.28487700   1.80206597   0.72050817   0.44515089   1.98742039  -1.85459923
  0.99338832   0.70571866  -0.99476861  -0.28511088   1.80236397   0.72038042   0.44711881   1.98954939  -1.85026450
  0.98986118   0.70886195  -0.99452868  -0.28532794   1.80266361   0.72029166   0.44902843   1.99155140  -1.84592591
  0.98630938   0.71183478  -0.99435873  -0.28552954   1.80296468   0.72023721   0.45088233   1.99342869  -1.84158431
  0.98273681   0.71463246  -0.99426142  -0.28571628   1.80326671   0.72021694   0.45267876   1.99517922  -1.83724306
  0.97914695   0.71725078  -0.99423889  -0.28588892   1.80356629   0.72023811   0.45441106   1.99679606  -1.83290784
  0.97554310   0.71968553  -0.99429366  -0.28604812   1.80386349   0.72029897   0.45607840   1.99827855  -1.82858076
  0.97192850   0.72193246  -0.99442842  -0.28619513   1.80415866   0.72039462   0.45768391   1.99962929  -1.82426141
  0.96830615   0.72398751  -0.99464534  -0.28633151   1.80444945   0.72052677   0.45922533   2.00084610  -1.81995154
  0.96467885   0.72584670  -0.99494675  -0.28645733   1.80473621   0.72069497   0.46070085   2.00192695  -1.81565407
  0.96104938   0.72750602  -0.99533447  -0.28657305   1.80501783   0.72090097   0.46210811   2.00286883  -1.81137221
  0.95742057   0.72896120  -0.99581033  -0.28667899   1.80529373   0.72114500   0.46344551   2.00366965  -1.80710883
  0.95379530   0.73020779  -0.99637610  -0.28677566   1.80556264   0.72142786   0.46471115   2.00432715  -1.80286670
  0.95017647   0.73124121  -0.99703380  -0.28686339   1.80582348   0.72174995   0.46590337   2.00483936  -1.79864846
  0.94656695   0.73205708  -0.99778555  -0.28694246   1.80607508   0.72211195   0.46702037   2.00520429  -1.79445671
  0.94296940   0.73265155  -0.99863348  -0.28701295   1.80631653   0.72251455   0.46806035   2.00542008  -1.79029397
  0.93938620   0.73302176  -0.99957936  -0.28707501   1.80654699   0.72295872   0.46902139   2.00548508  -1.78616258
  0.93581928   0.73316629  -1.00062412  -0.28712903   1.80676587   0.72344507   0.46990230   2.00539845  -1.78206424
  0.93227008   0.73308538  -1.00176764  -0.28717576   1.80697327   0.72397279   0.47070366   2.00516101  -1.77799952
  0.92873952   0.73278087  -1.00300889  -0.28721624   1.80716971   0.72454039   0.47142702   2.00477458  -1.77396813
  0.92522807   0.73225580  -1.00434632  -0.28725162   1.80735589   0.72514664   0.47207391   2.00424117  -1.76996951
  0.92173588   0.73151407  -1.00577828  -0.28728278   1.80753288   0.72579045   0.47264571   2.00356291  -1.76600307
  0.91826289   0.73056004  -1.00730316  -0.28731048   1.80770188   0.72647094   0.47314368   2.00274191  -1.76206811
  0.91480890   0.72939832  -1.00891933  -0.28733530   1.80786426   0.72718724   0.47356908   2.00178038  -1.75816394
  0.91137361   0.72803364  -1.01062514  -0.28735783   1.80802142   0.72793860   0.47392302   2.00068044  -1.75428981
  0.90795668   0.72647082  -1.01241879  -0.28737858   1.80817491   0.72872419   0.47420667   1.99944417  -1.75044506
  0.90455770   0.72471466  -1.01429837  -0.28739816   1.80832654   0.72954315   0.47442134   1.99807344  -1.74662899
  0.90117625   0.72277003  -1.01626177  -0.28741751   1.80847811   0.73039519   0.47456787   1.99656943  -1.74284098
  0.89781187   0.72064167  -1.01830719  -0.28743708   1.80863351   0.73127678   0.47464794   1.99493463  -1.73907999
  0.89446413   0.71833417  -1.02043241  -0.28745754   1.80879306   0.73218924   0.47466211   1.99316993  -1.73534579
  0.89113259   0.71585197  -1.02263547  -0.28747882   1.80895827   0.73313155   0.47461164   1.99127757  -1.73163798
  0.88781678   0.71319951  -1.02491435  -0.28750118   1.80913052   0.73410323   0.47449740   1.98925925  -1.72795610
  0.88451618   0.71038135  -1.02726699  -0.28752487   1.80931190   0.73510308   0.47432055   1.98711679  -1.72429958
  0.88123021   0.70740221  -1.02969110  -0.28755032   1.80950421   0.73613054   0.47408207   1.98485165  -1.72066793
  0.87795824   0.70426699  -1.03218419  -0.28757785   1.80970974   0.73718434   0.47378322   1.98246558  -1.71706059
  0.87469954   0.70098080  -1.03474367  -0.28760796   1.80993069   0.73826381   0.47342522   1.97995995  -1.71347706
  0.87145339   0.69754883  -1.03736690  -0.28764138   1.81016959   0.73936826   0.47300890   1.97733575  -1.70991679
  0.86821900   0.69397624  -1.04005150  -0.28767827   1.81043060   0.74049435   0.47253574   1.97459519  -1.70637896
  0.86499567   0.69026812  -1.04279470  -0.28771913   1.81071405   0.74164389   0.47200635   1.97173891  -1.70286345
  0.86178266   0.68642943  -1.04559410  -0.28776379   1.81102228   0.74281522   0.47142215   1.96876918  -1.69936976
  0.85857930   0.68246506  -1.04844727  -0.28781249   1.81135705   0.74400789   0.47078385   1.96568745  -1.69589742
  0.85538488   0.67837992  -1.05135176  -0.28786537   1.81172054   0.74522060   0.47009280   1.96249564  -1.69244579
  0.85219869   0.67417898  -1.05430488  -0.28792282   1.81211420   0.74645309   0.46934999   1.95919519  -1.68901433
  0.84901998   0.66986732  -1.05730383  -0.28798515   1.81254025   0.74770396   0.46855686   1.95578801  -1.68560231
  0.84584791   0.66545009  -1.06034575  -0.28805271   1.81300119   0.74897183   0.46771439   1.95227568  -1.68220913
  0.84268164   0.66093250  -1.06342775  -0.28812582   1.81349916   0.75025580   0.46682379   1.94865969  -1.67883426
  0.83952028   0.65631977  -1.06654694  -0.28820470   1.81403634   0.75155479   0.46588649   1.94494177  -1.67547706
  0.83636289   0.65161717  -1.06970053  -0.28828946   1.81461501   0.75286782   0.46490351   1.94112342  -1.67213706
  0.83320853   0.64682998  -1.07288576  -0.28838013   1.81523753   0.75419388   0.46387581   1.93720623  -1.66881382
  0.83005624   0.64196357  -1.07609983  -0.28847703   1.81590576   0.75553233   0.46280511   1.93319182  -1.66550655
  0.82690510   0.63702336  -1.07933987  -0.28858053   1.81662203   0.75688153   0.46169290   1.92908229  -1.66221425
  0.82375415   0.63201485  -1.08260286  -0.28869106   1.81738825   0.75824037   0.46054064   1.92487954  -1.65893601
  0.82060247   0.62694363  -1.08588576  -0.28880890   1.81820664   0.75960714   0.45934998   1.92058585  -1.65567093
  0.81744915   0.62181524  -1.08918564  -0.28893442   1.81907921   0.76098068   0.45812196   1.91620314  -1.65241820
  0.81429337   0.61663525  -1.09249955  -0.28906819   1.82000740   0.76236025   0.45685891   1.91173344  -1.64917680
  0.81113429   0.61140927  -1.09582447  -0.28921063   1.82099358   0.76374318   0.45556239   1.90717968  -1.64594549
  0.80797109   0.60614292  -1.09915742  -0.28936216   1.82203953   0.76512827   0.45423353   1.90254394  -1.64272345
  0.80480304   0.60084177  -1.10249550  -0.28952341   1.82314639   0.76651491   0.45287471   1.89782836  -1.63950968
  0.80162940   0.59551140  -1.10583579  -0.28969481   1.82431640   0.76790035   0.45148749   1.89303600  -1.63630295
  0.79844944   0.59015738  -1.10917540  -0.28987684   1.82555127   0.76928301   0.45007332   1.88816932  -1.63310231
  0.79526253   0.58478525  -1.11251153  -0.29007028   1.82685179   0.77066247   0.44863446   1.88323049  -1.62990671
  0.79206804   0.57940049  -1.11584137  -0.29027560   1.82822010   0.77203569   0.44717267   1.87822286  -1.62671485
  0.78886536   0.57400860  -1.11916219  -0.29049341   1.82965772   0.77340088   0.44568955   1.87314914  -1.62352564
  0.78565398   0.56861501  -1.12247135  -0.29072455   1.83116508   0.77475766   0.44418735   1.86801172  -1.62033799
  0.78243338   0.56322509  -1.12576627  -0.29096950   1.83274416   0.77610272   0.44266800   1.86281433  -1.61715050
  0.77920310   0.55784426  -1.12904436  -0.29122909   1.83439581   0.77743492   0.44113302   1.85755959  -1.61396209
  0.77596272   0.55247790  -1.13230315  -0.29150414   1.83612111   0.77875264   0.43958475   1.85225041  -1.61077155
  0.77271185   0.54713136  -1.13554012  -0.29179549   1.83792139   0.78005328   0.43802522   1.84689030  -1.60757748
  0.76945019   0.54180997  -1.13875276  -0.29210408   1.83979740   0.78133508   0.43645639   1.84148248  -1.60437862
  0.76617746   0.53651899  -1.14193872  -0.29243068   1.84175007   0.78259580   0.43488038   1.83603048  -1.60117374
  0.76289349   0.53126362  -1.14509572  -0.29277625   1.84377977   0.78383401   0.43329912   1.83053758  -1.59796165
  0.75959815   0.52604897  -1.14822164  -0.29314180   1.84588746   0.78504716   0.43171484   1.82500744  -1.59474093
  0.75629139   0.52088009  -1.15131444  -0.29352848   1.84807376   0.78623314   0.43012962   1.81944365  -1.59151019
  0.75297320   0.51576193  -1.15437217  -0.29393734   1.85033900   0.78739009   0.42854545   1.81384977  -1.58826817
  0.74964365   0.51069934  -1.15739299  -0.29436932   1.85268356   0.78851580   0.42696441   1.80822969  -1.58501363
  0.74630290   0.50569712  -1.16037509  -0.29482541   1.85510743   0.78960840   0.42538855   1.80258729  -1.58174541
  0.74295113   0.50076002  -1.16331683  -0.29530680   1.85761068   0.79066601   0.42381986   1.79692635  -1.57846223
  0.73958861   0.49589266  -1.16621666  -0.29581474   1.86019360   0.79168627   0.42226047   1.79125081  -1.57516275
  0.73621565   0.49109956  -1.16907300  -0.29635048   1.86285612   0.79266713   0.42071246   1.78556460  -1.57184572
  0.73283261   0.48638517  -1.17188449  -0.29691535   1.86559812   0.79360654   0.41917786   1.77987169  -1.56850987
  0.72943993   0.48175373  -1.17464998  -0.29751062   1.86841951   0.79450245   0.41765864   1.77417601  -1.56515394
  0.72603811   0.47720922  -1.17736846  -0.29813748   1.87131960   0.79535332   0.41615655   1.76848146  -1.56177682
  0.72262772   0.47275540  -1.18003918  -0.29879654   1.87429818   0.79615621   0.41467375   1.76279299  -1.55837747
  0.71920933   0.46839613  -1.18266102  -0.29948948   1.87735196   0.79691325   0.41321157   1.75711319  -1.55495508
  0.71578354   0.46413521  -1.18523328  -0.30021770   1.88048251   0.79761954   0.41177234   1.75144699  -1.55150801
  0.71235092   0.45997637  -1.18775547  -0.30098210   1.88369152   0.79826985   0.41035830   1.74579967  -1.54803491
  0.70891217   0.45592319  -1.19022661  -0.30178399   1.88697404   0.79886905   0.40897014   1.74017288  -1.54453586
  0.70546796   0.45197927  -1.19264595  -0.30262458   1.89032907   0.79941562   0.40760972   1.73457069  -1.54101000
  0.70201895   0.44814825  -1.19501287  -0.30350570   1.89375947   0.79990216   0.40627951   1.72899883  -1.53745518
  0.69856584   0.44443353  -1.19732669  -0.30442880   1.89726468   0.80032666   0.40498139   1.72346122  -1.53387046
  0.69510944   0.44083812  -1.19958702  -0.30539478   1.90084001   0.80069331   0.40371652   1.71795994  -1.53025619
  0.69165060   0.43736483  -1.20179409  -0.30640434   1.90448468   0.80099973   0.40248614   1.71249967  -1.52661144
  0.68819015   0.43401637  -1.20394809  -0.30745854   1.90819944   0.80124108   0.40129194   1.70708588  -1.52293475
  0.68472892   0.43079550  -1.20604856  -0.30855896   1.91198044   0.80142000   0.40013528   1.70172078  -1.51922588
  0.68126772   0.42770482  -1.20809551  -0.30970615   1.91582724   0.80153328   0.39901802   1.69640936  -1.51548419
  0.67780738   0.42474690  -1.21008876  -0.31090139   1.91973772   0.80158061   0.39794141   1.69115510  -1.51170904
  0.67434870   0.42192421  -1.21202826  -0.31214605   1.92371024   0.80156127   0.39690683   1.68596139  -1.50789975
  0.67089248   0.41923898  -1.21391446  -0.31344060   1.92774528   0.80147099   0.39591598   1.68083331  -1.50405555
  0.66743953   0.41669342  -1.21574720  -0.31478631   1.93183780   0.80131449   0.39496965   1.67577217  -1.50017669
  0.66399063   0.41428960  -1.21752682  -0.31618376   1.93598748   0.80108811   0.39406944   1.67078300  -1.49626237
  0.66054651   0.41202952  -1.21925349  -0.31763386   1.94019322   0.80078950   0.39321665   1.66587015  -1.49231178
  0.65710793   0.40991507  -1.22092751  -0.31913702   1.94445207   0.80041983   0.39241242   1.66103651  -1.48832508
  0.65367556   0.40794808  -1.22254911  -0.32069381   1.94876068   0.79998109   0.39165755   1.65628451  -1.48430245
  0.65025006   0.40613042  -1.22411851  -0.32230503   1.95311838   0.79947059   0.39095353   1.65161835  -1.48024318
  0.64683201   0.40446395  -1.22563577  -0.32397153   1.95752448   0.79888541   0.39030196   1.64704223  -1.47614652
  0.64342198   0.40295039  -1.22710080  -0.32569408   1.96197536   0.79822766   0.38970379   1.64255837  -1.47201255
  0.64002049   0.40159133  -1.22851397  -0.32747281   1.96646934   0.79749643   0.38916019   1.63817031  -1.46784122
  0.63662796   0.40038848  -1.22987548  -0.32930837   1.97100502   0.79669064   0.38867235   1.63388129  -1.46363205
  0.63324476   0.39934350  -1.23118538  -0.33120114   1.97557972   0.79581099   0.38824136   1.62969408  -1.45938504
  0.62987125   0.39845789  -1.23244393  -0.33315092   1.98019081   0.79485800   0.38786818   1.62561173  -1.45510043
  0.62650776   0.39773298  -1.23365147  -0.33515753   1.98483613   0.79383160   0.38755368   1.62163738  -1.45077828
  0.62315453   0.39717016  -1.23480816  -0.33722108   1.98951399   0.79273116   0.38729901   1.61777401  -1.44641850
  0.61981167   0.39677114  -1.23591363  -0.33934225   1.99422301   0.79155582   0.38710561   1.61402419  -1.44202080
  0.61647918   0.39653758  -1.23696711  -0.34152134   1.99896051   0.79030619   0.38697440   1.61039026  -1.43758528
  0.61315699   0.39647093  -1.23796773  -0.34375810   2.00372290   0.78898359   0.38690628   1.60687470  -1.43311240
  0.60984499   0.39657226  -1.23891562  -0.34605100   2.00850995   0.78758447   0.38690437   1.60348190  -1.42860298
  0.60654308   0.39684243  -1.23981158  -0.34839922   2.01331939   0.78611012   0.38696898   1.60021388  -1.42405721
  0.60325113   0.39728223  -1.24065602  -0.35080319   2.01814444   0.78456952   0.38709779   1.59706937  -1.41947501
  0.59996872   0.39789305  -1.24144911  -0.35326231   2.02298840   0.78295451   0.38729240   1.59405386  -1.41485512
  0.59669521   0.39867680  -1.24218866  -0.35577665   2.02784853   0.78126573   0.38755441   1.59116894  -1.41019813
  0.59342989   0.39963508  -1.24287318  -0.35834416   2.03272200   0.77950480   0.38788862   1.58841593  -1.40550699
  0.59017225   0.40076910  -1.24350277  -0.36096387   2.03760768   0.77767094   0.38829506   1.58579761  -1.40078138
  0.58692184   0.40207969  -1.24407770  -0.36363637   2.04250146   0.77576778   0.38876963   1.58331541  -1.39601911
  0.58367789   0.40356827  -1.24459737  -0.36636085   2.04740316   0.77379318   0.38931405   1.58097194  -1.39122012
  0.58043936   0.40523674  -1.24505891  -0.36913639   2.05231063   0.77174759   0.38993203   1.57876800  -1.38638639
  0.57720541   0.40708711  -1.24545783  -0.37196578   2.05721741   0.76963500   0.39061915   1.57670399  -1.38151555
  0.57397560   0.40912058  -1.24579169  -0.37485106   2.06211840   0.76745833   0.39137389   1.57478045  -1.37660589
  0.57074969   0.41133811  -1.24605822  -0.37779569   2.06701094   0.76521569   0.39219209   1.57299995  -1.37165291
  0.56752742   0.41374098  -1.24625328  -0.38080386   2.07188579   0.76291559   0.39306791   1.57136066  -1.36665364
  0.56430853   0.41633189  -1.24637086  -0.38387955   2.07674136   0.76055485   0.39400327   1.56986304  -1.36160692
  0.56109183   0.41911345  -1.24640483  -0.38702600   2.08157412   0.75813392   0.39499838   1.56850646  -1.35651141
  0.55787439   0.42208785  -1.24634919  -0.39024760   2.08637816   0.75565608   0.39604506   1.56729086  -1.35136070
  0.55465200   0.42525721  -1.24619813  -0.39353674   2.09114972   0.75312930   0.39713792   1.56621451  -1.34615982
  0.55141996   0.42862320  -1.24595235  -0.39687338   2.09591148   0.75052510   0.39829174   1.56528984  -1.34092110
  0.54817358   0.43218798  -1.24560718  -0.40024527   2.10066263   0.74784712   0.39950399   1.56451880  -1.33565224
  0.54490762   0.43595418  -1.24515788  -0.40363686   2.10541705   0.74507395   0.40077485   1.56391418  -1.33035978
  0.54161911   0.43992400  -1.24459941  -0.40705835   2.11015386   0.74223490   0.40210622   1.56346184  -1.32503907
  0.53830384   0.44409820  -1.24393295  -0.41050125   2.11488909   0.73930395   0.40350690   1.56317385  -1.31969006
  0.53495688   0.44847970  -1.24314782  -0.41396397   2.11961509   0.73629183   0.40496509   1.56304651  -1.31431271
  0.53157307   0.45307030  -1.24223809  -0.41743300   2.12434105   0.73318835   0.40648850   1.56308252  -1.30891765
  0.52814736   0.45787017  -1.24119848  -0.42089374   2.12907545   0.72997967   0.40807448   1.56329075  -1.30351137
  0.52467960   0.46288126  -1.24001658  -0.42436812   2.13379025   0.72670335   0.40971058   1.56364949  -1.29808350
  0.52117008   0.46810169  -1.23869454  -0.42785191   2.13850339   0.72332864   0.41140267   1.56417055  -1.29263261
  0.51761827   0.47352705  -1.23723467  -0.43133857   2.14321379   0.71985951   0.41315740   1.56485004  -1.28716511
  0.51402181   0.47915390  -1.23562769  -0.43482790   2.14791847   0.71629689   0.41494969   1.56568791  -1.28167620
  0.51037538   0.48497834  -1.23385732  -0.43830145   2.15261079   0.71265154   0.41673595   1.56668768  -1.27617413
  0.50667925   0.49099562  -1.23192436  -0.44175759   2.15727394   0.70897837   0.41859873   1.56778770  -1.27070135
  0.50293053   0.49719822  -1.22981928  -0.44517904   2.16193426   0.70521231   0.42047115   1.56903877  -1.26523922
  0.49913080   0.50357968  -1.22753370  -0.44860126   2.16656439   0.70138775   0.42232819   1.57041433  -1.25976236
  0.49527438   0.51012784  -1.22508360  -0.45196237   2.17120576   0.69747879   0.42423624   1.57190935  -1.25433211
  0.49136223   0.51683524  -1.22245732  -0.45525131   2.17585359   0.69349443   0.42615962   1.57352243  -1.24895745
  0.48739913   0.52369519  -1.21963330  -0.45852172   2.18044278   0.68950036   0.42802452   1.57523111  -1.24359312
  0.48338080   0.53069352  -1.21663521  -0.46172373   2.18501823   0.68544251   0.42990632   1.57704706  -1.23828024
  0.47931006   0.53782453  -1.21345709  -0.46484210   2.18959707   0.68131489   0.43178536   1.57896555  -1.23303673
  0.47519219   0.54507991  -1.21008673  -0.46788801   2.19415078   0.67714281   0.43358194   1.58099628  -1.22784245
  0.47102544   0.55244841  -1.20653502  -0.47086642   2.19868569   0.67292732   0.43537274   1.58310151  -1.22271273
  0.46681930   0.55992617  -1.20279168  -0.47379011   2.20317520   0.66871144   0.43712115   1.58526303  -1.21764975
  0.46259243   0.56750578  -1.19886558  -0.47671676   2.20760055   0.66449818   0.43881149   1.58747180  -1.21260975
  0.45835138   0.57516907  -1.19477993  -0.47962863   2.21194743   0.66030092   0.44042895   1.58974269  -1.20759624
  0.45408131   0.58288984  -1.19057291  -0.48244098   2.21623540   0.65612468   0.44205155   1.59206935  -1.20267537
  0.44977916   0.59066357  -1.18622482  -0.48513785   2.22048844   0.65196045   0.44365685   1.59443700  -1.19787037
  0.44546202   0.59849410  -1.18170782  -0.48777719   2.22469907   0.64778455   0.44514275   1.59686844  -1.19312591
  0.44114841   0.60637492  -1.17704445  -0.49037117   2.22885322   0.64362909   0.44650795   1.59935256  -1.18844429
  0.43685694   0.61429568  -1.17228357  -0.49289014   2.23296402   0.63954503   0.44783959   1.60183779  -1.18389061
  0.43260860   0.62225276  -1.16743830  -0.49535886   2.23702729   0.63552561   0.44913834   1.60432751  -1.17945339
  0.42841304   0.63024378  -1.16249104  -0.49780889   2.24100820   0.63155436   0.45035429   1.60685785  -1.17509245
  0.42427266   0.63824666  -1.15745978  -0.50023013   2.24490898   0.62759590   0.45147155   1.60946267  -1.17079207
  0.42020190   0.64624603  -1.15237049  -0.50262230   2.24874927   0.62367228   0.45248077   1.61211273  -1.16656878
  0.41621697   0.65424890  -1.14723628  -0.50499706   2.25249716   0.61993343   0.45341517   1.61469828  -1.16248083
  0.41234001   0.66224825  -1.14209270  -0.50736369   2.25617528   0.61629792   0.45430099   1.61727617  -1.15850258
  0.40856777   0.67025111  -1.13690456  -0.50973821   2.25978674   0.61270506   0.45509117   1.61989254  -1.15460123
  0.40489215   0.67825045  -1.13166417  -0.51210020   2.26332589   0.60914539   0.45579232   1.62255702  -1.15078712
  0.40130639   0.68625331  -1.12636662  -0.51446587   2.26677242   0.60569232   0.45640837   1.62521535  -1.14706688
  0.39781278   0.69425092  -1.12106051  -0.51684464   2.27013730   0.60236970   0.45695574   1.62785122  -1.14342527
  0.39441249   0.70224857  -1.11576015  -0.51925289   2.27343305   0.59912710   0.45745921   1.63049576  -1.13982945
  0.39109460   0.71025136  -1.11043614  -0.52167110   2.27666049   0.59594334   0.45791371   1.63316384  -1.13629204
  0.38785061   0.71824858  -1.10506823  -0.52407118   2.27981726   0.59281626   0.45826838   1.63587212  -1.13282763
  0.38467314   0.72623969  -1.09965162  -0.52647427   2.28287362   0.58982863   0.45854103   1.63854948  -1.12944376
  0.38154245   0.73421560  -1.09421691  -0.52883870   2.28585031   0.58702242   0.45872885   1.64117617  -1.12616445
  0.37846011   0.74216558  -1.08878342  -0.53115572   2.28874638   0.58438118   0.45883183   1.64377652  -1.12298097
  0.37544804   0.75008264  -1.08334588  -0.53344611   2.29152242   0.58186611   0.45887390   1.64638874  -1.11987480
  0.37251605   0.75795744  -1.07790963  -0.53570997   2.29418824   0.57940618   0.45887918   1.64905156  -1.11683324
  0.36967489   0.76578617  -1.07247071  -0.53795452   2.29675706   0.57700357   0.45879976   1.65176325  -1.11385967
  0.36693661   0.77356397  -1.06704037  -0.54018006   2.29920598   0.57476085   0.45863383   1.65445535  -1.11099588
  0.36431509   0.78128308  -1.06164268  -0.54242462   2.30153641   0.57263622   0.45844101   1.65712609  -1.10820791
  0.36179735   0.78894423  -1.05625306  -0.54468422   2.30375132   0.57060118   0.45819522   1.65979561  -1.10548378
  0.35936053   0.79654649  -1.05084587  -0.54692139   2.30584597   0.56864606   0.45789515   1.66247675  -1.10284120
  0.35698903   0.80408340  -1.04541092  -0.54910588   2.30780548   0.56676578   0.45753642   1.66519109  -1.10028750
  0.35468206   0.81154352  -1.03996805  -0.55123226   2.30964162   0.56493431   0.45713468   1.66794968  -1.09781394
  0.35245391   0.81891585  -1.03454605  -0.55331709   2.31135581   0.56319053   0.45667077   1.67072685  -1.09541965
  0.35031786   0.82619222  -1.02916485  -0.55536161   2.31293113   0.56162622   0.45610108   1.67348173  -1.09313066
  0.34829103   0.83336954  -1.02383166  -0.55738981   2.31436095   0.56023817   0.45543060   1.67621055  -1.09093801
  0.34638698   0.84044972  -1.01853762  -0.55938822   2.31566766   0.55893184   0.45470210   1.67895950  -1.08884957
  0.34459706   0.84743502  -1.01325732  -0.56134826   2.31682358   0.55769117   0.45392982   1.68174835  -1.08686310
  0.34291240   0.85432578  -1.00797235  -0.56326908   2.31779616   0.55653961   0.45312011   1.68456828  -1.08497946
  0.34133087   0.86111685  -1.00268740  -0.56516451   2.31857980   0.55546587   0.45228680   1.68741838  -1.08317894
  0.33984799   0.86780156  -0.99741608  -0.56703501   2.31920198   0.55447553   0.45141527   1.69027872  -1.08146181
  0.33845838   0.87436617  -0.99218956  -0.56886457   2.31968074   0.55358923   0.45048654   1.69314118  -1.07983387
  0.33716921   0.88079542  -0.98704166  -0.57066401   2.31999598   0.55285170   0.44949477   1.69599036  -1.07828665
  0.33598168   0.88708019  -0.98198917  -0.57242260   2.32014852   0.55226553   0.44846287   1.69881952  -1.07682950
  0.33489266   0.89321796  -0.97701827  -0.57413886   2.32012399   0.55180586   0.44739008   1.70165217  -1.07545253
  0.33390191   0.89920943  -0.97211295  -0.57581276   2.31990678   0.55145282   0.44629837   1.70449724  -1.07415444
  0.33301511   0.90505419  -0.96726561  -0.57744410   2.31947989   0.55118607   0.44518487   1.70738410  -1.07292913
  0.33222991   0.91075542  -0.96247099  -0.57902260   2.31885760   0.55102451   0.44405670   1.71028188  -1.07180234
  0.33154923   0.91631470  -0.95772220  -0.58056158   2.31803353   0.55098692   0.44289373   1.71317885  -1.07077164
  0.33097760   0.92173044  -0.95302560  -0.58206541   2.31701147   0.55105481   0.44169781   1.71608841  -1.06982891
  0.33051678   0.92700089  -0.94838911  -0.58353170   2.31580045   0.55120631   0.44047521   1.71902441  -1.06896987
  0.33016697   0.93212552  -0.94381576  -0.58496363   2.31440630   0.55143230   0.43922548   1.72199014  -1.06818958
  0.32993006   0.93710169  -0.93931423  -0.58635751   2.31282882   0.55171453   0.43795887   1.72500295  -1.06748310
  0.32979870   0.94193010  -0.93488192  -0.58772510   2.31103818   0.55212139   0.43669382   1.72800956  -1.06685552
  0.32975282   0.94661508  -0.93050495  -0.58904928   2.30906546   0.55266090   0.43537902   1.73100318  -1.06631708
  0.32979639   0.95115780  -0.92618295  -0.59031452   2.30694350   0.55326609   0.43402698   1.73401713  -1.06587306
  0.32993526   0.95556134  -0.92190686  -0.59152685   2.30466040   0.55396642   0.43262992   1.73703165  -1.06553599
  0.33018007   0.95982325  -0.91768361  -0.59270502   2.30220385   0.55474610   0.43118990   1.74006536  -1.06528589
  0.33052699   0.96394539  -0.91351528  -0.59384072   2.29956572   0.55564229   0.42971687   1.74309288  -1.06513969
  0.33097105   0.96793016  -0.90940191  -0.59495244   2.29674736   0.55666464   0.42822318   1.74609082  -1.06508347
  0.33150765   0.97177760  -0.90534873  -0.59604552   2.29377126   0.55776746   0.42670467   1.74908515  -1.06509481
  0.33213153   0.97548860  -0.90135516  -0.59711386   2.29064567   0.55894867   0.42515414   1.75207730  -1.06517606
  0.33283755   0.97906352  -0.89742181  -0.59815135   2.28737982   0.56020073   0.42357436   1.75506795  -1.06532882
  0.33361789   0.98250251  -0.89354888  -0.59915021   2.28399104   0.56150057   0.42195864   1.75807024  -1.06554908
  0.33447270   0.98580679  -0.88972954  -0.60011063   2.28046434   0.56287558   0.42030661   1.76106812  -1.06584657
  0.33540516   0.98897694  -0.88596261  -0.60105187   2.27678107   0.56435837   0.41863519   1.76402958  -1.06621743
  0.33641600   0.99201360  -0.88225549  -0.60197227   2.27298680   0.56587320   0.41694078   1.76699256  -1.06664680
  0.33750422   0.99491687  -0.87860806  -0.60287872   2.26907642   0.56742832   0.41521109   1.76995756  -1.06712797
  0.33866424   0.99768751  -0.87501942  -0.60374845   2.26505324   0.56903565   0.41343997   1.77292389  -1.06768199
  0.33989646   1.00032749  -0.87148373  -0.60459211   2.26090495   0.57072742   0.41163997   1.77585815  -1.06831367
  0.34120248   1.00283637  -0.86799852  -0.60542778   2.25660428   0.57253851   0.40981178   1.77874185  -1.06901416
  0.34258156   1.00521436  -0.86457384  -0.60624756   2.25220705   0.57437370   0.40795933   1.78162241  -1.06976856
  0.34403226   1.00746172  -0.86121013  -0.60705858   2.24771087   0.57624107   0.40608396   1.78449113  -1.07057204
  0.34555170   1.00957903  -0.85790142  -0.60786165   2.24309236   0.57819091   0.40417165   1.78732528  -1.07143433
  0.34713665   1.01156689  -0.85464704  -0.60864142   2.23836312   0.58021496   0.40222066   1.79012948  -1.07236769
  0.34878524   1.01342536  -0.85144657  -0.60939653   2.23353680   0.58229154   0.40023365   1.79291033  -1.07336931
  0.35049493   1.01515394  -0.84830073  -0.61013133   2.22862292   0.58440745   0.39821512   1.79566709  -1.07443216
  0.35225975   1.01675212  -0.84521333  -0.61084240   2.22364418   0.58653534   0.39616823   1.79840672  -1.07555032
  0.35408095   1.01821947  -0.84217995  -0.61154080   2.21858322   0.58869863   0.39408313   1.80111967  -1.07671987
  0.35596416   1.01955323  -0.83920881  -0.61224702   2.21343079   0.59088722   0.39198968   1.80380347  -1.07792029
  0.35790556   1.02075504  -0.83629342  -0.61296073   2.20815775   0.59318251   0.38986475   1.80641662  -1.07917049
  0.35989770   1.02182667  -0.83343594  -0.61365951   2.20280854   0.59553312   0.38768821   1.80898986  -1.08047693
  0.36193757   1.02277017  -0.83062843  -0.61432269   2.19739627   0.59791879   0.38545740   1.81153623  -1.08185631
  0.36402566   1.02358704  -0.82786691  -0.61495475   2.19193526   0.60031384   0.38319182   1.81405306  -1.08330489
  0.36616352   1.02427583  -0.82514796  -0.61558239   2.18639170   0.60276401   0.38088555   1.81651624  -1.08480750
  0.36835179   1.02483376  -0.82248381  -0.61621289   2.18079076   0.60522213   0.37854890   1.81894531  -1.08634501
  0.37058742   1.02525977  -0.81987377  -0.61683065   2.17511659   0.60773900   0.37617053   1.82131696  -1.08794203
  0.37286832   1.02555316  -0.81731995  -0.61743317   2.16939373   0.61027560   0.37375600   1.82364445  -1.08959295
  0.37519421   1.02571221  -0.81482497  -0.61804149   2.16362296   0.61282143   0.37132175   1.82592056  -1.09127565
  0.37756070   1.02573590  -0.81238173  -0.61863722   2.15778250   0.61542407   0.36882598   1.82814238  -1.09301336
  0.37996471   1.02562412  -0.80999153  -0.61920754   2.15189817   0.61805329   0.36628378   1.83031280  -1.09481360
  0.38240746   1.02537556  -0.80765029  -0.61976736   2.14595587   0.62072401   0.36369953   1.83241813  -1.09666784
  0.38489625   1.02498801  -0.80536046  -0.62032198   2.13997371   0.62339230   0.36108111   1.83447677  -1.09856904
  0.38742778   1.02446113  -0.80312391  -0.62087634   2.13394643   0.62608854   0.35841620   1.83646956  -1.10051760
  0.39000081   1.02379315  -0.80094830  -0.62143526   2.12788799   0.62878782   0.35571864   1.83840251  -1.10250138
  0.39260892   1.02298404  -0.79882754  -0.62198283   2.12178070   0.63153892   0.35296628   1.84025801  -1.10454190
  0.39525546   1.02203182  -0.79676199  -0.62252394   2.11564185   0.63429581   0.35017372   1.84205329  -1.10662897
  0.39793345   1.02093448  -0.79475840  -0.62308368   2.10947104   0.63706070   0.34734140   1.84378006  -1.10873089
  0.40063043   1.01969089  -0.79281434  -0.62363045   2.10325046   0.63989257   0.34445285   1.84541567  -1.11087922
  0.40333866   1.01830019  -0.79092698  -0.62414099   2.09700625   0.64275575   0.34151282   1.84697353  -1.11308557
  0.40605592   1.01676035  -0.78909090  -0.62463390   2.09073708   0.64563912   0.33852085   1.84845295  -1.11533011
  0.40878304   1.01506807  -0.78731020  -0.62513136   2.08444421   0.64853325   0.33549150   1.84984629  -1.11759023
  0.41152028   1.01322080  -0.78558088  -0.62561660   2.07810437   0.65148694   0.33240081   1.85114050  -1.11989189
  0.41427562   1.01121648  -0.78390357  -0.62608131   2.07174883   0.65444823   0.32925999   1.85235178  -1.12224406
  0.41704800   1.00905186  -0.78228551  -0.62654914   2.06536116   0.65744110   0.32607059   1.85346519  -1.12462399
  0.41983069   1.00672537  -0.78073230  -0.62700509   2.05895890   0.66044699   0.32282754   1.85449249  -1.12703520
  0.42261971   1.00423506  -0.77924326  -0.62745995   2.05252945   0.66348804   0.31953659   1.85541557  -1.12946817
  0.42541141   1.00157960  -0.77781611  -0.62789456   2.04609356   0.66653290   0.31618485   1.85625498  -1.13193391
  0.42820769   0.99875694  -0.77645070  -0.62831743   2.03965565   0.66957044   0.31278488   1.85700639  -1.13442539
  0.43100395   0.99576587  -0.77514092  -0.62872703   2.03316803   0.67269053   0.30932063   1.85763051  -1.13695615
  0.43379354   0.99260462  -0.77389664  -0.62911650   2.02666060   0.67583373   0.30580299   1.85815980  -1.13951119
  0.43657562   0.98927728  -0.77271209  -0.62949375   2.02016422   0.67897317   0.30223557   1.85858608  -1.14208610
  0.43935310   0.98578628  -0.77158630  -0.62987102   2.01368227   0.68210413   0.29862526   1.85890515  -1.14467256
  0.44212524   0.98213575  -0.77050886  -0.63023013   2.00718472   0.68528328   0.29494375   1.85910624  -1.14729821
  0.44489558   0.97832948  -0.76948230  -0.63057538   2.00069394   0.68846457   0.29121587   1.85920607  -1.14995371
  0.44766490   0.97437249  -0.76850303  -0.63091579   1.99419823   0.69166847   0.28743417   1.85919862  -1.15263494
  0.45043743   0.97027103  -0.76756769  -0.63124032   1.98772107   0.69486011   0.28360290   1.85910088  -1.15535304
  0.45321136   0.96603126  -0.76666942  -0.63154359   1.98123983   0.69808401   0.27971006   1.85889953  -1.15811948
  0.45599322   0.96165948  -0.76580213  -0.63183292   1.97476752   0.70131511   0.27577201   1.85859896  -1.16093295
  0.45877440   0.95716082  -0.76497130  -0.63211665   1.96830079   0.70456321   0.27178256   1.85820195  -1.16377460
  0.46154428   0.95254086  -0.76418234  -0.63239591   1.96184502   0.70783100   0.26775689   1.85770374  -1.16663092
  0.46429693   0.94780530  -0.76343583  -0.63267535   1.95541954   0.71109345   0.26370514   1.85711075  -1.16948851
  0.46702753   0.94296028  -0.76272103  -0.63293369   1.94901930   0.71436008   0.25960290   1.85643444  -1.17236632
  0.46974136   0.93801098  -0.76203406  -0.63317896   1.94265947   0.71759825   0.25547084   1.85568343  -1.17525896
  0.47243628   0.93296255  -0.76137846  -0.63343147   1.93633009   0.72083865   0.25131390   1.85483632  -1.17814853
  0.47510652   0.92782125  -0.76074620  -0.63367038   1.93001043   0.72412723   0.24711276   1.85388330  -1.18105658
  0.47775335   0.92259281  -0.76013571  -0.63389102   1.92373907   0.72739575   0.24288983   1.85285088  -1.18398041
  0.48037696   0.91728271  -0.75953426  -0.63408701   1.91749123   0.73067779   0.23861419   1.85174112  -1.18693270
  0.48298987   0.91189755  -0.75893384  -0.63425799   1.91129801   0.73392500   0.23431467   1.85056033  -1.18992558
  0.48559382   0.90644227  -0.75834287  -0.63443479   1.90516007   0.73715005   0.23000066   1.84929264  -1.19293091
  0.48818569   0.90092021  -0.75777272  -0.63462609   1.89906728   0.74036056   0.22566970   1.84795000  -1.19592964
  0.49075407   0.89533782  -0.75722479  -0.63481841   1.89299567   0.74361438   0.22132675   1.84650850  -1.19892774
  0.49328735   0.88970250  -0.75668595  -0.63497332   1.88697504   0.74685101   0.21693650   1.84502214  -1.20194424
  0.49578608   0.88402195  -0.75614810  -0.63511415   1.88102470   0.75005193   0.21253845   1.84347043  -1.20496312
  0.49824803   0.87830165  -0.75560882  -0.63525200   1.87513499   0.75324488   0.20813105   1.84183637  -1.20797608
  0.50067032   0.87254727  -0.75505282  -0.63535165   1.86929304   0.75644435   0.20367465   1.84013816  -1.21101701
  0.50306550   0.86676280  -0.75447743  -0.63542817   1.86351968   0.75960336   0.19920468   1.83838591  -1.21408099
  0.50543990   0.86095135  -0.75389617  -0.63551814   1.85781572   0.76272943   0.19474663   1.83656335  -1.21713620
  0.50779188   0.85511574  -0.75332323  -0.63562377   1.85218289   0.76581204   0.19028865   1.83469496  -1.22016761
  0.51011461   0.84926221  -0.75276287  -0.63572988   1.84661418   0.76887808   0.18584294   1.83276959  -1.22318193
  0.51239870   0.84339962  -0.75219370  -0.63581783   1.84107306   0.77199795   0.18136918   1.83076740  -1.22620091
  0.51464786   0.83753323  -0.75161102  -0.63587521   1.83562473   0.77504000   0.17689647   1.82874925  -1.22922833
  0.51685997   0.83166753  -0.75102137  -0.63593742   1.83026762   0.77801570   0.17243889   1.82669954  -1.23222873
  0.51902640   0.82581013  -0.75041388  -0.63599579   1.82497232   0.78100617   0.16796933   1.82457852  -1.23521363
  0.52114278   0.81996859  -0.74976862  -0.63600540   1.81974897   0.78399817   0.16347444   1.82239907  -1.23822552
  0.52322196   0.81414580  -0.74908364  -0.63600374   1.81460579   0.78695304   0.15898171   1.82017366  -1.24124072
  0.52527552   0.80834448  -0.74836856  -0.63600216   1.80955085   0.78985082   0.15450948   1.81791310  -1.24425330
  0.52730508   0.80256878  -0.74763784  -0.63602115   1.80456626   0.79274168   0.15007196   1.81558849  -1.24724374
  0.52930366   0.79682329  -0.74690129  -0.63606461   1.79965930   0.79561168   0.14564549   1.81322414  -1.25019190
  0.53126085   0.79111373  -0.74616068  -0.63611003   1.79482525   0.79846746   0.14124130   1.81082642  -1.25310470
  0.53316794   0.78544744  -0.74540602  -0.63614017   1.79008905   0.80127177   0.13685022   1.80841513  -1.25598957
  0.53502211   0.77982977  -0.74462635  -0.63615529   1.78544468   0.80402797   0.13247049   1.80599124  -1.25884791
  0.53682123   0.77426619  -0.74380424  -0.63613720   1.78086626   0.80677583   0.12808549   1.80354381  -1.26170268
  0.53857108   0.76875922  -0.74294564  -0.63610983   1.77637340   0.80948285   0.12373143   1.80107454  -1.26453546
  0.54027664   0.76331003  -0.74206259  -0.63608894   1.77198007   0.81211413   0.11941128   1.79860817  -1.26732742
  0.54193892   0.75792309  -0.74115924  -0.63607080   1.76767768   0.81469465   0.11512831   1.79613455  -1.27008157
  0.54355631   0.75260629  -0.74021797  -0.63603079   1.76344989   0.81726042   0.11085009   1.79364500  -1.27282576
  0.54513870   0.74736430  -0.73924279  -0.63599388   1.75931694   0.81977627   0.10662078   1.79114217  -1.27554680
  0.54668969   0.74219958  -0.73824728  -0.63598033   1.75527860   0.82223448   0.10244521   1.78863895  -1.27822177
  0.54820383   0.73711664  -0.73723422  -0.63597926   1.75133270   0.82463828   0.09829409   1.78615109  -1.28084925
  0.54967503   0.73212383  -0.73618441  -0.63595372   1.74746630   0.82702057   0.09415590   1.78366468  -1.28346485
  0.55111671   0.72722590  -0.73508818  -0.63591280   1.74370277   0.82932605   0.09005394   1.78120073  -1.28607788
  0.55253597   0.72242489  -0.73395909  -0.63589956   1.74003083   0.83158096   0.08600721   1.77874057  -1.28865406
  0.55392438   0.71772342  -0.73281084  -0.63591272   1.73644328   0.83381140   0.08201005   1.77627818  -1.29117815
  0.55527038   0.71312487  -0.73164838  -0.63593888   1.73294575   0.83600319   0.07805941   1.77383181  -1.29364453
  0.55657162   0.70863325  -0.73046903  -0.63597124   1.72955475   0.83811742   0.07416728   1.77142373  -1.29605640
  0.55782702   0.70425303  -0.72927004  -0.63601341   1.72626134   0.84017210   0.07033849   1.76904518  -1.29841176
  0.55903686   0.69998761  -0.72805096  -0.63606773   1.72305784   0.84217001   0.06656942   1.76670444  -1.30070792
  0.56020235   0.69583990  -0.72681102  -0.63612584   1.71994824   0.84408613   0.06284814   1.76442921  -1.30295010
  0.56132328   0.69181357  -0.72555451  -0.63619399   1.71692425   0.84594159   0.05919226   1.76220663  -1.30513250
  0.56239499   0.68791542  -0.72427635  -0.63628703   1.71397223   0.84780118   0.05559980   1.75998678  -1.30724344
  0.56340825   0.68414866  -0.72297604  -0.63638877   1.71110476   0.84964433   0.05207137   1.75778284  -1.30928577
  0.56435992   0.68051403  -0.72165219  -0.63649207   1.70833418   0.85142711   0.04860677   1.75562739  -1.31126073
  0.56525722   0.67700978  -0.72030323  -0.63659067   1.70566624   0.85310206   0.04520589   1.75356043  -1.31317977
  0.56610758   0.67363839  -0.71892609  -0.63669492   1.70308990   0.85472736   0.04188052   1.75153021  -1.31504755
  0.56691300   0.67039775  -0.71752642  -0.63681874   1.70059539   0.85631656   0.03861097   1.74953760  -1.31684967
  0.56767157   0.66728479  -0.71611124  -0.63695621   1.69817734   0.85786883   0.03540458   1.74758934  -1.31858570
  0.56838498   0.66429627  -0.71468548  -0.63710465   1.69583519   0.85937772   0.03228076   1.74568804  -1.32025919
  0.56905565   0.66142918  -0.71325192  -0.63727337   1.69358058   0.86082193   0.02922481   1.74384496  -1.32186195
  0.56968372   0.65868059  -0.71181190  -0.63745714   1.69140726   0.86221136   0.02623056   1.74205702  -1.32339757
  0.57026993   0.65604699  -0.71036641  -0.63765201   1.68931447   0.86353826   0.02329279   1.74033215  -1.32486918
  0.57081343   0.65352647  -0.70891119  -0.63785343   1.68728229   0.86483850   0.02041028   1.73865107  -1.32628302
  0.57131588   0.65111466  -0.70744934  -0.63806210   1.68531998   0.86607901   0.01758396   1.73703536  -1.32763875
  0.57178103   0.64880790  -0.70598217  -0.63827165   1.68343725   0.86723087   0.01481615   1.73550195  -1.32894515
  0.57220957   0.64660399  -0.70451719  -0.63850678   1.68162081   0.86834259   0.01211590   1.73401312  -1.33018128
  0.57259978   0.64450064  -0.70305739  -0.63876399   1.67986368   0.86943624   0.00948956   1.73255269  -1.33134800
  0.57294740   0.64249556  -0.70159624  -0.63903406   1.67816230   0.87050363   0.00689793   1.73113727  -1.33244732
  0.57325092   0.64058721  -0.70012545  -0.63929561   1.67650962   0.87155071   0.00435483   1.72976076  -1.33350197
  0.57351591   0.63877161  -0.69864916  -0.63955844   1.67491656   0.87254943   0.00187839   1.72843381  -1.33451052
  0.57374444   0.63704635  -0.69717112  -0.63983855   1.67338520   0.87350747  -0.00054537   1.72714847  -1.33545882
  0.57393646   0.63540965  -0.69568981  -0.64012513   1.67190790   0.87444110  -0.00291399   1.72589428  -1.33635700
  0.57409138   0.63386014  -0.69418611  -0.64039225   1.67046255   0.87535679  -0.00527526   1.72468826  -1.33723024
  0.57421838   0.63239375  -0.69267168  -0.64066527   1.66905685   0.87624685  -0.00758646   1.72352095  -1.33806765
  0.57432096   0.63100544  -0.69116360  -0.64096020   1.66770342   0.87708981  -0.00984011   1.72240373  -1.33885161
  0.57439762   0.62969311  -0.68966839  -0.64127407   1.66639908   0.87790035  -0.01203482   1.72132729  -1.33957945
  0.57444676   0.62845528  -0.68818639  -0.64159928   1.66514643   0.87867190  -0.01417383   1.72029621  -1.34025519
  0.57446511   0.62729290  -0.68670200  -0.64191883   1.66391967   0.87944774  -0.01627584   1.71929059  -1.34089555
  0.57445260   0.62620534  -0.68520080  -0.64221547   1.66274177   0.88017435  -0.01836349   1.71833857  -1.34152011
  0.57441859   0.62518853  -0.68369419  -0.64252376   1.66160883   0.88086745  -0.02040014   1.71741991  -1.34211061
  0.57436556   0.62423787  -0.68219665  -0.64285969   1.66051312   0.88154323  -0.02238202   1.71652859  -1.34264936
  0.57429244   0.62334971  -0.68071593  -0.64321334   1.65945974   0.88218252  -0.02431312   1.71568209  -1.34313842
  0.57419576   0.62252501  -0.67923751  -0.64356190   1.65843558   0.88280710  -0.02622165   1.71487246  -1.34359642
  0.57407979   0.62176265  -0.67776323  -0.64391459   1.65745828   0.88339592  -0.02808138   1.71409643  -1.34402389
  0.57394325   0.62106043  -0.67629312  -0.64428194   1.65650489   0.88398162  -0.02990929   1.71334557  -1.34440898
  0.57378418   0.62041563  -0.67483130  -0.64465755   1.65559133   0.88453561  -0.03169768   1.71263153  -1.34475414
  0.57360187   0.61982517  -0.67338090  -0.64504283   1.65471437   0.88505747  -0.03344436   1.71195662  -1.34505667
  0.57339609   0.61928786  -0.67193518  -0.64542541   1.65386088   0.88556906  -0.03515403   1.71130919  -1.34532941
  0.57317108   0.61880139  -0.67049151  -0.64580596   1.65304694   0.88603416  -0.03684125   1.71070892  -1.34557667
  0.57292816   0.61836385  -0.66905363  -0.64619875   1.65224736   0.88650936  -0.03848973   1.71012039  -1.34578841
  0.57266820   0.61797223  -0.66762798  -0.64659623   1.65149000   0.88694641  -0.04008933   1.70956346  -1.34597011
  0.57238942   0.61762578  -0.66620652  -0.64699784   1.65074724   0.88738715  -0.04166746   1.70902481  -1.34612079
  0.57209174   0.61732259  -0.66478883  -0.64739813   1.65003561   0.88779932  -0.04322257   1.70851833  -1.34624604
  0.57177605   0.61706080  -0.66337505  -0.64780082   1.64934108   0.88820694  -0.04474411   1.70802988  -1.34634553
  0.57144316   0.61683927  -0.66195552  -0.64819012   1.64866707   0.88859272  -0.04625343   1.70757243  -1.34643564
  0.57110113   0.61665412  -0.66054183  -0.64858523   1.64802007   0.88894654  -0.04772030   1.70714493  -1.34650836
  0.57074976   0.61650405  -0.65913433  -0.64899216   1.64738794   0.88929737  -0.04917220   1.70673553  -1.34655375
  0.57038838   0.61638726  -0.65773961  -0.64940561   1.64678748   0.88962472  -0.05059098   1.70634663  -1.34657439
  0.57001422   0.61630393  -0.65634543  -0.64981359   1.64619585   0.88995866  -0.05200015   1.70596996  -1.34658019
  0.56962983   0.61625099  -0.65495905  -0.65022329   1.64563095   0.89026606  -0.05337684   1.70561679  -1.34656877
  0.56923416   0.61622755  -0.65357368  -0.65063339   1.64507330   0.89057621  -0.05474286   1.70527754  -1.34654048
  0.56882927   0.61623015  -0.65219940  -0.65105246   1.64453801   0.89086440  -0.05607691   1.70495950  -1.34648926
  0.56841421   0.61625794  -0.65083111  -0.65146822   1.64402064   0.89113953  -0.05739051   1.70465780  -1.34642464
  0.56798931   0.61630937  -0.64946770  -0.65188249   1.64351798   0.89140740  -0.05868707   1.70436852  -1.34634594
  0.56755464   0.61638308  -0.64810464  -0.65229203   1.64302154   0.89167632  -0.05997525   1.70409007  -1.34625738
  0.56711299   0.61647562  -0.64675150  -0.65271024   1.64254080   0.89193092  -0.06123559   1.70382593  -1.34614986
  0.56666400   0.61658636  -0.64539977  -0.65312009   1.64206851   0.89217923  -0.06248659   1.70357477  -1.34603824
  0.56621178   0.61671192  -0.64405844  -0.65353261   1.64161474   0.89240517  -0.06371122   1.70334054  -1.34591653
  0.56575560   0.61685212  -0.64272041  -0.65394526   1.64116058   0.89264406  -0.06493092   1.70310747  -1.34578583
  0.56529684   0.61700427  -0.64139479  -0.65436361   1.64072293   0.89287255  -0.06612040   1.70287914  -1.34564273
  0.56483361   0.61716797  -0.64006985  -0.65477463   1.64029108   0.89309683  -0.06731566   1.70266148  -1.34549690
  0.56436809   0.61734025  -0.63875447  -0.65518740   1.63987497   0.89330616  -0.06848734   1.70245090  -1.34534365
  0.56389935   0.61752031  -0.63743866  -0.65559367   1.63945480   0.89352446  -0.06966427   1.70224353  -1.34518964
  0.56342975   0.61770498  -0.63613057  -0.65599994   1.63904469   0.89373035  -0.07082527   1.70204364  -1.34503187
  0.56295868   0.61789374  -0.63482175  -0.65639603   1.63863038   0.89394359  -0.07198909   1.70184490  -1.34487928
  0.56248754   0.61808455  -0.63351520  -0.65678280   1.63822363   0.89414424  -0.07314621   1.70165325  -1.34473334
  0.56201916   0.61827429  -0.63222321  -0.65718074   1.63782938   0.89432837  -0.07428206   1.70146809  -1.34457669
  0.56155199   0.61846377  -0.63093633  -0.65757788   1.63742359   0.89453563  -0.07541912   1.70127457  -1.34441765
  0.56108729   0.61865147  -0.62966251  -0.65797740   1.63703013   0.89472816  -0.07653994   1.70108598  -1.34425433
  0.56062376   0.61883879  -0.62839075  -0.65836850   1.63663129   0.89492931  -0.07766567   1.70089657  -1.34409624
  0.56016476   0.61902420  -0.62712893  -0.65876062   1.63624312   0.89511034  -0.07877819   1.70071780  -1.34393904
  0.55970844   0.61920931  -0.62586961  -0.65914907   1.63584430   0.89531264  -0.07989270   1.70053029  -1.34378464
  0.55925437   0.61939375  -0.62461664  -0.65953319   1.63545455   0.89550661  -0.08099753   1.70034324  -1.34363349
  0.55880122   0.61957797  -0.62336543  -0.65991157   1.63506441   0.89570244  -0.08210379   1.70015617  -1.34348619
  0.55835036   0.61976019  -0.62212594  -0.66029661   1.63468495   0.89588200  -0.08319564   1.69997644  -1.34333214
  0.55789950   0.61994225  -0.62088682  -0.66067231   1.63429379   0.89608231  -0.08428967   1.69978865  -1.34318382
  0.55744905   0.62012383  -0.61964893  -0.66103701   1.63390680   0.89627603  -0.08538108   1.69960342  -1.34304416
  0.55699941   0.62030486  -0.61841173  -0.66139520   1.63351877   0.89647141  -0.08647092   1.69941736  -1.34291013
  0.55655135   0.62048486  -0.61717768  -0.66175002   1.63313298   0.89666353  -0.08755500   1.69923207  -1.34277956
  0.55610590   0.62066312  -0.61595132  -0.66210770   1.63275120   0.89685210  -0.08862873   1.69904694  -1.34264674
  0.55566293   0.62083972  -0.61473276  -0.66246630   1.63237146   0.89703940  -0.08969670   1.69886290  -1.34251207
  0.55522339   0.62101388  -0.61352887  -0.66283212   1.63200140   0.89721515  -0.09074723   1.69868320  -1.34236985
  0.55478531   0.62118735  -0.61233072  -0.66319499   1.63162524   0.89740334  -0.09179900   1.69850044  -1.34222704
  0.55434951   0.62135945  -0.61114449  -0.66356040   1.63125830   0.89758132  -0.09283499   1.69832098  -1.34208020
  0.55391363   0.62153213  -0.60995724  -0.66391456   1.63088473   0.89776960  -0.09387985   1.69814014  -1.34194037
  0.55347774   0.62170543  -0.60876736  -0.66425430   1.63051262   0.89795396  -0.09492515   1.69796122  -1.34181304
  0.55304339   0.62187811  -0.60758016  -0.66459319   1.63014193   0.89813693  -0.09596463   1.69778197  -1.34168741
  0.55261095   0.62204966  -0.60639719  -0.66493076   1.62977236   0.89831935  -0.09699881   1.69760250  -1.34156315
  0.55218100   0.62221955  -0.60522156  -0.66526925   1.62940718   0.89849672  -0.09802549   1.69742486  -1.34143782
  0.55175296   0.62238837  -0.60405063  -0.66560422   1.62904062   0.89867792  -0.09904891   1.69724600  -1.34131461
  0.55132664   0.62255636  -0.60288385  -0.66593442   1.62867550   0.89885746  -0.10006836   1.69706830  -1.34119498
  0.55090225   0.62272339  -0.60172258  -0.66626344   1.62831202   0.89903579  -0.10108240   1.69689139  -1.34107582
  0.55048005   0.62288926  -0.60056862  -0.66659280   1.62795205   0.89921115  -0.10208749   1.69671524  -1.34095576
  0.55006082   0.62305334  -0.59942660  -0.66692815   1.62759810   0.89938229  -0.10307641   1.69653906  -1.34082971
  0.54964290   0.62321683  -0.59828867  -0.66725947   1.62724180   0.89955760  -0.10407054   1.69636429  -1.34070444
  0.54922625   0.62337984  -0.59715511  -0.66758471   1.62688890   0.89972824  -0.10506020   1.69619210  -1.34058325
  0.54881189   0.62354157  -0.59603065  -0.66791363   1.62654203   0.89989206  -0.10603787   1.69602219  -1.34045838
  0.54839885   0.62370280  -0.59491050  -0.66823992   1.62619177   0.90006396  -0.10701322   1.69584928  -1.34033411
  0.54798772   0.62386301  -0.59379816  -0.66856498   1.62584822   0.90022954  -0.10797639   1.69567702  -1.34021007
  0.54757771   0.62402271  -0.59268927  -0.66888736   1.62550296   0.90039830  -0.10894229   1.69550558  -1.34008649
  0.54716979   0.62418108  -0.59158924  -0.66921159   1.62516398   0.90055990  -0.10989569   1.69533628  -1.33996064
  0.54676263   0.62433911  -0.59049111  -0.66953032   1.62482044   0.90072840  -0.11085306   1.69516650  -1.33983760
  0.54635611   0.62449696  -0.58939392  -0.66983990   1.62447816   0.90089373  -0.11180921   1.69499885  -1.33972189
  0.54595068   0.62465434  -0.58829884  -0.67014544   1.62413569   0.90105978  -0.11276115   1.69483059  -1.33960978
  0.54554677   0.62481086  -0.58720765  -0.67044942   1.62379492   0.90122411  -0.11370781   1.69466268  -1.33949906
  0.54514505   0.62496591  -0.58612377  -0.67075578   1.62345792   0.90138506  -0.11464589   1.69449545  -1.33938600
  0.54474568   0.62511937  -0.58504815  -0.67106400   1.62312472   0.90154243  -0.11557647   1.69432981  -1.33927036
  0.54434785   0.62527201  -0.58397721  -0.67136854   1.62279052   0.90170288  -0.11650546   1.69416386  -1.33915628
  0.54395185   0.62542375  -0.58291252  -0.67167148   1.62246098   0.90185802  -0.11742800   1.69400005  -1.33904271
  0.54355703   0.62557519  -0.58185084  -0.67197038   1.62212905   0.90201827  -0.11834880   1.69383468  -1.33893152
  0.54316334   0.62572627  -0.58079210  -0.67226465   1.62179868   0.90217625  -0.11926601   1.69367069  -1.33882387
  0.54277141   0.62587643  -0.57973923  -0.67255982   1.62147086   0.90233207  -0.12017580   1.69350724  -1.33871515
  0.54238161   0.62602527  -0.57869426  -0.67285742   1.62114614   0.90248597  -0.12107631   1.69334406  -1.33860361
  0.54199319   0.62617332  -0.57765377  -0.67315197   1.62082117   0.90264111  -0.12197660   1.69318184  -1.33849301
  0.54160607   0.62632074  -0.57661749  -0.67344231   1.62049812   0.90279436  -0.12287293   1.69302068  -1.33838502
  0.54122008   0.62646772  -0.57558437  -0.67372864   1.62017541   0.90294790  -0.12376614   1.69285968  -1.33827975
  0.54083537   0.62661411  -0.57455511  -0.67401270   1.61985425   0.90309995  -0.12465479   1.69269934  -1.33817600
  0.54045233   0.62675954  -0.57353152  -0.67429728   1.61953541   0.90325026  -0.12553713   1.69253949  -1.33807126
  0.54007070   0.62690413  -0.57251264  -0.67457978   1.61921750   0.90340040  -0.12641594   1.69238016  -1.33796727
  0.53969059   0.62704783  -0.57149900  -0.67486048   1.61890224   0.90354759  -0.12728946   1.69222226  -1.33786403
  0.53931263   0.62719016  -0.57049354  -0.67514402   1.61859233   0.90368860  -0.12815430   1.69206684  -1.33775770
  0.53893601   0.62733186  -0.56949236  -0.67542524   1.61827921   0.90383674  -0.12901749   1.69190919  -1.33765169
  0.53856059   0.62747305  -0.56849504  -0.67570197   1.61796808   0.90398259  -0.12987732   1.69175290  -1.33754854
  0.53818676   0.62761349  -0.56750320  -0.67597810   1.61765993   0.90412603  -0.13072976   1.69159697  -1.33744545
  0.53781475   0.62775298  -0.56651788  -0.67625479   1.61735536   0.90426679  -0.13157394   1.69144128  -1.33734127
  0.53744396   0.62789191  -0.56553616  -0.67652921   1.61704960   0.90441004  -0.13241886   1.69128613  -1.33723758
  0.53707464   0.62803009  -0.56455945  -0.67680163   1.61674648   0.90455052  -0.13325795   1.69113208  -1.33713495
  0.53670641   0.62816780  -0.56358586  -0.67707068   1.61644274   0.90469244  -0.13409541   1.69097828  -1.33703426
  0.53633939   0.62830495  -0.56261591  -0.67733685   1.61614038   0.90483293  -0.13492818   1.69082511  -1.33693562
  0.53597412   0.62844110  -0.56165215  -0.67760442   1.61584050   0.90497204  -0.13575264   1.69067172  -1.33683544
  0.53561016   0.62857650  -0.56069249  -0.67786998   1.61554130   0.90511062  -0.13657643   1.69051981  -1.33673577
  0.53524738   0.62871130  -0.55973651  -0.67813185   1.61524325   0.90524820  -0.13739674   1.69036859  -1.33663845
  0.53488607   0.62884530  -0.55878548  -0.67839308   1.61494729   0.90538412  -0.13821160   1.69021793  -1.33654110
  0.53452605   0.62897864  -0.55783857  -0.67865241   1.61465196   0.90552014  -0.13902332   1.69006765  -1.33644451
  0.53416742   0.62911124  -0.55689627  -0.67891003   1.61435859   0.90565430  -0.13982985   1.68991816  -1.33634880
  0.53381068   0.62924274  -0.55596085  -0.67916943   1.61406883   0.90578526  -0.14062791   1.68976947  -1.33625110
  0.53345521   0.62937359  -0.55502943  -0.67942687   1.61377811   0.90591871  -0.14142555   1.68962095  -1.33615366
  0.53310079   0.62950403  -0.55410110  -0.67967975   1.61348846   0.90605105  -0.14222048   1.68947329  -1.33605928
  0.53274753   0.62963399  -0.55317621  -0.67993030   1.61319991   0.90618251  -0.14301177   1.68932614  -1.33596640
  0.53239553   0.62976333  -0.55225529  -0.68017961   1.61291266   0.90631305  -0.14379882   1.68917943  -1.33587408
  0.53204483   0.62989196  -0.55133869  -0.68042780   1.61262682   0.90644265  -0.14458157   1.68903319  -1.33578212
  0.53169545   0.63001983  -0.55042657  -0.68067469   1.61234237   0.90657135  -0.14536010   1.68888746  -1.33569050
  0.53134739   0.63014693  -0.54951898  -0.68092017   1.61205931   0.90669917  -0.14613453   1.68874227  -1.33559929
  0.53100065   0.63027330  -0.54861588  -0.68116424   1.61177762   0.90682613  -0.14690485   1.68859764  -1.33550848
  0.53065524   0.63039896  -0.54771723  -0.68140694   1.61149730   0.90695222  -0.14767108   1.68845356  -1.33541809
  0.53031116   0.63052393  -0.54682298  -0.68164828   1.61121835   0.90707746  -0.14843327   1.68831005  -1.33532811
  0.52996840   0.63064825  -0.54593308  -0.68188831   1.61094076   0.90720183  -0.14919142   1.68816707  -1.33523854
  0.52962696   0.63077191  -0.54504752  -0.68212705   1.61066454   0.90732535  -0.14994555   1.68802465  -1.33514935
  0.52928683   0.63089491  -0.54416630  -0.68236446   1.61038966   0.90744803  -0.15069567   1.68788278  -1.33506059
  0.52894803   0.63101725  -0.54328947  -0.68260067   1.61011618   0.90756983  -0.15144177   1.68774147  -1.33497211
  0.52861063   0.63113886  -0.54241734  -0.68283611   1.60984424   0.90769065  -0.15218366   1.68760077  -1.33488354
  0.52827453   0.63125983  -0.54154949  -0.68306989   1.60957350   0.90781086  -0.15292176   1.68746056  -1.33479558
  0.52793967   0.63138022  -0.54068564  -0.68330184   1.60930395   0.90793031  -0.15365620   1.68732091  -1.33470848
  0.52760608   0.63150003  -0.53982582  -0.68353239   1.60903567   0.90804892  -0.15438679   1.68718178  -1.33462195
  0.52727375   0.63161922  -0.53897009  -0.68376179   1.60876870   0.90816669  -0.15511347   1.68704316  -1.33453580
  0.52694268   0.63173777  -0.53811852  -0.68399003   1.60850304   0.90828361  -0.15583624   1.68690505  -1.33444998
  0.52661289   0.63185567  -0.53727113  -0.68421704   1.60823868   0.90839971  -0.15655515   1.68676746  -1.33436453
  0.52628436   0.63197291  -0.53642793  -0.68444279   1.60797560   0.90851501  -0.15727026   1.68663038  -1.33427947
  0.52595709   0.63208951  -0.53558889  -0.68466726   1.60771379   0.90862952  -0.15798157   1.68649383  -1.33419480
  0.52563108   0.63220547  -0.53475397  -0.68489048   1.60745325   0.90874323  -0.15868913   1.68635780  -1.33411052
  0.52530634   0.63232081  -0.53392317  -0.68511246   1.60719398   0.90885615  -0.15939292   1.68622230  -1.33402664
  0.52498285   0.63243553  -0.53309643  -0.68533322   1.60693596   0.90896830  -0.16009302   1.68608730  -1.33394315
  0.52466060   0.63254966  -0.53227371  -0.68555275   1.60667919   0.90907966  -0.16078941   1.68595281  -1.33386005
  0.52433958   0.63266319  -0.53145499  -0.68577108   1.60642366   0.90919024  -0.16148210   1.68581883  -1.33377736
  0.52401979   0.63277611  -0.53064028  -0.68598819   1.60616937   0.90930005  -0.16217112   1.68568535  -1.33369505
  0.52370123   0.63288841  -0.52982962  -0.68620409   1.60591632   0.90940910  -0.16285647   1.68555239  -1.33361311
  0.52338391   0.63300012  -0.52902296  -0.68641880   1.60566448   0.90951739  -0.16353821   1.68541994  -1.33353154
  0.52306781   0.63311124  -0.52822025  -0.68663231   1.60541386   0.90962492  -0.16421634   1.68528799  -1.33345036
  0.52275292   0.63322178  -0.52742144  -0.68684464   1.60516445   0.90973171  -0.16489089   1.68515653  -1.33336957
  0.52243922   0.63333173  -0.52662652  -0.68705581   1.60491624   0.90983773  -0.16556188   1.68502556  -1.33328916
  0.52212672   0.63344110  -0.52583548  -0.68726580   1.60466923   0.90994300  -0.16622930   1.68489508  -1.33320913
  0.52181541   0.63354988  -0.52504833  -0.68747463   1.60442341   0.91004754  -0.16689319   1.68476509  -1.33312946
  0.52150528   0.63365809  -0.52426504  -0.68768230   1.60417876   0.91015133  -0.16755357   1.68463559  -1.33305017
  0.52119632   0.63376571  -0.52348558  -0.68788882   1.60393530   0.91025439  -0.16821046   1.68450658  -1.33297123
  0.52088855   0.63387276  -0.52270996  -0.68809419   1.60369300   0.91035672  -0.16886386   1.68437805  -1.33289267
  0.52058196   0.63397923  -0.52193819  -0.68829841   1.60345188   0.91045833  -0.16951379   1.68425001  -1.33281446
  0.52027655   0.63408514  -0.52117021  -0.68850151   1.60321191   0.91055923  -0.17016030   1.68412245  -1.33273661
  0.51997231   0.63419049  -0.52040598  -0.68870349   1.60297309   0.91065940  -0.17080340   1.68399537  -1.33265914
  0.51966924   0.63429529  -0.51964549  -0.68890435   1.60273542   0.91075886  -0.17144308   1.68386876  -1.33258204
  0.51936731   0.63439954  -0.51888872  -0.68910411   1.60249889   0.91085762  -0.17207939   1.68374262  -1.33250529
  0.51906654   0.63450324  -0.51813567  -0.68930277   1.60226351   0.91095566  -0.17271231   1.68361696  -1.33242890
  0.51876692   0.63460638  -0.51738632  -0.68950032   1.60202924   0.91105300  -0.17334190   1.68349177  -1.33235287
  0.51846843   0.63470898  -0.51664064  -0.68969679   1.60179610   0.91114965  -0.17396816   1.68336704  -1.33227719
  0.51817108   0.63481104  -0.51589862  -0.68989216   1.60156407   0.91124561  -0.17459111   1.68324277  -1.33220187
  0.51787485   0.63491255  -0.51516024  -0.69008645   1.60133314   0.91134088  -0.17521076   1.68311896  -1.33212690
  0.51757975   0.63501353  -0.51442548  -0.69027967   1.60110332   0.91143546  -0.17582713   1.68299562  -1.33205227
  0.51728577   0.63511398  -0.51369433  -0.69047183   1.60087460   0.91152936  -0.17644025   1.68287273  -1.33197800
  0.51699290   0.63521389  -0.51296677  -0.69066292   1.60064697   0.91162258  -0.17705011   1.68275030  -1.33190406
  0.51670115   0.63531327  -0.51224279  -0.69085295   1.60042043   0.91171513  -0.17765676   1.68262832  -1.33183047
  0.51641050   0.63541213  -0.51152237  -0.69104194   1.60019497   0.91180701  -0.17826019   1.68250680  -1.33175723
  0.51612096   0.63551047  -0.51080549  -0.69122989   1.59997058   0.91189822  -0.17886044   1.68238572  -1.33168432
  0.51583252   0.63560829  -0.51009214  -0.69141679   1.59974727   0.91198878  -0.17945751   1.68226510  -1.33161176
  0.51554519   0.63570558  -0.50938233  -0.69160266   1.59952502   0.91207867  -0.18005141   1.68214492  -1.33153953
