  0.41770027   0.46579948  -1.27410013  -0.43299994   2.09290044   0.69139885   0.43859996   1.64320028  -1.13520004
  0.41770220   0.46579590  -1.27410094  -0.43299968   2.09290277   0.69139205   0.43859965   1.64320170  -1.13520046
  0.41770751   0.46578657  -1.27410255  -0.43299973   2.09290565   0.69137944   0.43859853   1.64320296  -1.13520240
  0.41771785   0.46576916  -1.27410492  -0.43300038   2.09290579   0.69136431   0.43859580   1.64320195  -1.13520766
  0.41773466   0.46574161  -1.27410820  -0.43300109   2.09290016   0.69134956   0.43859046   1.64319757  -1.13521823
  0.41775929   0.46570207  -1.27411283  -0.43300062   2.09288675   0.69133664   0.43858153   1.64318990  -1.13523603
  0.41779291   0.46564883  -1.27411937  -0.43299750   2.09286423   0.69132604   0.43856819   1.64317959  -1.13526288
  0.41783662   0.46558038  -1.27412806  -0.43298956   2.09283110   0.69131878   0.43855023   1.64316701  -1.13530148
  0.41789142   0.46549551  -1.27413773  -0.43297212   2.09278505   0.69131734   0.43852886   1.64315178  -1.13535798
  0.41795835   0.46539312  -1.27414673  -0.43294183   2.09272453   0.69132215   0.43850317   1.64313481  -1.13543677
  0.41803851   0.46527215  -1.27415371  -0.43289735   2.09264775   0.69133398   0.43846960   1.64311725  -1.13553984
  0.41813273   0.46513147  -1.27415749  -0.43283665   2.09255018   0.69135970   0.43842165   1.64309897  -1.13567012
  0.41824206   0.46496999  -1.27415870  -0.43275904   2.09243233   0.69139937   0.43835780   1.64307994  -1.13582883
  0.41836767   0.46478650  -1.27415942  -0.43266373   2.09229966   0.69144405   0.43828069   1.64306294  -1.13601578
  0.41851070   0.46457945  -1.27415913  -0.43254827   2.09214099   0.69150746   0.43818747   1.64304628  -1.13623514
  0.41867266   0.46434663  -1.27416006  -0.43241084   2.09195142   0.69159340   0.43807683   1.64303203  -1.13648797
  0.41885519   0.46408499  -1.27416573  -0.43225076   2.09172285   0.69171166   0.43794703   1.64301943  -1.13677501
  0.41906079   0.46378809  -1.27418264  -0.43206544   2.09143203   0.69189357   0.43779565   1.64300211  -1.13710063
  0.41929150   0.46344872  -1.27422018  -0.43185275   2.09107698   0.69213797   0.43763018   1.64298053  -1.13746419
  0.41954836   0.46306126  -1.27428391  -0.43160648   2.09067436   0.69241508   0.43744981   1.64296910  -1.13786310
  0.41983166   0.46262270  -1.27437228  -0.43132398   2.09023748   0.69270413   0.43725571   1.64297125  -1.13829864
  0.42014133   0.46213233  -1.27447804  -0.43101060   2.08976615   0.69300572   0.43704529   1.64297870  -1.13877139
  0.42047724   0.46159066  -1.27459311  -0.43067428   2.08925628   0.69332384   0.43681105   1.64298503  -1.13927874
  0.42083957   0.46099764  -1.27471219  -0.43031523   2.08869828   0.69367239   0.43654996   1.64298343  -1.13982558
  0.42123002   0.46034880  -1.27483813  -0.42992703   2.08806880   0.69408498   0.43626155   1.64296572  -1.14042197
  0.42165057   0.45963873  -1.27498093  -0.42950324   2.08737731   0.69454624   0.43596159   1.64293581  -1.14107060
  0.42210185   0.45886380  -1.27514526  -0.42904461   2.08663619   0.69503580   0.43565708   1.64289741  -1.14176743
  0.42258364   0.45802219  -1.27532932  -0.42855435   2.08584839   0.69554533   0.43533653   1.64285579  -1.14250620
  0.42309657   0.45711141  -1.27553056  -0.42803458   2.08499161   0.69610671   0.43498848   1.64280182  -1.14328955
  0.42364153   0.45612974  -1.27575009  -0.42748125   2.08406948   0.69671324   0.43461213   1.64273991  -1.14411964
  0.42421818   0.45507687  -1.27598852  -0.42689382   2.08309591   0.69734584   0.43421968   1.64266975  -1.14499703
  0.42482541   0.45395368  -1.27624067  -0.42627424   2.08206925   0.69800650   0.43380311   1.64259053  -1.14592068
  0.42546359   0.45275809  -1.27650476  -0.42561551   2.08096805   0.69872583   0.43335159   1.64249894  -1.14689936
  0.42613357   0.45148768  -1.27678675  -0.42491350   2.07980499   0.69948274   0.43287907   1.64240074  -1.14793342
  0.42683531   0.45014216  -1.27708620  -0.42417599   2.07857787   0.70028117   0.43239462   1.64228556  -1.14902017
  0.42756823   0.44872226  -1.27740091  -0.42341211   2.07728649   0.70111889   0.43189780   1.64215015  -1.15015217
  0.42833140   0.44722566  -1.27772922  -0.42262226   2.07590784   0.70202638   0.43137623   1.64198941  -1.15132999
  0.42912394   0.44565048  -1.27807460  -0.42179574   2.07445776   0.70297959   0.43083204   1.64181637  -1.15255606
  0.42994535   0.44399693  -1.27843715  -0.42093122   2.07294369   0.70397198   0.43027293   1.64162780  -1.15383313
  0.43079590   0.44226381  -1.27881506  -0.42002858   2.07134575   0.70503404   0.42969317   1.64141400  -1.15516621
  0.43167507   0.44045026  -1.27920982  -0.41909005   2.06966935   0.70615517   0.42909676   1.64117715  -1.15655096
  0.43258059   0.43855607  -1.27962202  -0.41810586   2.06794999   0.70727439   0.42847511   1.64094986  -1.15797936
  0.43351108   0.43658082  -1.28005062  -0.41707570   2.06619918   0.70837329   0.42782704   1.64073800  -1.15944785
  0.43446627   0.43452565  -1.28049290  -0.41600039   2.06440832   0.70947237   0.42716064   1.64052570  -1.16096433
  0.43544640   0.43239439  -1.28093664  -0.41487161   2.06254031   0.71064297   0.42646512   1.64028494  -1.16255501
  0.43645239   0.43018761  -1.28138076  -0.41369377   2.06057614   0.71193229   0.42576313   1.63997738  -1.16423561
  0.43748409   0.42790413  -1.28182758  -0.41248107   2.05853644   0.71329206   0.42504237   1.63962715  -1.16597878
  0.43854096   0.42554499  -1.28227296  -0.41123177   2.05643920   0.71467774   0.42427056   1.63927143  -1.16776856
  0.43962480   0.42311193  -1.28271421  -0.40994265   2.05426685   0.71612864   0.42345586   1.63888795  -1.16962196
  0.44073784   0.42060642  -1.28315571  -0.40861432   2.05201343   0.71766246   0.42263223   1.63845585  -1.17155076
  0.44188035   0.41802821  -1.28360742  -0.40724601   2.04970535   0.71922408   0.42182530   1.63799865  -1.17354324
  0.44305156   0.41537479  -1.28407184  -0.40583102   2.04734967   0.72077845   0.42099832   1.63756066  -1.17558162
  0.44425034   0.41264542  -1.28454748  -0.40438101   2.04492395   0.72235859   0.42014703   1.63712616  -1.17766038
  0.44547494   0.40983874  -1.28503532  -0.40289876   2.04242716   0.72396907   0.41927025   1.63669043  -1.17977641
  0.44672302   0.40695475  -1.28553452  -0.40137822   2.03987148   0.72559767   0.41836335   1.63625782  -1.18193155
  0.44799429   0.40399459  -1.28604374  -0.39979476   2.03727924   0.72723214   0.41743001   1.63583005  -1.18415033
  0.44929027   0.40096502  -1.28654873  -0.39813373   2.03464059   0.72894355   0.41648725   1.63534686  -1.18648372
  0.45061399   0.39787118  -1.28703557  -0.39639413   2.03194423   0.73077070   0.41552172   1.63478324  -1.18895199
  0.45196982   0.39471376  -1.28750291  -0.39457349   2.02922062   0.73261828   0.41448014   1.63422131  -1.19152160
  0.45336197   0.39149436  -1.28795276  -0.39272036   2.02642926   0.73454120   0.41341177   1.63360646  -1.19417586
  0.45479197   0.38821177  -1.28839143  -0.39084852   2.02356947   0.73649720   0.41230471   1.63297967  -1.19688071
  0.45625790   0.38486374  -1.28882664  -0.38897056   2.02062493   0.73848623   0.41117062   1.63234888  -1.19961584
  0.45775567   0.38144948  -1.28926656  -0.38707092   2.01760280   0.74050063   0.41002910   1.63171996  -1.20238846
  0.45928260   0.37796906  -1.28971826  -0.38512423   2.01453140   0.74251262   0.40889402   1.63110508  -1.20521420
  0.46083487   0.37442469  -1.29018046  -0.38313427   2.01142033   0.74451964   0.40777627   1.63049306  -1.20809246
  0.46241044   0.37081573  -1.29065496  -0.38109954   2.00826989   0.74651070   0.40666406   1.62989993  -1.21101394
  0.46400631   0.36714526  -1.29113340  -0.37901422   2.00508841   0.74849312   0.40553860   1.62931808  -1.21398686
  0.46562020   0.36342229  -1.29159244  -0.37685172   2.00188156   0.75052925   0.40438832   1.62869308  -1.21706818
  0.46725407   0.35965171  -1.29202012  -0.37459728   1.99865755   0.75259259   0.40317215   1.62805980  -1.22026043
  0.46891062   0.35583969  -1.29239708  -0.37228896   1.99528206   0.75490683   0.40191189   1.62729999  -1.22359045
  0.47058913   0.35198805  -1.29273213  -0.36997672   1.99176776   0.75746081   0.40067894   1.62637003  -1.22703109
  0.47228947   0.34809453  -1.29303243  -0.36761753   1.98821901   0.76003460   0.39938761   1.62543193  -1.23054213
  0.47401410   0.34415773  -1.29330883  -0.36517015   1.98469145   0.76249152   0.39800360   1.62459907  -1.23410907
  0.47576862   0.34018275  -1.29356319  -0.36264479   1.98108773   0.76502496   0.39663638   1.62374423  -1.23779346
  0.47755534   0.33617030  -1.29380602  -0.36008413   1.97739195   0.76765782   0.39533400   1.62283224  -1.24157244
  0.47937401   0.33211737  -1.29404250  -0.35748085   1.97364250   0.77029912   0.39402838   1.62194024  -1.24540995
  0.48122375   0.32802386  -1.29427552  -0.35485175   1.96983552   0.77295927   0.39272271   1.62105534  -1.24929363
  0.48310152   0.32388777  -1.29450689  -0.35219180   1.96599794   0.77558200   0.39138436   1.62021744  -1.25320356
  0.48500395   0.31971187  -1.29472793  -0.34952187   1.96211344   0.77820516   0.39000637   1.61939511  -1.25713258
  0.48692716   0.31549669  -1.29493548  -0.34684498   1.95818298   0.78082260   0.38858903   1.61858951  -1.26107479
  0.48886747   0.31124402  -1.29513006  -0.34414394   1.95420827   0.78344754   0.38717538   1.61778267  -1.26505590
  0.49082350   0.30695378  -1.29531659  -0.34137492   1.95023196   0.78601837   0.38577432   1.61701299  -1.26909951
  0.49279363   0.30263012  -1.29549029  -0.33851873   1.94628661   0.78851405   0.38439274   1.61627672  -1.27322719
  0.49477628   0.29828680  -1.29561397  -0.33560248   1.94229612   0.79115149   0.38303644   1.61541454  -1.27749514
  0.49677007   0.29393142  -1.29566796  -0.33268627   1.93820359   0.79404342   0.38170966   1.61433897  -1.28189045
  0.49877360   0.28956055  -1.29565829  -0.32979809   1.93401763   0.79711442   0.38038080   1.61311076  -1.28635279
  0.50078531   0.28516913  -1.29559419  -0.32689661   1.92984753   0.80009455   0.37894405   1.61193139  -1.29081740
  0.50280413   0.28075092  -1.29549242  -0.32395061   1.92574317   0.80282865   0.37738261   1.61092290  -1.29525227
  0.50482811   0.27630560  -1.29536038  -0.32097386   1.92165770   0.80537981   0.37575554   1.61005055  -1.29966202
  0.50685782   0.27184791  -1.29518090  -0.31791333   1.91754311   0.80798327   0.37418992   1.60912771  -1.30420009
  0.50889714   0.26739362  -1.29493084  -0.31476747   1.91335890   0.81083543   0.37275182   1.60798960  -1.30895959
  0.51095075   0.26294846  -1.29460362  -0.31161905   1.90907679   0.81398294   0.37142217   1.60659000  -1.31388711
  0.51302236   0.25850708  -1.29421431  -0.30854261   1.90467542   0.81734238   0.37012389   1.60502240  -1.31886082
  0.51511351   0.25405496  -1.29379800  -0.30552368   1.90018279   0.82071959   0.36878449   1.60347984  -1.32379080
  0.51722246   0.24958355  -1.29338242  -0.30249504   1.89568734   0.82392751   0.36739504   1.60209706  -1.32866969
  0.51934790   0.24509504  -1.29297977  -0.29939134   1.89122779   0.82695242   0.36605691   1.60086302  -1.33357310
  0.52148618   0.24059028  -1.29258968  -0.29620602   1.88681005   0.82979231   0.36479373   1.59977156  -1.33851064
  0.52363328   0.23607626  -1.29219661  -0.29297601   1.88235066   0.83261421   0.36366271   1.59871136  -1.34350649
  0.52578535   0.23156044  -1.29178102  -0.28973421   1.87778287   0.83555481   0.36267679   1.59759474  -1.34857345
  0.52794000   0.22704429  -1.29132844  -0.28646808   1.87319533   0.83845932   0.36166236   1.59652132  -1.35365677
  0.53009897   0.22253003  -1.29084592  -0.28316465   1.86867422   0.84124564   0.36060628   1.59550211  -1.35876001
  0.53226560   0.21802996  -1.29031298  -0.27985392   1.86416385   0.84410848   0.35954375   1.59438277  -1.36393514
  0.53444258   0.21354976  -1.28971656  -0.27659095   1.85959628   0.84716557   0.35847603   1.59308994  -1.36916975
  0.53663080   0.20908978  -1.28905477  -0.27339765   1.85494231   0.85042811   0.35740163   1.59163118  -1.37444267
  0.53883152   0.20465366  -1.28831766  -0.27021811   1.85023509   0.85383001   0.35630569   1.59005934  -1.37978645
  0.54104992   0.20024216  -1.28749785  -0.26691083   1.84560251   0.85708908   0.35509846   1.58858810  -1.38523534
  0.54330129   0.19585787  -1.28662860  -0.26353549   1.84096921   0.86031983   0.35399804   1.58713929  -1.39081138
  0.54559143   0.19148890  -1.28573515  -0.26011518   1.83631888   0.86340047   0.35291343   1.58585749  -1.39641402
  0.54791853   0.18712961  -1.28482556  -0.25665705   1.83170221   0.86620072   0.35172481   1.58483652  -1.40197019
  0.55028426   0.18279571  -1.28388873  -0.25321028   1.82711483   0.86890306   0.35052387   1.58387884  -1.40753823
  0.55268865   0.17849654  -1.28292230  -0.24979936   1.82251857   0.87166645   0.34942933   1.58284783  -1.41317585
  0.55512897   0.17424251  -1.28189656  -0.24644661   1.81787795   0.87459731   0.34837936   1.58166869  -1.41888947
  0.55760361   0.17003587  -1.28080495  -0.24319493   1.81315441   0.87774517   0.34733864   1.58031918  -1.42464397
  0.56010990   0.16586936  -1.27966134  -0.24004294   1.80834920   0.88103222   0.34627906   1.57887974  -1.43039503
  0.56264430   0.16172656  -1.27849248  -0.23690447   1.80354456   0.88417660   0.34513056   1.57758385  -1.43609772
  0.56520044   0.15759813  -1.27733044  -0.23371858   1.79886130   0.88696948   0.34397903   1.57653675  -1.44176429
  0.56777168   0.15348232  -1.27618133  -0.23050260   1.79425461   0.88948867   0.34289144   1.57569382  -1.44740296
  0.57035431   0.14938875  -1.27503011  -0.22722816   1.78969691   0.89188533   0.34193018   1.57493944  -1.45309935
  0.57294853   0.14532119  -1.27386940  -0.22384957   1.78518519   0.89418520   0.34108341   1.57426919  -1.45889501
  0.57556107   0.14129837  -1.27266558  -0.22039903   1.78067661   0.89658324   0.34030404   1.57352832  -1.46482995
  0.57820278   0.13732301  -1.27141846  -0.21688980   1.77621827   0.89894414   0.33952565   1.57280526  -1.47085538
  0.58088186   0.13339963  -1.27013683  -0.21344423   1.77175539   0.90133217   0.33877683   1.57205549  -1.47689640
  0.58359839   0.12954243  -1.26878438  -0.21010933   1.76723622   0.90389133   0.33798438   1.57117141  -1.48295134
  0.58635222   0.12575772  -1.26735711  -0.20690391   1.76262210   0.90671974   0.33720652   1.57008830  -1.48904526
  0.58914073   0.12204318  -1.26585971  -0.20382906   1.75790067   0.90981874   0.33644383   1.56881802  -1.49516857
  0.59196349   0.11838164  -1.26432013  -0.20086230   1.75310187   0.91298475   0.33561727   1.56754317  -1.50124000
  0.59482138   0.11476259  -1.26277094  -0.19792379   1.74827579   0.91609382   0.33479706   1.56636696  -1.50729274
  0.59771677   0.11119384  -1.26120149  -0.19493538   1.74347111   0.91916285   0.33401963   1.56524980  -1.51342244
  0.60065068   0.10766329  -1.25962394  -0.19180695   1.73877996   0.92196145   0.33323208   1.56435195  -1.51962578
  0.60362851   0.10415041  -1.25808770  -0.18858839   1.73406349   0.92471558   0.33245920   1.56358785  -1.52587872
  0.60665108   0.10066166  -1.25659578  -0.18537055   1.72933399   0.92752289   0.33171843   1.56283045  -1.53215612
  0.60971341   0.09720461  -1.25511805  -0.18219473   1.72464968   0.93025538   0.33091769   1.56212300  -1.53839309
  0.61280978   0.09378545  -1.25362862  -0.17899481   1.72004601   0.93280465   0.33009490   1.56154058  -1.54463457
  0.61594178   0.09042704  -1.25209122  -0.17580360   1.71544726   0.93539223   0.32933520   1.56092749  -1.55095314
  0.61911089   0.08714296  -1.25048486  -0.17272864   1.71081297   0.93809999   0.32857219   1.56021234  -1.55728095
  0.62231512   0.08393772  -1.24880537  -0.16978813   1.70613191   0.94094170   0.32781615   1.55938900  -1.56360957
  0.62555151   0.08081490  -1.24703846  -0.16699561   1.70135701   0.94397691   0.32699118   1.55843712  -1.56991701
  0.62881904   0.07776927  -1.24520257  -0.16430372   1.69650953   0.94714959   0.32613589   1.55741065  -1.57622381
  0.63212009   0.07478005  -1.24332409  -0.16150903   1.69164621   0.95022851   0.32525497   1.55653212  -1.58260300
  0.63546409   0.07184086  -1.24145297  -0.15867538   1.68679412   0.95320021   0.32445155   1.55579773  -1.58902297
  0.63885018   0.06894252  -1.23961430  -0.15580869   1.68198597   0.95599639   0.32370894   1.55524785  -1.59544683
  0.64227664   0.06608698  -1.23781475  -0.15294909   1.67725242   0.95862631   0.32300910   1.55483952  -1.60184787
  0.64573806   0.06327515  -1.23605338  -0.15010626   1.67261364   0.96108713   0.32235110   1.55455377  -1.60822010
  0.64922932   0.06051472  -1.23431425  -0.14729974   1.66805956   0.96345351   0.32174667   1.55432093  -1.61457906
  0.65274591   0.05781372  -1.23257606  -0.14456903   1.66359069   0.96575667   0.32114108   1.55409186  -1.62089995
  0.65628396   0.05518214  -1.23080451  -0.14195776   1.65916025   0.96808251   0.32044178   1.55380049  -1.62715506
  0.65984047   0.05263203  -1.22896960  -0.13946228   1.65471662   0.97055843   0.31966985   1.55336684  -1.63339286
  0.66341242   0.05017831  -1.22702555  -0.13709328   1.65021743   0.97329141   0.31871957   1.55270274  -1.63961899
  0.66700133   0.04782027  -1.22497476  -0.13481141   1.64563872   0.97628546   0.31765846   1.55184027  -1.64587435
  0.67061018   0.04552801  -1.22283747  -0.13226049   1.64108663   0.97914571   0.31658161   1.55113183  -1.65233054
  0.67424562   0.04327424  -1.22067170  -0.12923682   1.63672244   0.98152969   0.31561131   1.55081778  -1.65907621
  0.67793962   0.04108558  -1.21850153  -0.12605581   1.63250132   0.98368470   0.31465463   1.55065969  -1.66594407
  0.68171156   0.03899125  -1.21630276  -0.12295438   1.62832305   0.98587447   0.31354668   1.55044046  -1.67280514
  0.68556729   0.03700459  -1.21407284  -0.12001323   1.62414812   0.98817777   0.31235955   1.55011934  -1.67964611
  0.68950713   0.03511891  -1.21185704  -0.11722702   1.62010646   0.99035885   0.31130170   1.54984297  -1.68647531
  0.69352335   0.03331217  -1.20967541  -0.11451810   1.61612662   0.99238297   0.31039225   1.54972900  -1.69330148
  0.69760591   0.03156588  -1.20755802  -0.11183232   1.61228470   0.99411031   0.30959969   1.54985234  -1.70010470
  0.70174504   0.02988106  -1.20550894  -0.10924862   1.60858029   0.99563670   0.30882961   1.55009921  -1.70682021
  0.70593015   0.02826677  -1.20349324  -0.10679528   1.60494987   0.99714985   0.30795597   1.55031457  -1.71343923
  0.71015106   0.02674019  -1.20144693  -0.10443168   1.60136280   0.99878314   0.30690610   1.55037017  -1.72002673
  0.71440947   0.02530520  -1.19938352  -0.10215950   1.59787806   1.00043559   0.30590205   1.55034763  -1.72663179
  0.71870280   0.02396490  -1.19728428  -0.09999091   1.59445364   1.00212848   0.30491084   1.55025089  -1.73323954
  0.72302472   0.02272921  -1.19510145  -0.09792221   1.59104852   1.00392246   0.30379383   1.55001853  -1.73983838
  0.72737798   0.02159240  -1.19286303  -0.09597461   1.58769035   1.00571742   0.30264074   1.54974313  -1.74640662
  0.73176065   0.02054224  -1.19056966  -0.09399558   1.58438984   1.00740367   0.30147859   1.54953949  -1.75302195
  0.73617535   0.01957686  -1.18823000  -0.09198932   1.58112409   1.00904337   0.30024448   1.54936112  -1.75967019
  0.74062897   0.01868965  -1.18590572  -0.08997634   1.57797057   1.01055334   0.29916082   1.54928315  -1.76637438
  0.74512146   0.01787230  -1.18362513  -0.08799748   1.57492786   1.01193066   0.29820481   1.54931159  -1.77308248
  0.74964762   0.01711499  -1.18139807  -0.08604976   1.57199230   1.01315938   0.29730923   1.54945275  -1.77975950
  0.75420168   0.01641807  -1.17922102  -0.08416617   1.56917261   1.01426931   0.29640086   1.54964871  -1.78636900
  0.75877675   0.01579010  -1.17705760  -0.08237874   1.56643074   1.01536177   0.29533489   1.54978726  -1.79287857
  0.76336575   0.01524229  -1.17487642  -0.08070745   1.56374186   1.01651610   0.29410421   1.54979919  -1.79930126
  0.76796547   0.01478157  -1.17268199  -0.07917290   1.56115611   1.01768611   0.29288613   1.54972466  -1.80567525
  0.77257285   0.01441058  -1.17048000  -0.07777562   1.55871442   1.01880724   0.29183849   1.54963016  -1.81203765
  0.77718209   0.01411916  -1.16825236  -0.07643682   1.55636062   1.01985512   0.29090604   1.54957388  -1.81840603
  0.78179049   0.01389532  -1.16600253  -0.07509941   1.55407817   1.02079015   0.29002346   1.54959541  -1.82477671
  0.78639960   0.01373716  -1.16374841  -0.07378471   1.55189379   1.02162256   0.28914053   1.54965422  -1.83112040
  0.79100815   0.01363860  -1.16149591  -0.07244859   1.54980936   1.02232303   0.28829141   1.54978881  -1.83746433
  0.79561630   0.01359417  -1.15925804  -0.07110896   1.54781556   1.02289282   0.28745262   1.55000246  -1.84377987
  0.80022453   0.01360428  -1.15703534  -0.06979914   1.54589614   1.02338136   0.28653402   1.55023565  -1.85002610
  0.80483217   0.01367153  -1.15482822  -0.06850236   1.54406986   1.02379257   0.28558998   1.55048408  -1.85623649
  0.80943666   0.01379511  -1.15263471  -0.06719456   1.54235051   1.02409614   0.28467804   1.55077937  -1.86243934
  0.81403521   0.01397537  -1.15044905  -0.06589909   1.54072335   1.02431174   0.28378196   1.55110698  -1.86861728
  0.81862698   0.01421895  -1.14824852  -0.06467373   1.53914451   1.02453643   0.28275047   1.55135728  -1.87471266
  0.82321349   0.01453578  -1.14603170  -0.06358348   1.53763549   1.02481195   0.28154536   1.55145817  -1.88069067
  0.82779691   0.01493225  -1.14379824  -0.06263910   1.53620236   1.02513611   0.28024427   1.55143262  -1.88657254
  0.83237450   0.01541265  -1.14154061  -0.06180016   1.53486138   1.02547613   0.27897993   1.55133989  -1.89242410
  0.83694476   0.01597341  -1.13924951  -0.06100330   1.53359958   1.02577555   0.27781928   1.55126551  -1.89829313
  0.84150799   0.01660911  -1.13693229  -0.06024326   1.53241751   1.02600346   0.27670828   1.55122319  -1.90415324
  0.84606450   0.01731668  -1.13459685  -0.05953603   1.53131540   1.02616502   0.27557013   1.55118428  -1.90996630
  0.85061375   0.01809196  -1.13224984  -0.05886014   1.53028963   1.02625610   0.27442458   1.55116466  -1.91574596
  0.85515784   0.01893095  -1.12991065  -0.05823448   1.52934728   1.02627306   0.27328977   1.55117523  -1.92147765
  0.85969652   0.01983102  -1.12758988  -0.05767077   1.52849602   1.02621981   0.27216731   1.55120972  -1.92715122
  0.86422763   0.02078898  -1.12528989  -0.05715325   1.52774272   1.02608359   0.27107752   1.55128119  -1.93277869
  0.86874892   0.02180214  -1.12301508  -0.05669350   1.52709172   1.02586555   0.26999588   1.55137623  -1.93834167
  0.87325642   0.02286982  -1.12076314  -0.05630088   1.52654798   1.02557822   0.26888645   1.55146264  -1.94382489
  0.87774244   0.02399225  -1.11851029  -0.05592877   1.52608897   1.02524937   0.26777261   1.55153106  -1.94927418
  0.88220336   0.02516541  -1.11625079  -0.05554680   1.52571243   1.02485041   0.26668996   1.55161904  -1.95471288
  0.88664155   0.02638408  -1.11400471  -0.05518393   1.52542908   1.02435502   0.26564819   1.55175368  -1.96011261
  0.89106092   0.02764688  -1.11179369  -0.05490466   1.52523556   1.02379750   0.26460769   1.55190157  -1.96541882
  0.89546202   0.02895364  -1.10962209  -0.05472611   1.52512237   1.02321538   0.26355178   1.55203201  -1.97062059
  0.89984261   0.03030464  -1.10748556  -0.05463814   1.52509310   1.02262125   0.26248571   1.55212962  -1.97573076
  0.90419855   0.03170225  -1.10537036  -0.05463116   1.52514379   1.02204031   0.26140727   1.55216710  -1.98076438
  0.90852767   0.03314629  -1.10326493  -0.05467783   1.52526929   1.02145783   0.26036890   1.55217954  -1.98575627
  0.91282647   0.03463080  -1.10116389  -0.05475190   1.52547389   1.02082039   0.25937485   1.55220929  -1.99071227
  0.91708852   0.03614805  -1.09906702  -0.05484061   1.52576527   1.02009627   0.25836943   1.55224968  -1.99560995
  0.92131550   0.03769889  -1.09698067  -0.05498122   1.52611945   1.01934749   0.25732781   1.55225836  -2.00042534
  0.92550919   0.03928483  -1.09491087  -0.05519608   1.52654712   1.01858002   0.25626181   1.55222983  -2.00515072
  0.92966891   0.04090499  -1.09285223  -0.05545950   1.52705197   1.01777913   0.25520231   1.55218439  -2.00981244
  0.93378820   0.04255590  -1.09078819  -0.05572762   1.52761004   1.01695777   0.25415022   1.55211965  -2.01443945
  0.93786655   0.04423092  -1.08871973  -0.05598378   1.52818926   1.01611053   0.25313151   1.55207958  -2.01904140
  0.94190900   0.04592445  -1.08667143  -0.05624854   1.52881684   1.01520483   0.25212858   1.55207206  -2.02358829
  0.94591671   0.04763223  -1.08465682  -0.05652123   1.52951808   1.01422193   0.25112247   1.55208596  -2.02806860
  0.94988589   0.04935366  -1.08266563  -0.05677644   1.53028397   1.01319259   0.25010162   1.55208645  -2.03250203
  0.95382098   0.05109139  -1.08070018  -0.05704681   1.53108051   1.01217736   0.24907951   1.55205969  -2.03688266
  0.95772578   0.05284610  -1.07876054  -0.05735168   1.53188887   1.01119740   0.24804824   1.55200156  -2.04120027
  0.96160002   0.05461656  -1.07684205  -0.05767871   1.53270752   1.01024041   0.24702133   1.55192811  -2.04546653
  0.96544325   0.05639990  -1.07494254  -0.05801869   1.53353337   1.00929080   0.24599967   1.55185427  -2.04968416
  0.96925598   0.05819233  -1.07306654  -0.05837226   1.53436618   1.00833768   0.24497021   1.55178415  -2.05384363
  0.97303884   0.05999036  -1.07122045  -0.05874003   1.53521098   1.00737091   0.24392254   1.55171829  -2.05793663
  0.97679168   0.06179260  -1.06940971  -0.05911504   1.53608533   1.00638285   0.24286580   1.55165269  -2.06196946
  0.98051223   0.06359988  -1.06762976  -0.05949121   1.53699233   1.00538235   0.24181009   1.55157837  -2.06595271
  0.98419748   0.06541303  -1.06587139  -0.05986547   1.53792335   1.00437953   0.24076172   1.55149265  -2.06989370
  0.98784331   0.06723148  -1.06412499  -0.06022581   1.53887131   1.00337117   0.23974066   1.55140979  -2.07380651
  0.99144363   0.06905441  -1.06238369  -0.06056563   1.53984544   1.00234470   0.23875305   1.55133172  -2.07769505
  0.99499126   0.07087682  -1.06064211  -0.06087880   1.54084531   1.00127905   0.23777639   1.55126054  -2.08154705
  0.99848610   0.07269552  -1.05890256  -0.06116956   1.54186453   1.00017889   0.23677556   1.55117799  -2.08534589
  1.00192620   0.07450698  -1.05717477  -0.06143390   1.54290928   0.99904391   0.23577927   1.55109615  -2.08909788
  1.00531534   0.07631284  -1.05546164  -0.06167667   1.54398604   0.99788433   0.23477982   1.55099734  -2.09280279
  1.00866331   0.07811750  -1.05377304  -0.06193804   1.54508431   0.99674263   0.23375208   1.55084908  -2.09643763
  1.01197301   0.07992211  -1.05211122  -0.06221790   1.54619457   0.99562822   0.23274140   1.55067935  -2.10001999
  1.01524617   0.08172506  -1.05048505  -0.06255466   1.54728522   0.99458668   0.23172102   1.55046816  -2.10351667
  1.01848558   0.08352525  -1.04888889  -0.06293165   1.54835348   0.99362040   0.23062476   1.55017134  -2.10691987
  1.02169303   0.08532272  -1.04730591  -0.06331406   1.54934807   0.99276762   0.22947288   1.54979978  -2.11026720
  1.02487057   0.08711640  -1.04572447  -0.06366697   1.55023656   0.99203529   0.22830300   1.54938845  -2.11359695
  1.02802259   0.08889986  -1.04416094  -0.06395413   1.55112348   0.99125182   0.22712656   1.54900722  -2.11691420
  1.03115316   0.09066731  -1.04263890  -0.06416456   1.55210124   0.99028096   0.22595909   1.54871348  -2.12021094
  1.03426220   0.09242027  -1.04117711  -0.06436508   1.55311250   0.98924683   0.22483894   1.54848588  -2.12346441
  1.03734729   0.09415963  -1.03977334  -0.06455173   1.55419782   0.98811110   0.22374402   1.54830751  -2.12666833
  1.04040570   0.09588731  -1.03842103  -0.06472056   1.55539267   0.98684133   0.22264605   1.54815539  -2.12981661
  1.04343498   0.09761096  -1.03711348  -0.06495132   1.55658437   0.98564028   0.22153597   1.54795136  -2.13287939
  1.04643065   0.09933409  -1.03583958  -0.06528394   1.55772252   0.98459776   0.22037708   1.54763828  -2.13583018
  1.04938270   0.10105054  -1.03462600  -0.06569493   1.55891890   0.98355218   0.21937334   1.54739895  -2.13872158
  1.05227983   0.10275333  -1.03349522  -0.06617752   1.56024842   0.98240091   0.21865734   1.54735215  -2.14157672
  1.05510992   0.10443892  -1.03241571  -0.06678645   1.56155558   0.98138372   0.21794634   1.54723153  -2.14428484
  1.05785978   0.10609874  -1.03135491  -0.06741070   1.56283438   0.98044426   0.21726622   1.54707465  -2.14691705
  1.06052751   0.10773103  -1.03027113  -0.06799036   1.56404017   0.97958876   0.21650301   1.54681375  -2.14948287
  1.06312014   0.10933627  -1.02915214  -0.06849846   1.56516095   0.97879286   0.21564305   1.54646429  -2.15200001
  1.06564710   0.11091328  -1.02800580  -0.06893140   1.56620732   0.97800709   0.21471605   1.54608488  -2.15447787
  1.06811546   0.11245766  -1.02686204  -0.06927778   1.56723849   0.97713581   0.21383418   1.54579301  -2.15694620
  1.07053207   0.11397080  -1.02573615  -0.06951814   1.56830298   0.97614217   0.21303598   1.54560623  -2.15943043
  1.07290483   0.11545956  -1.02463681  -0.06970415   1.56938173   0.97511766   0.21223789   1.54541675  -2.16188495
  1.07523877   0.11692906  -1.02359959  -0.06997164   1.57044292   0.97418653   0.21140575   1.54515881  -2.16421735
  1.07753633   0.11838326  -1.02264674  -0.07042510   1.57145702   0.97344906   0.21049468   1.54476779  -2.16635099
  1.07979414   0.11982442  -1.02172200  -0.07096622   1.57240347   0.97289241   0.20939951   1.54416025  -2.16832874
  1.08201290   0.12125268  -1.02078767  -0.07146245   1.57329390   0.97242293   0.20822960   1.54344432  -2.17027803
  1.08419372   0.12265937  -1.01989351  -0.07193334   1.57421931   0.97189189   0.20718403   1.54283332  -2.17222214
  1.08633312   0.12403500  -1.01904917  -0.07231901   1.57526077   0.97111923   0.20642115   1.54251913  -2.17422945
  1.08842983   0.12537060  -1.01821836  -0.07255213   1.57638768   0.97007327   0.20582842   1.54245065  -2.17630775
  1.09048809   0.12667300  -1.01738370  -0.07267575   1.57749670   0.96896161   0.20520740   1.54239528  -2.17839085
  1.09250943   0.12794991  -1.01654865  -0.07273325   1.57854075   0.96790654   0.20453551   1.54227890  -2.18045796
  1.09450100   0.12920817  -1.01573730  -0.07280194   1.57951099   0.96698842   0.20377640   1.54203761  -2.18245428
  1.09646399   0.13045163  -1.01495255  -0.07284708   1.58044754   0.96616541   0.20301348   1.54172600  -2.18443083
  1.09839845   0.13168311  -1.01418265  -0.07285802   1.58135525   0.96540574   0.20226447   1.54137678  -2.18640244
  1.10030750   0.13290529  -1.01341983  -0.07290402   1.58217904   0.96477003   0.20142473   1.54092552  -2.18829644
  1.10219219   0.13411656  -1.01267151  -0.07302947   1.58292175   0.96423403   0.20047500   1.54039259  -2.19007134
  1.10404750   0.13530757  -1.01196916  -0.07318524   1.58368476   0.96362514   0.19963722   1.54000219  -2.19180507
  1.10586202   0.13647132  -1.01136675  -0.07348999   1.58449489   0.96302027   0.19885159   1.53965984  -2.19338024
  1.10762293   0.13761084  -1.01084951  -0.07396844   1.58532328   0.96255123   0.19797784   1.53916679  -2.19474356
  1.10931944   0.13872943  -1.01035095  -0.07447806   1.58615172   0.96220283   0.19702086   1.53849722  -2.19600498
  1.11094424   0.13982389  -1.00986413  -0.07498510   1.58700508   0.96188745   0.19611846   1.53779927  -2.19722409
  1.11249165   0.14089121  -1.00932748  -0.07543315   1.58779986   0.96160654   0.19517171   1.53704033  -2.19841315
  1.11396037   0.14192956  -1.00868108  -0.07574805   1.58846351   0.96135309   0.19408440   1.53618329  -2.19959929
  1.11536532   0.14293922  -1.00795106  -0.07586954   1.58907310   0.96101175   0.19302089   1.53537936  -2.20087370
  1.11672366   0.14391852  -1.00718997  -0.07582463   1.58965846   0.96057535   0.19207103   1.53469886  -2.20224444
  1.11804906   0.14486597  -1.00645117  -0.07568428   1.59023282   0.96009069   0.19122497   1.53411551  -2.20365737
  1.11935155   0.14577838  -1.00579514  -0.07551275   1.59088066   0.95947478   0.19056397   1.53372843  -2.20508006
  1.12062964   0.14665230  -1.00528768  -0.07548248   1.59162865   0.95879026   0.19001915   1.53347293  -2.20635849
  1.12187098   0.14748257  -1.00492136  -0.07552499   1.59257002   0.95786778   0.18969810   1.53348067  -2.20755557
  1.12306052   0.14826540  -1.00473768  -0.07577811   1.59368937   0.95683373   0.18955546   1.53366430  -2.20855301
  1.12418278   0.14901042  -1.00471137  -0.07634271   1.59487959   0.95598051   0.18931450   1.53366042  -2.20921409
  1.12522572   0.14973553  -1.00469942  -0.07704361   1.59598609   0.95549238   0.18877962   1.53319642  -2.20964363
  1.12619396   0.15045415  -1.00458897  -0.07763927   1.59697069   0.95523981   0.18814154   1.53247191  -2.21010291
  1.12709949   0.15116296  -1.00436677  -0.07802939   1.59788453   0.95497036   0.18766002   1.53184291  -2.21073939
  1.12795549   0.15184656  -1.00409365  -0.07830880   1.59878206   0.95452808   0.18732707   1.53144684  -2.21145272
  1.12877240   0.15249192  -1.00383708  -0.07860303   1.59969746   0.95386575   0.18704630   1.53128093  -2.21209761
  1.12954978   0.15310449  -1.00362478  -0.07896917   1.60059728   0.95321609   0.18667568   1.53107305  -2.21260036
  1.13028717   0.15369588  -1.00343300  -0.07936668   1.60143973   0.95272881   0.18618912   1.53068198  -2.21300657
  1.13098697   0.15427614  -1.00323212  -0.07974439   1.60220747   0.95242972   0.18565936   1.53013233  -2.21339704
  1.13165232   0.15484326  -1.00300510  -0.07999936   1.60293267   0.95217319   0.18527634   1.52964081  -2.21390303
  1.13229081   0.15538678  -1.00277328  -0.08014853   1.60365734   0.95180355   0.18506107   1.52934326  -2.21449824
  1.13290890   0.15589693  -1.00257528  -0.08027109   1.60441166   0.95124255   0.18495937   1.52927979  -2.21508906
  1.13350181   0.15637388  -1.00244985  -0.08048163   1.60516516   0.95067583   0.18483572   1.52924456  -2.21555173
  1.13405614   0.15682439  -1.00234409  -0.08068504   1.60584971   0.95025928   0.18461996   1.52905331  -2.21594808
  1.13456391   0.15724997  -1.00225300  -0.08088089   1.60648435   0.94997801   0.18436383   1.52873991  -2.21629550
  1.13502503   0.15765487  -1.00213962  -0.08105014   1.60703644   0.94982635   0.18403279   1.52829780  -2.21660694
  1.13544613   0.15804399  -1.00197909  -0.08117278   1.60749143   0.94976674   0.18364321   1.52777718  -2.21691314
  1.13583585   0.15841481  -1.00177087  -0.08117909   1.60788593   0.94966538   0.18334382   1.52736412  -2.21730781
  1.13620424   0.15876161  -1.00153228  -0.08105088   1.60824309   0.94943915   0.18317816   1.52714895  -2.21780854
  1.13656222   0.15907965  -1.00129358  -0.08083812   1.60856461   0.94907889   0.18308562   1.52711709  -2.21835204
  1.13691513   0.15936724  -1.00111820  -0.08066496   1.60887530   0.94865714   0.18299985   1.52718298  -2.21882105
  1.13725989   0.15962404  -1.00101713  -0.08048456   1.60921376   0.94815081   0.18302947   1.52740444  -2.21928048
  1.13759070   0.15985152  -1.00100258  -0.08035346   1.60958885   0.94762351   0.18308889   1.52766774  -2.21966120
  1.13789970   0.16005211  -1.00102045  -0.08017887   1.60995540   0.94708751   0.18318700   1.52796476  -2.22004144
  1.13818770   0.16023019  -1.00103389  -0.07995229   1.61023165   0.94664343   0.18320211   1.52816918  -2.22040291
  1.13846049   0.16038720  -1.00104671  -0.07969547   1.61041390   0.94627959   0.18313771   1.52830715  -2.22073479
  1.13872163   0.16052273  -1.00107781  -0.07941723   1.61054773   0.94593149   0.18306646   1.52846240  -2.22105018
  1.13897245   0.16063582  -1.00113207  -0.07910979   1.61065405   0.94555906   0.18302474   1.52868066  -2.22136356
  1.13921327   0.16072986  -1.00118699  -0.07876047   1.61068498   0.94523579   0.18293302   1.52886486  -2.22166813
  1.13944794   0.16080958  -1.00124159  -0.07840585   1.61061811   0.94501640   0.18273878   1.52895569  -2.22193051
  1.13967881   0.16087939  -1.00130081  -0.07805866   1.61046063   0.94491933   0.18246661   1.52895439  -2.22215663
  1.13990660   0.16093977  -1.00137824  -0.07772729   1.61025268   0.94489188   0.18219495   1.52894146  -2.22236384
  1.14013185   0.16099355  -1.00148795  -0.07748097   1.60999197   0.94498244   0.18187970   1.52886552  -2.22249315
  1.14035045   0.16104127  -1.00166823  -0.07737290   1.60977081   0.94512301   0.18161360   1.52880559  -2.22252797
  1.14055012   0.16108499  -1.00187409  -0.07730545   1.60957528   0.94532873   0.18139847   1.52871639  -2.22254211
  1.14072556   0.16112064  -1.00210414  -0.07728737   1.60939845   0.94556865   0.18128417   1.52867388  -2.22254076
  1.14087151   0.16114490  -1.00235962  -0.07736710   1.60922943   0.94584714   0.18121067   1.52865223  -2.22246443
  1.14098336   0.16115031  -1.00263877  -0.07749109   1.60911799   0.94601821   0.18129522   1.52881586  -2.22237331
  1.14105832   0.16113050  -1.00292122  -0.07759819   1.60907347   0.94599819   0.18151500   1.52919095  -2.22229121
  1.14109469   0.16108350  -1.00323586  -0.07776528   1.60906206   0.94591156   0.18177805   1.52965132  -2.22213153
  1.14108916   0.16100732  -1.00359144  -0.07796636   1.60908096   0.94579354   0.18211927   1.53018634  -2.22192072
  1.14103705   0.16090551  -1.00396909  -0.07821898   1.60906011   0.94580891   0.18235830   1.53056414  -2.22159769
  1.14093530   0.16078366  -1.00431971  -0.07846905   1.60892622   0.94604849   0.18241315   1.53067196  -2.22119085
  1.14078368   0.16064561  -1.00460471  -0.07864846   1.60865101   0.94650296   0.18230677   1.53053090  -2.22076666
  1.14059023   0.16048839  -1.00484449  -0.07872508   1.60833590   0.94694377   0.18226473   1.53043562  -2.22040957
  1.14036265   0.16031026  -1.00504289  -0.07867177   1.60800337   0.94728248   0.18237421   1.53050981  -2.22016495
  1.14011244   0.16010809  -1.00521939  -0.07853185   1.60767482   0.94745587   0.18257901   1.53077032  -2.21997631
  1.13984939   0.15988075  -1.00539048  -0.07833757   1.60735443   0.94745792   0.18280465   1.53117723  -2.21979300
  1.13957937   0.15963419  -1.00556142  -0.07810941   1.60698819   0.94743502   0.18298139   1.53159717  -2.21959232
  1.13930888   0.15937365  -1.00577435  -0.07792191   1.60658187   0.94748155   0.18313012   1.53198849  -2.21933615
  1.13903916   0.15909862  -1.00607058  -0.07781359   1.60619509   0.94756568   0.18335010   1.53242697  -2.21902276
  1.13876525   0.15881072  -1.00646669  -0.07784479   1.60583815   0.94774213   0.18359628   1.53283963  -2.21859448
  1.13847868   0.15851090  -1.00695094  -0.07797461   1.60555268   0.94793631   0.18397681   1.53332512  -2.21811243
  1.13817029   0.15820022  -1.00747044  -0.07811886   1.60532632   0.94809097   0.18449995   1.53391297  -2.21764094
  1.13783312   0.15787967  -1.00799224  -0.07831691   1.60506318   0.94833127   0.18499202   1.53444131  -2.21710538
  1.13746196   0.15754751  -1.00851209  -0.07855771   1.60476879   0.94863564   0.18549044   1.53494852  -2.21652235
  1.13705336   0.15719961  -1.00901364  -0.07876956   1.60444673   0.94894801   0.18605414   1.53550143  -2.21595578
  1.13660609   0.15683203  -1.00947217  -0.07890086   1.60405542   0.94928510   0.18662093   1.53605062  -2.21542101
  1.13612391   0.15644098  -1.00989245  -0.07897998   1.60356709   0.94967691   0.18709583   1.53653024  -2.21486459
  1.13561167   0.15602456  -1.01029490  -0.07902115   1.60299976   0.95010972   0.18750126   1.53696428  -2.21428016
  1.13507395   0.15558177  -1.01069170  -0.07900820   1.60237641   0.95054292   0.18790935   1.53742417  -2.21370008
  1.13451597   0.15511322  -1.01109025  -0.07893048   1.60171333   0.95094746   0.18836681   1.53795769  -2.21314734
  1.13394020   0.15462241  -1.01148187  -0.07877037   1.60100478   0.95134911   0.18884469   1.53851662  -2.21263168
  1.13334906   0.15411343  -1.01185681  -0.07852213   1.60023630   0.95178703   0.18930039   1.53904123  -2.21215184
  1.13274774   0.15359053  -1.01221828  -0.07824285   1.59938311   0.95230077   0.18970319   1.53951343  -2.21166740
  1.13214154   0.15305957  -1.01257407  -0.07800674   1.59843855   0.95291953   0.19001182   1.53990700  -2.21112213
  1.13153263   0.15252469  -1.01293049  -0.07782890   1.59744729   0.95359876   0.19024149   1.54024218  -2.21051094
  1.13092270   0.15198627  -1.01330488  -0.07770255   1.59646138   0.95426010   0.19051846   1.54064446  -2.20987400
  1.13031047   0.15144581  -1.01369992  -0.07763735   1.59547232   0.95493178   0.19085325   1.54110675  -2.20921026
  1.12969326   0.15090189  -1.01412062  -0.07761127   1.59453421   0.95554476   0.19125578   1.54164613  -2.20852794
  1.12906761   0.15035509  -1.01456766  -0.07764927   1.59364072   0.95614988   0.19163413   1.54215774  -2.20777999
  1.12843189   0.14980936  -1.01502968  -0.07773812   1.59277119   0.95678786   0.19200378   1.54262711  -2.20698926
  1.12778384   0.14926322  -1.01550372  -0.07783105   1.59197129   0.95736586   0.19245577   1.54315336  -2.20621029
  1.12712018   0.14871540  -1.01598873  -0.07795018   1.59122582   0.95791777   0.19294202   1.54368726  -2.20541212
  1.12643832   0.14816977  -1.01646085  -0.07808996   1.59048908   0.95850867   0.19341163   1.54416284  -2.20459371
  1.12573523   0.14762760  -1.01689395  -0.07818876   1.58978752   0.95906482   0.19387377   1.54460688  -2.20379962
  1.12501302   0.14709055  -1.01727459  -0.07823158   1.58910381   0.95958478   0.19432801   1.54502896  -2.20304553
  1.12427924   0.14655970  -1.01761131  -0.07823532   1.58842247   0.96007886   0.19480098   1.54546211  -2.20233290
  1.12353955   0.14603397  -1.01791357  -0.07821566   1.58774902   0.96053799   0.19526038   1.54589340  -2.20163875
  1.12279721   0.14551309  -1.01818524  -0.07817935   1.58708591   0.96097186   0.19565727   1.54627818  -2.20094302
  1.12205635   0.14499889  -1.01843218  -0.07812804   1.58642729   0.96140687   0.19601008   1.54661358  -2.20025601
  1.12132317   0.14449174  -1.01867646  -0.07808158   1.58578338   0.96184383   0.19638949   1.54695474  -2.19958775
  1.12060017   0.14399223  -1.01892782  -0.07806554   1.58515821   0.96229737   0.19677638   1.54728025  -2.19891539
  1.11988534   0.14349994  -1.01917942  -0.07804483   1.58460650   0.96268012   0.19717204   1.54761099  -2.19825626
  1.11917891   0.14301770  -1.01941754  -0.07801465   1.58410402   0.96302045   0.19755715   1.54792351  -2.19761516
  1.11848312   0.14254864  -1.01963556  -0.07799711   1.58359644   0.96339434   0.19792323   1.54819498  -2.19698608
  1.11780122   0.14209417  -1.01983771  -0.07800189   1.58308121   0.96380086   0.19829527   1.54845189  -2.19637270
  1.11713367   0.14165356  -1.02002448  -0.07802778   1.58256817   0.96422302   0.19865113   1.54868472  -2.19576601
  1.11647928   0.14122378  -1.02019898  -0.07804602   1.58209414   0.96459455   0.19902268   1.54893783  -2.19518684
  1.11583722   0.14080307  -1.02036065  -0.07804622   1.58166108   0.96490907   0.19939891   1.54920383  -2.19463595
  1.11520796   0.14039051  -1.02051295  -0.07804340   1.58124661   0.96520493   0.19975828   1.54945628  -2.19409761
  1.11459239   0.13998553  -1.02066043  -0.07803482   1.58085595   0.96547547   0.20011457   1.54970743  -2.19357655
  1.11399079   0.13958883  -1.02080067  -0.07802088   1.58047745   0.96573988   0.20045483   1.54994009  -2.19307076
  1.11340484   0.13920096  -1.02093718  -0.07800778   1.58010604   0.96600590   0.20079056   1.55016323  -2.19258087
  1.11283678   0.13882209  -1.02107738  -0.07801104   1.57973619   0.96628396   0.20113013   1.55038510  -2.19209935
  1.11228572   0.13845117  -1.02122244  -0.07802414   1.57938802   0.96654364   0.20146697   1.55060941  -2.19162396
  1.11174900   0.13808841  -1.02136419  -0.07804122   1.57905566   0.96679522   0.20176983   1.55080484  -2.19114965
  1.11122621   0.13773386  -1.02150416  -0.07806266   1.57873888   0.96703862   0.20205950   1.55098740  -2.19068276
  1.11071651   0.13738886  -1.02163838  -0.07809046   1.57842431   0.96729565   0.20233775   1.55114976  -2.19022606
  1.11021992   0.13705431  -1.02176655  -0.07812362   1.57811524   0.96755785   0.20262832   1.55131411  -2.18978831
  1.10973538   0.13673007  -1.02188669  -0.07816012   1.57782116   0.96780883   0.20292046   1.55147821  -2.18936549
  1.10926194   0.13641582  -1.02199650  -0.07819577   1.57754730   0.96803628   0.20320789   1.55164241  -2.18895681
  1.10879963   0.13611146  -1.02209606  -0.07823231   1.57728553   0.96825067   0.20349118   1.55180526  -2.18856196
  1.10834921   0.13581642  -1.02218975  -0.07827627   1.57702814   0.96846527   0.20377313   1.55196641  -2.18817726
  1.10791152   0.13552942  -1.02228472  -0.07833330   1.57677577   0.96868268   0.20405756   1.55212902  -2.18779787
  1.10748546   0.13524951  -1.02238059  -0.07839764   1.57653101   0.96890121   0.20433450   1.55228309  -2.18742282
  1.10707019   0.13497628  -1.02247703  -0.07846302   1.57630029   0.96911082   0.20460899   1.55243388  -2.18705649
  1.10666567   0.13470930  -1.02257571  -0.07853220   1.57608366   0.96931040   0.20488372   1.55258553  -2.18669700
  1.10627120   0.13444808  -1.02267576  -0.07860504   1.57587925   0.96950102   0.20515204   1.55273346  -2.18634168
  1.10588600   0.13419239  -1.02277550  -0.07867958   1.57568254   0.96968808   0.20541163   1.55287389  -2.18599135
  1.10550892   0.13394213  -1.02287173  -0.07875023   1.57549309   0.96986969   0.20566211   1.55300619  -2.18564967
  1.10513929   0.13369715  -1.02296329  -0.07881434   1.57531339   0.97004026   0.20590605   1.55313406  -2.18531867
  1.10477654   0.13345758  -1.02304883  -0.07887140   1.57514213   0.97020136   0.20614396   1.55325707  -2.18499922
  1.10442049   0.13322359  -1.02312810  -0.07892346   1.57497749   0.97035529   0.20637802   1.55337678  -2.18469099
  1.10407140   0.13299506  -1.02320336  -0.07897500   1.57482030   0.97050202   0.20661140   1.55349661  -2.18439151
  1.10372941   0.13277169  -1.02327682  -0.07903025   1.57467060   0.97064338   0.20684215   1.55361511  -2.18409665
  1.10339455   0.13255309  -1.02335002  -0.07909219   1.57452603   0.97078441   0.20706625   1.55372797  -2.18380276
  1.10306635   0.13233894  -1.02342278  -0.07915716   1.57438869   0.97092194   0.20728538   1.55383632  -2.18351213
  1.10274412   0.13212910  -1.02349337  -0.07922019   1.57426025   0.97105213   0.20750011   1.55394074  -2.18322793
  1.10242740   0.13192354  -1.02356039  -0.07927926   1.57413989   0.97117484   0.20770969   1.55404062  -2.18295136
  1.10211625   0.13172208  -1.02362462  -0.07933619   1.57402639   0.97129168   0.20791375   1.55413599  -2.18268086
  1.10181068   0.13152453  -1.02368663  -0.07939325   1.57391640   0.97140771   0.20810944   1.55422381  -2.18241403
  1.10151037   0.13133073  -1.02374583  -0.07944796   1.57381107   0.97151999   0.20829895   1.55430654  -2.18215288
  1.10121512   0.13114062  -1.02380200  -0.07949892   1.57371185   0.97162547   0.20848486   1.55438711  -2.18189888
  1.10092487   0.13095417  -1.02385511  -0.07954753   1.57361661   0.97172745   0.20866518   1.55446328  -2.18165064
  1.10063971   0.13077123  -1.02390607  -0.07959544   1.57352481   0.97182760   0.20883864   1.55453375  -2.18140644
  1.10035962   0.13059157  -1.02395594  -0.07964247   1.57343809   0.97192425   0.20900657   1.55459979  -2.18116624
  1.10008443   0.13041504  -1.02400482  -0.07968714   1.57335768   0.97201546   0.20917082   1.55466300  -2.18093124
  1.09981390   0.13024162  -1.02405201  -0.07972827   1.57328330   0.97210079   0.20933193   1.55472393  -2.18070242
  1.09954785   0.13007133  -1.02409692  -0.07976595   1.57321386   0.97218102   0.20948929   1.55478222  -2.18047966
  1.09928599   0.12990432  -1.02413818  -0.07979947   1.57314802   0.97225700   0.20964240   1.55483742  -2.18026366
  1.09902816   0.12974073  -1.02417507  -0.07982893   1.57308548   0.97232835   0.20979111   1.55488987  -2.18005446
  1.09877438   0.12958059  -1.02420765  -0.07985549   1.57302567   0.97239608   0.20993467   1.55493897  -2.17985115
  1.09852467   0.12942395  -1.02423627  -0.07988025   1.57296790   0.97246184   0.21007245   1.55498373  -2.17965287
  1.09827914   0.12927068  -1.02426172  -0.07990381   1.57291248   0.97252605   0.21020464   1.55502401  -2.17945904
  1.09803782   0.12912065  -1.02428478  -0.07992543   1.57286120   0.97258643   0.21033337   1.55506185  -2.17927037
  1.09780065   0.12897377  -1.02430562  -0.07994461   1.57281407   0.97264297   0.21045917   1.55509755  -2.17908721
  1.09756761   0.12883001  -1.02432408  -0.07996164   1.57276958   0.97269762   0.21058098   1.55512993  -2.17890915
  1.09733862   0.12868930  -1.02434004  -0.07997642   1.57272726   0.97275052   0.21069868   1.55515912  -2.17873617
  1.09711365   0.12855158  -1.02435353  -0.07998876   1.57268724   0.97280089   0.21081267   1.55518597  -2.17856834
  1.09689266   0.12841680  -1.02436459  -0.07999870   1.57264957   0.97284836   0.21092327   1.55521107  -2.17840565
  1.09667564   0.12828490  -1.02437345  -0.08000668   1.57261398   0.97289335   0.21103022   1.55523422  -2.17824761
  1.09646256   0.12815585  -1.02438020  -0.08001280   1.57258034   0.97293610   0.21113364   1.55525547  -2.17809414
  1.09625339   0.12802961  -1.02438495  -0.08001718   1.57254849   0.97297686   0.21123370   1.55527490  -2.17794518
  1.09604810   0.12790614  -1.02438784  -0.08002001   1.57251837   0.97301583   0.21133049   1.55529252  -2.17780054
  1.09584664   0.12778540  -1.02438894  -0.08002133   1.57248986   0.97305315   0.21142415   1.55530844  -2.17766019
  1.09564897   0.12766736  -1.02438829  -0.08002123   1.57246291   0.97308881   0.21151487   1.55532286  -2.17752406
  1.09545507   0.12755198  -1.02438600  -0.08001986   1.57243748   0.97312283   0.21160277   1.55533595  -2.17739201
  1.09526488   0.12743920  -1.02438220  -0.08001739   1.57241352   0.97315527   0.21168790   1.55534781  -2.17726385
  1.09507838   0.12732898  -1.02437697  -0.08001394   1.57239095   0.97318626   0.21177034   1.55535850  -2.17713946
  1.09489552   0.12722127  -1.02437041  -0.08000960   1.57236968   0.97321589   0.21185018   1.55536812  -2.17701872
  1.09471627   0.12711602  -1.02436263  -0.08000449   1.57234962   0.97324426   0.21192754   1.55537677  -2.17690152
  1.09454058   0.12701319  -1.02435371  -0.07999869   1.57233071   0.97327145   0.21200250   1.55538453  -2.17678775
  1.09436842   0.12691272  -1.02434377  -0.07999231   1.57231290   0.97329753   0.21207516   1.55539149  -2.17667727
  1.09419974   0.12681456  -1.02433291  -0.07998544   1.57229617   0.97332255   0.21214559   1.55539773  -2.17656998
  1.09403452   0.12671866  -1.02432124  -0.07997814   1.57228048   0.97334656   0.21221387   1.55540331  -2.17646576
  1.09387269   0.12662497  -1.02430885  -0.07997046   1.57226580   0.97336963   0.21228007   1.55540828  -2.17636453
  1.09371422   0.12653344  -1.02429582  -0.07996246   1.57225208   0.97339182   0.21234425   1.55541269  -2.17626618
  1.09355905   0.12644400  -1.02428224  -0.07995417   1.57223929   0.97341318   0.21240648   1.55541657  -2.17617063
  1.09340715   0.12635663  -1.02426816  -0.07994560   1.57222738   0.97343374   0.21246680   1.55541999  -2.17607780
  1.09325844   0.12627125  -1.02425364  -0.07993679   1.57221631   0.97345356   0.21252528   1.55542297  -2.17598762
  1.09311289   0.12618783  -1.02423874  -0.07992777   1.57220603   0.97347267   0.21258195   1.55542555  -2.17590001
  1.09297043   0.12610632  -1.02422349  -0.07991856   1.57219651   0.97349112   0.21263686   1.55542777  -2.17581489
  1.09283100   0.12602667  -1.02420794  -0.07990917   1.57218771   0.97350893   0.21269007   1.55542968  -2.17573219
  1.09269456   0.12594884  -1.02419214  -0.07989963   1.57217960   0.97352613   0.21274163   1.55543130  -2.17565185
  1.09256104   0.12587278  -1.02417611  -0.07988997   1.57217215   0.97354275   0.21279159   1.55543267  -2.17557379
  1.09243039   0.12579844  -1.02415990  -0.07988020   1.57216533   0.97355884   0.21283999   1.55543381  -2.17549795
  1.09230254   0.12572578  -1.02414353  -0.07987034   1.57215910   0.97357442   0.21288687   1.55543474  -2.17542426
  1.09217744   0.12565477  -1.02412704  -0.07986042   1.57215345   0.97358952   0.21293229   1.55543550  -2.17535264
  1.09205503   0.12558535  -1.02411046  -0.07985045   1.57214836   0.97360416   0.21297629   1.55543610  -2.17528306
