  0.41770018   0.46579952  -1.27410012  -0.43299972   2.09289980   0.69139993   0.43859985   1.64320008  -1.13520028
  0.41770154   0.46579607  -1.27410093  -0.43299789   2.09289817   0.69139970   0.43859880   1.64320038  -1.13520227
  0.41770565   0.46578637  -1.27410291  -0.43299351   2.09289281   0.69140027   0.43859585   1.64320024  -1.13520795
  0.41771432   0.46576728  -1.27410646  -0.43298573   2.09288090   0.69140343   0.43858993   1.64319868  -1.13521957
  0.41772943   0.46573604  -1.27411206  -0.43297351   2.09285977   0.69141092   0.43857993   1.64319519  -1.13523948
  0.41775278   0.46569029  -1.27412028  -0.43295560   2.09282720   0.69142409   0.43856482   1.64318979  -1.13527000
  0.41778605   0.46562801  -1.27413173  -0.43293064   2.09278126   0.69144413   0.43854363   1.64318277  -1.13531336
  0.41783078   0.46554746  -1.27414700  -0.43289724   2.09272014   0.69147232   0.43851561   1.64317440  -1.13537177
  0.41788835   0.46544710  -1.27416640  -0.43285370   2.09264196   0.69151025   0.43848027   1.64316475  -1.13544785
  0.41796004   0.46532550  -1.27419002  -0.43279835   2.09254496   0.69155931   0.43843703   1.64315399  -1.13554415
  0.41804701   0.46518133  -1.27421782  -0.43272980   2.09242756   0.69162053   0.43838496   1.64314239  -1.13566282
  0.41815036   0.46501325  -1.27424977  -0.43264702   2.09228826   0.69169485   0.43832297   1.64313015  -1.13580558
  0.41827112   0.46481992  -1.27428596  -0.43254923   2.09212566   0.69178320   0.43825007   1.64311729  -1.13597387
  0.41841022   0.46459993  -1.27432661  -0.43243560   2.09193833   0.69188675   0.43816560   1.64310355  -1.13616920
  0.41856862   0.46435175  -1.27437192  -0.43230506   2.09172383   0.69200794   0.43806911   1.64308834  -1.13639345
  0.41874731   0.46407363  -1.27442243  -0.43215664   2.09147950   0.69214895   0.43795958   1.64307170  -1.13664799
  0.41894735   0.46376352  -1.27447911  -0.43198914   2.09120239   0.69231228   0.43783576   1.64305397  -1.13693410
  0.41916989   0.46341857  -1.27454326  -0.43180032   2.09088512   0.69250723   0.43769533   1.64303376  -1.13725469
  0.41941599   0.46303530  -1.27461666  -0.43158629   2.09052151   0.69274099   0.43753525   1.64301148  -1.13761311
  0.41968675   0.46261011  -1.27470221  -0.43134262   2.09011406   0.69300743   0.43735561   1.64299135  -1.13801120
  0.41998329   0.46213969  -1.27480177  -0.43106682   2.08966515   0.69330125   0.43715778   1.64297487  -1.13845058
  0.42030677   0.46162133  -1.27491549  -0.43075932   2.08917391   0.69362247   0.43694235   1.64295968  -1.13893243
  0.42065820   0.46105285  -1.27504216  -0.43042226   2.08863704   0.69397431   0.43670786   1.64294225  -1.13945708
  0.42103812   0.46043210  -1.27517983  -0.43005779   2.08804738   0.69436466   0.43645101   1.64291863  -1.14002478
  0.42144692   0.45975637  -1.27532809  -0.42966448   2.08740033   0.69479826   0.43617082   1.64288681  -1.14063782
  0.42188496   0.45902266  -1.27548785  -0.42923858   2.08669640   0.69527241   0.43586726   1.64284848  -1.14129861
  0.42235250   0.45822820  -1.27566047  -0.42877665   2.08593933   0.69578003   0.43554143   1.64280632  -1.14200861
  0.42284982   0.45737072  -1.27584652  -0.42827700   2.08513046   0.69631826   0.43519335   1.64276071  -1.14276895
  0.42337764   0.45644827  -1.27604580  -0.42773912   2.08426569   0.69689320   0.43482230   1.64270831  -1.14358203
  0.42393675   0.45545904  -1.27625874  -0.42716530   2.08334225   0.69750803   0.43442937   1.64264551  -1.14444744
  0.42452750   0.45440139  -1.27648551  -0.42655684   2.08235955   0.69816062   0.43401178   1.64257391  -1.14536293
  0.42514995   0.45327408  -1.27672624  -0.42591379   2.08131775   0.69884868   0.43356801   1.64249495  -1.14632742
  0.42580409   0.45207577  -1.27698079  -0.42523539   2.08021212   0.69957869   0.43309772   1.64240611  -1.14734260
  0.42648982   0.45080504  -1.27725037  -0.42451922   2.07904488   0.70034672   0.43260392   1.64230841  -1.14840974
  0.42720685   0.44946092  -1.27753553  -0.42376439   2.07781737   0.70115039   0.43208891   1.64220165  -1.14952923
  0.42795474   0.44804292  -1.27783569  -0.42297060   2.07652924   0.70198987   0.43155221   1.64208546  -1.15070119
  0.42873324   0.44655035  -1.27815035  -0.42213639   2.07517848   0.70286757   0.43099218   1.64195992  -1.15192678
  0.42954219   0.44498285  -1.27847759  -0.42126364   2.07375278   0.70380407   0.43040900   1.64181450  -1.15320940
  0.43038110   0.44334004  -1.27881602  -0.42035478   2.07224662   0.70480719   0.42980029   1.64164543  -1.15454809
  0.43124929   0.44162105  -1.27916703  -0.41940858   2.07066475   0.70586996   0.42917126   1.64145331  -1.15594272
  0.43214607   0.43982507  -1.27953266  -0.41842164   2.06902145   0.70696830   0.42852379   1.64124887  -1.15739028
  0.43307101   0.43795196  -1.27991199  -0.41739055   2.06732032   0.70809492   0.42785208   1.64103904  -1.15889061
  0.43402359   0.43600138  -1.28030393  -0.41630944   2.06556700   0.70923759   0.42714519   1.64083650  -1.16044308
  0.43500325   0.43397318  -1.28070895  -0.41517769   2.06376821   0.71038754   0.42640773   1.64064160  -1.16204759
  0.43600951   0.43186801  -1.28112569  -0.41399902   2.06191443   0.71156667   0.42565326   1.64043474  -1.16371024
  0.43704227   0.42968685  -1.28154801  -0.41277318   2.05997942   0.71281966   0.42487390   1.64019871  -1.16544105
  0.43810236   0.42743023  -1.28197701  -0.41150390   2.05797078   0.71413633   0.42408068   1.63993063  -1.16723868
  0.43919030   0.42509861  -1.28241125  -0.41019560   2.05588792   0.71551211   0.42326652   1.63963540  -1.16909713
  0.44030650   0.42269180  -1.28285176  -0.40884015   2.05374502   0.71691662   0.42241835   1.63933831  -1.17101232
  0.44145138   0.42020966  -1.28330194  -0.40742871   2.05155936   0.71832141   0.42153875   1.63905548  -1.17298508
  0.44262498   0.41765279  -1.28376330  -0.40596738   2.04932769   0.71974140   0.42064884   1.63876579  -1.17501977
  0.44382716   0.41502304  -1.28422651  -0.40446748   2.04700515   0.72125542   0.41973801   1.63843135  -1.17712510
  0.44505848   0.41232131  -1.28469164  -0.40292504   2.04461149   0.72282947   0.41879676   1.63807223  -1.17929606
  0.44631971   0.40954785  -1.28516164  -0.40134541   2.04215978   0.72444052   0.41783467   1.63769342  -1.18152532
  0.44761043   0.40670306  -1.28563428  -0.39973706   2.03962742   0.72612357   0.41685610   1.63727612  -1.18381360
  0.44892939   0.40378651  -1.28610818  -0.39809696   2.03700580   0.72788539   0.41585198   1.63682584  -1.18616000
  0.45027596   0.40079854  -1.28658263  -0.39639821   2.03431323   0.72969463   0.41480387   1.63637543  -1.18857500
  0.45165154   0.39774196  -1.28705618  -0.39463132   2.03155185   0.73157444   0.41373734   1.63589740  -1.19108453
  0.45305795   0.39461808  -1.28753313  -0.39281031   2.02874836   0.73348962   0.41268133   1.63538547  -1.19367994
  0.45449584   0.39142839  -1.28800202  -0.39095304   2.02586756   0.73547646   0.41159033   1.63484075  -1.19634468
  0.45596467   0.38817318  -1.28845873  -0.38908388   2.02288208   0.73756421   0.41045441   1.63425052  -1.19906035
  0.45746121   0.38485076  -1.28890965  -0.38719561   2.01980932   0.73971988   0.40928838   1.63363003  -1.20182251
  0.45898099   0.38145936  -1.28936289  -0.38524271   2.01670789   0.74184685   0.40808868   1.63304254  -1.20464015
  0.46052041   0.37799901  -1.28982528  -0.38320961   2.01360691   0.74392102   0.40689813   1.63247958  -1.20752978
  0.46207765   0.37447364  -1.29028619  -0.38111602   2.01046004   0.74603363   0.40572419   1.63188293  -1.21050103
  0.46365188   0.37088596  -1.29073997  -0.37897088   2.00726446   0.74818530   0.40454927   1.63125546  -1.21354411
  0.46524309   0.36723831  -1.29118101  -0.37677092   2.00402672   0.75034891   0.40333448   1.63063059  -1.21664668
  0.46685287   0.36353409  -1.29160509  -0.37454213   2.00070904   0.75258824   0.40209680   1.62996521  -1.21980716
  0.46848092   0.35977574  -1.29200840  -0.37228190   1.99730079   0.75492123   0.40082812   1.62925618  -1.22303014
  0.47012828   0.35596722  -1.29238623  -0.36994581   1.99383554   0.75730451   0.39949932   1.62854464  -1.22634173
  0.47179950   0.35211593  -1.29273136  -0.36754027   1.99029386   0.75980956   0.39814157   1.62776913  -1.22977334
  0.47349830   0.34822480  -1.29305058  -0.36509209   1.98669057   0.76242702   0.39680752   1.62690042  -1.23331793
  0.47522644   0.34429419  -1.29334559  -0.36259167   1.98307507   0.76503754   0.39544471   1.62602824  -1.23694198
  0.47698752   0.34032666  -1.29361586  -0.36005810   1.97942480   0.76766194   0.39406122   1.62514423  -1.24063550
  0.47878317   0.33632254  -1.29386368  -0.35748504   1.97575016   0.77025278   0.39263539   1.62429503  -1.24438311
  0.48061494   0.33228128  -1.29409927  -0.35489135   1.97203562   0.77282445   0.39121830   1.62346216  -1.24817761
  0.48248034   0.32820092  -1.29432829  -0.35227806   1.96827520   0.77537110   0.38980883   1.62265893  -1.25200741
  0.48437428   0.32407960  -1.29455326  -0.34963812   1.96447205   0.77788699   0.38838910   1.62189721  -1.25586599
  0.48629148   0.31991810  -1.29477113  -0.34698281   1.96059533   0.78044268   0.38696763   1.62113050  -1.25975910
  0.48822586   0.31571793  -1.29497831  -0.34430406   1.95662733   0.78310079   0.38556672   1.62031235  -1.26371209
  0.49017091   0.31148019  -1.29517258  -0.34159252   1.95258386   0.78586534   0.38419948   1.61942404  -1.26773780
  0.49212080   0.30720614  -1.29534593  -0.33883877   1.94847669   0.78872198   0.38284358   1.61847490  -1.27183592
  0.49407237   0.30289637  -1.29550002  -0.33601511   1.94437167   0.79155644   0.38149456   1.61752582  -1.27600328
  0.49602595   0.29855417  -1.29562964  -0.33312603   1.94025853   0.79438443   0.38016683   1.61656452  -1.28024541
  0.49798218   0.29418268  -1.29572276  -0.33018865   1.93613658   0.79718187   0.37880395   1.61561759  -1.28453345
  0.49994303   0.28978750  -1.29576941  -0.32721690   1.93198350   0.80000191   0.37741599   1.61464471  -1.28887865
  0.50191015   0.28537081  -1.29577227  -0.32420449   1.92783599   0.80278559   0.37601136   1.61367051  -1.29327879
  0.50388417   0.28093552  -1.29572713  -0.32113272   1.92371766   0.80549926   0.37456608   1.61271875  -1.29774075
  0.50586911   0.27649367  -1.29561353  -0.31800214   1.91958111   0.80828904   0.37309543   1.61168846  -1.30232040
  0.50787157   0.27205316  -1.29542509  -0.31484682   1.91538180   0.81124926   0.37163588   1.61051024  -1.30702889
  0.50989945   0.26761256  -1.29517285  -0.31169846   1.91113944   0.81425772   0.37015829   1.60928072  -1.31179653
  0.51195766   0.26316799  -1.29487348  -0.30856579   1.90686036   0.81722874   0.36865182   1.60808158  -1.31657849
  0.51404759   0.25871961  -1.29453515  -0.30542523   1.90252930   0.82018524   0.36713409   1.60691688  -1.32139576
  0.51616967   0.25426552  -1.29417064  -0.30222713   1.89817784   0.82307105   0.36560089   1.60583889  -1.32626757
  0.51832637   0.24980565  -1.29379619  -0.29901723   1.89379663   0.82591645   0.36409965   1.60480776  -1.33117102
  0.52051507   0.24534189  -1.29341178  -0.29580147   1.88937982   0.82875645   0.36262844   1.60379594  -1.33610877
  0.52273137   0.24088177  -1.29300011  -0.29256424   1.88490470   0.83169855   0.36118241   1.60272656  -1.34112790
  0.52497258   0.23643114  -1.29254950  -0.28933673   1.88034566   0.83481565   0.35977244   1.60153701  -1.34622888
  0.52723504   0.23199158  -1.29205266  -0.28613197   1.87574185   0.83802002   0.35836332   1.60027227  -1.35137583
  0.52951441   0.22756504  -1.29149814  -0.28291043   1.87110821   0.84126977   0.35692836   1.59897354  -1.35658444
  0.53180959   0.22314821  -1.29090312  -0.27960227   1.86655690   0.84435223   0.35550640   1.59776334  -1.36186915
  0.53412372   0.21873974  -1.29028964  -0.27622605   1.86205139   0.84731967   0.35423977   1.59660279  -1.36724877
  0.53645635   0.21433827  -1.28965342  -0.27282621   1.85751578   0.85025377   0.35307375   1.59547743  -1.37268033
  0.53880466   0.20994262  -1.28898391  -0.26940378   1.85295302   0.85312325   0.35187116   1.59443421  -1.37812023
  0.54116884   0.20555460  -1.28828541  -0.26599584   1.84836280   0.85597587   0.35063026   1.59341831  -1.38355384
  0.54354771   0.20117876  -1.28755479  -0.26259086   1.84375793   0.85884969   0.34936629   1.59238451  -1.38901155
  0.54594020   0.19682548  -1.28676532  -0.25917212   1.83907990   0.86189753   0.34806053   1.59124414  -1.39454827
  0.54834816   0.19250236  -1.28590883  -0.25575211   1.83431414   0.86517084   0.34676463   1.58994863  -1.40018725
  0.55077609   0.18821332  -1.28498280  -0.25228069   1.82959130   0.86841265   0.34545512   1.58864139  -1.40592018
  0.55323553   0.18396690  -1.28398253  -0.24879050   1.82487264   0.87166757   0.34417126   1.58730196  -1.41174862
  0.55573627   0.17976144  -1.28292676  -0.24532241   1.82015765   0.87487180   0.34295638   1.58598019  -1.41762982
  0.55828053   0.17559392  -1.28182047  -0.24186873   1.81546751   0.87794475   0.34174362   1.58474721  -1.42352986
  0.56087146   0.17146842  -1.28066294  -0.23842226   1.81078495   0.88095635   0.34051667   1.58356176  -1.42947012
  0.56351254   0.16738038  -1.27947690  -0.23496378   1.80614285   0.88383684   0.33929100   1.58247450  -1.43544525
  0.56620511   0.16332289  -1.27828734  -0.23153559   1.80150645   0.88661246   0.33811216   1.58148275  -1.44142016
  0.56894304   0.15929261  -1.27710187  -0.22814869   1.79684974   0.88935986   0.33697453   1.58053827  -1.44739179
  0.57171733   0.15529372  -1.27590788  -0.22478335   1.79215958   0.89218566   0.33586183   1.57955734  -1.45340011
  0.57452170   0.15132981  -1.27470592  -0.22142779   1.78749101   0.89506678   0.33482650   1.57851117  -1.45947187
  0.57735115   0.14740571  -1.27347554  -0.21811814   1.78283376   0.89800419   0.33380317   1.57739455  -1.46556711
  0.58020070   0.14352448  -1.27219970  -0.21487110   1.77818671   0.90096559   0.33275102   1.57622920  -1.47165717
  0.58306612   0.13968831  -1.27086622  -0.21165753   1.77357952   0.90386603   0.33166478   1.57507112  -1.47774710
  0.58594691   0.13590569  -1.26945110  -0.20845805   1.76893405   0.90683096   0.33055769   1.57387151  -1.48388453
  0.58884588   0.13217955  -1.26796316  -0.20526648   1.76421214   0.90993159   0.32955331   1.57259821  -1.49011681
  0.59176543   0.12850213  -1.26642625  -0.20207456   1.75947215   0.91300871   0.32866835   1.57135864  -1.49640941
  0.59470760   0.12486679  -1.26485212  -0.19890389   1.75473392   0.91597352   0.32780300   1.57022283  -1.50269065
  0.59767378   0.12126989  -1.26325601  -0.19575847   1.75001535   0.91880987   0.32692595   1.56919756  -1.50894080
  0.60066259   0.11770640  -1.26165557  -0.19260664   1.74536383   0.92146491   0.32605472   1.56830398  -1.51517337
  0.60367276   0.11417668  -1.26006057  -0.18944874   1.74077897   0.92399800   0.32523609   1.56748978  -1.52141304
  0.60670256   0.11068495  -1.25845925  -0.18631217   1.73620737   0.92653843   0.32443606   1.56667238  -1.52766027
  0.60974978   0.10723896  -1.25682884  -0.18319709   1.73164156   0.92914365   0.32359875   1.56579836  -1.53392606
  0.61281517   0.10384625  -1.25515701  -0.18004511   1.72718277   0.93168025   0.32275404   1.56491199  -1.54025758
  0.61590566   0.10052358  -1.25339353  -0.17688714   1.72272519   0.93430257   0.32180042   1.56394161  -1.54665583
  0.61903499   0.09727820  -1.25154459  -0.17385518   1.71823757   0.93701742   0.32073977   1.56288018  -1.55302880
  0.62221063   0.09410997  -1.24963283  -0.17092417   1.71379979   0.93967023   0.31966945   1.56181760  -1.55939157
  0.62543768   0.09101881  -1.24767716  -0.16807155   1.70939661   0.94228515   0.31867851   1.56076359  -1.56578212
  0.62871760   0.08800224  -1.24569262  -0.16528698   1.70499810   0.94491874   0.31778231   1.55970521  -1.57221268
  0.63204865   0.08505419  -1.24369650  -0.16254001   1.70062981   0.94752950   0.31697692   1.55867419  -1.57868616
  0.63542651   0.08216865  -1.24169238  -0.15974579   1.69638154   0.94994774   0.31621623   1.55776802  -1.58521679
  0.63885418   0.07934179  -1.23970012  -0.15695179   1.69222089   0.95219882   0.31556019   1.55699151  -1.59177843
  0.64233020   0.07657486  -1.23770124  -0.15417339   1.68808207   0.95437431   0.31491457   1.55630442  -1.59835070
  0.64585383   0.07386218  -1.23570275  -0.15137513   1.68398146   0.95642378   0.31426477   1.55574811  -1.60493862
  0.64942594   0.07119866  -1.23372939  -0.14859328   1.67992555   0.95835296   0.31365861   1.55531427  -1.61152094
  0.65304357   0.06858767  -1.23177528  -0.14588501   1.67587123   0.96029567   0.31302938   1.55489859  -1.61806653
  0.65670181   0.06603414  -1.22983147  -0.14326960   1.67183537   0.96229890   0.31235354   1.55443242  -1.62457505
  0.66039582   0.06354177  -1.22788872  -0.14072889   1.66784817   0.96434348   0.31168376   1.55390892  -1.63107970
  0.66412086   0.06111548  -1.22592388  -0.13827631   1.66388392   0.96646169   0.31098870   1.55330613  -1.63757405
  0.66787206   0.05875821  -1.22392069  -0.13592107   1.65993371   0.96865189   0.31025066   1.55262278  -1.64404904
  0.67164620   0.05647122  -1.22187332  -0.13362643   1.65603113   0.97083145   0.30954008   1.55191623  -1.65053738
  0.67544139   0.05426071  -1.21975656  -0.13136576   1.65213975   0.97304284   0.30882287   1.55117375  -1.65706237
  0.67926075   0.05212690  -1.21758303  -0.12917134   1.64827158   0.97525953   0.30809714   1.55041018  -1.66359183
  0.68310699   0.05006494  -1.21537226  -0.12699818   1.64450777   0.97731718   0.30739112   1.54972591  -1.67013004
  0.68698544   0.04806956  -1.21315327  -0.12485532   1.64083772   0.97920431   0.30676486   1.54916057  -1.67667013
  0.69089735   0.04613503  -1.21094380  -0.12274853   1.63723098   0.98095922   0.30619918   1.54871134  -1.68319517
  0.69484148   0.04425874  -1.20875257  -0.12067796   1.63365632   0.98266111   0.30566058   1.54833316  -1.68970240
  0.69881597   0.04244135  -1.20658063  -0.11865451   1.63011449   0.98435975   0.30507548   1.54796836  -1.69617367
  0.70281918   0.04068255  -1.20442821  -0.11667274   1.62662625   0.98603194   0.30443492   1.54761831  -1.70260734
  0.70684834   0.03898793  -1.20227400  -0.11471095   1.62318086   0.98770960   0.30372471   1.54725492  -1.70903018
  0.71090357   0.03735959  -1.20011138  -0.11271281   1.61982902   0.98929620   0.30301393   1.54693801  -1.71549192
  0.71498958   0.03580071  -1.19794556  -0.11075760   1.61653632   0.99084525   0.30229223   1.54663826  -1.72194345
  0.71910670   0.03431421  -1.19577398  -0.10887342   1.61330459   0.99235823   0.30156538   1.54634878  -1.72837091
  0.72325226   0.03290483  -1.19357901  -0.10704369   1.61011110   0.99387347   0.30083816   1.54605131  -1.73479999
  0.72742572   0.03157380  -1.19136877  -0.10525932   1.60699375   0.99533831   0.30019509   1.54578146  -1.74125357
  0.73162581   0.03032024  -1.18914686  -0.10353722   1.60395610   0.99673456   0.29961729   1.54555014  -1.74770703
  0.73585010   0.02914163  -1.18691888  -0.10188777   1.60100499   0.99804480   0.29906801   1.54536225  -1.75413320
  0.74009513   0.02803545  -1.18468534  -0.10031174   1.59814145   0.99926274   0.29848173   1.54520985  -1.76050569
  0.74435784   0.02700449  -1.18243176  -0.09878155   1.59534173   1.00044480   0.29779137   1.54504605  -1.76683640
  0.74863959   0.02604857  -1.18016834  -0.09724043   1.59259724   1.00161592   0.29713359   1.54489483  -1.77320578
  0.75294254   0.02516849  -1.17790282  -0.09571801   1.58989271   1.00281821   0.29647869   1.54472514  -1.77958954
  0.75726523   0.02436602  -1.17562460  -0.09425428   1.58721654   1.00406848   0.29569630   1.54449373  -1.78592617
  0.76160584   0.02364119  -1.17333180  -0.09286882   1.58455259   1.00537735   0.29478610   1.54420014  -1.79220090
  0.76596356   0.02298825  -1.17103826  -0.09150745   1.58193789   1.00664985   0.29388823   1.54394001  -1.79846865
  0.77033938   0.02240329  -1.16876158  -0.09015543   1.57941235   1.00781212   0.29308127   1.54377317  -1.80474491
  0.77473219   0.02188163  -1.16650414  -0.08880577   1.57698204   1.00883335   0.29232022   1.54371250  -1.81101070
  0.77914052   0.02142075  -1.16424996  -0.08745437   1.57461140   1.00976694   0.29146757   1.54369705  -1.81723820
  0.78356605   0.02102614  -1.16199846  -0.08617155   1.57228459   1.01069255   0.29045925   1.54364384  -1.82338095
  0.78800791   0.02070466  -1.15975287  -0.08498434   1.57002520   1.01163163   0.28936480   1.54352889  -1.82945346
  0.79246368   0.02045920  -1.15750771  -0.08384878   1.56785224   1.01255642   0.28828733   1.54338969  -1.83551608
  0.79693308   0.02029155  -1.15526592  -0.08275324   1.56578848   1.01342404   0.28729504   1.54326835  -1.84159076
  0.80141551   0.02020180  -1.15302277  -0.08168476   1.56382527   1.01421598   0.28639559   1.54319301  -1.84768336
  0.80591075   0.02018839  -1.15077886  -0.08065046   1.56195444   1.01491712   0.28555755   1.54317743  -1.85377236
  0.81041802   0.02024816  -1.14853404  -0.07965857   1.56015786   1.01553065   0.28471340   1.54321459  -1.85982597
  0.81493544   0.02037783  -1.14628995  -0.07870375   1.55842394   1.01607221   0.28381889   1.54328645  -1.86583164
  0.81946150   0.02057717  -1.14405393  -0.07779536   1.55676038   1.01656810   0.28286125   1.54335878  -1.87178239
  0.82399482   0.02084508  -1.14183532  -0.07693286   1.55518913   1.01700473   0.28187273   1.54343691  -1.87768439
  0.82853230   0.02117998  -1.13963637  -0.07609749   1.55372515   1.01736542   0.28088922   1.54353420  -1.88355672
  0.83307010   0.02158072  -1.13745460  -0.07527639   1.55237495   1.01763921   0.27993059   1.54365943  -1.88941107
  0.83760664   0.02204803  -1.13528599  -0.07449421   1.55113284   1.01783083   0.27896502   1.54380014  -1.89522221
  0.84214080   0.02258300  -1.13312590  -0.07376898   1.54998307   1.01795914   0.27797969   1.54394624  -1.90097745
  0.84667075   0.02318498  -1.13097319  -0.07310223   1.54893286   1.01801142   0.27697314   1.54410117  -1.90667307
  0.85119455   0.02385308  -1.12882766  -0.07249231   1.54798341   1.01798881   0.27595208   1.54426413  -1.91231154
  0.85571067   0.02458664  -1.12668884  -0.07194509   1.54711165   1.01792871   0.27492448   1.54442319  -1.91789489
  0.86021743   0.02538359  -1.12455812  -0.07146641   1.54629776   1.01785724   0.27389442   1.54457308  -1.92342053
  0.86471288   0.02623979  -1.12244137  -0.07105569   1.54554424   1.01776077   0.27287420   1.54472973  -1.92888503
  0.86919478   0.02715040  -1.12034556  -0.07070999   1.54485197   1.01762913   0.27187959   1.54490911  -1.93428726
  0.87366033   0.02811039  -1.11827749  -0.07042530   1.54421463   1.01746846   0.27092490   1.54511781  -1.93962830
  0.87810537   0.02911397  -1.11624162  -0.07018748   1.54364220   1.01726258   0.27000679   1.54535987  -1.94490808
  0.88252421   0.03015705  -1.11422921  -0.06997107   1.54313844   1.01701012   0.26907671   1.54560697  -1.95012720
  0.88691337   0.03123579  -1.11223853  -0.06976552   1.54270078   1.01670665   0.26813688   1.54586286  -1.95528941
  0.89127125   0.03234943  -1.11026367  -0.06957830   1.54229030   1.01641352   0.26716868   1.54609417  -1.96039220
  0.89559721   0.03349630  -1.10830533  -0.06938985   1.54193380   1.01609125   0.26620824   1.54632649  -1.96545576
  0.89989221   0.03467637  -1.10636457  -0.06922683   1.54159805   1.01578894   0.26525741   1.54654603  -1.97046892
  0.90415526   0.03588667  -1.10444764  -0.06911305   1.54128356   1.01550095   0.26430422   1.54675468  -1.97540704
  0.90838298   0.03712309  -1.10255935  -0.06904877   1.54101656   1.01518644   0.26334496   1.54696488  -1.98025909
  0.91257151   0.03838293  -1.10069719  -0.06900914   1.54082399   1.01480708   0.26239157   1.54718902  -1.98503969
  0.91671866   0.03966652  -1.09885073  -0.06898582   1.54068919   1.01439257   0.26142450   1.54740036  -1.98975522
  0.92082397   0.04097379  -1.09701492  -0.06899045   1.54058357   1.01397772   0.26043239   1.54758544  -1.99439919
  0.92488644   0.04230262  -1.09518999  -0.06901277   1.54050782   1.01355352   0.25942946   1.54775671  -1.99897983
  0.92890503   0.04365017  -1.09338116  -0.06904542   1.54046502   1.01311481   0.25843391   1.54792485  -2.00350336
  0.93287884   0.04501361  -1.09159250  -0.06907712   1.54047015   1.01263763   0.25745322   1.54810172  -2.00797382
  0.93680879   0.04639201  -1.08982682  -0.06911115   1.54052555   1.01211982   0.25648582   1.54828758  -2.01238795
  0.94069588   0.04778479  -1.08808739  -0.06914379   1.54065028   1.01153512   0.25554838   1.54849847  -2.01675095
  0.94454127   0.04919393  -1.08636741  -0.06917544   1.54084164   1.01089526   0.25462070   1.54871416  -2.02106319
  0.94834714   0.05062223  -1.08465996  -0.06922362   1.54107004   1.01024675   0.25368199   1.54890783  -2.02531729
  0.95211536   0.05206961  -1.08296889  -0.06929552   1.54133405   1.00958469   0.25276493   1.54910396  -2.02951814
  0.95584514   0.05353267  -1.08130121  -0.06939344   1.54163761   1.00889467   0.25187978   1.54931969  -2.03366054
  0.95953508   0.05500844  -1.07966037  -0.06952601   1.54196472   1.00820208   0.25099773   1.54953257  -2.03772828
  0.96318359   0.05649434  -1.07804804  -0.06968823   1.54231232   1.00751560   0.25010385   1.54972866  -2.04171830
  0.96678862   0.05798756  -1.07646528  -0.06986317   1.54268981   1.00681936   0.24921319   1.54991912  -2.04564215
  0.97034771   0.05948606  -1.07490984  -0.07003624   1.54310441   1.00610087   0.24833036   1.55010764  -2.04950836
  0.97385882   0.06098887  -1.07337720  -0.07020293   1.54355457   1.00535962   0.24745295   1.55029162  -2.05331937
  0.97732161   0.06249644  -1.07186443  -0.07037290   1.54403011   1.00460918   0.24659066   1.55047259  -2.05707519
  0.98073638   0.06400887  -1.07036797  -0.07054864   1.54452990   1.00384872   0.24573869   1.55064869  -2.06077476
  0.98410402   0.06552582  -1.06888738  -0.07073975   1.54504375   1.00309025   0.24489400   1.55081731  -2.06441294
  0.98742536   0.06704615  -1.06742299  -0.07093969   1.54557718   1.00232603   0.24405216   1.55097723  -2.06799233
  0.99070171   0.06856885  -1.06597669  -0.07114927   1.54612892   1.00155675   0.24321263   1.55112932  -2.07151233
  0.99393417   0.07009249  -1.06455021  -0.07136558   1.54669864   1.00078052   0.24237061   1.55127282  -2.07497261
  0.99712404   0.07161620  -1.06314451  -0.07158938   1.54727526   1.00001240   0.24152020   1.55140071  -2.07837237
  1.00027233   0.07313866  -1.06176280  -0.07181709   1.54786325   0.99924531   0.24066676   1.55151878  -2.08171410
  1.00337935   0.07465828  -1.06040920  -0.07204076   1.54847602   0.99845891   0.23982847   1.55164394  -2.08500529
  1.00644431   0.07617307  -1.05908616  -0.07225510   1.54912547   0.99763010   0.23901898   1.55179415  -2.08824930
  1.00946521   0.07768088  -1.05779628  -0.07246487   1.54980587   0.99676298   0.23824835   1.55197743  -2.09144323
  1.01243828   0.07917857  -1.05654616  -0.07270590   1.55047089   0.99592594   0.23751278   1.55217643  -2.09456188
  1.01535646   0.08066106  -1.05533976  -0.07296182   1.55116200   0.99506273   0.23682017   1.55240702  -2.09760566
  1.01821498   0.08212815  -1.05416051  -0.07318997   1.55191120   0.99413478   0.23614232   1.55264583  -2.10059461
  1.02101440   0.08358428  -1.05298392  -0.07337432   1.55269166   0.99318436   0.23542795   1.55283684  -2.10353939
  1.02375859   0.08503389  -1.05179653  -0.07353396   1.55345134   0.99228307   0.23464522   1.55294100  -2.10643360
  1.02645210   0.08647945  -1.05060102  -0.07369284   1.55417449   0.99145312   0.23381614   1.55297069  -2.10927460
  1.02910129   0.08792363  -1.04940354  -0.07386218   1.55487427   0.99068463   0.23296672   1.55294416  -2.11206762
  1.03171282   0.08936745  -1.04821096  -0.07404658   1.55555929   0.98996332   0.23211815   1.55288421  -2.11481815
  1.03429212   0.09081049  -1.04703051  -0.07425957   1.55622712   0.98928807   0.23126840   1.55279861  -2.11751720
  1.03684265   0.09225057  -1.04586842  -0.07450023   1.55688103   0.98864793   0.23040787   1.55269072  -2.12015976
  1.03936630   0.09368540  -1.04473053  -0.07476268   1.55751637   0.98804860   0.22954484   1.55256511  -2.12275094
  1.04186364   0.09511141  -1.04362256  -0.07502207   1.55814867   0.98746160   0.22870150   1.55244457  -2.12530810
  1.04433519   0.09652399  -1.04255907  -0.07527046   1.55881426   0.98682001   0.22792833   1.55239295  -2.12783930
  1.04677913   0.09791816  -1.04155138  -0.07551136   1.55953031   0.98608506   0.22724684   1.55244801  -2.13033720
  1.04918673   0.09928570  -1.04061835  -0.07578755   1.56027156   0.98529772   0.22664867   1.55260091  -2.13275717
  1.05154539   0.10062138  -1.03975029  -0.07605560   1.56107338   0.98441992   0.22610629   1.55282257  -2.13510909
  1.05384442   0.10192389  -1.03893578  -0.07633640   1.56188710   0.98354382   0.22556850   1.55303629  -2.13736852
  1.05607398   0.10319410  -1.03814251  -0.07659592   1.56271122   0.98267171   0.22497165   1.55318080  -2.13954368
  1.05823044   0.10443613  -1.03734068  -0.07680732   1.56351402   0.98183449   0.22432684   1.55324791  -2.14166981
  1.06031714   0.10565436  -1.03652075  -0.07698886   1.56425248   0.98108117   0.22366856   1.55325528  -2.14375898
  1.06233817   0.10684902  -1.03568950  -0.07713788   1.56496228   0.98035229   0.22303196   1.55325149  -2.14582007
  1.06429896   0.10802114  -1.03485245  -0.07725950   1.56566356   0.97962818   0.22239043   1.55322309  -2.14784189
  1.06620582   0.10917202  -1.03402026  -0.07736883   1.56635731   0.97891468   0.22175851   1.55318132  -2.14982137
  1.06806394   0.11030170  -1.03320704  -0.07750560   1.56701200   0.97826647   0.22112834   1.55311254  -2.15173296
  1.06987398   0.11140518  -1.03243278  -0.07767417   1.56764437   0.97765489   0.22053743   1.55306002  -2.15357369
  1.07163411   0.11248260  -1.03168634  -0.07786423   1.56822998   0.97714067   0.21989123   1.55291956  -2.15532779
  1.07334589   0.11353495  -1.03095609  -0.07802619   1.56879639   0.97667175   0.21921082   1.55271464  -2.15703622
  1.07501409   0.11456501  -1.03023431  -0.07814799   1.56934512   0.97622369   0.21852966   1.55248550  -2.15872296
  1.07664391   0.11557437  -1.02951919  -0.07823255   1.56987983   0.97576885   0.21786246   1.55226609  -2.16039279
  1.07824031   0.11656350  -1.02881474  -0.07828533   1.57040704   0.97528409   0.21721945   1.55208270  -2.16204496
  1.07980713   0.11753277  -1.02812895  -0.07832672   1.57092782   0.97477457   0.21658445   1.55192637  -2.16366127
  1.08134699   0.11848195  -1.02746994  -0.07836026   1.57144145   0.97424901   0.21597103   1.55180262  -2.16524380
  1.08286121   0.11941275  -1.02683973  -0.07842687   1.57188610   0.97381978   0.21533368   1.55164181  -2.16676170
  1.08435028   0.12032714  -1.02623734  -0.07853365   1.57226396   0.97350800   0.21464574   1.55140528  -2.16820641
  1.08581382   0.12122333  -1.02566459  -0.07863811   1.57264639   0.97320156   0.21394577   1.55114977  -2.16960759
  1.08725207   0.12209949  -1.02512910  -0.07873188   1.57305435   0.97285323   0.21329799   1.55094525  -2.17098449
  1.08866174   0.12295455  -1.02463096  -0.07883884   1.57344871   0.97252223   0.21268511   1.55076512  -2.17231758
  1.09003664   0.12378383  -1.02417903  -0.07895340   1.57386727   0.97214745   0.21215084   1.55066261  -2.17361070
  1.09136735   0.12458325  -1.02377778  -0.07911268   1.57428820   0.97178540   0.21163691   1.55057193  -2.17481548
  1.09264379   0.12535221  -1.02340720  -0.07929828   1.57470526   0.97146665   0.21107560   1.55041002  -2.17592528
  1.09385919   0.12608799  -1.02305975  -0.07946591   1.57513002   0.97114458   0.21057674   1.55027275  -2.17699944
  1.09500956   0.12678952  -1.02272488  -0.07957917   1.57558637   0.97076113   0.21019129   1.55021610  -2.17807498
  1.09609405   0.12745920  -1.02238097  -0.07963991   1.57604820   0.97034948   0.20982777   1.55016270  -2.17913043
  1.09711656   0.12810045  -1.02201605  -0.07967888   1.57645135   0.96999368   0.20942474   1.55005430  -2.18013955
  1.09808252   0.12871394  -1.02163649  -0.07968670   1.57683267   0.96963524   0.20899860   1.54992436  -2.18111077
  1.09899880   0.12930119  -1.02125340  -0.07965462   1.57721753   0.96924086   0.20859563   1.54981648  -2.18206465
  1.09987280   0.12986363  -1.02087370  -0.07957028   1.57760973   0.96880482   0.20823994   1.54975022  -2.18301995
  1.10071227   0.13040273  -1.02050001  -0.07942882   1.57799657   0.96833939   0.20791920   1.54971817  -2.18398054
  1.10152476   0.13091977  -1.02013838  -0.07925479   1.57834974   0.96788593   0.20758639   1.54968337  -2.18491997
  1.10231748   0.13141660  -1.01980913  -0.07912113   1.57863010   0.96752940   0.20719755   1.54959639  -2.18578128
  1.10309389   0.13189570  -1.01952984  -0.07907239   1.57884170   0.96730542   0.20675029   1.54943580  -2.18653692
  1.10384940   0.13235248  -1.01932555  -0.07909660   1.57907824   0.96709011   0.20635743   1.54931636  -2.18721085
  1.10457389   0.13278343  -1.01917797  -0.07910702   1.57942252   0.96674858   0.20604671   1.54927899  -2.18785676
  1.10526432   0.13319225  -1.01904836  -0.07904655   1.57984768   0.96628512   0.20582458   1.54932294  -2.18852804
  1.10592331   0.13358417  -1.01890980  -0.07891893   1.58028930   0.96576153   0.20566292   1.54942359  -2.18923063
  1.10655306   0.13395873  -1.01878465  -0.07883329   1.58068873   0.96528042   0.20550473   1.54953273  -2.18987489
  1.10715084   0.13431789  -1.01866911  -0.07885169   1.58098929   0.96497374   0.20518995   1.54947697  -2.19037724
  1.10771806   0.13466624  -1.01854661  -0.07892662   1.58120417   0.96482989   0.20474258   1.54925589  -2.19078667
  1.10825566   0.13500118  -1.01842896  -0.07900571   1.58136859   0.96476335   0.20433881   1.54903541  -2.19118535
  1.10875953   0.13531940  -1.01831381  -0.07906685   1.58148701   0.96476075   0.20395462   1.54879907  -2.19157312
  1.10922641   0.13561853  -1.01819417  -0.07907848   1.58157938   0.96477505   0.20358512   1.54855815  -2.19196293
  1.10965584   0.13589714  -1.01807220  -0.07903997   1.58165723   0.96477408   0.20325196   1.54834846  -2.19235773
  1.11004808   0.13615402  -1.01795448  -0.07899193   1.58168833   0.96480423   0.20293201   1.54815165  -2.19272374
  1.11040239   0.13638722  -1.01784432  -0.07893378   1.58170922   0.96481971   0.20258990   1.54795167  -2.19304317
  1.11071985   0.13659647  -1.01774478  -0.07884144   1.58175544   0.96476433   0.20228707   1.54780809  -2.19334898
  1.11100321   0.13678355  -1.01765254  -0.07869458   1.58183759   0.96462021   0.20206244   1.54775057  -2.19367150
  1.11125789   0.13695180  -1.01756542  -0.07850625   1.58193231   0.96442654   0.20190908   1.54776274  -2.19400988
  1.11148906   0.13710127  -1.01750306  -0.07834979   1.58200070   0.96426277   0.20178087   1.54779806  -2.19430354
  1.11169569   0.13723061  -1.01747610  -0.07822276   1.58209850   0.96407508   0.20166089   1.54784561  -2.19453994
  1.11187534   0.13734273  -1.01746841  -0.07809213   1.58222842   0.96386960   0.20154871   1.54788311  -2.19474776
  1.11202759   0.13744194  -1.01745844  -0.07794513   1.58234900   0.96369568   0.20144681   1.54789491  -2.19494997
  1.11215415   0.13753211  -1.01743264  -0.07780373   1.58241922   0.96360518   0.20131822   1.54784568  -2.19513143
  1.11225931   0.13761591  -1.01738998  -0.07768543   1.58244152   0.96358441   0.20116903   1.54775626  -2.19528652
  1.11234649   0.13769222  -1.01734481  -0.07759991   1.58244035   0.96358886   0.20104952   1.54769037  -2.19541935
  1.11241544   0.13775951  -1.01730215  -0.07755520   1.58241752   0.96362811   0.20091889   1.54761069  -2.19550830
  1.11246512   0.13781598  -1.01726275  -0.07753884   1.58237661   0.96369392   0.20077645   1.54751751  -2.19555826
  1.11249530   0.13785822  -1.01723771  -0.07754316   1.58232044   0.96376879   0.20068307   1.54747009  -2.19558755
  1.11250403   0.13788265  -1.01723481  -0.07757627   1.58223616   0.96387791   0.20061492   1.54744250  -2.19557813
  1.11248709   0.13788567  -1.01725468  -0.07759895   1.58217042   0.96395761   0.20056816   1.54743713  -2.19554408
  1.11244226   0.13786775  -1.01728803  -0.07758844   1.58212050   0.96400708   0.20055096   1.54745405  -2.19550502
  1.11236922   0.13783131  -1.01732572  -0.07754921   1.58206271   0.96405852   0.20055367   1.54747662  -2.19546150
  1.11226873   0.13777891  -1.01736289  -0.07749598   1.58198555   0.96412869   0.20056284   1.54749306  -2.19540425
  1.11214246   0.13771243  -1.01740068  -0.07743678   1.58190367   0.96419454   0.20059189   1.54752479  -2.19533273
  1.11199252   0.13763396  -1.01743943  -0.07737156   1.58182999   0.96423736   0.20065851   1.54759153  -2.19525431
  1.11182192   0.13754577  -1.01747843  -0.07730281   1.58176873   0.96425112   0.20076512   1.54769825  -2.19517116
  1.11163505   0.13745043  -1.01751817  -0.07724458   1.58170548   0.96425547   0.20090924   1.54784305  -2.19507877
  1.11143620   0.13734956  -1.01756213  -0.07723310   1.58159493   0.96431752   0.20106331   1.54799592  -2.19495121
  1.11122722   0.13724156  -1.01761999  -0.07727728   1.58144270   0.96443305   0.20121885   1.54815469  -2.19477596
  1.11100867   0.13712521  -1.01769789  -0.07737895   1.58124652   0.96462137   0.20134628   1.54828352  -2.19454056
  1.11077930   0.13699876  -1.01779915  -0.07751080   1.58104325   0.96484209   0.20143813   1.54837399  -2.19425428
  1.11053665   0.13686130  -1.01792331  -0.07762712   1.58088661   0.96501936   0.20154538   1.54847243  -2.19395735
  1.11027876   0.13671496  -1.01805702  -0.07771437   1.58075413   0.96517902   0.20168211   1.54857794  -2.19367031
  1.11000566   0.13656211  -1.01818886  -0.07777884   1.58061397   0.96535048   0.20185357   1.54869484  -2.19339812
  1.10971850   0.13640399  -1.01831361  -0.07783395   1.58045247   0.96553766   0.20205133   1.54882848  -2.19313205
  1.10941887   0.13624099  -1.01843113  -0.07789123   1.58027205   0.96573060   0.20225776   1.54897653  -2.19285861
  1.10910845   0.13607327  -1.01854431  -0.07795452   1.58008442   0.96591626   0.20246015   1.54913332  -2.19257011
  1.10878900   0.13590125  -1.01865664  -0.07802076   1.57990136   0.96608789   0.20265622   1.54929314  -2.19226783
  1.10846194   0.13572608  -1.01876816  -0.07808566   1.57972203   0.96625779   0.20284296   1.54944209  -2.19195663
  1.10812858   0.13554882  -1.01887807  -0.07814284   1.57955013   0.96642534   0.20302648   1.54958015  -2.19164493
  1.10779016   0.13536992  -1.01898645  -0.07818545   1.57939861   0.96657064   0.20321652   1.54971970  -2.19134022
  1.10744742   0.13519054  -1.01908819  -0.07822070   1.57924847   0.96672274   0.20338742   1.54983280  -2.19103428
  1.10710171   0.13501170  -1.01918140  -0.07824919   1.57909677   0.96688083   0.20354854   1.54992973  -2.19073204
  1.10675478   0.13483387  -1.01926744  -0.07827126   1.57894927   0.96703093   0.20371612   1.55003105  -2.19043875
  1.10640892   0.13465751  -1.01934925  -0.07829497   1.57880217   0.96717774   0.20389247   1.55014100  -2.19015098
  1.10606549   0.13448261  -1.01942866  -0.07832325   1.57865521   0.96732289   0.20407061   1.55025462  -2.18986477
  1.10572534   0.13430898  -1.01950696  -0.07835464   1.57851118   0.96746404   0.20424637   1.55036855  -2.18957949
  1.10538929   0.13413650  -1.01958566  -0.07838734   1.57837198   0.96760007   0.20442080   1.55048289  -2.18929660
  1.10505782   0.13396531  -1.01966450  -0.07842161   1.57823243   0.96774023   0.20458946   1.55059049  -2.18901569
  1.10473140   0.13379551  -1.01974378  -0.07845623   1.57809283   0.96788346   0.20475714   1.55069539  -2.18873942
  1.10441046   0.13362706  -1.01982453  -0.07849161   1.57795538   0.96802577   0.20492753   1.55080251  -2.18846838
  1.10409515   0.13345988  -1.01990718  -0.07852864   1.57782124   0.96816540   0.20509881   1.55091147  -2.18820112
  1.10378531   0.13329386  -1.01999157  -0.07856681   1.57769256   0.96829899   0.20526850   1.55102145  -2.18793667
  1.10348056   0.13312897  -1.02007692  -0.07860493   1.57756998   0.96842538   0.20543525   1.55113138  -2.18767528
  1.10318061   0.13296535  -1.02016226  -0.07864297   1.57745089   0.96854860   0.20559847   1.55123917  -2.18741732
  1.10288523   0.13280310  -1.02024727  -0.07868107   1.57733393   0.96867063   0.20575922   1.55134488  -2.18716323
  1.10259423   0.13264218  -1.02033195  -0.07871917   1.57721886   0.96879170   0.20591897   1.55144956  -2.18691343
  1.10230740   0.13248263  -1.02041583  -0.07875832   1.57710297   0.96891563   0.20607574   1.55155083  -2.18666683
  1.10202444   0.13232431  -1.02049875  -0.07879825   1.57698686   0.96904050   0.20622927   1.55164958  -2.18642308
  1.10174521   0.13216708  -1.02058121  -0.07883914   1.57687213   0.96916365   0.20638083   1.55174792  -2.18618190
  1.10146940   0.13201082  -1.02066332  -0.07888064   1.57676017   0.96928341   0.20653023   1.55184593  -2.18594300
  1.10119672   0.13185552  -1.02074507  -0.07892241   1.57665165   0.96939977   0.20667742   1.55194281  -2.18570640
  1.10092691   0.13170124  -1.02082632  -0.07896443   1.57654645   0.96951385   0.20682303   1.55203805  -2.18547240
  1.10065975   0.13154807  -1.02090671  -0.07900655   1.57644451   0.96962588   0.20696757   1.55213166  -2.18524132
  1.10039499   0.13139602  -1.02098572  -0.07904838   1.57634584   0.96973539   0.20711073   1.55222363  -2.18501326
  1.10013245   0.13124506  -1.02106319  -0.07908970   1.57625059   0.96984197   0.20725215   1.55231380  -2.18478809
  1.09987206   0.13109519  -1.02113900  -0.07913064   1.57615792   0.96994678   0.20739140   1.55240155  -2.18456566
  1.09961368   0.13094640  -1.02121277  -0.07917069   1.57606729   0.97005017   0.20752803   1.55248647  -2.18434616
  1.09935719   0.13079866  -1.02128421  -0.07920923   1.57597874   0.97015138   0.20766209   1.55256903  -2.18412992
  1.09910259   0.13065191  -1.02135346  -0.07924625   1.57589234   0.97024989   0.20779425   1.55265018  -2.18391700
  1.09884995   0.13050611  -1.02142106  -0.07928226   1.57580824   0.97034570   0.20792473   1.55273022  -2.18370695
  1.09859928   0.13036119  -1.02148723  -0.07931729   1.57572628   0.97043951   0.20805281   1.55280822  -2.18349948
  1.09835051   0.13021715  -1.02155186  -0.07935079   1.57564630   0.97053153   0.20817822   1.55288374  -2.18329482
  1.09810355   0.13007387  -1.02161472  -0.07938188   1.57556818   0.97062106   0.20830109   1.55295734  -2.18309344
  1.09785848   0.12993130  -1.02167644  -0.07941088   1.57549240   0.97070784   0.20842225   1.55302969  -2.18289519
  1.09761537   0.12978951  -1.02173739  -0.07943851   1.57541878   0.97079300   0.20854186   1.55310035  -2.18269973
  1.09737423   0.12964866  -1.02179730  -0.07946523   1.57534700   0.97087717   0.20865966   1.55316889  -2.18250692
  1.09713506   0.12950892  -1.02185571  -0.07949132   1.57527712   0.97095984   0.20877567   1.55323575  -2.18231677
  1.09689787   0.12937043  -1.02191226  -0.07951697   1.57520924   0.97104058   0.20888950   1.55330097  -2.18212917
  1.09666266   0.12923332  -1.02196657  -0.07954190   1.57514321   0.97111948   0.20900102   1.55336437  -2.18194447
  1.09642946   0.12909767  -1.02201841  -0.07956560   1.57507907   0.97119625   0.20911062   1.55342629  -2.18176323
  1.09619832   0.12896349  -1.02206787  -0.07958796   1.57501685   0.97127077   0.20921854   1.55348702  -2.18158559
  1.09596939   0.12883075  -1.02211529  -0.07960928   1.57495637   0.97134338   0.20932449   1.55354638  -2.18141120
  1.09574272   0.12869941  -1.02216094  -0.07962955   1.57489751   0.97141429   0.20942820   1.55360420  -2.18123990
  1.09551843   0.12856940  -1.02220520  -0.07964881   1.57484021   0.97148378   0.20952956   1.55366032  -2.18107151
  1.09529657   0.12844068  -1.02224844  -0.07966692   1.57478456   0.97155191   0.20962892   1.55371494  -2.18090613
  1.09507721   0.12831321  -1.02229084  -0.07968382   1.57473049   0.97161874   0.20972649   1.55376824  -2.18074382
  1.09486036   0.12818699  -1.02233240  -0.07969945   1.57467783   0.97168428   0.20982211   1.55382027  -2.18058452
  1.09464604   0.12806203  -1.02237301  -0.07971388   1.57462638   0.97174854   0.20991549   1.55387101  -2.18042812
  1.09443422   0.12793837  -1.02241261  -0.07972712   1.57457609   0.97181148   0.21000664   1.55392054  -2.18027465
  1.09422488   0.12781606  -1.02245101  -0.07973908   1.57452687   0.97187311   0.21009565   1.55396893  -2.18012423
  1.09401795   0.12769514  -1.02248798  -0.07974963   1.57447861   0.97193341   0.21018251   1.55401622  -2.17997702
  1.09381341   0.12757563  -1.02252342  -0.07975886   1.57443128   0.97199240   0.21026732   1.55406246  -2.17983300
  1.09361125   0.12745758  -1.02255754  -0.07976734   1.57438508   0.97205020   0.21035035   1.55410781  -2.17969190
  1.09341153   0.12734104  -1.02259056  -0.07977549   1.57434024   0.97210692   0.21043182   1.55415227  -2.17955350
  1.09321429   0.12722606  -1.02262266  -0.07978369   1.57429692   0.97216269   0.21051181   1.55419583  -2.17941758
  1.09301957   0.12711266  -1.02265386  -0.07979190   1.57425516   0.97221755   0.21059028   1.55423838  -2.17928418
  1.09282736   0.12700087  -1.02268400  -0.07979977   1.57421483   0.97227145   0.21066707   1.55427987  -2.17915354
  1.09263766   0.12689072  -1.02271281  -0.07980696   1.57417567   0.97232432   0.21074197   1.55432031  -2.17902584
  1.09245046   0.12678221  -1.02274012  -0.07981323   1.57413744   0.97237603   0.21081482   1.55435981  -2.17890122
  1.09226575   0.12667533  -1.02276577  -0.07981843   1.57409994   0.97242648   0.21088551   1.55439851  -2.17877974
  1.09208353   0.12657008  -1.02278988  -0.07982278   1.57406310   0.97247569   0.21095404   1.55443653  -2.17866121
  1.09190387   0.12646642  -1.02281277  -0.07982660   1.57402703   0.97252376   0.21102056   1.55447398  -2.17854537
  1.09172678   0.12636432  -1.02283477  -0.07983010   1.57399186   0.97257085   0.21108528   1.55451089  -2.17843206
  1.09155230   0.12626377  -1.02285612  -0.07983343   1.57395773   0.97261710   0.21114839   1.55454725  -2.17832119
  1.09138042   0.12616473  -1.02287697  -0.07983662   1.57392470   0.97266259   0.21121001   1.55458306  -2.17821273
  1.09121110   0.12606723  -1.02289721  -0.07983959   1.57389268   0.97270732   0.21127009   1.55461829  -2.17810671
  1.09104433   0.12597124  -1.02291688  -0.07984250   1.57386167   0.97275131   0.21132865   1.55465303  -2.17800301
  1.09088012   0.12587679  -1.02293612  -0.07984557   1.57383174   0.97279460   0.21138577   1.55468732  -2.17790148
  1.09071850   0.12578385  -1.02295504  -0.07984881   1.57380294   0.97283723   0.21144152   1.55472116  -2.17780210
  1.09055944   0.12569243  -1.02297364  -0.07985211   1.57377528   0.97287922   0.21149592   1.55475453  -2.17770495
  1.09040295   0.12560253  -1.02299183  -0.07985532   1.57374866   0.97292056   0.21154892   1.55478741  -2.17761011
  1.09024901   0.12551416  -1.02300952  -0.07985832   1.57372298   0.97296124   0.21160041   1.55481980  -2.17751765
  1.09009759   0.12542733  -1.02302662  -0.07986106   1.57369813   0.97300123   0.21165032   1.55485172  -2.17742757
  1.08994869   0.12534202  -1.02304309  -0.07986355   1.57367404   0.97304053   0.21169863   1.55488324  -2.17733985
  1.08980229   0.12525824  -1.02305893  -0.07986584   1.57365068   0.97307912   0.21174536   1.55491440  -2.17725446
  1.08965838   0.12517598  -1.02307424  -0.07986806   1.57362809   0.97311708   0.21179060   1.55494524  -2.17717129
  1.08951696   0.12509522  -1.02308917  -0.07987036   1.57360634   0.97315446   0.21183445   1.55497578  -2.17709024
  1.08937803   0.12501594  -1.02310385  -0.07987279   1.57358548   0.97319136   0.21187699   1.55500601  -2.17701125
  1.08924158   0.12493811  -1.02311834  -0.07987536   1.57356553   0.97322781   0.21191826   1.55503589  -2.17693429
  1.08910759   0.12486173  -1.02313265  -0.07987802   1.57354649   0.97326383   0.21195826   1.55506543  -2.17685937
  1.08897602   0.12478677  -1.02314675  -0.07988070   1.57352828   0.97329937   0.21199698   1.55509466  -2.17678648
  1.08884684   0.12471322  -1.02316061  -0.07988337   1.57351087   0.97333444   0.21203438   1.55512360  -2.17671563
  1.08872004   0.12464106  -1.02317420  -0.07988601   1.57349420   0.97336901   0.21207047   1.55515229  -2.17664680
  1.08859557   0.12457028  -1.02318750  -0.07988863   1.57347823   0.97340309   0.21210523   1.55518074  -2.17657996
  1.08847341   0.12450087  -1.02320053  -0.07989122   1.57346295   0.97343670   0.21213870   1.55520897  -2.17651509
  1.08835352   0.12443280  -1.02321331  -0.07989382   1.57344835   0.97346987   0.21217091   1.55523698  -2.17645214
  1.08823589   0.12436606  -1.02322586  -0.07989644   1.57343444   0.97350260   0.21220189   1.55526478  -2.17639109
  1.08812048   0.12430063  -1.02323820  -0.07989910   1.57342122   0.97353493   0.21223166   1.55529237  -2.17633190
  1.08800726   0.12423649  -1.02325036  -0.07990182   1.57340870   0.97356687   0.21226026   1.55531977  -2.17627452
  1.08789620   0.12417363  -1.02326236  -0.07990462   1.57339687   0.97359843   0.21228771   1.55534697  -2.17621893
  1.08778728   0.12411202  -1.02327420  -0.07990749   1.57338571   0.97362962   0.21231403   1.55537399  -2.17616509
  1.08768045   0.12405164  -1.02328588  -0.07991042   1.57337520   0.97366045   0.21233924   1.55540083  -2.17611298
  1.08757569   0.12399247  -1.02329742  -0.07991341   1.57336533   0.97369094   0.21236333   1.55542750  -2.17606258
  1.08747296   0.12393450  -1.02330880  -0.07991645   1.57335607   0.97372108   0.21238632   1.55545402  -2.17601387
  1.08737223   0.12387769  -1.02332003  -0.07991955   1.57334741   0.97375089   0.21240822   1.55548039  -2.17596680
  1.08727347   0.12382205  -1.02333112  -0.07992268   1.57333932   0.97378037   0.21242905   1.55550662  -2.17592136
  1.08717664   0.12376753  -1.02334207  -0.07992586   1.57333181   0.97380952   0.21244882   1.55553271  -2.17587752
  1.08708172   0.12371413  -1.02335289  -0.07992909   1.57332485   0.97383837   0.21246755   1.55555868  -2.17583525
  1.08698866   0.12366182  -1.02336358  -0.07993237   1.57331844   0.97386691   0.21248526   1.55558453  -2.17579452
  1.08689744   0.12361058  -1.02337416  -0.07993570   1.57331257   0.97389516   0.21250197   1.55561027  -2.17575531
  1.08680802   0.12356040  -1.02338462  -0.07993908   1.57330723   0.97392312   0.21251770   1.55563590  -2.17571758
  1.08672037   0.12351125  -1.02339497  -0.07994253   1.57330241   0.97395081   0.21253246   1.55566143  -2.17568130
  1.08663445   0.12346311  -1.02340521  -0.07994603   1.57329810   0.97397822   0.21254628   1.55568687  -2.17564645
  1.08655023   0.12341598  -1.02341535  -0.07994961   1.57329429   0.97400538   0.21255917   1.55571221  -2.17561300
  1.08646767   0.12336981  -1.02342538  -0.07995324   1.57329098   0.97403228   0.21257114   1.55573746  -2.17558092
  1.08638674   0.12332460  -1.02343531  -0.07995694   1.57328813   0.97405894   0.21258221   1.55576263  -2.17555019
  1.08630741   0.12328033  -1.02344515  -0.07996070   1.57328577   0.97408536   0.21259241   1.55578773  -2.17552078
  1.08622965   0.12323697  -1.02345489  -0.07996452   1.57328386   0.97411155   0.21260174   1.55581275  -2.17549266
  1.08615341   0.12319451  -1.02346453  -0.07996840   1.57328240   0.97413750   0.21261022   1.55583770  -2.17546580
  1.08607866   0.12315293  -1.02347407  -0.07997234   1.57328139   0.97416323   0.21261786   1.55586259  -2.17544020
  1.08600539   0.12311221  -1.02348353  -0.07997634   1.57328080   0.97418875   0.21262469   1.55588743  -2.17541580
  1.08593354   0.12307232  -1.02349290  -0.07998041   1.57328064   0.97421406   0.21263072   1.55591220  -2.17539259
  1.08586309   0.12303325  -1.02350219  -0.07998454   1.57328091   0.97423918   0.21263597   1.55593693  -2.17537055
  1.08579402   0.12299499  -1.02351140  -0.07998874   1.57328158   0.97426410   0.21264045   1.55596160  -2.17534964
  1.08572628   0.12295751  -1.02352052  -0.07999300   1.57328265   0.97428883   0.21264418   1.55598623  -2.17532985
  1.08565984   0.12292079  -1.02352958  -0.07999733   1.57328412   0.97431337   0.21264717   1.55601082  -2.17531116
  1.08559469   0.12288483  -1.02353855  -0.08000172   1.57328597   0.97433774   0.21264943   1.55603536  -2.17529353
  1.08553077   0.12284959  -1.02354744  -0.08000617   1.57328821   0.97436193   0.21265099   1.55605987  -2.17527694
  1.08546808   0.12281507  -1.02355625  -0.08001068   1.57329081   0.97438596   0.21265185   1.55608435  -2.17526138
