  0.74358106   0.46159740  -1.17336566  -0.31175414   1.87211869   0.73031761   0.40424754   1.80723818  -1.54474876
  0.74358226   0.46159428  -1.17336578  -0.31175524   1.87212125   0.73030860   0.40425145   1.80724142  -1.54474722
  0.74358547   0.46158612  -1.17336570  -0.31175876   1.87212558   0.73028910   0.40426025   1.80724793  -1.54474365
  0.74359161   0.46157079  -1.17336497  -0.31176593   1.87213010   0.73025921   0.40427419   1.80725686  -1.54473813
  0.74360154   0.46154632  -1.17336315  -0.31177774   1.87213260   0.73022085   0.40429245   1.80726650  -1.54473128
  0.74361602   0.46151083  -1.17336013  -0.31179407   1.87213293   0.73017323   0.40431459   1.80727632  -1.54472402
  0.74363576   0.46146253  -1.17335596  -0.31181404   1.87213219   0.73011392   0.40434060   1.80728657  -1.54471754
  0.74366147   0.46139981  -1.17335055  -0.31183732   1.87212996   0.73004317   0.40436999   1.80729630  -1.54471312
  0.74369385   0.46132115  -1.17334389  -0.31186436   1.87212484   0.72996603   0.40439936   1.80730095  -1.54471274
  0.74373349   0.46122495  -1.17333757  -0.31189252   1.87212505   0.72988445   0.40442123   1.80729183  -1.54472211
  0.74378099   0.46110982  -1.17333223  -0.31191972   1.87213724   0.72979957   0.40443240   1.80726185  -1.54474635
  0.74383689   0.46097449  -1.17332743  -0.31194369   1.87216615   0.72970708   0.40443238   1.80721026  -1.54478856
  0.74390202   0.46081780  -1.17332198  -0.31196550   1.87221061   0.72960479   0.40442362   1.80713830  -1.54484847
  0.74397728   0.46063861  -1.17331456  -0.31198775   1.87226588   0.72949481   0.40440897   1.80704596  -1.54492516
  0.74406345   0.46043557  -1.17330439  -0.31201252   1.87232645   0.72938739   0.40438588   1.80692685  -1.54502037
  0.74416079   0.46020749  -1.17328910  -0.31204179   1.87237983   0.72930034   0.40434982   1.80677347  -1.54513657
  0.74427017   0.45995242  -1.17327011  -0.31207430   1.87243230   0.72922068   0.40430329   1.80659164  -1.54527248
  0.74439284   0.45966686  -1.17325247  -0.31210680   1.87248899   0.72915482   0.40423410   1.80637202  -1.54543331
  0.74453000   0.45934753  -1.17324000  -0.31213656   1.87255262   0.72910558   0.40413719   1.80611003  -1.54562249
  0.74468245   0.45899186  -1.17323436  -0.31215705   1.87263056   0.72905752   0.40401816   1.80581412  -1.54584243
  0.74485102   0.45859777  -1.17323467  -0.31216282   1.87272301   0.72900761   0.40387965   1.80548678  -1.54609826
  0.74503669   0.45816393  -1.17323779  -0.31215712   1.87281865   0.72896312   0.40372444   1.80512806  -1.54638929
  0.74523989   0.45768803  -1.17323908  -0.31214162   1.87288444   0.72896410   0.40354194   1.80472723  -1.54672046
  0.74546273   0.45716073  -1.17324478  -0.31210168   1.87287764   0.72908262   0.40329657   1.80425927  -1.54711317
  0.74570821   0.45657206  -1.17326660  -0.31201952   1.87279560   0.72932056   0.40297970   1.80372948  -1.54757777
  0.74597991   0.45591505  -1.17331348  -0.31187848   1.87266957   0.72962408   0.40260647   1.80316323  -1.54811793
  0.74627987   0.45518622  -1.17338857  -0.31167848   1.87252696   0.72993504   0.40220212   1.80258721  -1.54872315
  0.74660908   0.45438442  -1.17349019  -0.31142969   1.87238211   0.73021646   0.40178455   1.80201670  -1.54937946
  0.74696906   0.45350827  -1.17361567  -0.31115253   1.87221856   0.73050320   0.40134255   1.80142561  -1.55008113
  0.74736086   0.45255550  -1.17376545  -0.31085948   1.87203176   0.73080936   0.40087108   1.80079948  -1.55082300
  0.74778557   0.45151960  -1.17394232  -0.31054840   1.87178841   0.73120183   0.40034145   1.80010513  -1.55161917
  0.74824415   0.45039486  -1.17415028  -0.31021217   1.87148762   0.73168158   0.39975008   1.79934265  -1.55247432
  0.74873719   0.44917889  -1.17438957  -0.30984055   1.87115693   0.73220341   0.39910617   1.79852990  -1.55339069
  0.74926488   0.44787018  -1.17465959  -0.30943413   1.87081727   0.73272977   0.39842532   1.79768020  -1.55436277
  0.74982734   0.44646370  -1.17496244  -0.30899700   1.87045202   0.73328185   0.39770507   1.79678527  -1.55538858
  0.75042462   0.44495696  -1.17529488  -0.30852956   1.87004830   0.73386925   0.39694644   1.79584450  -1.55646915
  0.75105659   0.44334897  -1.17565363  -0.30803126   1.86961199   0.73448175   0.39615203   1.79485965  -1.55760546
  0.75172316   0.44163676  -1.17603863  -0.30750182   1.86913776   0.73513650   0.39531357   1.79381773  -1.55880230
  0.75242362   0.43981932  -1.17644716  -0.30693410   1.86863854   0.73581999   0.39442985   1.79271948  -1.56006615
  0.75315754   0.43789756  -1.17687384  -0.30632740   1.86812840   0.73651680   0.39350218   1.79156431  -1.56139987
  0.75392492   0.43587303  -1.17731192  -0.30568640   1.86761219   0.73722033   0.39253413   1.79034994  -1.56280332
  0.75472606   0.43374536  -1.17775554  -0.30501083   1.86707499   0.73795673   0.39151749   1.78906289  -1.56428468
  0.75556131   0.43151459  -1.17820059  -0.30430286   1.86651520   0.73872245   0.39045642   1.78770503  -1.56584334
  0.75643063   0.42918168  -1.17864285  -0.30356531   1.86593838   0.73950718   0.38935513   1.78627833  -1.56747782
  0.75733392   0.42674742  -1.17907748  -0.30280069   1.86533843   0.74032452   0.38820846   1.78477310  -1.56919143
  0.75827179   0.42420966  -1.17950407  -0.30200507   1.86470085   0.74120035   0.38700675   1.78317816  -1.57099204
  0.75924480   0.42156787  -1.17992358  -0.30117589   1.86404329   0.74210014   0.38576206   1.78150985  -1.57287558
  0.76025328   0.41882239  -1.18033649  -0.30031519   1.86338176   0.74299757   0.38448182   1.77977734  -1.57483658
  0.76129791   0.41597065  -1.18074291  -0.29941930   1.86269017   0.74394138   0.38314636   1.77795879  -1.57688602
  0.76237908   0.41301093  -1.18114604  -0.29848711   1.86197479   0.74492048   0.38175877   1.77605907  -1.57902128
  0.76349664   0.40994334  -1.18154716  -0.29751882   1.86125178   0.74591173   0.38032541   1.77408506  -1.58123850
  0.76465089   0.40676649  -1.18194703  -0.29651230   1.86051293   0.74693746   0.37883786   1.77202335  -1.58354373
  0.76584204   0.40347950  -1.18234751  -0.29547024   1.85976070   0.74799431   0.37729935   1.76987391  -1.58593340
  0.76707010   0.40007889  -1.18275433  -0.29439927   1.85897889   0.74911109   0.37570773   1.76762287  -1.58840318
  0.76833419   0.39656386  -1.18316501  -0.29329571   1.85815485   0.75030608   0.37405268   1.76526386  -1.59095745
  0.76963377   0.39293256  -1.18358100  -0.29215075   1.85729136   0.75157704   0.37233041   1.76279798  -1.59360104
  0.77096701   0.38918448  -1.18400405  -0.29096029   1.85640223   0.75290226   0.37054950   1.76023396  -1.59633123
  0.77233250   0.38531869  -1.18443594  -0.28970892   1.85550229   0.75426352   0.36871488   1.75757943  -1.59915605
  0.77372948   0.38133710  -1.18487415  -0.28839503   1.85460027   0.75564708   0.36682990   1.75483917  -1.60207496
  0.77515682   0.37724216  -1.18531430  -0.28702288   1.85368718   0.75707210   0.36488296   1.75200105  -1.60508770
  0.77661314   0.37303902  -1.18574821  -0.28559022   1.85276882   0.75853043   0.36287185   1.74906682  -1.60819710
  0.77809766   0.36873232  -1.18617004  -0.28409325   1.85184789   0.76002248   0.36079733   1.74603435  -1.61140856
  0.77961008   0.36432849  -1.18657399  -0.28254195   1.85092720   0.76153886   0.35867194   1.74290821  -1.61471465
  0.78114947   0.35983282  -1.18695239  -0.28093578   1.84998569   0.76311716   0.35648674   1.73967194  -1.61812298
  0.78271395   0.35525122  -1.18730172  -0.27928151   1.84902687   0.76474988   0.35424948   1.73632925  -1.62162601
  0.78430288   0.35058886  -1.18762180  -0.27757695   1.84806874   0.76640665   0.35196819   1.73289539  -1.62521934
  0.78591556   0.34585273  -1.18791293  -0.27582854   1.84713740   0.76803867   0.34966277   1.72939516  -1.62888924
  0.78754993   0.34104752  -1.18817845  -0.27404074   1.84624105   0.76963387   0.34734314   1.72583585  -1.63262629
  0.78920464   0.33618159  -1.18841154  -0.27220950   1.84537595   0.77120348   0.34500430   1.72221337  -1.63643675
  0.79087907   0.33126287  -1.18860248  -0.27032047   1.84452175   0.77279033   0.34263001   1.71850964  -1.64034113
  0.79257355   0.32630039  -1.18874455  -0.26838528   1.84366459   0.77441318   0.34021956   1.71471905  -1.64433425
  0.79428818   0.32130220  -1.18883435  -0.26641076   1.84279972   0.77607995   0.33777381   1.71083985  -1.64841190
  0.79602296   0.31627782  -1.18886920  -0.26440584   1.84194509   0.77775360   0.33530548   1.70689303  -1.65256160
  0.79777814   0.31123362  -1.18885110  -0.26237621   1.84110195   0.77942945   0.33281987   1.70288547  -1.65677554
  0.79955304   0.30617662  -1.18877590  -0.26031383   1.84025256   0.78113893   0.33030873   1.69880778  -1.66106332
  0.80134740   0.30111563  -1.18864145  -0.25822074   1.83940891   0.78285934   0.32778315   1.69467479  -1.66542031
  0.80316179   0.29605730  -1.18845353  -0.25610655   1.83858456   0.78457096   0.32526290   1.69049849  -1.66983522
  0.80499678   0.29100684  -1.18821874  -0.25398451   1.83777378   0.78627957   0.32276026   1.68628335  -1.67429489
  0.80685155   0.28597246  -1.18793352  -0.25185491   1.83697970   0.78797432   0.32026770   1.68203959  -1.67879516
  0.80872503   0.28096194  -1.18759346  -0.24971070   1.83620400   0.78965288   0.31777533   1.67777139  -1.68333966
  0.81061662   0.27598440  -1.18719323  -0.24755528   1.83544695   0.79130881   0.31528165   1.67348691  -1.68792460
  0.81252593   0.27104686  -1.18672745  -0.24538568   1.83468155   0.79298783   0.31277599   1.66916952  -1.69255779
  0.81445347   0.26615577  -1.18620097  -0.24321267   1.83392137   0.79466264   0.31027669   1.66483826  -1.69722598
  0.81639975   0.26131625  -1.18562076  -0.24104108   1.83318225   0.79631185   0.30779600   1.66050554  -1.70192091
  0.81836481   0.25653488  -1.18498979  -0.23887581   1.83247978   0.79791005   0.30534498   1.65618698  -1.70663504
  0.82034876   0.25181700  -1.18431090  -0.23672643   1.83180636   0.79946968   0.30292516   1.65188143  -1.71136060
  0.82235077   0.24717029  -1.18358160  -0.23459275   1.83117226   0.80097036   0.30053846   1.64760310  -1.71609492
  0.82436978   0.24260323  -1.18279625  -0.23247115   1.83058076   0.80241108   0.29818262   1.64335346  -1.72084255
  0.82640538   0.23812080  -1.18195034  -0.23034696   1.83000781   0.80383498   0.29585240   1.63911772  -1.72562116
  0.82845786   0.23372854  -1.18104257  -0.22821879   1.82945491   0.80523266   0.29355103   1.63490719  -1.73043053
  0.83052836   0.22943250  -1.18007463  -0.22609350   1.82893828   0.80657532   0.29128526   1.63073857  -1.73526261
  0.83261852   0.22523660  -1.17904961  -0.22397805   1.82844517   0.80788521   0.28905731   1.62660617  -1.74011490
  0.83472968   0.22114538  -1.17797042  -0.22187912   1.82798285   0.80914278   0.28687107   1.62252597  -1.74497895
  0.83686319   0.21716356  -1.17684078  -0.21980507   1.82756283   0.81032810   0.28473032   1.61851068  -1.74984579
  0.83902078   0.21329250  -1.17566868  -0.21776704   1.82716659   0.81147448   0.28263854   1.61455037  -1.75470931
  0.84120290   0.20953480  -1.17445662  -0.21575809   1.82679442   0.81257846   0.28059751   1.61065328  -1.75957326
  0.84340998   0.20589491  -1.17320405  -0.21377653   1.82645534   0.81362012   0.27860346   1.60683278  -1.76443571
  0.84564245   0.20237794  -1.17190751  -0.21182072   1.82614781   0.81460031   0.27664727   1.60309026  -1.76929792
  0.84790073   0.19898702  -1.17056159  -0.20987995   1.82584183   0.81556681   0.27471648   1.59940763  -1.77417345
  0.85018585   0.19572489  -1.16916661  -0.20795179   1.82553398   0.81651799   0.27281405   1.59579278  -1.77906431
  0.85249945   0.19259485  -1.16772678  -0.20604547   1.82523701   0.81742749   0.27094851   1.59226369  -1.78396119
  0.85484318   0.18960058  -1.16624720  -0.20417370   1.82496551   0.81826998   0.26912849   1.58883620  -1.78885274
  0.85721864   0.18674586  -1.16473253  -0.20235012   1.82472591   0.81903557   0.26736000   1.58551868  -1.79372869
  0.85962716   0.18403411  -1.16318691  -0.20058544   1.82451800   0.81972596   0.26564754   1.58231461  -1.79858213
  0.86206983   0.18146832  -1.16161333  -0.19888810   1.82433246   0.82035722   0.26399149   1.57922112  -1.80340865
  0.86454752   0.17905078  -1.16001471  -0.19726389   1.82415679   0.82094921   0.26239028   1.57623421  -1.80820529
  0.86706070   0.17678301  -1.15839445  -0.19571100   1.82398583   0.82150922   0.26084534   1.57335630  -1.81297339
  0.86960964   0.17466588  -1.15675643  -0.19422373   1.82381959   0.82203487   0.25936002   1.57059484  -1.81771595
  0.87219454   0.17269986  -1.15510446  -0.19279723   1.82365670   0.82252462   0.25793534   1.56795676  -1.82243464
  0.87481543   0.17088539  -1.15344111  -0.19142589   1.82349282   0.82298124   0.25657001   1.56544646  -1.82713189
  0.87747229   0.16922282  -1.15176866  -0.19010427   1.82332381   0.82340678   0.25526318   1.56306864  -1.83181012
  0.88016510   0.16771249  -1.15008936  -0.18882862   1.82314564   0.82380270   0.25401368   1.56082802  -1.83647033
  0.88289402   0.16635471  -1.14840560  -0.18759844   1.82295283   0.82417269   0.25281915   1.55872796  -1.84111106
  0.88565921   0.16514988  -1.14672005  -0.18641499   1.82274044   0.82451994   0.25167796   1.55677188  -1.84572964
  0.88846051   0.16409844  -1.14503524  -0.18527615   1.82250970   0.82483886   0.25059091   1.55496666  -1.85032562
  0.89129773   0.16320108  -1.14335312  -0.18418088   1.82226094   0.82512549   0.24955874   1.55331822  -1.85489825
  0.89417092   0.16245884  -1.14167501  -0.18313310   1.82198723   0.82538747   0.24857910   1.55182681  -1.85944397
  0.89708005   0.16187275  -1.14000239  -0.18213683   1.82168407   0.82562872   0.24765091   1.55049442  -1.86395905
  0.90002465   0.16144353  -1.13833775  -0.18119014   1.82135994   0.82583308   0.24678076   1.54933292  -1.86844359
  0.90300418   0.16117193  -1.13668302  -0.18029272   1.82102176   0.82598699   0.24597384   1.54835244  -1.87289663
  0.90601821   0.16105884  -1.13503993  -0.17945002   1.82066955   0.82608938   0.24522879   1.54755533  -1.87731269
  0.90906614   0.16110497  -1.13341011  -0.17866648   1.82030424   0.82613756   0.24454735   1.54694554  -1.88168769
  0.91214701   0.16131108  -1.13179340  -0.17794487   1.81992279   0.82613428   0.24393294   1.54652538  -1.88602044
  0.91525976   0.16167762  -1.13018978  -0.17728909   1.81952024   0.82608602   0.24338441   1.54629381  -1.89030766
  0.91840312   0.16220487  -1.12859915  -0.17670122   1.81909289   0.82600255   0.24289536   1.54624352  -1.89454646
  0.92157584   0.16289304  -1.12702079  -0.17618570   1.81863285   0.82589890   0.24246185   1.54636644  -1.89873376
  0.92477637   0.16374163  -1.12545591  -0.17574265   1.81814362   0.82577066   0.24208911   1.54666595  -1.90286910
  0.92800301   0.16475025  -1.12390369  -0.17537096   1.81762631   0.82561428   0.24178508   1.54714715  -1.90695450
  0.93125381   0.16591837  -1.12236328  -0.17506723   1.81708688   0.82541930   0.24155656   1.54781673  -1.91099243
  0.93452682   0.16724531  -1.12083399  -0.17483119   1.81652741   0.82518378   0.24140191   1.54867379  -1.91498132
  0.93782011   0.16872967  -1.11931748  -0.17466238   1.81595457   0.82490169   0.24131739   1.54971687  -1.91891755
  0.94113165   0.17037005  -1.11781499  -0.17456043   1.81537259   0.82457090   0.24130132   1.55094344  -1.92279869
  0.94445933   0.17216511  -1.11632710  -0.17452630   1.81478284   0.82419312   0.24135047   1.55234907  -1.92662128
  0.94780100   0.17411320  -1.11485508  -0.17456324   1.81418392   0.82377533   0.24145901   1.55392590  -1.93037955
  0.95115424   0.17621292  -1.11339859  -0.17467159   1.81357385   0.82332580   0.24162277   1.55566535  -1.93407118
  0.95451647   0.17846271  -1.11195740  -0.17485064   1.81295286   0.82284833   0.24183914   1.55756152  -1.93769424
  0.95788507   0.18086110  -1.11053129  -0.17509791   1.81232631   0.82233839   0.24211066   1.55961356  -1.94124892
  0.96125746   0.18340673  -1.10911985  -0.17541296   1.81169733   0.82179534   0.24243719   1.56181793  -1.94473356
  0.96463127   0.18609794  -1.10772286  -0.17579892   1.81106036   0.82123452   0.24281017   1.56416050  -1.94814314
  0.96800383   0.18893271  -1.10634095  -0.17625188   1.81042274   0.82064782   0.24323456   1.56664288  -1.95147855
  0.97137261   0.19190857  -1.10497599  -0.17676920   1.80979321   0.82002441   0.24371342   1.56926742  -1.95473819
  0.97473500   0.19502367  -1.10362712  -0.17734920   1.80917358   0.81936186   0.24424888   1.57203384  -1.95792147
  0.97808827   0.19827666  -1.10229202  -0.17798879   1.80856509   0.81866005   0.24484117   1.57493907  -1.96102922
  0.98142978   0.20166582  -1.10096919  -0.17868941   1.80796195   0.81793114   0.24548422   1.57797241  -1.96405799
  0.98475660   0.20518937  -1.09965747  -0.17944867   1.80736815   0.81716766   0.24618475   1.58113813  -1.96700817
  0.98806589   0.20884573  -1.09835516  -0.18026718   1.80678290   0.81636890   0.24694518   1.58443661  -1.96987749
  0.99135487   0.21263320  -1.09706169  -0.18114535   1.80620878   0.81553279   0.24776532   1.58786568  -1.97266277
  0.99462093   0.21655073  -1.09577704  -0.18208661   1.80565395   0.81465026   0.24864399   1.59142468  -1.97535766
  0.99786216   0.22060006  -1.09450462  -0.18311034   1.80515243   0.81367557   0.24958520   1.59512844  -1.97794151
  1.00107586   0.22478229  -1.09324462  -0.18421562   1.80472392   0.81259462   0.25059605   1.59897486  -1.98041427
  1.00426062   0.22909785  -1.09198746  -0.18537980   1.80435917   0.81143333   0.25167257   1.60294202  -1.98279839
  1.00741472   0.23354613  -1.09072304  -0.18658879   1.80402894   0.81024216   0.25280631   1.60700090  -1.98511060
  1.01053662   0.23812347  -1.08945172  -0.18784090   1.80371954   0.80903137   0.25401072   1.61115827  -1.98735297
  1.01362458   0.24282742  -1.08817109  -0.18913169   1.80342598   0.80780934   0.25527287   1.61540243  -1.98952505
  1.01667691   0.24765767  -1.08687925  -0.19047428   1.80315473   0.80656409   0.25657673   1.61973005  -1.99161028
  1.01969087   0.25261126  -1.08558095  -0.19187851   1.80290628   0.80529398   0.25792620   1.62414338  -1.99359616
  1.02266407   0.25768452  -1.08427917  -0.19334460   1.80267433   0.80400702   0.25933050   1.62864328  -1.99548077
  1.02559372   0.26287528  -1.08297667  -0.19487599   1.80247043   0.80268510   0.26079310   1.63323661  -1.99725542
  1.02847616   0.26818027  -1.08167370  -0.19646674   1.80228638   0.80134775   0.26230647   1.63790661  -1.99892082
  1.03130802   0.27359580  -1.08036671  -0.19809439   1.80211679   0.80000961   0.26386655   1.64263866  -2.00049293
  1.03408742   0.27912004  -1.07905100  -0.19975009   1.80196344   0.79866710   0.26547415   1.64743154  -2.00197849
  1.03681309   0.28475046  -1.07772433  -0.20143198   1.80182761   0.79731528   0.26712703   1.65228492  -2.00337714
  1.03948290   0.29048376  -1.07639019  -0.20314780   1.80171886   0.79593071   0.26883170   1.65721365  -2.00467640
  1.04209388   0.29631452  -1.07505200  -0.20487892   1.80164533   0.79450271   0.27059764   1.66222245  -2.00588594
  1.04464346   0.30223643  -1.07371132  -0.20660347   1.80161300   0.79302372   0.27242055   1.66730768  -2.00701650
  1.04712947   0.30824720  -1.07236306  -0.20831591   1.80162916   0.79148359   0.27428311   1.67246065  -2.00806804
  1.04955051   0.31434451  -1.07100133  -0.21000768   1.80168138   0.78991278   0.27617794   1.67765732  -2.00905246
  1.05190679   0.32052611  -1.06961731  -0.21169635   1.80171669   0.78840441   0.27806484   1.68283590  -2.00996551
  1.05419611   0.32678824  -1.06821607  -0.21341202   1.80172872   0.78695120   0.27995989   1.68801531  -2.01078007
  1.05641708   0.33312724  -1.06679819  -0.21515554   1.80172267   0.78554442   0.28187214   1.69320093  -2.01149529
  1.05856611   0.33953627  -1.06537324  -0.21693321   1.80171230   0.78413753   0.28383617   1.69843860  -2.01209505
  1.06063915   0.34600731  -1.06395133  -0.21873243   1.80171967   0.78268284   0.28587636   1.70376262  -2.01257571
  1.06263300   0.35253585  -1.06253376  -0.22053098   1.80177446   0.78113739   0.28799367   1.70918409  -2.01294524
  1.06454562   0.35911915  -1.06111329  -0.22229591   1.80189081   0.77949873   0.29017092   1.71468107  -2.01323012
  1.06637612   0.36575757  -1.05967653  -0.22401249   1.80206881   0.77779150   0.29237436   1.72021111  -2.01344956
  1.06812496   0.37245102  -1.05821428  -0.22568136   1.80229115   0.77607584   0.29457933   1.72571987  -2.01361794
  1.06979420   0.37919858  -1.05672293  -0.22734207   1.80252231   0.77440352   0.29679162   1.73119173  -2.01371663
  1.07138535   0.38599576  -1.05520041  -0.22900158   1.80274731   0.77278714   0.29902023   1.73663016  -2.01374533
  1.07290115   0.39283627  -1.05364661  -0.23067695   1.80291687   0.77128682   0.30127324   1.74202475  -2.01369990
  1.07433892   0.39971181  -1.05207835  -0.23239303   1.80304687   0.76984073   0.30358108   1.74743140  -2.01353947
  1.07569525   0.40661780  -1.05049611  -0.23414292   1.80312311   0.76848810   0.30591068   1.75280914  -2.01326839
  1.07696708   0.41355013  -1.04889596  -0.23589498   1.80317031   0.76719972   0.30823474   1.75814805  -2.01290534
  1.07814875   0.42049730  -1.04729938  -0.23766714   1.80319747   0.76590751   0.31059886   1.76352248  -2.01240644
  1.07923411   0.42744935  -1.04572889  -0.23946038   1.80323971   0.76453523   0.31303969   1.76898741  -2.01174246
  1.08021449   0.43440005  -1.04418715  -0.24127674   1.80326649   0.76314091   0.31549538   1.77448484  -2.01090178
  1.08108234   0.44134568  -1.04266863  -0.24307244   1.80331374   0.76169585   0.31791241   1.77998267  -2.00991012
  1.08183254   0.44828086  -1.04118067  -0.24486298   1.80333338   0.76026869   0.32033375   1.78547922  -2.00875856
  1.08246070   0.45520137  -1.03973534  -0.24666792   1.80329839   0.75891045   0.32281262   1.79097552  -2.00743409
  1.08295947   0.46210124  -1.03834389  -0.24842832   1.80328165   0.75752429   0.32541204   1.79652667  -2.00596640
  1.08332284   0.46898144  -1.03699098  -0.25007658   1.80332392   0.75610274   0.32809616   1.80208878  -2.00441833
  1.08355151   0.47584102  -1.03565736  -0.25160446   1.80341922   0.75465394   0.33082728   1.80763905  -2.00280682
  1.08364577   0.48267763  -1.03433560  -0.25308275   1.80348825   0.75325710   0.33359422   1.81316306  -2.00108151
  1.08360504   0.48948992  -1.03302225  -0.25455219   1.80349951   0.75196993   0.33635260   1.81861161  -1.99921806
  1.08342811   0.49627245  -1.03172890  -0.25602906   1.80348256   0.75071409   0.33915721   1.82405144  -1.99718341
  1.08311344   0.50302050  -1.03046462  -0.25748076   1.80350454   0.74937384   0.34207219   1.82955791  -1.99498343
  1.08266206   0.50973247  -1.02922177  -0.25884694   1.80360290   0.74791798   0.34511431   1.83513669  -1.99267360
  1.08207575   0.51641041  -1.02797731  -0.26010974   1.80376517   0.74639587   0.34820030   1.84071620  -1.99029149
  1.08135780   0.52305451  -1.02671508  -0.26131796   1.80389360   0.74496502   0.35125015   1.84619896  -1.98782957
  1.08051047   0.52966158  -1.02543933  -0.26252052   1.80396051   0.74364170   0.35426019   1.85158749  -1.98524608
  1.07953502   0.53622896  -1.02415145  -0.26371963   1.80396796   0.74245003   0.35717591   1.85683466  -1.98254909
  1.07843278   0.54275171  -1.02286348  -0.26490874   1.80395823   0.74130317   0.36005322   1.86200604  -1.97972557
  1.07720437   0.54922554  -1.02158197  -0.26605566   1.80396621   0.74014484   0.36293153   1.86714201  -1.97679281
  1.07585156   0.55565035  -1.02030463  -0.26718607   1.80394932   0.73904943   0.36579468   1.87220350  -1.97374551
  1.07437755   0.56202615  -1.01902618  -0.26829916   1.80388691   0.73809136   0.36859691   1.87712362  -1.97061139
  1.07278776   0.56835364  -1.01773718  -0.26936569   1.80380428   0.73726148   0.37133645   1.88189197  -1.96743342
  1.07108767   0.57462794  -1.01644204  -0.27037015   1.80375099   0.73644835   0.37407691   1.88659162  -1.96420640
  1.06928362   0.58084243  -1.01515272  -0.27133767   1.80373733   0.73558327   0.37688462   1.89129607  -1.96088797
  1.06738055   0.58699013  -1.01388072  -0.27227621   1.80375662   0.73466325   0.37976528   1.89601280  -1.95746596
  1.06537912   0.59306956  -1.01262677  -0.27319834   1.80377387   0.73375974   0.38266616   1.90068540  -1.95394445
  1.06328028   0.59907582  -1.01140150  -0.27410352   1.80380311   0.73284361   0.38559410   1.90532895  -1.95031263
  1.06108520   0.60500504  -1.01021321  -0.27497304   1.80387703   0.73186663   0.38856456   1.90996571  -1.94657562
  1.05879594   0.61085373  -1.00906143  -0.27578610   1.80399790   0.73084058   0.39155152   1.91457529  -1.94275944
  1.05641427   0.61662030  -1.00794231  -0.27655964   1.80412534   0.72982636   0.39452826   1.91912495  -1.93886409
  1.05394185   0.62230090  -1.00685972  -0.27728580   1.80426098   0.72883303   0.39748186   1.92360134  -1.93490139
  1.05138076   0.62789140  -1.00581583  -0.27795323   1.80441281   0.72786216   0.40039215   1.92799018  -1.93088794
  1.04873339   0.63339081  -1.00480827  -0.27857564   1.80457219   0.72693165   0.40325355   1.93227864  -1.92682201
  1.04600270   0.63879774  -1.00383100  -0.27918062   1.80469081   0.72612286   0.40602991   1.93641855  -1.92270521
  1.04319169   0.64411239  -1.00287560  -0.27976741   1.80477179   0.72545336   0.40868932   1.94038104  -1.91855907
  1.04030471   0.64933319  -1.00193637  -0.28032231   1.80483065   0.72491204   0.41123913   1.94416787  -1.91440714
  1.03734864   0.65445851  -1.00100853  -0.28085914   1.80486882   0.72449368   0.41370397   1.94778751  -1.91024741
  1.03432807   0.65948301  -1.00010129  -0.28138957   1.80490466   0.72414289   0.41613883   1.95128763  -1.90605227
  1.03124592   0.66440350  -0.99921682  -0.28191983   1.80493315   0.72386453   0.41854933   1.95466779  -1.90181924
  1.02810499   0.66921527  -0.99835725  -0.28242936   1.80495933   0.72366103   0.42093026   1.95792277  -1.89757213
  1.02490798   0.67391160  -0.99752758  -0.28289231   1.80500546   0.72348915   0.42329412   1.96107860  -1.89332415
  1.02165801   0.67848660  -0.99673813  -0.28332539   1.80509649   0.72327474   0.42567979   1.96418455  -1.88903525
  1.01835746   0.68293416  -0.99599665  -0.28373322   1.80523817   0.72299899   0.42807528   1.96724472  -1.88469592
  1.01501098   0.68724667  -0.99530916  -0.28412122   1.80541284   0.72268110   0.43046440   1.97024792  -1.88030620
  1.01162151   0.69141736  -0.99468365  -0.28448995   1.80560710   0.72233740   0.43283820   1.97318630  -1.87586727
  1.00819103   0.69544338  -0.99412697  -0.28484501   1.80583977   0.72194126   0.43520495   1.97606700  -1.87136877
  1.00472209   0.69932239  -0.99363978  -0.28518812   1.80610407   0.72151971   0.43754452   1.97886493  -1.86682323
  1.00121632   0.70305103  -0.99322124  -0.28551815   1.80636812   0.72113619   0.43982534   1.98154232  -1.86225238
  0.99767539   0.70662403  -0.99287311  -0.28582640   1.80661263   0.72082471   0.44203113   1.98408229  -1.85767448
  0.99410130   0.71003536  -0.99259836  -0.28610154   1.80683214   0.72059235   0.44415721   1.98648331  -1.85310288
  0.99049636   0.71327902  -0.99240038  -0.28633403   1.80703025   0.72043065   0.44620557   1.98875091  -1.84854582
  0.98686305   0.71634962  -0.99228191  -0.28651889   1.80721451   0.72032583   0.44818043   1.99089139  -1.84400720
  0.98320398   0.71924261  -0.99224452  -0.28665631   1.80739335   0.72026433   0.45008643   1.99290882  -1.83948757
  0.97952179   0.72195431  -0.99228857  -0.28675085   1.80757444   0.72023544   0.45192693   1.99480399  -1.83498545
  0.97581919   0.72448183  -0.99241290  -0.28681091   1.80776161   0.72023599   0.45370234   1.99657262  -1.83049892
  0.97209888   0.72682285  -0.99261573  -0.28684538   1.80795915   0.72026310   0.45541387   1.99820988  -1.82602604
  0.96836350   0.72897540  -0.99289527  -0.28686105   1.80817505   0.72030872   0.45706583   1.99971358  -1.82156540
  0.96461584   0.73093772  -0.99324885  -0.28686703   1.80841123   0.72037288   0.45865795   2.00107779  -1.81711572
  0.96085875   0.73270812  -0.99367400  -0.28687118   1.80866857   0.72045674   0.46018971   2.00229674  -1.81267669
  0.95709506   0.73428508  -0.99416829  -0.28687991   1.80894595   0.72056428   0.46165956   2.00336418  -1.80824965
  0.95332751   0.73566706  -0.99473086  -0.28689462   1.80924951   0.72068737   0.46307163   2.00428104  -1.80383602
  0.94955863   0.73685288  -0.99536049  -0.28691451   1.80958226   0.72082333   0.46442755   2.00504648  -1.79944039
  0.94579080   0.73784207  -0.99605338  -0.28694351   1.80992947   0.72099740   0.46571316   2.00564590  -1.79507155
  0.94202666   0.73863377  -0.99680841  -0.28698522   1.81028451   0.72121808   0.46692285   2.00607445  -1.79073211
  0.93826888   0.73922705  -0.99762651  -0.28704043   1.81064699   0.72148297   0.46805776   2.00633405  -1.78642263
  0.93451999   0.73962111  -0.99850938  -0.28710817   1.81101736   0.72178820   0.46911972   2.00642810  -1.78214405
  0.93078231   0.73981547  -0.99945907  -0.28718644   1.81139607   0.72212997   0.47011008   2.00636047  -1.77789772
  0.92705801   0.73980988  -1.00047814  -0.28727369   1.81178319   0.72250520   0.47103040   2.00613488  -1.77368417
  0.92334908   0.73960424  -1.00157039  -0.28737046   1.81217950   0.72291052   0.47188371   2.00575471  -1.76950114
  0.91965714   0.73919883  -1.00273934  -0.28747315   1.81258900   0.72333725   0.47267440   2.00522697  -1.76534831
  0.91598368   0.73859436  -1.00398729  -0.28758257   1.81300562   0.72379276   0.47339873   2.00455054  -1.76122619
  0.91232992   0.73779194  -1.00531578  -0.28769681   1.81342412   0.72428245   0.47405256   2.00372624  -1.75713715
  0.90869693   0.73679265  -1.00672770  -0.28781277   1.81384636   0.72480068   0.47463762   2.00276017  -1.75308080
  0.90508552   0.73559826  -1.00822419  -0.28792748   1.81427003   0.72534852   0.47515258   2.00165567  -1.74905892
  0.90149636   0.73421096  -1.00980534  -0.28804329   1.81468456   0.72594174   0.47559071   2.00040796  -1.74507305
  0.89792986   0.73263335  -1.01147084  -0.28815927   1.81508502   0.72658688   0.47594970   1.99901737  -1.74112494
  0.89438636   0.73086785  -1.01322210  -0.28827545   1.81547237   0.72728251   0.47623078   1.99748672  -1.73721290
  0.89086599   0.72891697  -1.01506073  -0.28839141   1.81584910   0.72802546   0.47643600   1.99581938  -1.73333504
  0.88736873   0.72678344  -1.01698770  -0.28850589   1.81621809   0.72881171   0.47656733   1.99401942  -1.72949003
  0.88389437   0.72447031  -1.01900337  -0.28861705   1.81658318   0.72963560   0.47662767   1.99209183  -1.72567675
  0.88044253   0.72198095  -1.02110729  -0.28872343   1.81694773   0.73049238   0.47661914   1.99004102  -1.72189424
  0.87701270   0.71931924  -1.02329803  -0.28882407   1.81731473   0.73137774   0.47654463   1.98787129  -1.71814141
  0.87360416   0.71648979  -1.02557283  -0.28891838   1.81768887   0.73228286   0.47641086   1.98558981  -1.71441548
  0.87021597   0.71349791  -1.02792784  -0.28900813   1.81807293   0.73320407   0.47622101   1.98319973  -1.71071404
  0.86684704   0.71034922  -1.03035944  -0.28909477   1.81847269   0.73413592   0.47597788   1.98070346  -1.70703520
  0.86349623   0.70704965  -1.03286316  -0.28918252   1.81888722   0.73508497   0.47567834   1.97809694  -1.70337844
  0.86016235   0.70360518  -1.03543435  -0.28927581   1.81931322   0.73606239   0.47531755   1.97537391  -1.69974438
  0.85684421   0.70002137  -1.03806969  -0.28937610   1.81975154   0.73707407   0.47489210   1.97253045  -1.69613458
  0.85354079   0.69630298  -1.04076722  -0.28948227   1.82020255   0.73812880   0.47439482   1.96956094  -1.69255371
  0.85025113   0.69245463  -1.04352448  -0.28959202   1.82066766   0.73922615   0.47382864   1.96646824  -1.68900274
  0.84697436   0.68848059  -1.04633994  -0.28970226   1.82115063   0.74036358   0.47319456   1.96325513  -1.68548314
  0.84370961   0.68438543  -1.04921108  -0.28981096   1.82165521   0.74153337   0.47249993   1.95992908  -1.68199288
  0.84045604   0.68017339  -1.05213639  -0.28991634   1.82218523   0.74273301   0.47174429   1.95649209  -1.67853260
  0.83721288   0.67584876  -1.05511377  -0.29001735   1.82274221   0.74396132   0.47092904   1.95294681  -1.67510203
  0.83397927   0.67141656  -1.05813960  -0.29011477   1.82332810   0.74521069   0.47006301   1.94930114  -1.67169658
  0.83075431   0.66688168  -1.06121131  -0.29020965   1.82394592   0.74647973   0.46914537   1.94555580  -1.66831516
  0.82753708   0.66224912  -1.06432595  -0.29030318   1.82459715   0.74776864   0.46817654   1.94171147  -1.66495670
  0.82432659   0.65752462  -1.06747926  -0.29039710   1.82528492   0.74906972   0.46716490   1.93777481  -1.66161666
  0.82112178   0.65271371  -1.07066817  -0.29049315   1.82601312   0.75038186   0.46610898   1.93374541  -1.65829408
  0.81792164   0.64782195  -1.07388923  -0.29059325   1.82678259   0.75170765   0.46500785   1.92962214  -1.65498835
  0.81472511   0.64285553  -1.07713778  -0.29069982   1.82759488   0.75304264   0.46386835   1.92540983  -1.65169555
  0.81153106   0.63782030  -1.08041054  -0.29081413   1.82845320   0.75438763   0.46268838   1.92110720  -1.64841572
  0.80833844   0.63272210  -1.08370418  -0.29093685   1.82935938   0.75574416   0.46146747   1.91671378  -1.64514913
  0.80514618   0.62756721  -1.08701428  -0.29106905   1.83031607   0.75710619   0.46021291   1.91223540  -1.64189261
  0.80195319   0.62236166  -1.09033758  -0.29121093   1.83132712   0.75847220   0.45892423   1.90767279  -1.63864627
  0.79875846   0.61711148  -1.09367032  -0.29136240   1.83239389   0.75984176   0.45760297   1.90302798  -1.63541007
  0.79556102   0.61182265  -1.09700889  -0.29152353   1.83351756   0.76121386   0.45625075   1.89830357  -1.63218349
  0.79235998   0.60650110  -1.10034997  -0.29169429   1.83469987   0.76258722   0.45486906   1.89350205  -1.62896610
  0.78915447   0.60115268  -1.10369055  -0.29187493   1.83594250   0.76396084   0.45345895   1.88862556  -1.62575729
  0.78594371   0.59578316  -1.10702777  -0.29206555   1.83724734   0.76533351   0.45202189   1.88367640  -1.62255653
  0.78272697   0.59039832  -1.11035877  -0.29226628   1.83861628   0.76670336   0.45056005   1.87865740  -1.61936306
  0.77950358   0.58500385  -1.11368086  -0.29247766   1.84005110   0.76806835   0.44907541   1.87357149  -1.61617566
  0.77627294   0.57960539  -1.11699143  -0.29270043   1.84155325   0.76942692   0.44756968   1.86842141  -1.61299306
  0.77303453   0.57420851  -1.12028799  -0.29293543   1.84312379   0.77077802   0.44604443   1.86320969  -1.60981406
  0.76978785   0.56881870  -1.12356813  -0.29318338   1.84476379   0.77212043   0.44450129   1.85793905  -1.60663748
  0.76653248   0.56344143  -1.12682943  -0.29344468   1.84647481   0.77345169   0.44294274   1.85261299  -1.60346220
  0.76326809   0.55808212  -1.13006948  -0.29371992   1.84825832   0.77476880   0.44137153   1.84723546  -1.60028679
  0.75999436   0.55274612  -1.13328586  -0.29401004   1.85011523   0.77606944   0.43978992   1.84181012  -1.59710973
  0.75671110   0.54743872  -1.13647629  -0.29431614   1.85204623   0.77735171   0.43819977   1.83634038  -1.59392954
  0.75341814   0.54216512  -1.13963863  -0.29463932   1.85405188   0.77861391   0.43660271   1.83082958  -1.59074474
  0.75011539   0.53693039  -1.14277092  -0.29498081   1.85613229   0.77985488   0.43500027   1.82528090  -1.58755386
  0.74680282   0.53173954  -1.14587121  -0.29534187   1.85828714   0.78107425   0.43339390   1.81969717  -1.58435566
  0.74348044   0.52659757  -1.14893741  -0.29572311   1.86051652   0.78226978   0.43178607   1.81408270  -1.58114900
  0.74014828   0.52150976  -1.15196637  -0.29612308   1.86282168   0.78343452   0.43018148   1.80844551  -1.57793366
  0.73680651   0.51648097  -1.15495639  -0.29654431   1.86520322   0.78456636   0.42858145   1.80278870  -1.57470732
  0.73345537   0.51151591  -1.15790619  -0.29698934   1.86766058   0.78566616   0.42698692   1.79711378  -1.57146827
  0.73009512   0.50661956  -1.16081307  -0.29745801   1.87019257   0.78673037   0.42540227   1.79142739  -1.56821590
  0.72672606   0.50179673  -1.16367466  -0.29795090   1.87279906   0.78775453   0.42383152   1.78573576  -1.56494912
  0.72334863   0.49705166  -1.16649082  -0.29847172   1.87548099   0.78873930   0.42227324   1.78003901  -1.56166540
  0.71996330   0.49238835  -1.16926176  -0.29902345   1.87823769   0.78968841   0.42072633   1.77433617  -1.55836327
  0.71657058   0.48781083  -1.17198661  -0.29960672   1.88106763   0.79060045   0.41919461   1.76863215  -1.55504177
  0.71317101   0.48332288  -1.17466492  -0.30022266   1.88397034   0.79147284   0.41768011   1.76293179  -1.55169916
  0.70976514   0.47892799  -1.17729711  -0.30087216   1.88694720   0.79230378   0.41618278   1.75723787  -1.54833444
  0.70635355   0.47462972  -1.17988276  -0.30155464   1.88999811   0.79309034   0.41470501   1.75155572  -1.54494746
  0.70293684   0.47043133  -1.18242197  -0.30227036   1.89312383   0.79383052   0.41324738   1.74588884  -1.54153777
  0.69951565   0.46633620  -1.18491397  -0.30301878   1.89632326   0.79452337   0.41181179   1.74024135  -1.53810598
  0.69609071   0.46234745  -1.18735849  -0.30380183   1.89959494   0.79516954   0.41039836   1.73461551  -1.53465090
  0.69266274   0.45846820  -1.18975515  -0.30462135   1.90293708   0.79576943   0.40900850   1.72901399  -1.53117140
  0.68923250   0.45470148  -1.19210283  -0.30547730   1.90634722   0.79631968   0.40764653   1.72344374  -1.52766699
  0.68580076   0.45105009  -1.19440143  -0.30637098   1.90982600   0.79681549   0.40631421   1.71791007  -1.52413597
  0.68236828   0.44751694  -1.19665078  -0.30730459   1.91337374   0.79725438   0.40501296   1.71241620  -1.52057672
  0.67893581   0.44410489  -1.19885029  -0.30827963   1.91698974   0.79763370   0.40374532   1.70696644  -1.51698826
  0.67550412   0.44081679  -1.20099828  -0.30929600   1.92066934   0.79795379   0.40251431   1.70156586  -1.51337132
  0.67207399   0.43765524  -1.20309410  -0.31035539   1.92441063   0.79821333   0.40132091   1.69621840  -1.50972480
  0.66864618   0.43462285  -1.20513775  -0.31146020   1.92821433   0.79840875   0.40016648   1.69092763  -1.50604683
  0.66522145   0.43172222  -1.20712916  -0.31261296   1.93208059   0.79853715   0.39905289   1.68569696  -1.50233566
  0.66180060   0.42895604  -1.20906762  -0.31381705   1.93600539   0.79860168   0.39798136   1.68052749  -1.49858994
  0.65838428   0.42632676  -1.21095314  -0.31507351   1.93998972   0.79859730   0.39695425   1.67542423  -1.49480863
  0.65497311   0.42383679  -1.21278571  -0.31638261   1.94403490   0.79851837   0.39597403   1.67039264  -1.49099124
  0.65156771   0.42148847  -1.21456493  -0.31774501   1.94813953   0.79836310   0.39504224   1.66543685  -1.48713752
  0.64816866   0.41928406  -1.21629049  -0.31916154   1.95230140   0.79813096   0.39415998   1.66056046  -1.48324719
  0.64477656   0.41722576  -1.21796203  -0.32063314   1.95651698   0.79782355   0.39332820   1.65576618  -1.47932022
  0.64139197   0.41531564  -1.21957905  -0.32216055   1.96078113   0.79744497   0.39254808   1.65105584  -1.47535719
  0.63801543   0.41355557  -1.22114143  -0.32374378   1.96508965   0.79699698   0.39182026   1.64643287  -1.47135841
  0.63464728   0.41194809  -1.22264899  -0.32538473   1.96944665   0.79647167   0.39114653   1.64190166  -1.46732209
  0.63128754   0.41049872  -1.22410005  -0.32709379   1.97387756   0.79583370   0.39053306   1.63747004  -1.46323846
  0.62793694   0.40921232  -1.22548980  -0.32888319   1.97836844   0.79509779   0.38998505   1.63313284  -1.45910328
  0.62459586   0.40809076  -1.22681659  -0.33074890   1.98290097   0.79428415   0.38950295   1.62889000  -1.45492268
  0.62126456   0.40713393  -1.22808250  -0.33268179   1.98746232   0.79340776   0.38908174   1.62474430  -1.45070336
  0.61794334   0.40634205  -1.22929075  -0.33467731   1.99205054   0.79246624   0.38872140   1.62070332  -1.44644615
  0.61463227   0.40571925  -1.23044407  -0.33674864   1.99670032   0.79139842   0.38843807   1.61678918  -1.44213267
  0.61133064   0.40526877  -1.23154272  -0.33889322   2.00142745   0.79017696   0.38823582   1.61301538  -1.43776096
  0.60803816   0.40499154  -1.23258446  -0.34110450   2.00619770   0.78885655   0.38810349   1.60936591  -1.43334326
  0.60475470   0.40488747  -1.23356906  -0.34337396   2.01098289   0.78748369   0.38803067   1.60582790  -1.42889145
  0.60147961   0.40495942  -1.23449814  -0.34569995   2.01581138   0.78601823   0.38802294   1.60241526  -1.42440213
  0.59821266   0.40520998  -1.23536995  -0.34808506   2.02068038   0.78446022   0.38808390   1.59912981  -1.41987416
  0.59495329   0.40564286  -1.23618368  -0.35053934   2.02560256   0.78278739   0.38822025   1.59597763  -1.41529763
  0.59170052   0.40625885  -1.23693594  -0.35306509   2.03053766   0.78105732   0.38842500   1.59294095  -1.41067720
  0.58845402   0.40705601  -1.23762716  -0.35564849   2.03544828   0.77932179   0.38869176   1.59001127  -1.40602780
  0.58521331   0.40803552  -1.23826338  -0.35828425   2.04038017   0.77751031   0.38902989   1.58721661  -1.40134242
  0.58197797   0.40919876  -1.23884434  -0.36096996   2.04533531   0.77561787   0.38944010   1.58456130  -1.39662192
  0.57874748   0.41054842  -1.23936908  -0.36371138   2.05032349   0.77362868   0.38992495   1.58204945  -1.39186020
  0.57552171   0.41208778  -1.23981899  -0.36653421   2.05529378   0.77159462   0.39043971   1.57966830  -1.38703650
  0.57230169   0.41383039  -1.24012003  -0.36955399   2.06013770   0.76958595   0.39080997   1.57740212  -1.38204238
  0.56909071   0.41578922  -1.24020126  -0.37287419   2.06476028   0.76766514   0.39091886   1.57522742  -1.37679670
  0.56589168   0.41798579  -1.23995415  -0.37663082   2.06906567   0.76589131   0.39059757   1.57310597  -1.37119772
  0.56269939   0.42043692  -1.23929750  -0.38084897   2.07296233   0.76443513   0.38983029   1.57092434  -1.36529429
  0.55951800   0.42315939  -1.23815023  -0.38561087   2.07643340   0.76327177   0.38852336   1.56867336  -1.35902922
  0.55632745   0.42614285  -1.23649304  -0.39091853   2.07953189   0.76218856   0.38666531   1.56648786  -1.35232763
  0.55311628   0.42938975  -1.23427450  -0.39674553   2.08231781   0.76098706   0.38415524   1.56450690  -1.34514626
  0.54986944   0.43289420  -1.23150229  -0.40299445   2.08484405   0.75959704   0.38112563   1.56276937  -1.33757478
  0.54657361   0.43666392  -1.22815150  -0.40959674   2.08707635   0.75817688   0.37770389   1.56116115  -1.32975422
  0.54323118   0.44070784  -1.22420633  -0.41658284   2.08890380   0.75703834   0.37403313   1.55945373  -1.32179005
  0.53984501   0.44502720  -1.21968127  -0.42389960   2.09040271   0.75614456   0.37026621   1.55760997  -1.31377881
  0.53644319   0.44960717  -1.21467382  -0.43149537   2.09167346   0.75538622   0.36659107   1.55566325  -1.30578259
  0.53303547   0.45442068  -1.20928024  -0.43930445   2.09280193   0.75463201   0.36296942   1.55373103  -1.29777592
  0.52961641   0.45945861  -1.20352849  -0.44724681   2.09379864   0.75391679   0.35932829   1.55183385  -1.28979367
  0.52618378   0.46470453  -1.19748524  -0.45524374   2.09468113   0.75328715   0.35571679   1.54996120  -1.28189351
  0.52276204   0.47014127  -1.19123010  -0.46324360   2.09548554   0.75269794   0.35209608   1.54819216  -1.27407468
  0.51933891   0.47577125  -1.18472931  -0.47124721   2.09622033   0.75214176   0.34821408   1.54658193  -1.26626300
  0.51591805   0.48158453  -1.17802363  -0.47924694   2.09695489   0.75145143   0.34402863   1.54526313  -1.25839362
  0.51250987   0.48757251  -1.17116986  -0.48724989   2.09768687   0.75063426   0.33967065   1.54422545  -1.25047917
  0.50911068   0.49374089  -1.16416007  -0.49525058   2.09844168   0.74966299   0.33514450   1.54347771  -1.24252536
  0.50572249   0.50009359  -1.15697716  -0.50325391   2.09921948   0.74850757   0.33043242   1.54304952  -1.23452562
  0.50234960   0.50662885  -1.14964343  -0.51125471   2.10000776   0.74726293   0.32563609   1.54285011  -1.22653566
  0.49897159   0.51335939  -1.14210660  -0.51925804   2.10073114   0.74632272   0.32056220   1.54262576  -1.21859885
  0.49557261   0.52027560  -1.13438507  -0.52725885   2.10143754   0.74583482   0.31503932   1.54226652  -1.21069114
  0.49217639   0.52736425  -1.12652000  -0.53526234   2.10223537   0.74554974   0.30895838   1.54197081  -1.20271777
  0.48880376   0.53461339  -1.11857686  -0.54326339   2.10316172   0.74539083   0.30260893   1.54171598  -1.19474292
  0.48546473   0.54201011  -1.11058325  -0.55126698   2.10418512   0.74549897   0.29586246   1.54146230  -1.18673894
  0.48217036   0.54954242  -1.10258188  -0.55926817   2.10530397   0.74592789   0.28881707   1.54115143  -1.17873675
  0.47892521   0.55719761  -1.09457895  -0.56727191   2.10651226   0.74661764   0.28152513   1.54082389  -1.17072664
  0.47572868   0.56496021  -1.08657767  -0.57527326   2.10781978   0.74748627   0.27409935   1.54049808  -1.16272549
  0.47258715   0.57280687  -1.07857481  -0.58327703   2.10918435   0.74858089   0.26648241   1.54017162  -1.15471821
  0.46950038   0.58071682  -1.07057411  -0.59127834   2.11055357   0.75004484   0.25863379   1.53976469  -1.14671402
  0.46647825   0.58867625  -1.06257345  -0.59928237   2.11195133   0.75163809   0.25068258   1.53941608  -1.13870583
  0.46352288   0.59666835  -1.05457077  -0.60728368   2.11344200   0.75322166   0.24268455   1.53916006  -1.13070242
  0.46065048   0.60467120  -1.04657032  -0.61528777   2.11496374   0.75474219   0.23467032   1.53907420  -1.12269920
  0.45785176   0.61266876  -1.03856975  -0.62328914   2.11647820   0.75628232   0.22666213   1.53909151  -1.11471512
  0.45510354   0.62066487  -1.03056714  -0.63129324   2.11809584   0.75775028   0.21864825   1.53920245  -1.10672319
  0.45238935   0.62866479  -1.02256590  -0.63929454   2.11981064   0.75922012   0.21064026   1.53934765  -1.09872685
  0.44970776   0.63666531  -1.01456325  -0.64728786   2.12159280   0.76068239   0.20262884   1.53956769  -1.09071835
  0.44703342   0.64466373  -1.00656194  -0.65523242   2.12347696   0.76213380   0.19462995   1.53984113  -1.08271616
  0.44435034   0.65266364  -0.99855921  -0.66313932   2.12542206   0.76373108   0.18661514   1.54007011  -1.07470666
  0.44163947   0.66065684  -0.99055802  -0.67094523   2.12745283   0.76531872   0.17860966   1.54038767  -1.06670543
  0.43889230   0.66863831  -0.98255544  -0.67861317   2.12956206   0.76677230   0.17059348   1.54094019  -1.05870626
  0.43610609   0.67660934  -0.97455436  -0.68609246   2.13172962   0.76802762   0.16258768   1.54181996  -1.05074390
  0.43327744   0.68457484  -0.96655188  -0.69338221   2.13390915   0.76911391   0.15457149   1.54305931  -1.04281134
  0.43038121   0.69254236  -0.95855076  -0.70046126   2.13611712   0.77006470   0.14656597   1.54461763  -1.03491995
  0.42739355   0.70051161  -0.95054829  -0.70728980   2.13836986   0.77086986   0.13855006   1.54651423  -1.02708004
  0.42430332   0.70847384  -0.94254726  -0.71382554   2.14063303   0.77157113   0.13054471   1.54873630  -1.01933081
  0.42110702   0.71641663  -0.93454491  -0.72005593   2.14287834   0.77215856   0.12252916   1.55132141  -1.01167606
  0.41780712   0.72433147  -0.92654398  -0.72595873   2.14516395   0.77250573   0.11452404   1.55432148  -1.00414304
  0.41439653   0.73221238  -0.91854169  -0.73149821   2.14749504   0.77261635   0.10650894   1.55773967  -0.99676006
  0.41086856   0.74004770  -0.91054087  -0.73664542   2.14985608   0.77252130   0.09850425   1.56154250  -0.98956347
  0.40722501   0.74782287  -0.90253869  -0.74141165   2.15219142   0.77233827   0.09048995   1.56565439  -0.98255573
  0.40347433   0.75552797  -0.89453795  -0.74578208   2.15454792   0.77205761   0.08248586   1.57001255  -0.97577576
  0.39962528   0.76314877  -0.88653587  -0.74976222   2.15693313   0.77162945   0.07447220   1.57464356  -0.96922593
  0.39568210   0.77066687  -0.87853529  -0.75332897   2.15932685   0.77098254   0.06646840   1.57960354  -0.96293811
  0.39165315   0.77807047  -0.87053335  -0.75651328   2.16169162   0.77014395   0.05845545   1.58488224  -0.95689636
  0.38754094   0.78536025  -0.86253283  -0.75932056   2.16401927   0.76926408   0.05045249   1.59031635  -0.95112027
  0.38335181   0.79253727  -0.85453097  -0.76174562   2.16630132   0.76850156   0.04244043   1.59575696  -0.94562886
  0.37909906   0.79960000  -0.84653059  -0.76378100   2.16854997   0.76782749   0.03447080   1.60117131  -0.94045955
  0.37479673   0.80654703  -0.83852889  -0.76541455   2.17071082   0.76729305   0.02665486   1.60646271  -0.93567776
  0.37046199   0.81337313  -0.83052869  -0.76660903   2.17274591   0.76679232   0.01908957   1.61168511  -0.93136230
  0.36611298   0.82007987  -0.82252720  -0.76729372   2.17458274   0.76635247   0.01193474   1.61674949  -0.92765175
  0.36177142   0.82666620  -0.81452719  -0.76739406   2.17622457   0.76577778   0.00518170   1.62183498  -0.92463227
  0.35747184   0.83315136  -0.80652591  -0.76693657   2.17764941   0.76514361  -0.00097778   1.62672377  -0.92238124
  0.35324228   0.83954512  -0.79852599  -0.76608403   2.17887807   0.76442172  -0.00674353   1.63153555  -0.92071164
  0.34909102   0.84584088  -0.79052475  -0.76487934   2.17992807   0.76345926  -0.01253444   1.63668697  -0.91946441
  0.34502812   0.85204031  -0.78252485  -0.76341835   2.18083977   0.76212668  -0.01849313   1.64235526  -0.91852294
  0.34105468   0.85815025  -0.77452359  -0.76180224   2.18159226   0.76050041  -0.02448092   1.64836648  -0.91784624
  0.33718405   0.86418579  -0.76652374  -0.76008665   2.18209650   0.75889352  -0.03014846   1.65423518  -0.91750026
  0.33343080   0.87016325  -0.75852255  -0.75822786   2.18231952   0.75747209  -0.03525999   1.65965676  -0.91760582
  0.32980737   0.87609156  -0.75052298  -0.75620714   2.18224636   0.75630706  -0.03967558   1.66447328  -0.91822197
  0.32631836   0.88196763  -0.74252244  -0.75409230   2.18186393   0.75533451  -0.04341518   1.66876203  -0.91927697
  0.32298003   0.88779008  -0.73452237  -0.75192503   2.18113465   0.75455664  -0.04654277   1.67259882  -0.92072160
  0.31981172   0.89355793  -0.72652167  -0.74971236   2.18006434   0.75389033  -0.04922107   1.67617616  -0.92252156
  0.31683167   0.89927534  -0.71852162  -0.74749527   2.17869576   0.75326331  -0.05151955   1.67957673  -0.92463397
  0.31405060   0.90494352  -0.71052093  -0.74533811   2.17704089   0.75268418  -0.05348780   1.68281543  -0.92699137
  0.31146923   0.91056275  -0.70252089  -0.74326545   2.17513905   0.75209836  -0.05517222   1.68594770  -0.92955626
  0.30909460   0.91613540  -0.69452021  -0.74128020   2.17300730   0.75152552  -0.05662821   1.68898212  -0.93231502
  0.30693638   0.92166053  -0.68652012  -0.73940331   2.17065146   0.75097570  -0.05794694   1.69197140  -0.93523123
  0.30500128   0.92713965  -0.67851940  -0.73763765   2.16811503   0.75038225  -0.05919243   1.69498794  -0.93829408
  0.30329493   0.93257369  -0.67051927  -0.73599324   2.16540375   0.74976025  -0.06034188   1.69799853  -0.94150324
  0.30182208   0.93796417  -0.66251851  -0.73448294   2.16254809   0.74906245  -0.06142038   1.70104085  -0.94484651
  0.30058594   0.94331114  -0.65451833  -0.73311719   2.15958344   0.74825475  -0.06248839   1.70416127  -0.94830228
  0.29958493   0.94861491  -0.64651754  -0.73190188   2.15650438   0.74741520  -0.06354202   1.70728818  -0.95186062
  0.29881845   0.95387621  -0.63851733  -0.73081821   2.15331706   0.74657263  -0.06452210   1.71035123  -0.95554996
  0.29828719   0.95909456  -0.63051651  -0.72986854   2.15004594   0.74568596  -0.06543212   1.71337191  -0.95936936
  0.29799084   0.96426505  -0.62251628  -0.72910540   2.14673363   0.74465973  -0.06640097   1.71649195  -0.96324307
  0.29792481   0.96938248  -0.61451543  -0.72854084   2.14335617   0.74356276  -0.06750453   1.71971628  -0.96713755
  0.29808214   0.97444478  -0.60651517  -0.72814767   2.13991997   0.74242753  -0.06871287   1.72298869  -0.97107726
  0.29845625   0.97945231  -0.59851432  -0.72791392   2.13636691   0.74145915  -0.06985781   1.72605311  -0.97509356
  0.29904022   0.98439960  -0.59051411  -0.72783500   2.13266073   0.74074577  -0.07092103   1.72884743  -0.97918314
  0.29982656   0.98928200  -0.58251330  -0.72789777   2.12878433   0.74030594  -0.07189034   1.73136335  -0.98335291
  0.30081016   0.99409478  -0.57451312  -0.72809969   2.12472590   0.74014637  -0.07270520   1.73356898  -0.98761100
  0.30198615   0.99883643  -0.56651238  -0.72847677   2.12047775   0.74034451  -0.07329655   1.73535514  -0.99192554
  0.30334140   1.00349593  -0.55851225  -0.72903788   2.11608780   0.74071036  -0.07382877   1.73696840  -0.99625339
  0.30485536   1.00806431  -0.55051158  -0.72986644   2.11168284   0.74087346  -0.07444175   1.73873852  -1.00048858
  0.30650151   1.01254119  -0.54251145  -0.73086190   2.10725957   0.74092584  -0.07497760   1.74048845  -1.00472322
  0.30826172   1.01692477  -0.53451079  -0.73193398   2.10278473   0.74102301  -0.07537527   1.74206505  -1.00902767
  0.31012675   1.02120468  -0.52651072  -0.73306868   2.09821543   0.74122957  -0.07569635   1.74348199  -1.01339335
  0.31208872   1.02536951  -0.51851011  -0.73425468   2.09358828   0.74136276  -0.07611660   1.74498413  -1.01780570
  0.31414191   1.02941361  -0.51051005  -0.73548547   2.08893853   0.74131667  -0.07673342   1.74669777  -1.02225602
  0.31628347   1.03333439  -0.50250945  -0.73676800   2.08434446   0.74091608  -0.07764583   1.74877398  -1.02672996
  0.31851148   1.03713279  -0.49450937  -0.73807939   2.07981568   0.74022252  -0.07877356   1.75109436  -1.03125877
  0.32082134   1.04081766  -0.48650879  -0.73941329   2.07537439   0.73943214  -0.07993894   1.75334629  -1.03585891
  0.32320840   1.04438376  -0.47850877  -0.74079068   2.07113174   0.73832515  -0.08120905   1.75567332  -1.04050628
  0.32566500   1.04783194  -0.47050819  -0.74217105   2.06704880   0.73715967  -0.08235413   1.75772916  -1.04525111
  0.32818919   1.05115441  -0.46250832  -0.74364807   2.06299834   0.73633684  -0.08327955   1.75918513  -1.04999510
  0.33076973   1.05433096  -0.45450784  -0.74521965   2.05908151   0.73559586  -0.08431869   1.76037222  -1.05469387
  0.33339756   1.05734643  -0.44650798  -0.74687567   2.05536049   0.73467583  -0.08568382   1.76159257  -1.05933638
  0.33606589   1.06018581  -0.43850757  -0.74860509   2.05166113   0.73376426  -0.08737610   1.76281442  -1.06393060
  0.33876631   1.06284952  -0.43050780  -0.75036662   2.04791728   0.73286957  -0.08924180   1.76401082  -1.06853742
  0.34148865   1.06535374  -0.42250747  -0.75208599   2.04410161   0.73205530  -0.09092660   1.76497278  -1.07326450
  0.34422570   1.06770900  -0.41450775  -0.75372655   2.04017307   0.73140769  -0.09226539   1.76558585  -1.07815661
  0.34697414   1.06991809  -0.40650751  -0.75531518   2.03607719   0.73100005  -0.09331274   1.76587032  -1.08317614
  0.34973714   1.07197687  -0.39850818  -0.75691278   2.03176772   0.73097340  -0.09419406   1.76580090  -1.08824389
  0.35251315   1.07387928  -0.39050892  -0.75856543   2.02726062   0.73123758  -0.09511706   1.76555526  -1.09329740
  0.35529508   1.07562157  -0.38250876  -0.76031894   2.02259422   0.73155873  -0.09624025   1.76540396  -1.09828880
  0.35807523   1.07720164  -0.37450927  -0.76219805   2.01777390   0.73178328  -0.09763381   1.76552636  -1.10319627
  0.36084427   1.07862722  -0.36650914  -0.76417158   2.01284709   0.73181418  -0.09920184   1.76592914  -1.10806099
  0.36359600   1.07990292  -0.35851061  -0.76623677   2.00778114   0.73178635  -0.10089488   1.76649240  -1.11287832
  0.36632311   1.08103147  -0.35051487  -0.76846615   2.00236581   0.73209751  -0.10257674   1.76696838  -1.11757662
  0.36901499   1.08202235  -0.34251744  -0.77080189   1.99665824   0.73266220  -0.10425571   1.76739789  -1.12220364
  0.37166696   1.08288039  -0.33451823  -0.77322203   1.99072877   0.73345049  -0.10599107   1.76777554  -1.12676493
  0.37427652   1.08359999  -0.32653371  -0.77574753   1.98465689   0.73427482  -0.10795652   1.76829517  -1.13122468
  0.37684323   1.08417431  -0.31859504  -0.77835865   1.97846262   0.73519467  -0.11018690   1.76890798  -1.13557655
  0.37937129   1.08458645  -0.31077235  -0.78098937   1.97216046   0.73627873  -0.11262015   1.76953411  -1.13985386
  0.38186836   1.08480799  -0.30317606  -0.78355182   1.96579750   0.73749573  -0.11514138   1.77015385  -1.14410685
  0.38434255   1.08480274  -0.29595068  -0.78594848   1.95948323   0.73858842  -0.11763731   1.77092593  -1.14839597
  0.38679909   1.08454382  -0.28919795  -0.78809945   1.95324957   0.73953515  -0.12005735   1.77185909  -1.15275472
  0.38924479   1.08400644  -0.28300199  -0.78996153   1.94709868   0.74030791  -0.12240534   1.77300957  -1.15719050
  0.39168688   1.08317228  -0.27743585  -0.79147668   1.94101075   0.74096339  -0.12457817   1.77432330  -1.16173213
  0.39412948   1.08203157  -0.27255286  -0.79262138   1.93488528   0.74174266  -0.12639225   1.77560598  -1.16637733
  0.39657314   1.08057191  -0.26839558  -0.79343443   1.92871891   0.74258443  -0.12789295   1.77695401  -1.17106941
  0.39901120   1.07880940  -0.26493229  -0.79392379   1.92241667   0.74382763  -0.12905245   1.77810737  -1.17577162
  0.40143803   1.07676327  -0.26211690  -0.79412210   1.91599905   0.74558373  -0.12994769   1.77895290  -1.18043631
  0.40384761   1.07443025  -0.25996873  -0.79409501   1.90969982   0.74728927  -0.13073888   1.77988609  -1.18501125
  0.40623004   1.07181820  -0.25843709  -0.79391506   1.90360621   0.74868842  -0.13172168   1.78115845  -1.18943516
  0.40856785   1.06895579  -0.25740969  -0.79359101   1.89752092   0.75022949  -0.13298601   1.78250339  -1.19368996
  0.41085173   1.06587348  -0.25679417  -0.79314004   1.89132739   0.75230227  -0.13443654   1.78357569  -1.19776430
  0.41307888   1.06257893  -0.25654209  -0.79263159   1.88493072   0.75501987  -0.13599758   1.78429822  -1.20162195
  0.41524158   1.05905673  -0.25669941  -0.79215447   1.87840738   0.75797286  -0.13759261   1.78498131  -1.20520910
  0.41732339   1.05533702  -0.25721366  -0.79172392   1.87168592   0.76146483  -0.13900915   1.78531089  -1.20850342
  0.41930615   1.05144418  -0.25799597  -0.79127538   1.86478544   0.76547889  -0.14038321   1.78529991  -1.21156785
  0.42118065   1.04735977  -0.25906853  -0.79076561   1.85785146   0.76938158  -0.14180722   1.78545622  -1.21448163
  0.42294384   1.04308358  -0.26042109  -0.79013447   1.85110572   0.77262185  -0.14333019   1.78611075  -1.21734128
  0.42459200   1.03864121  -0.26196230  -0.78940695   1.84456573   0.77525336  -0.14508964   1.78720639  -1.22014210
  0.42612004   1.03406783  -0.26360634  -0.78864563   1.83808255   0.77779624  -0.14696914   1.78831449  -1.22282093
  0.42752837   1.02937253  -0.26533057  -0.78795680   1.83149678   0.78059724  -0.14883463   1.78919886  -1.22528242
  0.42881940   1.02452866  -0.26721721  -0.78737616   1.82492391   0.78319029  -0.15057434   1.79019229  -1.22752333
  0.42999220   1.01953345  -0.26926771  -0.78694084   1.81841239   0.78536821  -0.15228303   1.79148313  -1.22952750
  0.43102853   1.01442862  -0.27140806  -0.78654197   1.81192114   0.78753343  -0.15392804   1.79269778  -1.23134711
  0.43192409   1.00922671  -0.27363019  -0.78602562   1.80554862   0.78962543  -0.15534952   1.79374865  -1.23311664
  0.43268595   1.00392997  -0.27592271  -0.78540876   1.79938772   0.79146981  -0.15662556   1.79473828  -1.23483903
  0.43331075   0.99856787  -0.27820182  -0.78472981   1.79336310   0.79337858  -0.15790603   1.79546217  -1.23646584
  0.43380048   0.99315771  -0.28040645  -0.78403850   1.78739860   0.79557042  -0.15933623   1.79580854  -1.23795097
  0.43416557   0.98771197  -0.28252111  -0.78340532   1.78147057   0.79822196  -0.16086161   1.79561275  -1.23923058
  0.43440930   0.98221740  -0.28458139  -0.78284910   1.77562269   0.80110265  -0.16251235   1.79507784  -1.24030286
  0.43453427   0.97667358  -0.28659354  -0.78231466   1.76978961   0.80431182  -0.16417640   1.79413569  -1.24121542
  0.43454962   0.97108076  -0.28856524  -0.78174786   1.76391354   0.80795845  -0.16569526   1.79268783  -1.24202120
  0.43446714   0.96543466  -0.29050525  -0.78112753   1.75802874   0.81190677  -0.16708640   1.79084047  -1.24276008
  0.43429589   0.95971982  -0.29245114  -0.78047305   1.75226335   0.81573436  -0.16849327   1.78893796  -1.24344498
  0.43404279   0.95393612  -0.29440958  -0.77978790   1.74665102   0.81934257  -0.16997819   1.78706835  -1.24408171
  0.43371520   0.94808948  -0.29638525  -0.77908493   1.74116899   0.82280898  -0.17148404   1.78516807  -1.24465848
  0.43331899   0.94217968  -0.29838711  -0.77838869   1.73587253   0.82595836  -0.17310521   1.78339098  -1.24516845
  0.43285709   0.93621292  -0.30041234  -0.77768540   1.73077139   0.82877767  -0.17485719   1.78174881  -1.24562505
  0.43233404   0.93019706  -0.30245213  -0.77697497   1.72586388   0.83129174  -0.17675964   1.78022699  -1.24603010
  0.43175710   0.92413749  -0.30450353  -0.77626914   1.72112666   0.83356102  -0.17880536   1.77879020  -1.24637568
  0.43113387   0.91804007  -0.30657667  -0.77555758   1.71654379   0.83567045  -0.18087630   1.77734441  -1.24666934
  0.43047285   0.91190302  -0.30869854  -0.77480101   1.71215194   0.83754144  -0.18284668   1.77590416  -1.24695595
  0.42977649   0.90573185  -0.31085236  -0.77398559   1.70787382   0.83928810  -0.18475771   1.77444121  -1.24724635
  0.42904776   0.89953801  -0.31301487  -0.77309537   1.70365317   0.84104882  -0.18661960   1.77287452  -1.24755026
  0.42829253   0.89333252  -0.31516533  -0.77214359   1.69945878   0.84291868  -0.18846723   1.77115080  -1.24785608
  0.42751854   0.88712347  -0.31729315  -0.77113965   1.69529632   0.84490683  -0.19031625   1.76926180  -1.24816299
  0.42673185   0.88091306  -0.31939622  -0.77008998   1.69120021   0.84689270  -0.19223008   1.76731268  -1.24848164
  0.42594136   0.87470230  -0.32147825  -0.76900022   1.68723218   0.84871293  -0.19425225   1.76541967  -1.24882841
  0.42515598   0.86849626  -0.32353531  -0.76786140   1.68335558   0.85042217  -0.19632337   1.76354775  -1.24922289
  0.42437984   0.86230859  -0.32554240  -0.76668206   1.67948945   0.85220800  -0.19842854   1.76158529  -1.24965416
  0.42361862   0.85614963  -0.32747975  -0.76546934   1.67562211   0.85411049  -0.20060290   1.75951298  -1.25012133
  0.42288098   0.85002783  -0.32934233  -0.76421342   1.67180671   0.85605509  -0.20281389   1.75734519  -1.25064903
  0.42217627   0.84394506  -0.33114016  -0.76291301   1.66809031   0.85794007  -0.20502002   1.75512952  -1.25125676
  0.42151481   0.83790283  -0.33288447  -0.76159095   1.66449928   0.85969578  -0.20720204   1.75291094  -1.25194150
  0.42090158   0.83190558  -0.33456663  -0.76027684   1.66096429   0.86142178  -0.20940496   1.75067386  -1.25267816
  0.42034066   0.82596059  -0.33618273  -0.75896797   1.65747368   0.86315725  -0.21160141   1.74838695  -1.25347137
  0.41983584   0.82007362  -0.33773340  -0.75768298   1.65400312   0.86497260  -0.21377719   1.74600748  -1.25430121
  0.41938981   0.81424676  -0.33923124  -0.75643467   1.65059591   0.86678164  -0.21592916   1.74358676  -1.25516259
  0.41900390   0.80848531  -0.34067739  -0.75523741   1.64727197   0.86854927  -0.21808355   1.74115419  -1.25604450
  0.41867904   0.80279481  -0.34207587  -0.75411996   1.64399270   0.87038739  -0.22023085   1.73864496  -1.25690825
  0.41841171   0.79718123  -0.34341990  -0.75305380   1.64077867   0.87224726  -0.22239127   1.73609308  -1.25777818
  0.41820023   0.79165053  -0.34470577  -0.75200691   1.63764980   0.87408799  -0.22453673   1.73351207  -1.25868611
  0.41804556   0.78620597  -0.34593840  -0.75099017   1.63458342   0.87596014  -0.22664540   1.73087498  -1.25961821
  0.41794615   0.78084861  -0.34712298  -0.75000568   1.63158630   0.87782214  -0.22873519   1.72822570  -1.26057363
  0.41790077   0.77558063  -0.34825762  -0.74904856   1.62862910   0.87969459  -0.23081392   1.72557588  -1.26155661
  0.41791046   0.77040565  -0.34934214  -0.74811563   1.62569888   0.88158770  -0.23286614   1.72292649  -1.26257310
  0.41797543   0.76532478  -0.35038632  -0.74719930   1.62282806   0.88343348  -0.23487175   1.72031298  -1.26363443
  0.41809538   0.76034141  -0.35139266  -0.74628984   1.62004278   0.88517994  -0.23682400   1.71776273  -1.26475292
  0.41826951   0.75546001  -0.35235605  -0.74539308   1.61732432   0.88685006  -0.23874765   1.71528044  -1.26592152
  0.41849780   0.75068705  -0.35327131  -0.74451274   1.61467178   0.88845037  -0.24064838   1.71286527  -1.26713772
  0.41877990   0.74602922  -0.35413437  -0.74365465   1.61207447   0.89001432  -0.24251703   1.71049632  -1.26839466
  0.41911526   0.74149036  -0.35494321  -0.74281885   1.60952440   0.89155280  -0.24435712   1.70817420  -1.26969140
  0.41950414   0.73707457  -0.35570022  -0.74200649   1.60703599   0.89305202  -0.24615306   1.70589915  -1.27102806
  0.41994622   0.73278372  -0.35640935  -0.74122599   1.60459930   0.89453324  -0.24790363   1.70366485  -1.27239343
  0.42043998   0.72862024  -0.35707455  -0.74048286   1.60222191   0.89599245  -0.24960836   1.70147312  -1.27377893
  0.42098296   0.72458712  -0.35769862  -0.73977941   1.59992674   0.89740408  -0.25126981   1.69933226  -1.27517885
  0.42157151   0.72068733  -0.35828224  -0.73911521   1.59773260   0.89874682  -0.25289296   1.69724958  -1.27658909
  0.42220097   0.71692261  -0.35882428  -0.73848813   1.59563809   0.90002453  -0.25448628   1.69522615  -1.27800517
  0.42286614   0.71329350  -0.35932330  -0.73789358   1.59363318   0.90124913  -0.25605692   1.69326162  -1.27942445
  0.42356155   0.70979960  -0.35977846  -0.73732540   1.59170728   0.90243107  -0.25760785   1.69135574  -1.28084611
  0.42428169   0.70644045  -0.36018948  -0.73677673   1.58985925   0.90356844  -0.25913739   1.68950991  -1.28227100
  0.42502115   0.70321503  -0.36055688  -0.73624294   1.58808791   0.90466027  -0.26064221   1.68772427  -1.28369814
  0.42577462   0.70012141  -0.36088235  -0.73572242   1.58638777   0.90571065  -0.26211861   1.68599826  -1.28512395
  0.42653703   0.69715674  -0.36116900  -0.73521594   1.58475069   0.90672587  -0.26356236   1.68433184  -1.28654298
  0.42730353   0.69431768  -0.36142044  -0.73472409   1.58317073   0.90770927  -0.26496952   1.68272562  -1.28795007
  0.42806952   0.69160101  -0.36163957  -0.73424599   1.58164687   0.90865872  -0.26633712   1.68118062  -1.28934173
  0.42883068   0.68900297  -0.36182947  -0.73378143   1.58017481   0.90957734  -0.26766495   1.67969647  -1.29071320
  0.42958305   0.68651916  -0.36199357  -0.73333023   1.57874701   0.91047183  -0.26895351   1.67827225  -1.29205977
  0.43032308   0.68414541  -0.36213572  -0.73289244   1.57736333   0.91133896  -0.27020031   1.67690918  -1.29337792
  0.43104756   0.68187868  -0.36225736  -0.73246459   1.57603344   0.91216687  -0.27140322   1.67560665  -1.29466772
  0.43175365   0.67971621  -0.36236011  -0.73204594   1.57476740   0.91294747  -0.27256215   1.67436124  -1.29592608
  0.43243892   0.67765602  -0.36244643  -0.73164059   1.57357833   0.91366654  -0.27367175   1.67317257  -1.29714829
  0.43310101   0.67569581  -0.36251631  -0.73125193   1.57246256   0.91433248  -0.27473092   1.67203398  -1.29832940
  0.43373782   0.67382978  -0.36257154  -0.73088438   1.57137986   0.91499513  -0.27575244   1.67093592  -1.29945937
  0.43434786   0.67205188  -0.36261752  -0.73053879   1.57031282   0.91566718  -0.27673918   1.66988183  -1.30053488
  0.43493011   0.67035725  -0.36265867  -0.73021086   1.56926430   0.91633885  -0.27768897   1.66887588  -1.30155839
  0.43548376   0.66874256  -0.36269864  -0.72989679   1.56825100   0.91698379  -0.27859539   1.66792467  -1.30253417
  0.43600817   0.66720529  -0.36273897  -0.72959345   1.56728605   0.91758626  -0.27945557   1.66702839  -1.30346464
  0.43650282   0.66574365  -0.36278018  -0.72930082   1.56637867   0.91813731  -0.28026774   1.66618504  -1.30434982
  0.43696727   0.66435546  -0.36282071  -0.72901782   1.56552374   0.91864892  -0.28103632   1.66538615  -1.30518872
  0.43740138   0.66303874  -0.36285932  -0.72874408   1.56471939   0.91912603  -0.28176428   1.66462692  -1.30598123
  0.43780519   0.66179159  -0.36289408  -0.72847767   1.56396342   0.91957429  -0.28245674   1.66390225  -1.30672835
  0.43817906   0.66061234  -0.36292366  -0.72821773   1.56325726   0.91999252  -0.28311611   1.66321007  -1.30743170
  0.43852350   0.65949923  -0.36294589  -0.72796162   1.56259944   0.92038416  -0.28374642   1.66254627  -1.30809388
  0.43883933   0.65845070  -0.36295985  -0.72770958   1.56199165   0.92074566  -0.28434735   1.66191051  -1.30871715
  0.43912757   0.65746545  -0.36296567  -0.72746533   1.56143590   0.92107143  -0.28491421   1.66130412  -1.30930237
  0.43938925   0.65654206  -0.36296324  -0.72723277   1.56092957   0.92136322  -0.28544455   1.66072622  -1.30984929
  0.43962545   0.65567881  -0.36295310  -0.72701601   1.56046640   0.92162653  -0.28593850   1.66017668  -1.31035662
  0.43983726   0.65487232  -0.36293680  -0.72681745   1.56002637   0.92188380  -0.28640314   1.65965323  -1.31082143
  0.44002588   0.65411902  -0.36291689  -0.72663555   1.55959870   0.92214301  -0.28684206   1.65915775  -1.31124513
  0.44019255   0.65341572  -0.36289394  -0.72646353   1.55917928   0.92240473  -0.28725778   1.65869118  -1.31163411
  0.44033865   0.65275986  -0.36286866  -0.72629597   1.55877193   0.92265944  -0.28764977   1.65825649  -1.31199510
  0.44046565   0.65214955  -0.36284226  -0.72613146   1.55838402   0.92289425  -0.28801543   1.65785719  -1.31233230
  0.44057497   0.65158340  -0.36281605  -0.72597182   1.55802218   0.92309943  -0.28835182   1.65749522  -1.31264698
  0.44066795   0.65106031  -0.36279084  -0.72581996   1.55768908   0.92327368  -0.28865754   1.65716866  -1.31293828
  0.44074577   0.65057872  -0.36276616  -0.72567631   1.55738075   0.92342933  -0.28893466   1.65686838  -1.31320489
  0.44080961   0.65013690  -0.36274183  -0.72554091   1.55709569   0.92357304  -0.28918574   1.65658841  -1.31344639
  0.44086059   0.64973319  -0.36271810  -0.72541444   1.55683516   0.92370455  -0.28941312   1.65632713  -1.31366286
  0.44089974   0.64936600  -0.36269551  -0.72529760   1.55660060   0.92382153  -0.28962049   1.65608524  -1.31385432
  0.44092801   0.64903383  -0.36267467  -0.72519098   1.55639289   0.92392171  -0.28980987   1.65586371  -1.31402126
  0.44094629   0.64873531  -0.36265608  -0.72509511   1.55621178   0.92400412  -0.28998159   1.65566287  -1.31416445
  0.44095533   0.64846913  -0.36264002  -0.72501039   1.55605581   0.92406943  -0.29013530   1.65548239  -1.31428482
  0.44095585   0.64823401  -0.36262651  -0.72493691   1.55592276   0.92411936  -0.29027077   1.65532155  -1.31438347
  0.44094848   0.64802866  -0.36261540  -0.72487439   1.55581003   0.92415604  -0.29038812   1.65517947  -1.31446171
  0.44093381   0.64785173  -0.36260636  -0.72482212   1.55571505   0.92418159  -0.29048791   1.65505521  -1.31452106
  0.44091239   0.64770181  -0.36259901  -0.72477903   1.55563535   0.92419802  -0.29057115   1.65494780  -1.31456323
  0.44088479   0.64757740  -0.36259291  -0.72474380   1.55556875   0.92420701  -0.29063913   1.65485627  -1.31459006
  0.44085154   0.64747690  -0.36258767  -0.72471497   1.55551328   0.92421009  -0.29069336   1.65477952  -1.31460341
  0.44081322   0.64739866  -0.36258290  -0.72469107   1.55546724   0.92420854  -0.29073541   1.65471645  -1.31460512
  0.44077039   0.64734090  -0.36257831  -0.72467067   1.55542922   0.92420338  -0.29076687   1.65466586  -1.31459699
  0.44072367   0.64730180  -0.36257368  -0.72465253   1.55539800   0.92419547  -0.29078925   1.65462655  -1.31458069
  0.44067365   0.64727948  -0.36256887  -0.72463562   1.55537255   0.92418549  -0.29080398   1.65459728  -1.31455775
  0.44062097   0.64727206  -0.36256381  -0.72461911   1.55535200   0.92417399  -0.29081237   1.65457680  -1.31452953
  0.44056623   0.64727765  -0.36255851  -0.72460239   1.55533558   0.92416146  -0.29081562   1.65456391  -1.31449720
  0.44051001   0.64729447  -0.36255300  -0.72458505   1.55532260   0.92414833  -0.29081478   1.65455743  -1.31446182
  0.44045287   0.64732077  -0.36254736  -0.72456684   1.55531239   0.92413504  -0.29081075   1.65455622  -1.31442425
  0.44039532   0.64735496  -0.36254168  -0.72454765   1.55530435   0.92412202  -0.29080436   1.65455922  -1.31438520
  0.44033785   0.64739551  -0.36253607  -0.72452748   1.55529794   0.92410961  -0.29079626   1.65456546  -1.31434529
  0.44028086   0.64744106  -0.36253065  -0.72450643   1.55529267   0.92409807  -0.29078702   1.65457408  -1.31430502
  0.44022474   0.64749036  -0.36252553  -0.72448465   1.55528813   0.92408761  -0.29077710   1.65458433  -1.31426480
  0.44016980   0.64754230  -0.36252082  -0.72446234   1.55528400   0.92407831  -0.29076686   1.65459558  -1.31422498
  0.44011632   0.64759589  -0.36251661  -0.72443971   1.55528002   0.92407016  -0.29075657   1.65460733  -1.31418584
  0.44006452   0.64765027  -0.36251299  -0.72441698   1.55527603   0.92406304  -0.29074642   1.65461916  -1.31414763
  0.44001459   0.64770472  -0.36251003  -0.72439436   1.55527191   0.92405676  -0.29073655   1.65463078  -1.31411054
  0.43996664   0.64775862  -0.36250776  -0.72437207   1.55526760   0.92405111  -0.29072705   1.65464193  -1.31407474
  0.43992079   0.64781147  -0.36250622  -0.72435029   1.55526306   0.92404590  -0.29071798   1.65465244  -1.31404034
  0.43987708   0.64786286  -0.36250541  -0.72432917   1.55525825   0.92404093  -0.29070937   1.65466216  -1.31400743
  0.43983554   0.64791247  -0.36250533  -0.72430886   1.55525315   0.92403603  -0.29070126   1.65467100  -1.31397607
  0.43979617   0.64796006  -0.36250595  -0.72428946   1.55524774   0.92403106  -0.29069364   1.65467887  -1.31394630
  0.43975893   0.64800547  -0.36250724  -0.72427105   1.55524200   0.92402593  -0.29068652   1.65468570  -1.31391811
  0.43972377   0.64804859  -0.36250915  -0.72425370   1.55523591   0.92402056  -0.29067991   1.65469147  -1.31389150
  0.43969063   0.64808937  -0.36251162  -0.72423742   1.55522949   0.92401488  -0.29067379   1.65469615  -1.31386646
  0.43965943   0.64812779  -0.36251461  -0.72422222   1.55522271   0.92400884  -0.29066817   1.65469974  -1.31384295
  0.43963007   0.64816388  -0.36251806  -0.72420810   1.55521559   0.92400242  -0.29066302   1.65470225  -1.31382092
  0.43960246   0.64819771  -0.36252191  -0.72419503   1.55520812   0.92399563  -0.29065835   1.65470369  -1.31380033
  0.43957649   0.64822934  -0.36252610  -0.72418297   1.55520030   0.92398845  -0.29065416   1.65470409  -1.31378111
  0.43955206   0.64825887  -0.36253060  -0.72417188   1.55519214   0.92398091  -0.29065042   1.65470348  -1.31376319
  0.43952907   0.64828642  -0.36253534  -0.72416170   1.55518365   0.92397301  -0.29064712   1.65470191  -1.31374652
  0.43950740   0.64831209  -0.36254029  -0.72415238   1.55517484   0.92396476  -0.29064426   1.65469942  -1.31373101
  0.43948696   0.64833602  -0.36254541  -0.72414385   1.55516573   0.92395620  -0.29064181   1.65469605  -1.31371659
  0.43946765   0.64835833  -0.36255068  -0.72413607   1.55515634   0.92394733  -0.29063976   1.65469187  -1.31370319
  0.43944937   0.64837915  -0.36255606  -0.72412897   1.55514669   0.92393818  -0.29063807   1.65468693  -1.31369075
  0.43943203   0.64839861  -0.36256155  -0.72412249   1.55513681   0.92392873  -0.29063672   1.65468129  -1.31367918
  0.43941554   0.64841682  -0.36256712  -0.72411657   1.55512672   0.92391901  -0.29063568   1.65467502  -1.31366843
  0.43939984   0.64843390  -0.36257276  -0.72411116   1.55511644   0.92390903  -0.29063495   1.65466815  -1.31365841
  0.43938483   0.64844998  -0.36257846  -0.72410623   1.55510600   0.92389883  -0.29063447   1.65466076  -1.31364907
  0.43937045   0.64846515  -0.36258423  -0.72410171   1.55509539   0.92388840  -0.29063424   1.65465289  -1.31364033
  0.43935663   0.64847953  -0.36259004  -0.72409757   1.55508465   0.92387778  -0.29063424   1.65464460  -1.31363213
  0.43934331   0.64849320  -0.36259590  -0.72409378   1.55507379   0.92386698  -0.29063444   1.65463593  -1.31362442
  0.43933045   0.64850626  -0.36260181  -0.72409029   1.55506282   0.92385604  -0.29063484   1.65462692  -1.31361715
  0.43931800   0.64851878  -0.36260776  -0.72408707   1.55505174   0.92384496  -0.29063542   1.65461759  -1.31361026
  0.43930592   0.64853082  -0.36261375  -0.72408410   1.55504058   0.92383378  -0.29063616   1.65460799  -1.31360373
  0.43929419   0.64854246  -0.36261980  -0.72408135   1.55502933   0.92382252  -0.29063706   1.65459814  -1.31359752
  0.43928277   0.64855376  -0.36262589  -0.72407879   1.55501801   0.92381118  -0.29063809   1.65458806  -1.31359160
  0.43927165   0.64856476  -0.36263203  -0.72407642   1.55500664   0.92379977  -0.29063925   1.65457779  -1.31358594
  0.43926081   0.64857551  -0.36263822  -0.72407420   1.55499522   0.92378829  -0.29064052   1.65456736  -1.31358053
  0.43925022   0.64858606  -0.36264447  -0.72407213   1.55498376   0.92377676  -0.29064189   1.65455677  -1.31357534
  0.43923988   0.64859645  -0.36265078  -0.72407020   1.55497228   0.92376518  -0.29064336   1.65454606  -1.31357036
  0.43922979   0.64860669  -0.36265714  -0.72406839   1.55496077   0.92375355  -0.29064492   1.65453524  -1.31356559
  0.43921993   0.64861683  -0.36266357  -0.72406670   1.55494925   0.92374188  -0.29064655   1.65452432  -1.31356100
  0.43921030   0.64862689  -0.36267006  -0.72406513   1.55493771   0.92373018  -0.29064826   1.65451331  -1.31355659
  0.43920091   0.64863688  -0.36267661  -0.72406367   1.55492616   0.92371847  -0.29065004   1.65450222  -1.31355235
  0.43919175   0.64864682  -0.36268323  -0.72406232   1.55491460   0.92370675  -0.29065188   1.65449107  -1.31354828
  0.43918282   0.64865674  -0.36268993  -0.72406108   1.55490303   0.92369503  -0.29065377   1.65447984  -1.31354438
  0.43917413   0.64866663  -0.36269669  -0.72405995   1.55489145   0.92368331  -0.29065573   1.65446856  -1.31354065
  0.43916570   0.64867651  -0.36270352  -0.72405893   1.55487987   0.92367159  -0.29065776   1.65445721  -1.31353708
  0.43915752   0.64868637  -0.36271043  -0.72405802   1.55486828   0.92365987  -0.29065985   1.65444580  -1.31353369
  0.43914960   0.64869622  -0.36271741  -0.72405722   1.55485670   0.92364816  -0.29066201   1.65443433  -1.31353048
  0.43914197   0.64870606  -0.36272447  -0.72405654   1.55484512   0.92363646  -0.29066424   1.65442280  -1.31352745
  0.43913461   0.64871590  -0.36273161  -0.72405598   1.55483355   0.92362476  -0.29066653   1.65441122  -1.31352461
  0.43912753   0.64872572  -0.36273882  -0.72405553   1.55482197   0.92361307  -0.29066888   1.65439957  -1.31352196
  0.43912073   0.64873556  -0.36274611  -0.72405521   1.55481040   0.92360140  -0.29067130   1.65438787  -1.31351950
  0.43911422   0.64874539  -0.36275348  -0.72405499   1.55479883   0.92358974  -0.29067377   1.65437612  -1.31351722
  0.43910798   0.64875524  -0.36276092  -0.72405489   1.55478727   0.92357808  -0.29067630   1.65436432  -1.31351514
  0.43910202   0.64876511  -0.36276844  -0.72405489   1.55477571   0.92356643  -0.29067887   1.65435248  -1.31351324
  0.43909632   0.64877500  -0.36277602  -0.72405500   1.55476417   0.92355477  -0.29068149   1.65434060  -1.31351152
  0.43909087   0.64878491  -0.36278368  -0.72405521   1.55475263   0.92354312  -0.29068416   1.65432869  -1.31350998
  0.43908568   0.64879486  -0.36279140  -0.72405552   1.55474110   0.92353148  -0.29068687   1.65431673  -1.31350861
  0.43908071   0.64880485  -0.36279920  -0.72405592   1.55472956   0.92351984  -0.29068962   1.65430475  -1.31350740
  0.43907597   0.64881488  -0.36280705  -0.72405642   1.55471804   0.92350822  -0.29069241   1.65429273  -1.31350634
  0.43907144   0.64882496  -0.36281496  -0.72405699   1.55470652   0.92349659  -0.29069523   1.65428068  -1.31350543
  0.43906711   0.64883508  -0.36282294  -0.72405765   1.55469500   0.92348497  -0.29069810   1.65426862  -1.31350465
  0.43906296   0.64884526  -0.36283097  -0.72405838   1.55468349   0.92347335  -0.29070100   1.65425652  -1.31350400
  0.43905898   0.64885550  -0.36283905  -0.72405917   1.55467198   0.92346173  -0.29070393   1.65424441  -1.31350347
  0.43905515   0.64886579  -0.36284719  -0.72406003   1.55466048   0.92345010  -0.29070689   1.65423228  -1.31350306
  0.43905147   0.64887615  -0.36285537  -0.72406096   1.55464899   0.92343846  -0.29070988   1.65422014  -1.31350274
  0.43904792   0.64888656  -0.36286361  -0.72406194   1.55463750   0.92342683  -0.29071289   1.65420798  -1.31350252
  0.43904449   0.64889704  -0.36287189  -0.72406297   1.55462600   0.92341518  -0.29071594   1.65419580  -1.31350238
  0.43904115   0.64890758  -0.36288022  -0.72406405   1.55461450   0.92340354  -0.29071900   1.65418361  -1.31350231
  0.43903791   0.64891818  -0.36288860  -0.72406517   1.55460300   0.92339190  -0.29072209   1.65417140  -1.31350231
  0.43903475   0.64892885  -0.36289701  -0.72406633   1.55459149   0.92338026  -0.29072520   1.65415917  -1.31350237
  0.43903165   0.64893957  -0.36290547  -0.72406753   1.55457997   0.92336861  -0.29072833   1.65414692  -1.31350248
  0.43902860   0.64895034  -0.36291397  -0.72406876   1.55456844   0.92335697  -0.29073147   1.65413465  -1.31350264
  0.43902560   0.64896117  -0.36292251  -0.72407002   1.55455689   0.92334533  -0.29073463   1.65412235  -1.31350283
  0.43902263   0.64897205  -0.36293108  -0.72407129   1.55454533   0.92333369  -0.29073780   1.65411003  -1.31350306
  0.43901968   0.64898298  -0.36293969  -0.72407259   1.55453375   0.92332203  -0.29074098   1.65409769  -1.31350331
  0.43901675   0.64899396  -0.36294834  -0.72407390   1.55452216   0.92331037  -0.29074418   1.65408532  -1.31350359
  0.43901381   0.64900497  -0.36295702  -0.72407522   1.55451055   0.92329871  -0.29074740   1.65407292  -1.31350390
  0.43901087   0.64901603  -0.36296573  -0.72407654   1.55449891   0.92328703  -0.29075063   1.65406049  -1.31350422
  0.43900793   0.64902711  -0.36297447  -0.72407787   1.55448725   0.92327535  -0.29075387   1.65404803  -1.31350455
  0.43900497   0.64903823  -0.36298324  -0.72407919   1.55447557   0.92326365  -0.29075714   1.65403553  -1.31350491
  0.43900200   0.64904937  -0.36299205  -0.72408051   1.55446387   0.92325194  -0.29076043   1.65402300  -1.31350528
  0.43899902   0.64906054  -0.36300088  -0.72408183   1.55445216   0.92324020  -0.29076375   1.65401044  -1.31350567
  0.43899602   0.64907173  -0.36300974  -0.72408313   1.55444043   0.92322844  -0.29076710   1.65399785  -1.31350608
  0.43899301   0.64908294  -0.36301864  -0.72408444   1.55442868   0.92321665  -0.29077048   1.65398522  -1.31350652
  0.43898999   0.64909417  -0.36302757  -0.72408573   1.55441692   0.92320484  -0.29077389   1.65397256  -1.31350697
  0.43898697   0.64910543  -0.36303653  -0.72408703   1.55440515   0.92319299  -0.29077732   1.65395987  -1.31350745
  0.43898393   0.64911670  -0.36304552  -0.72408833   1.55439337   0.92318111  -0.29078077   1.65394715  -1.31350795
  0.43898090   0.64912799  -0.36305455  -0.72408963   1.55438156   0.92316920  -0.29078425   1.65393441  -1.31350847
  0.43897786   0.64913931  -0.36306361  -0.72409094   1.55436975   0.92315727  -0.29078774   1.65392163  -1.31350903
  0.43897483   0.64915065  -0.36307270  -0.72409225   1.55435791   0.92314531  -0.29079124   1.65390882  -1.31350961
  0.43897180   0.64916202  -0.36308183  -0.72409359   1.55434606   0.92313332  -0.29079475   1.65389599  -1.31351022
  0.43896879   0.64917341  -0.36309100  -0.72409494   1.55433419   0.92312130  -0.29079826   1.65388314  -1.31351086
  0.43896579   0.64918484  -0.36310021  -0.72409631   1.55432230   0.92310926  -0.29080178   1.65387027  -1.31351154
  0.43896282   0.64919630  -0.36310946  -0.72409771   1.55431039   0.92309720  -0.29080530   1.65385738  -1.31351224
  0.43895987   0.64920780  -0.36311874  -0.72409914   1.55429846   0.92308513  -0.29080883   1.65384447  -1.31351298
  0.43895695   0.64921934  -0.36312807  -0.72410061   1.55428649   0.92307306  -0.29081236   1.65383154  -1.31351374
  0.43895407   0.64923093  -0.36313743  -0.72410211   1.55427450   0.92306099  -0.29081589   1.65381859  -1.31351454
  0.43895123   0.64924257  -0.36314683  -0.72410366   1.55426248   0.92304892  -0.29081944   1.65380562  -1.31351537
  0.43894844   0.64925427  -0.36315628  -0.72410525   1.55425044   0.92303684  -0.29082298   1.65379265  -1.31351624
  0.43894570   0.64926602  -0.36316577  -0.72410688   1.55423838   0.92302476  -0.29082652   1.65377966  -1.31351715
  0.43894301   0.64927783  -0.36317530  -0.72410856   1.55422631   0.92301268  -0.29083007   1.65376665  -1.31351810
  0.43894039   0.64928971  -0.36318487  -0.72411028   1.55421422   0.92300060  -0.29083362   1.65375363  -1.31351909
  0.43893783   0.64930165  -0.36319448  -0.72411205   1.55420213   0.92298854  -0.29083719   1.65374059  -1.31352012
  0.43893534   0.64931367  -0.36320413  -0.72411387   1.55419002   0.92297647  -0.29084078   1.65372753  -1.31352119
  0.43893292   0.64932575  -0.36321382  -0.72411574   1.55417793   0.92296441  -0.29084440   1.65371445  -1.31352231
  0.43893057   0.64933790  -0.36322354  -0.72411765   1.55416583   0.92295234  -0.29084804   1.65370135  -1.31352347
  0.43892829   0.64935013  -0.36323330  -0.72411959   1.55415375   0.92294027  -0.29085172   1.65368822  -1.31352467
  0.43892608   0.64936243  -0.36324309  -0.72412158   1.55414167   0.92292820  -0.29085542   1.65367507  -1.31352593
  0.43892393   0.64937479  -0.36325291  -0.72412360   1.55412960   0.92291612  -0.29085915   1.65366190  -1.31352725
  0.43892185   0.64938723  -0.36326276  -0.72412564   1.55411754   0.92290403  -0.29086291   1.65364870  -1.31352861
  0.43891983   0.64939973  -0.36327265  -0.72412772   1.55410547   0.92289195  -0.29086669   1.65363548  -1.31353003
  0.43891786   0.64941230  -0.36328256  -0.72412981   1.55409340   0.92287985  -0.29087049   1.65362223  -1.31353151
  0.43891595   0.64942493  -0.36329251  -0.72413193   1.55408133   0.92286776  -0.29087430   1.65360896  -1.31353304
  0.43891409   0.64943763  -0.36330249  -0.72413406   1.55406924   0.92285565  -0.29087813   1.65359567  -1.31353462
  0.43891227   0.64945037  -0.36331250  -0.72413621   1.55405715   0.92284354  -0.29088196   1.65358236  -1.31353626
  0.43891049   0.64946318  -0.36332254  -0.72413838   1.55404504   0.92283141  -0.29088581   1.65356904  -1.31353794
  0.43890874   0.64947603  -0.36333262  -0.72414056   1.55403291   0.92281926  -0.29088966   1.65355570  -1.31353968
  0.43890702   0.64948894  -0.36334273  -0.72414275   1.55402076   0.92280710  -0.29089352   1.65354234  -1.31354146
  0.43890532   0.64950189  -0.36335287  -0.72414496   1.55400860   0.92279493  -0.29089739   1.65352897  -1.31354328
  0.43890364   0.64951488  -0.36336304  -0.72414718   1.55399640   0.92278274  -0.29090126   1.65351559  -1.31354513
  0.43890196   0.64952792  -0.36337325  -0.72414941   1.55398418   0.92277053  -0.29090514   1.65350219  -1.31354702
  0.43890029   0.64954099  -0.36338348  -0.72415166   1.55397193   0.92275830  -0.29090904   1.65348878  -1.31354893
  0.43889862   0.64955410  -0.36339375  -0.72415392   1.55395965   0.92274604  -0.29091294   1.65347535  -1.31355087
  0.43889694   0.64956724  -0.36340406  -0.72415619   1.55394735   0.92273376  -0.29091684   1.65346192  -1.31355283
  0.43889525   0.64958040  -0.36341439  -0.72415847   1.55393502   0.92272144  -0.29092076   1.65344847  -1.31355481
