  0.41770017   0.46579954  -1.27410012  -0.43299973   2.09289981   0.69139994   0.43859986   1.64320007  -1.13520026
  0.41770147   0.46579625  -1.27410089  -0.43299798   2.09289826   0.69139972   0.43859886   1.64320037  -1.13520217
  0.41770538   0.46578700  -1.27410277  -0.43299380   2.09289315   0.69140026   0.43859604   1.64320023  -1.13520759
  0.41771366   0.46576879  -1.27410616  -0.43298638   2.09288179   0.69140326   0.43859038   1.64319874  -1.13521867
  0.41772806   0.46573900  -1.27411149  -0.43297473   2.09286165   0.69141039   0.43858085   1.64319541  -1.13523766
  0.41775033   0.46569536  -1.27411932  -0.43295765   2.09283059   0.69142294   0.43856643   1.64319025  -1.13526676
  0.41778207   0.46563596  -1.27413025  -0.43293385   2.09278678   0.69144204   0.43854624   1.64318355  -1.13530811
  0.41782473   0.46555912  -1.27414484  -0.43290211   2.09272851   0.69146886   0.43851944   1.64317559  -1.13536368
  0.41787961   0.46546337  -1.27416361  -0.43286118   2.09265413   0.69150473   0.43848539   1.64316653  -1.13543542
  0.41794783   0.46534733  -1.27418671  -0.43280929   2.09256200   0.69155115   0.43844367   1.64315637  -1.13552592
  0.41803035   0.46520973  -1.27421398  -0.43274415   2.09245070   0.69160944   0.43839336   1.64314544  -1.13563805
  0.41812804   0.46504933  -1.27424498  -0.43266390   2.09231858   0.69168112   0.43833315   1.64313386  -1.13577436
  0.41824185   0.46486492  -1.27427955  -0.43256773   2.09216498   0.69176585   0.43826233   1.64312196  -1.13593625
  0.41837285   0.46465525  -1.27431774  -0.43245611   2.09198838   0.69186430   0.43818066   1.64310918  -1.13612425
  0.41852206   0.46441896  -1.27435984  -0.43232899   2.09178664   0.69197818   0.43808751   1.64309508  -1.13633921
  0.41869048   0.46415450  -1.27440619  -0.43218533   2.09155681   0.69211036   0.43798177   1.64307948  -1.13658276
  0.41887913   0.46386000  -1.27445734  -0.43202370   2.09129436   0.69226623   0.43786231   1.64306145  -1.13685719
  0.41908873   0.46353330  -1.27451347  -0.43184117   2.09099248   0.69245432   0.43772411   1.64304119  -1.13716539
  0.41931998   0.46317192  -1.27457640  -0.43163341   2.09065216   0.69267176   0.43756689   1.64302181  -1.13750984
  0.41957381   0.46277245  -1.27464901  -0.43139904   2.09027152   0.69291903   0.43739415   1.64300243  -1.13789163
  0.41985102   0.46233084  -1.27473399  -0.43113754   2.08984695   0.69319840   0.43720662   1.64298228  -1.13831066
  0.42015236   0.46184300  -1.27483345  -0.43084722   2.08937660   0.69350943   0.43700218   1.64296278  -1.13876700
  0.42047874   0.46130531  -1.27494848  -0.43052681   2.08885861   0.69385346   0.43677984   1.64294275  -1.13926216
  0.42083105   0.46071471  -1.27507924  -0.43017638   2.08829157   0.69423164   0.43653964   1.64291940  -1.13979751
  0.42120984   0.46006848  -1.27522504  -0.42979654   2.08767414   0.69464427   0.43628023   1.64289073  -1.14037352
  0.42161554   0.45936389  -1.27538503  -0.42938681   2.08700280   0.69509501   0.43600014   1.64285412  -1.14099192
  0.42204841   0.45859825  -1.27555952  -0.42894673   2.08627835   0.69558067   0.43570145   1.64280858  -1.14165329
  0.42250836   0.45776930  -1.27574801  -0.42847568   2.08550140   0.69609775   0.43538360   1.64275473  -1.14235752
  0.42299516   0.45687566  -1.27594907  -0.42797298   2.08467172   0.69664488   0.43504475   1.64269272  -1.14310513
  0.42350896   0.45591712  -1.27616029  -0.42743809   2.08378664   0.69722689   0.43468345   1.64261950  -1.14389898
  0.42405007   0.45489384  -1.27638037  -0.42687281   2.08284565   0.69784489   0.43430227   1.64253152  -1.14473978
  0.42461843   0.45380484  -1.27661023  -0.42627695   2.08185157   0.69849120   0.43390071   1.64243334  -1.14562500
  0.42521361   0.45264860  -1.27685132  -0.42564952   2.08080392   0.69916305   0.43347639   1.64232916  -1.14655230
  0.42583493   0.45142382  -1.27710522  -0.42498895   2.07970021   0.69986360   0.43302967   1.64221895  -1.14752183
  0.42648182   0.45012968  -1.27737234  -0.42429439   2.07853249   0.70060735   0.43256273   1.64209561  -1.14853692
  0.42715402   0.44876496  -1.27765392  -0.42356316   2.07729647   0.70140250   0.43207719   1.64195602  -1.14960094
  0.42785164   0.44732830  -1.27795246  -0.42278630   2.07600239   0.70223209   0.43156969   1.64181309  -1.15071573
  0.42857517   0.44581878  -1.27826973  -0.42196075   2.07465753   0.70308569   0.43104300   1.64167052  -1.15188252
  0.42932557   0.44423659  -1.27860019  -0.42108728   2.07324054   0.70400171   0.43048810   1.64151215  -1.15311053
  0.43010379   0.44258166  -1.27894023  -0.42017415   2.07173347   0.70501160   0.42990706   1.64131746  -1.15440313
  0.43090979   0.44085290  -1.27929343  -0.41923326   2.07014792   0.70609699   0.42932289   1.64107798  -1.15575164
  0.43174214   0.43904882  -1.27965981  -0.41826823   2.06849051   0.70723511   0.42872592   1.64080963  -1.15714284
  0.43259940   0.43716801  -1.28003906  -0.41727235   2.06676654   0.70840798   0.42810149   1.64053243  -1.15857196
  0.43348043   0.43520942  -1.28043313  -0.41623175   2.06499687   0.70957844   0.42744177   1.64027247  -1.16003857
  0.43438544   0.43317457  -1.28083647  -0.41514625   2.06316123   0.71078542   0.42674555   1.64001044  -1.16155423
  0.43531499   0.43106521  -1.28124564  -0.41402483   2.06124370   0.71206162   0.42602541   1.63971984  -1.16312485
  0.43626871   0.42888147  -1.28166233  -0.41287128   2.05925044   0.71339926   0.42529414   1.63939613  -1.16474838
  0.43724541   0.42662279  -1.28209039  -0.41167927   2.05719861   0.71477190   0.42456123   1.63904951  -1.16642445
  0.43824361   0.42428880  -1.28253108  -0.41044226   2.05510396   0.71614915   0.42381788   1.63870135  -1.16814743
  0.43926198   0.42187957  -1.28298397  -0.40915440   2.05297022   0.71752408   0.42305758   1.63836018  -1.16991786
  0.44029902   0.41939586  -1.28344559  -0.40780830   2.05079718   0.71889723   0.42226348   1.63803473  -1.17173810
  0.44135492   0.41684050  -1.28391147  -0.40641320   2.04855268   0.72033712   0.42146270   1.63767465  -1.17362579
  0.44242966   0.41421501  -1.28437671  -0.40497946   2.04621406   0.72188085   0.42065337   1.63725998  -1.17558152
  0.44352292   0.41151938  -1.28484232  -0.40351521   2.04378924   0.72350807   0.41983238   1.63680019  -1.17759189
  0.44463380   0.40875276  -1.28531072  -0.40201899   2.04130478   0.72516068   0.41897890   1.63633488  -1.17963716
  0.44576114   0.40591405  -1.28578616  -0.40047368   2.03878468   0.72679725   0.41808835   1.63589281  -1.18171827
  0.44690378   0.40300327  -1.28627289  -0.39887290   2.03624276   0.72841712   0.41719160   1.63545551  -1.18384931
  0.44806113   0.40002199  -1.28676526  -0.39722322   2.03365855   0.73006765   0.41628895   1.63499202  -1.18603945
  0.44923373   0.39697392  -1.28724934  -0.39551259   2.03101280   0.73179050   0.41533985   1.63449728  -1.18830641
  0.45042532   0.39386023  -1.28772691  -0.39372189   2.02835067   0.73349678   0.41432404   1.63403174  -1.19064383
  0.45164140   0.39068132  -1.28820701  -0.39187056   2.02568498   0.73515225   0.41329531   1.63359076  -1.19304060
  0.45288587   0.38744264  -1.28867722  -0.38997371   2.02297551   0.73684446   0.41225876   1.63311695  -1.19551720
  0.45416285   0.38414585  -1.28914131  -0.38805526   2.02020645   0.73859907   0.41124781   1.63258071  -1.19806876
  0.45547316   0.38079012  -1.28960067  -0.38613596   2.01733616   0.74046613   0.41026484   1.63196363  -1.20068329
  0.45681209   0.37737508  -1.29004918  -0.38421685   2.01434948   0.74247093   0.40927843   1.63126359  -1.20335577
  0.45817428   0.37389849  -1.29048861  -0.38229058   2.01126527   0.74457440   0.40826340   1.63051203  -1.20607103
  0.45955555   0.37035852  -1.29092267  -0.38032285   2.00812402   0.74669561   0.40718547   1.62977740  -1.20882380
  0.46095491   0.36675775  -1.29135201  -0.37829675   2.00491991   0.74886984   0.40608170   1.62902929  -1.21164642
  0.46237253   0.36309755  -1.29178121  -0.37620284   2.00169349   0.75102784   0.40496057   1.62830017  -1.21453322
  0.46380941   0.35938107  -1.29220635  -0.37407000   1.99840753   0.75323322   0.40385192   1.62754047  -1.21748334
  0.46526379   0.35561066  -1.29262003  -0.37191277   1.99503332   0.75553217   0.40275208   1.62672522  -1.22049459
  0.46673201   0.35178830  -1.29301676  -0.36972744   1.99158458   0.75791069   0.40165005   1.62585859  -1.22356657
  0.46821074   0.34791736  -1.29339163  -0.36748748   1.98812315   0.76028744   0.40053134   1.62497639  -1.22670736
  0.46970049   0.34400289  -1.29373256  -0.36520994   1.98460000   0.76275293   0.39940191   1.62402574  -1.22992973
  0.47120119   0.34004755  -1.29403280  -0.36290099   1.98100194   0.76531963   0.39823496   1.62301136  -1.23322563
  0.47271479   0.33604989  -1.29430636  -0.36052292   1.97741570   0.76781231   0.39700800   1.62204999  -1.23657512
  0.47424748   0.33201580  -1.29455248  -0.35809433   1.97380065   0.77031905   0.39576509   1.62107791  -1.23999944
  0.47580419   0.32794968  -1.29476993  -0.35564699   1.97011947   0.77291333   0.39453031   1.62004126  -1.24349952
  0.47738669   0.32384986  -1.29496709  -0.35320575   1.96635552   0.77558620   0.39329768   1.61895891  -1.24704095
  0.47899246   0.31971116  -1.29515895  -0.35075819   1.96254155   0.77824176   0.39204968   1.61790751  -1.25059191
  0.48061531   0.31552845  -1.29535835  -0.34826706   1.95872164   0.78078704   0.39077223   1.61695904  -1.25414401
  0.48224701   0.31129881  -1.29557556  -0.34570924   1.95491576   0.78322226   0.38951952   1.61609200  -1.25772237
  0.48387931   0.30702235  -1.29580485  -0.34308909   1.95110440   0.78560206   0.38830297   1.61526382  -1.26133628
  0.48550603   0.30270616  -1.29602513  -0.34041618   1.94725923   0.78802872   0.38711855   1.61439410  -1.26501311
  0.48712441   0.29836322  -1.29620375  -0.33768088   1.94339415   0.79055171   0.38592007   1.61343152  -1.26878944
  0.48873875   0.29399825  -1.29633806  -0.33488669   1.93957985   0.79302713   0.38468826   1.61245094  -1.27263415
  0.49035440   0.28961037  -1.29643846  -0.33202833   1.93580260   0.79540384   0.38347251   1.61150620  -1.27653761
  0.49197575   0.28520154  -1.29649674  -0.32916762   1.93196027   0.79779163   0.38226493   1.61056056  -1.28046378
  0.49360306   0.28077562  -1.29651028  -0.32630763   1.92802396   0.80026769   0.38110075   1.60955905  -1.28443946
  0.49523563   0.27633782  -1.29647329  -0.32344268   1.92398918   0.80289647   0.37999975   1.60844383  -1.28849912
  0.49687535   0.27189037  -1.29638701  -0.32057611   1.91989605   0.80561444   0.37893534   1.60724679  -1.29262462
  0.49852509   0.26743181  -1.29626034  -0.31771930   1.91573470   0.80841032   0.37789163   1.60599280  -1.29679198
  0.50018557   0.26295851  -1.29610467  -0.31486848   1.91150844   0.81124802   0.37684239   1.60472672  -1.30097802
  0.50185611   0.25846496  -1.29593224  -0.31200194   1.90724448   0.81403599   0.37573891   1.60353535  -1.30515359
  0.50353521   0.25394742  -1.29576202  -0.30909186   1.90297741   0.81671801   0.37462460   1.60244857  -1.30932917
  0.50521907   0.24940613  -1.29560147  -0.30612383   1.89872143   0.81932085   0.37357069   1.60142027  -1.31354116
  0.50690308   0.24484828  -1.29542788  -0.30311154   1.89447765   0.82189173   0.37253709   1.60040066  -1.31779617
  0.50858477   0.24028323  -1.29521338  -0.30002998   1.89027580   0.82441135   0.37145202   1.59939818  -1.32211198
  0.51026888   0.23572967  -1.29492918  -0.29691596   1.88604958   0.82710293   0.37039407   1.59822644  -1.32656111
  0.51196337   0.23119755  -1.29455742  -0.29384176   1.88169870   0.83010966   0.36937426   1.59680833  -1.33112664
  0.51367524   0.22668506  -1.29410584  -0.29078029   1.87729893   0.83320043   0.36832183   1.59532262  -1.33575362
  0.51541194   0.22219171  -1.29358824  -0.28775204   1.87281010   0.83639303   0.36727499   1.59378179  -1.34042687
  0.51717602   0.21770977  -1.29303707  -0.28474701   1.86823831   0.83963844   0.36631361   1.59222738  -1.34514176
  0.51896404   0.21323179  -1.29247360  -0.28173114   1.86364511   0.84281717   0.36541787   1.59074153  -1.34988022
  0.52076835   0.20875276  -1.29190207  -0.27864048   1.85913912   0.84574959   0.36448663   1.58943897  -1.35462573
  0.52258482   0.20426773  -1.29132542  -0.27550036   1.85469284   0.84843294   0.36349261   1.58834026  -1.35933612
  0.52440945   0.19978543  -1.29072516  -0.27231062   1.85018631   0.85116341   0.36253885   1.58725195  -1.36411125
  0.52624191   0.19531519  -1.29009908  -0.26906607   1.84568633   0.85393122   0.36171041   1.58611147  -1.36899850
  0.52808462   0.19087009  -1.28941881  -0.26580669   1.84120539   0.85675460   0.36093173   1.58488264  -1.37397750
  0.52994337   0.18645584  -1.28866901  -0.26253939   1.83680499   0.85947324   0.36007047   1.58367705  -1.37898517
  0.53182884   0.18207563  -1.28786723  -0.25932862   1.83243753   0.86213543   0.35922402   1.58246360  -1.38400022
  0.53374484   0.17772871  -1.28702099  -0.25616816   1.82807032   0.86475321   0.35839726   1.58126798  -1.38901996
  0.53569212   0.17342026  -1.28611740  -0.25297584   1.82375556   0.86727017   0.35752745   1.58013455  -1.39409292
  0.53768026   0.16917173  -1.28513230  -0.24978387   1.81949552   0.86984771   0.35665496   1.57889199  -1.39928675
  0.53972199   0.16498780  -1.28408215  -0.24669128   1.81523105   0.87257475   0.35589956   1.57746869  -1.40457511
  0.54181693   0.16086234  -1.28296368  -0.24374483   1.81086565   0.87548711   0.35517258   1.57591297  -1.40988095
  0.54395628   0.15678880  -1.28178113  -0.24092141   1.80641525   0.87852160   0.35445883   1.57427898  -1.41519007
  0.54613194   0.15276194  -1.28054138  -0.23814604   1.80201709   0.88143394   0.35373464   1.57270008  -1.42050039
  0.54834398   0.14878560  -1.27924297  -0.23538742   1.79762422   0.88434269   0.35304591   1.57111667  -1.42587310
  0.55059582   0.14485310  -1.27791221  -0.23267215   1.79315589   0.88734095   0.35243369   1.56951371  -1.43129210
  0.55288555   0.14094541  -1.27658660  -0.22997714   1.78864906   0.89024809   0.35181707   1.56805591  -1.43667580
  0.55520656   0.13704557  -1.27530426  -0.22724512   1.78417690   0.89289688   0.35118397   1.56686492  -1.44199885
  0.55754987   0.13314633  -1.27408621  -0.22445989   1.77974894   0.89531355   0.35059090   1.56591214  -1.44727986
  0.55990487   0.12924838  -1.27293227  -0.22162256   1.77533851   0.89765257   0.35008950   1.56507019  -1.45256705
  0.56226211   0.12536125  -1.27181435  -0.21875907   1.77092151   0.90006566   0.34966739   1.56420062  -1.45789068
  0.56461583   0.12149690  -1.27068979  -0.21592908   1.76643990   0.90267400   0.34926253   1.56321208  -1.46323370
  0.56695918   0.11766478  -1.26952132  -0.21315287   1.76188775   0.90550210   0.34883356   1.56206761  -1.46859337
  0.56928520   0.11387491  -1.26826405  -0.21042846   1.75723816   0.90858875   0.34832159   1.56074112  -1.47397998
  0.57159522   0.11012326  -1.26692384  -0.20777833   1.75252658   0.91176408   0.34777991   1.55934557  -1.47934641
  0.57389132   0.10640287  -1.26551270  -0.20515761   1.74778350   0.91486918   0.34725832   1.55801464  -1.48469057
  0.57617771   0.10270596  -1.26405757  -0.20248127   1.74307394   0.91775271   0.34682005   1.55686494  -1.49004840
  0.57846169   0.09903004  -1.26258201  -0.19975157   1.73841490   0.92041623   0.34647687   1.55589179  -1.49541930
  0.58074703   0.09537820  -1.26109029  -0.19697598   1.73385008   0.92287175   0.34619597   1.55504913  -1.50080669
  0.58304219   0.09177132  -1.25954788  -0.19419964   1.72931527   0.92536707   0.34587004   1.55415279  -1.50623625
  0.58536036   0.08822283  -1.25795592  -0.19150461   1.72480500   0.92798555   0.34546625   1.55311651  -1.51167666
  0.58771089   0.08473357  -1.25633560  -0.18882383   1.72045083   0.93047264   0.34505359   1.55208804  -1.51714738
  0.59010368   0.08129956  -1.25471949  -0.18613296   1.71618128   0.93285371   0.34485686   1.55112478  -1.52270749
  0.59254124   0.07790628  -1.25312512  -0.18342585   1.71192877   0.93507669   0.34478366   1.55034778  -1.52828545
  0.59502189   0.07453816  -1.25156572  -0.18069291   1.70767295   0.93704265   0.34467596   1.54987664  -1.53379035
  0.59753459   0.07118568  -1.25005964  -0.17791088   1.70349907   0.93867450   0.34452730   1.54971339  -1.53921646
  0.60006480   0.06784861  -1.24861431  -0.17505551   1.69945410   0.94006745   0.34445601   1.54972965  -1.54464526
  0.60260856   0.06456162  -1.24716102  -0.17221501   1.69551178   0.94155749   0.34433185   1.54959399  -1.55011699
  0.60517584   0.06135525  -1.24565201  -0.16957689   1.69161073   0.94335217   0.34404106   1.54910834  -1.55555625
  0.60777944   0.05824337  -1.24407532  -0.16711947   1.68775759   0.94537268   0.34372592   1.54834869  -1.56101689
  0.61042967   0.05522880  -1.24243154  -0.16479914   1.68391027   0.94754875   0.34350355   1.54743704  -1.56653720
  0.61312879   0.05231536  -1.24068936  -0.16262927   1.67995222   0.94996138   0.34321498   1.54638959  -1.57207023
  0.61587752   0.04950349  -1.23883494  -0.16062453   1.67580103   0.95267151   0.34275823   1.54521463  -1.57757747
  0.61867593   0.04677657  -1.23693867  -0.15871037   1.67158082   0.95547709   0.34240455   1.54403851  -1.58312265
  0.62151967   0.04411607  -1.23502259  -0.15669729   1.66742890   0.95810468   0.34210786   1.54304334  -1.58875460
  0.62441722   0.04150986  -1.23313608  -0.15464391   1.66326730   0.96072248   0.34186717   1.54214972  -1.59444037
  0.62737138   0.03895104  -1.23132225  -0.15262975   1.65917068   0.96326210   0.34171613   1.54135164  -1.60011429
  0.63037537   0.03643968  -1.22956558  -0.15068403   1.65515726   0.96568539   0.34160315   1.54064927  -1.60573875
  0.63342064   0.03398033  -1.22782817  -0.14881826   1.65117635   0.96803589   0.34147432   1.54002470  -1.61130450
  0.63649944   0.03156820  -1.22610175  -0.14699552   1.64722439   0.97025092   0.34137243   1.53954261  -1.61682730
  0.63960342   0.02919530  -1.22439153  -0.14517452   1.64331917   0.97227371   0.34133940   1.53924921  -1.62232481
  0.64272341   0.02685924  -1.22269561  -0.14330105   1.63949443   0.97414033   0.34139495   1.53909061  -1.62785444
  0.64585504   0.02456841  -1.22097197  -0.14133743   1.63572757   0.97602907   0.34135165   1.53890014  -1.63345413
  0.64900682   0.02232103  -1.21925467  -0.13926058   1.63204097   0.97792344   0.34145344   1.53871152  -1.63920451
  0.65218460   0.02012272  -1.21754256  -0.13721233   1.62839328   0.97985897   0.34162955   1.53849407  -1.64499463
  0.65538512   0.01798474  -1.21578298  -0.13532433   1.62470178   0.98191056   0.34156057   1.53817659  -1.65066496
  0.65860208   0.01591769  -1.21395461  -0.13367432   1.62095732   0.98412951   0.34113321   1.53768367  -1.65614953
  0.66182970   0.01392386  -1.21207784  -0.13221562   1.61720545   0.98646412   0.34059950   1.53706368  -1.66153845
  0.66506353   0.01199065  -1.21018117  -0.13076332   1.61348597   0.98876946   0.34018816   1.53648702  -1.66696811
  0.66830380   0.01009901  -1.20831058  -0.12921892   1.60984210   0.99088347   0.33995689   1.53610899  -1.67245257
  0.67154853   0.00823123  -1.20649540  -0.12754780   1.60627678   0.99275900   0.33978893   1.53597270  -1.67794150
  0.67479831   0.00638559  -1.20472927  -0.12577570   1.60279015   0.99450981   0.33948171   1.53593754  -1.68339416
  0.67805977   0.00457682  -1.20301825  -0.12397428   1.59945778   0.99615938   0.33921060   1.53592594  -1.68885467
  0.68133565   0.00283323  -1.20129030  -0.12219438   1.59621058   0.99785116   0.33892485   1.53582880  -1.69434635
  0.68463225   0.00118174  -1.19950784  -0.12054383   1.59307286   0.99956789   0.33861602   1.53561393  -1.69982799
  0.68795146  -0.00037668  -1.19767041  -0.11892885   1.59013338   1.00101975   0.33846899   1.53551637  -1.70535597
  0.69129004  -0.00187461  -1.19581873  -0.11727160   1.58724335   1.00217958   0.33856457   1.53573123  -1.71092385
  0.69464158  -0.00333324  -1.19399397  -0.11561527   1.58438834   1.00304578   0.33869812   1.53624661  -1.71640037
  0.69800119  -0.00474811  -1.19222208  -0.11401427   1.58159843   1.00376435   0.33881221   1.53689524  -1.72176552
  0.70136577  -0.00610302  -1.19050187  -0.11250843   1.57888475   1.00452346   0.33890750   1.53749151  -1.72705412
  0.70473285  -0.00738387  -1.18881265  -0.11110089   1.57627369   1.00539155   0.33896498   1.53794032  -1.73229832
  0.70810198  -0.00857902  -1.18710213  -0.10981651   1.57371221   1.00642979   0.33876582   1.53817175  -1.73744740
  0.71148058  -0.00968837  -1.18534340  -0.10851887   1.57114641   1.00758852   0.33844178   1.53831433  -1.74262226
  0.71488139  -0.01071013  -1.18355573  -0.10734434   1.56850377   1.00895424   0.33795378   1.53833437  -1.74772917
  0.71830485  -0.01164708  -1.18176073  -0.10635725   1.56582236   1.01047577   0.33735052   1.53825007  -1.75272640
  0.72174480  -0.01250911  -1.17997085  -0.10542967   1.56319482   1.01199106   0.33683237   1.53818521  -1.75772390
  0.72519779  -0.01330626  -1.17822962  -0.10448720   1.56090407   1.01308982   0.33659489   1.53832835  -1.76275870
  0.72865895  -0.01404881  -1.17658156  -0.10355027   1.55914261   1.01348719   0.33676022   1.53880765  -1.76779483
  0.73211094  -0.01474547  -1.17501399  -0.10283495   1.55760915   1.01357031   0.33710915   1.53945166  -1.77264989
  0.73552579  -0.01538797  -1.17341244  -0.10231360   1.55611023   1.01365733   0.33709397   1.53997662  -1.77725151
  0.73889260  -0.01595996  -1.17170848  -0.10190462   1.55451935   1.01406398   0.33654387   1.54015012  -1.78168915
  0.74222439  -0.01646431  -1.16994136  -0.10142836   1.55289492   1.01465897   0.33598657   1.54019777  -1.78620954
  0.74553922  -0.01690396  -1.16815482  -0.10083874   1.55135300   1.01522012   0.33562482   1.54029431  -1.79086036
  0.74885447  -0.01726416  -1.16633179  -0.10021494   1.54984608   1.01584512   0.33526910   1.54034272  -1.79557250
  0.75218735  -0.01753854  -1.16450150  -0.09968857   1.54836064   1.01656811   0.33492129   1.54032771  -1.80026818
  0.75554346  -0.01773229  -1.16267476  -0.09929745   1.54689993   1.01731185   0.33455204   1.54031053  -1.80488992
  0.75892127  -0.01785478  -1.16085393  -0.09902469   1.54547673   1.01797889   0.33413294   1.54036206  -1.80941028
  0.76231665  -0.01791227  -1.15904453  -0.09878540   1.54413313   1.01851309   0.33376131   1.54052901  -1.81390209
  0.76572667  -0.01790251  -1.15721754  -0.09851242   1.54282078   1.01903210   0.33334014   1.54071640  -1.81841327
  0.76915371  -0.01783689  -1.15539492  -0.09809188   1.54155109   1.01947302   0.33307618   1.54104347  -1.82305425
  0.77259862  -0.01773675  -1.15363710  -0.09756844   1.54037466   1.01971971   0.33299319   1.54159090  -1.82774750
  0.77605106  -0.01762117  -1.15197254  -0.09700767   1.53929628   1.01975749   0.33295085   1.54232476  -1.83237721
  0.77950207  -0.01748640  -1.15039068  -0.09650699   1.53826247   1.01979139   0.33273953   1.54302906  -1.83686147
  0.78294562  -0.01731869  -1.14885689  -0.09609960   1.53722147   1.02000505   0.33231793   1.54355161  -1.84122500
  0.78637782  -0.01711156  -1.14733492  -0.09571192   1.53620711   1.02034073   0.33177189   1.54392912  -1.84555370
  0.78979559  -0.01685271  -1.14577635  -0.09536847   1.53518588   1.02084401   0.33102117   1.54410508  -1.84983871
  0.79320065  -0.01653402  -1.14417528  -0.09515234   1.53413864   1.02150155   0.33017406   1.54413284  -1.85405998
  0.79658735  -0.01615629  -1.14252006  -0.09505285   1.53306108   1.02224747   0.32932103   1.54409828  -1.85823445
  0.79995159  -0.01572666  -1.14081155  -0.09497681   1.53198661   1.02297793   0.32856797   1.54410470  -1.86242772
  0.80329438  -0.01524842  -1.13905294  -0.09491514   1.53093087   1.02368388   0.32776619   1.54410312  -1.86659696
  0.80662100  -0.01472175  -1.13727088  -0.09489740   1.52988687   1.02443139   0.32690807   1.54404693  -1.87072693
  0.80993435  -0.01415122  -1.13549390  -0.09488611   1.52889278   1.02517562   0.32612116   1.54399697  -1.87486413
  0.81323588  -0.01354834  -1.13372762  -0.09474564   1.52800495   1.02574448   0.32550101   1.54410080  -1.87908515
  0.81653604  -0.01291955  -1.13200263  -0.09453243   1.52720935   1.02613286   0.32498493   1.54436592  -1.88331937
  0.81984286  -0.01226893  -1.13033998  -0.09431662   1.52648788   1.02638529   0.32444873   1.54473135  -1.88748554
  0.82315878  -0.01159660  -1.12875104  -0.09412831   1.52585395   1.02652140   0.32388081   1.54516517  -1.89156672
  0.82648168  -0.01089761  -1.12722540  -0.09400009   1.52529883   1.02660178   0.32322922   1.54559538  -1.89554660
  0.82980639  -0.01016621  -1.12574452  -0.09394178   1.52481650   1.02665932   0.32250432   1.54599189  -1.89943818
  0.83312610  -0.00939943  -1.12428623  -0.09388234   1.52442131   1.02665584   0.32184623   1.54641884  -1.90333201
  0.83643549  -0.00859878  -1.12283996  -0.09381289   1.52410977   1.02655898   0.32128617   1.54691491  -1.90723535
  0.83972671  -0.00776973  -1.12139208  -0.09371887   1.52386252   1.02635957   0.32076052   1.54747501  -1.91112977
  0.84299618  -0.00691012  -1.11992774  -0.09364120   1.52364117   1.02615475   0.32006717   1.54796287  -1.91494760
  0.84624629  -0.00601469  -1.11846640  -0.09357394   1.52346564   1.02599092   0.31936479   1.54838453  -1.91875384
  0.84947766  -0.00508294  -1.11701949  -0.09351397   1.52338037   1.02580748   0.31873922   1.54879231  -1.92256648
  0.85268624  -0.00411947  -1.11557715  -0.09342648   1.52337941   1.02555384   0.31820434   1.54923895  -1.92639745
  0.85586635  -0.00313455  -1.11413340  -0.09327265   1.52344185   1.02518193   0.31774144   1.54977519  -1.93024317
  0.85901671  -0.00213488  -1.11270518  -0.09307532   1.52355324   1.02471078   0.31732823   1.55039147  -1.93407225
  0.86213797  -0.00112071  -1.11129943  -0.09290853   1.52367114   1.02424399   0.31681557   1.55097335  -1.93780501
  0.86522980  -0.00008601  -1.10989912  -0.09280338   1.52376646   1.02387451   0.31605669   1.55139683  -1.94140358
  0.86829636   0.00097633  -1.10850379  -0.09272844   1.52388235   1.02355712   0.31520293   1.55172640  -1.94493984
  0.87134142   0.00206953  -1.10710674  -0.09262649   1.52406710   1.02319268   0.31437754   1.55205878  -1.94848147
  0.87436796   0.00319229  -1.10570947  -0.09247923   1.52432487   1.02273541   0.31365488   1.55246397  -1.95205391
  0.87737579   0.00433641  -1.10431833  -0.09228405   1.52465618   1.02213624   0.31301595   1.55297915  -1.95563478
  0.88036574   0.00549697  -1.10295122  -0.09208253   1.52503100   1.02145622   0.31242594   1.55356593  -1.95918643
  0.88333765   0.00667146  -1.10162102  -0.09192173   1.52543739   1.02074961   0.31180274   1.55415441  -1.96265738
  0.88629110   0.00786149  -1.10032734  -0.09181587   1.52586522   1.02007042   0.31110015   1.55468400  -1.96603642
  0.88922582   0.00907027  -1.09906297  -0.09173804   1.52633370   1.01941150   0.31034428   1.55515233  -1.96935618
  0.89214208   0.01030182  -1.09781478  -0.09168632   1.52682227   1.01880279   0.30953322   1.55554532  -1.97262859
  0.89503676   0.01156081  -1.09655124  -0.09166753   1.52728044   1.01831410   0.30854021   1.55577735  -1.97583083
  0.89790770   0.01285052  -1.09524550  -0.09166800   1.52764915   1.01799857   0.30736311   1.55584056  -1.97898445
  0.90076056   0.01416860  -1.09388644  -0.09157965   1.52797010   1.01769832   0.30621544   1.55593074  -1.98220490
  0.90360651   0.01550701  -1.09251582  -0.09140122   1.52832787   1.01725064   0.30521476   1.55618968  -1.98549270
  0.90645366   0.01686056  -1.09117193  -0.09120305   1.52874770   1.01665314   0.30426124   1.55656863  -1.98876148
  0.90930339   0.01822450  -1.08987964  -0.09100130   1.52923299   1.01595047   0.30333094   1.55702043  -1.99199299
  0.91215278   0.01959429  -1.08861975  -0.09075574   1.52970932   1.01525502   0.30235528   1.55746527  -1.99521124
  0.91499848   0.02096986  -1.08737467  -0.09048160   1.53015124   1.01462196   0.30119107   1.55780044  -1.99837664
  0.91784258   0.02235317  -1.08616171  -0.09018043   1.53066735   1.01389827   0.29996365   1.55813300  -2.00150693
  0.92068626   0.02374960  -1.08499213  -0.08990765   1.53123655   1.01313811   0.29874155   1.55847135  -2.00459410
  0.92352502   0.02516258  -1.08386147  -0.08970078   1.53181678   1.01242297   0.29749682   1.55876506  -2.00761567
  0.92635012   0.02659458  -1.08274948  -0.08955636   1.53236772   1.01182757   0.29616712   1.55894302  -2.01056746
  0.92915087   0.02804489  -1.08164065  -0.08944122   1.53288807   1.01135240   0.29476204   1.55900013  -2.01347228
  0.93191527   0.02951073  -1.08052041  -0.08932861   1.53337174   1.01098832   0.29329922   1.55894783  -2.01634611
  0.93463689   0.03098952  -1.07938298  -0.08921785   1.53379121   1.01073945   0.29184243   1.55883342  -2.01920213
  0.93731388   0.03247471  -1.07823979  -0.08910270   1.53418822   1.01049893   0.29046165   1.55875398  -2.02204058
  0.93995111   0.03396135  -1.07710575  -0.08895194   1.53465300   1.01010903   0.28922208   1.55880996  -2.02487876
  0.94255936   0.03545039  -1.07598685  -0.08879096   1.53516355   1.00961511   0.28806110   1.55895540  -2.02769360
  0.94514869   0.03693927  -1.07490462  -0.08865851   1.53568621   1.00907887   0.28695134   1.55916221  -2.03045642
  0.94772455   0.03842364  -1.07387683  -0.08857919   1.53620637   1.00854525   0.28582403   1.55937522  -2.03313163
  0.95028748   0.03989916  -1.07291525  -0.08855583   1.53671603   1.00804961   0.28465516   1.55955934  -2.03571028
  0.95282898   0.04135980  -1.07201815  -0.08855583   1.53721924   1.00759999   0.28343815   1.55969226  -2.03820686
  0.95533401   0.04279954  -1.07116961  -0.08852796   1.53772382   1.00718474   0.28218178   1.55976617  -2.04065118
  0.95779273   0.04421762  -1.07034566  -0.08845845   1.53819387   1.00683516   0.28091503   1.55978642  -2.04306699
  0.96020358   0.04561444  -1.06953802  -0.08836303   1.53862897   1.00652542   0.27968728   1.55980052  -2.04545864
  0.96256798   0.04698911  -1.06874208  -0.08825029   1.53905096   1.00619892   0.27849177   1.55983685  -2.04781390
  0.96488947   0.04834016  -1.06795979  -0.08811624   1.53948854   1.00580278   0.27731617   1.55991283  -2.05012686
  0.96717415   0.04966896  -1.06719744  -0.08797950   1.53992710   1.00537168   0.27614814   1.56000865  -2.05238921
  0.96942674   0.05097625  -1.06646568  -0.08783913   1.54038916   1.00489285   0.27501076   1.56013299  -2.05460942
  0.97164896   0.05226487  -1.06576064  -0.08769495   1.54086809   1.00440277   0.27387603   1.56024280  -2.05678989
  0.97383863   0.05353605  -1.06507398  -0.08754706   1.54134125   1.00394049   0.27272710   1.56031031  -2.05893245
  0.97599341   0.05479052  -1.06439990  -0.08740956   1.54177265   1.00355393   0.27156478   1.56032314  -2.06103351
  0.97810881   0.05602550  -1.06374133  -0.08728881   1.54216605   1.00322723   0.27041141   1.56030475  -2.06308765
  0.98017854   0.05723665  -1.06310117  -0.08718049   1.54254551   1.00291644   0.26927742   1.56027802  -2.06508819
  0.98219860   0.05842168  -1.06247737  -0.08707326   1.54293244   1.00258669   0.26816644   1.56025470  -2.06703744
  0.98416875   0.05958029  -1.06186780  -0.08695660   1.54333505   1.00222717   0.26707999   1.56023647  -2.06894286
  0.98609196   0.06071299  -1.06127365  -0.08682568   1.54375276   1.00183354   0.26603589   1.56023890  -2.07081434
  0.98797153   0.06182008  -1.06069713  -0.08668261   1.54417543   1.00141636   0.26503250   1.56026280  -2.07265196
  0.98981017   0.06290215  -1.06013694  -0.08652658   1.54458733   1.00100186   0.26403544   1.56027951  -2.07445048
  0.99160981   0.06395971  -1.05959475  -0.08635928   1.54497408   1.00061794   0.26302844   1.56026858  -2.07620742
  0.99337221   0.06499351  -1.05907757  -0.08618393   1.54534377   1.00026371   0.26203771   1.56024171  -2.07792863
  0.99509803   0.06600423  -1.05858696  -0.08600489   1.54570643   0.99992660   0.26107216   1.56020811  -2.07961338
  0.99678708   0.06699191  -1.05812030  -0.08582360   1.54606364   0.99959456   0.26012962   1.56017600  -2.08125893
  0.99843892   0.06795642  -1.05767503  -0.08564034   1.54641526   0.99925929   0.25920477   1.56014968  -2.08286241
  1.00005259   0.06889778  -1.05724907  -0.08545646   1.54676181   0.99891772   0.25829370   1.56012885  -2.08442147
  1.00162717   0.06981656  -1.05683873  -0.08527020   1.54709985   0.99857699   0.25738883   1.56010435  -2.08593691
  1.00316223   0.07071348  -1.05644245  -0.08508167   1.54742816   0.99823902   0.25649908   1.56008051  -2.08741253
  1.00465660   0.07158884  -1.05605920  -0.08489251   1.54774963   0.99790367   0.25562609   1.56005571  -2.08884804
  1.00610897   0.07244308  -1.05568570  -0.08469909   1.54806558   0.99757396   0.25476441   1.56002119  -2.09024563
  1.00751892   0.07327678  -1.05531946  -0.08450187   1.54837174   0.99725413   0.25392410   1.55998226  -2.09160974
  1.00888601   0.07408919  -1.05496105  -0.08430238   1.54866730   0.99694289   0.25310389   1.55994048  -2.09293775
  1.01020847   0.07487832  -1.05461402  -0.08410221   1.54895480   0.99663872   0.25229908   1.55989295  -2.09422349
  1.01148525   0.07564354  -1.05427708  -0.08389512   1.54923578   0.99634236   0.25150530   1.55983341  -2.09546964
  1.01271746   0.07638563  -1.05394775  -0.08367905   1.54950535   0.99606291   0.25071638   1.55975361  -2.09667893
  1.01390754   0.07710574  -1.05362559  -0.08345844   1.54976121   0.99580098   0.24993253   1.55965672  -2.09785087
  1.01505790   0.07780482  -1.05331133  -0.08323685   1.55000537   0.99555012   0.24916004   1.55955238  -2.09898618
  1.01617012   0.07848356  -1.05300647  -0.08301737   1.55024177   0.99530673   0.24840512   1.55944569  -2.10008573
  1.01724558   0.07914247  -1.05271118  -0.08279737   1.55047521   0.99506454   0.24767287   1.55934144  -2.10115373
  1.01828561   0.07978191  -1.05242478  -0.08257511   1.55070485   0.99482335   0.24696046   1.55923898  -2.10219169
  1.01929128   0.08040190  -1.05214787  -0.08235101   1.55092910   0.99458476   0.24626703   1.55913844  -2.10319973
  1.02026364   0.08100299  -1.05188086  -0.08213041   1.55114343   0.99435591   0.24559717   1.55904148  -2.10417763
  1.02120358   0.08158546  -1.05162378  -0.08191805   1.55134638   0.99413907   0.24494704   1.55894615  -2.10512218
  1.02211190   0.08214929  -1.05137685  -0.08171518   1.55153837   0.99393338   0.24431271   1.55885110  -2.10603179
  1.02298944   0.08269420  -1.05114073  -0.08151813   1.55172153   0.99373538   0.24369185   1.55875611  -2.10690798
  1.02383695   0.08322002  -1.05091646  -0.08132358   1.55189585   0.99354619   0.24308348   1.55865965  -2.10775274
  1.02465481   0.08372680  -1.05070460  -0.08113011   1.55206020   0.99336853   0.24249012   1.55856193  -2.10856821
  1.02544275   0.08421474  -1.05050494  -0.08093899   1.55221386   0.99320318   0.24191886   1.55846752  -2.10935599
  1.02619967   0.08468384  -1.05031584  -0.08075176   1.55235802   0.99304672   0.24137047   1.55837865  -2.11011492
  1.02692483   0.08513459  -1.05013344  -0.08056867   1.55249088   0.99289751   0.24084429   1.55829704  -2.11084559
  1.02761837   0.08556735  -1.04995555  -0.08039014   1.55261162   0.99275360   0.24033756   1.55822323  -2.11154763
  1.02828120   0.08598245  -1.04978254  -0.08021572   1.55272355   0.99261287   0.23984330   1.55815236  -2.11221972
  1.02891471   0.08638055  -1.04961587  -0.08004594   1.55282699   0.99248146   0.23935741   1.55807701  -2.11286190
  1.02952021   0.08676232  -1.04945754  -0.07988301   1.55292098   0.99236553   0.23888286   1.55799570  -2.11347500
  1.03009839   0.08712796  -1.04930972  -0.07972599   1.55301209   0.99225702   0.23842845   1.55791626  -2.11406158
  1.03064963   0.08747781  -1.04917177  -0.07956514   1.55311801   0.99212895   0.23800346   1.55785202  -2.11462939
  1.03117426   0.08781253  -1.04904193  -0.07940031   1.55323725   0.99198259   0.23760594   1.55780168  -2.11517919
  1.03167333   0.08813354  -1.04891784  -0.07923673   1.55335531   0.99183604   0.23724444   1.55776771  -2.11571414
  1.03214769   0.08844151  -1.04879788  -0.07908240   1.55346345   0.99170000   0.23690524   1.55774093  -2.11622683
  1.03259817   0.08873680  -1.04868096  -0.07893633   1.55356898   0.99156355   0.23657560   1.55771682  -2.11671392
  1.03302576   0.08902082  -1.04856266  -0.07879829   1.55366496   0.99144225   0.23623121   1.55767115  -2.11717248
  1.03343127   0.08929471  -1.04844009  -0.07865699   1.55375904   0.99132903   0.23587339   1.55760186  -2.11761243
  1.03381616   0.08955996  -1.04831107  -0.07850470   1.55385532   0.99121764   0.23551742   1.55751912  -2.11804602
  1.03418286   0.08981813  -1.04817486  -0.07834471   1.55395112   0.99110778   0.23517448   1.55743386  -2.11847730
  1.03453412   0.09007072  -1.04803139  -0.07818775   1.55403523   0.99101492   0.23483745   1.55734027  -2.11890080
  1.03487210   0.09031800  -1.04788344  -0.07803236   1.55412084   0.99091912   0.23450969   1.55724823  -2.11931731
  1.03519873   0.09056026  -1.04773325  -0.07787645   1.55421711   0.99080777   0.23419307   1.55716321  -2.11972834
  1.03551539   0.09079796  -1.04758122  -0.07771831   1.55432470   0.99068294   0.23388100   1.55707875  -2.12013422
  1.03582326   0.09103172  -1.04742686  -0.07755666   1.55443946   0.99055346   0.23356822   1.55698706  -2.12053629
  1.03612378   0.09126224  -1.04727005  -0.07739168   1.55455664   0.99042515   0.23325823   1.55688971  -2.12093735
  1.03641862   0.09149011  -1.04711114  -0.07722745   1.55466935   0.99030466   0.23295367   1.55678974  -2.12133718
  1.03670953   0.09171581  -1.04695128  -0.07707066   1.55477032   0.99019946   0.23265429   1.55668878  -2.12173269
  1.03699784   0.09193912  -1.04679335  -0.07692317   1.55486464   0.99010079   0.23236089   1.55659240  -2.12212165
  1.03728456   0.09215977  -1.04664014  -0.07678487   1.55495830   0.99000112   0.23207272   1.55650277  -2.12250269
  1.03757039   0.09237787  -1.04649278  -0.07665671   1.55504832   0.98990813   0.23178536   1.55641335  -2.12287468
  1.03785552   0.09259325  -1.04635218  -0.07653345   1.55514086   0.98981434   0.23150268   1.55632731  -2.12324147
  1.03813955   0.09280585  -1.04621754  -0.07640931   1.55523999   0.98971487   0.23122530   1.55624447  -2.12360668
  1.03842214   0.09301605  -1.04608660  -0.07628443   1.55533985   0.98961781   0.23094944   1.55615955  -2.12397047
  1.03870324   0.09322451  -1.04595692  -0.07616431   1.55542803   0.98953986   0.23066916   1.55606493  -2.12432983
  1.03898305   0.09343134  -1.04582890  -0.07604794   1.55550953   0.98946885   0.23039964   1.55597705  -2.12468916
  1.03926175   0.09363651  -1.04570323  -0.07594055   1.55558368   0.98940380   0.23013763   1.55589673  -2.12504352
  1.03953891   0.09383937  -1.04558162  -0.07583958   1.55566113   0.98933011   0.22988278   1.55582757  -2.12539197
  1.03981354   0.09403949  -1.04546407  -0.07573968   1.55574814   0.98924240   0.22963202   1.55576564  -2.12573588
  1.04008460   0.09423689  -1.04534875  -0.07563768   1.55584155   0.98914859   0.22938121   1.55570239  -2.12607684
  1.04035149   0.09443180  -1.04523384  -0.07553451   1.55593368   0.98905960   0.22912993   1.55563386  -2.12641549
  1.04061414   0.09462444  -1.04511853  -0.07543433   1.55601607   0.98898598   0.22887879   1.55555885  -2.12675045
  1.04087282   0.09481455  -1.04500458  -0.07533698   1.55609436   0.98891586   0.22864079   1.55549220  -2.12708429
  1.04112774   0.09500175  -1.04489385  -0.07524572   1.55617065   0.98884572   0.22841344   1.55543490  -2.12741288
  1.04137912   0.09518616  -1.04478652  -0.07516451   1.55623875   0.98878775   0.22818642   1.55537554  -2.12773156
  1.04162709   0.09536760  -1.04468332  -0.07508410   1.55631404   0.98871988   0.22796797   1.55532445  -2.12804700
  1.04187185   0.09554613  -1.04458417  -0.07500294   1.55639824   0.98863983   0.22775729   1.55528143  -2.12835996
  1.04211320   0.09572187  -1.04448808  -0.07492277   1.55648523   0.98855768   0.22754653   1.55523762  -2.12866788
  1.04235074   0.09589485  -1.04439414  -0.07484370   1.55657122   0.98847935   0.22733300   1.55518891  -2.12897036
  1.04258400   0.09606491  -1.04430198  -0.07476375   1.55665729   0.98840191   0.22712176   1.55513967  -2.12926982
  1.04281258   0.09623211  -1.04421062  -0.07468487   1.55673867   0.98833085   0.22691222   1.55508878  -2.12956529
  1.04303615   0.09639629  -1.04411983  -0.07460868   1.55681415   0.98826667   0.22670376   1.55503659  -2.12985528
  1.04325437   0.09655721  -1.04402992  -0.07453509   1.55688620   0.98820561   0.22649673   1.55498460  -2.13013914
  1.04346695   0.09671468  -1.04394125  -0.07446292   1.55695776   0.98814419   0.22629209   1.55493377  -2.13041734
  1.04367366   0.09686870  -1.04385363  -0.07439105   1.55702929   0.98808296   0.22609015   1.55488305  -2.13069076
  1.04387450   0.09701941  -1.04376667  -0.07431969   1.55709880   0.98802558   0.22589086   1.55483073  -2.13095989
  1.04406957   0.09716682  -1.04368053  -0.07424652   1.55717031   0.98796522   0.22569973   1.55478269  -2.13122746
  1.04425897   0.09731110  -1.04359447  -0.07417244   1.55724209   0.98790355   0.22551455   1.55473754  -2.13149272
  1.04444300   0.09745245  -1.04350807  -0.07409996   1.55731125   0.98784436   0.22533136   1.55469232  -2.13175342
  1.04462203   0.09759099  -1.04342167  -0.07403041   1.55737746   0.98778823   0.22514906   1.55464655  -2.13200860
  1.04479646   0.09772677  -1.04333591  -0.07396388   1.55744175   0.98773406   0.22496874   1.55460133  -2.13225851
  1.04496674   0.09785985  -1.04325167  -0.07390029   1.55750518   0.98768101   0.22479190   1.55455783  -2.13250368
  1.04513326   0.09799028  -1.04316946  -0.07383934   1.55756796   0.98762929   0.22461921   1.55451627  -2.13274468
  1.04529640   0.09811814  -1.04308963  -0.07378108   1.55762987   0.98757941   0.22445051   1.55447650  -2.13298162
  1.04545651   0.09824347  -1.04301254  -0.07372564   1.55769073   0.98753159   0.22428526   1.55443837  -2.13321433
  1.04561384   0.09836632  -1.04293823  -0.07367271   1.55775047   0.98748566   0.22412301   1.55440183  -2.13344301
  1.04576850   0.09848676  -1.04286637  -0.07362174   1.55780898   0.98744115   0.22396338   1.55436700  -2.13366804
  1.04592063   0.09860487  -1.04279681  -0.07357274   1.55786624   0.98739769   0.22380615   1.55433414  -2.13388945
  1.04607027   0.09872072  -1.04272948  -0.07352571   1.55792228   0.98735516   0.22365128   1.55430329  -2.13410731
  1.04621750   0.09883436  -1.04266445  -0.07348085   1.55797717   0.98731378   0.22349878   1.55427432  -2.13432157
  1.04636233   0.09894582  -1.04260186  -0.07343826   1.55803106   0.98727376   0.22334873   1.55424701  -2.13453222
  1.04650475   0.09905514  -1.04254169  -0.07339772   1.55808403   0.98723529   0.22320117   1.55422108  -2.13473942
  1.04664469   0.09916232  -1.04248383  -0.07335904   1.55813617   0.98719837   0.22305608   1.55419641  -2.13494334
  1.04678205   0.09926739  -1.04242805  -0.07332195   1.55818750   0.98716278   0.22291339   1.55417296  -2.13514412
  1.04691665   0.09937038  -1.04237373  -0.07328592   1.55823788   0.98712824   0.22277291   1.55415071  -2.13534210
  1.04704841   0.09947131  -1.04232072  -0.07325140   1.55828725   0.98709453   0.22263453   1.55412987  -2.13553695
  1.04717728   0.09957017  -1.04226923  -0.07321872   1.55833580   0.98706167   0.22249839   1.55411050  -2.13572839
  1.04730322   0.09966695  -1.04221929  -0.07318786   1.55838358   0.98702993   0.22236461   1.55409235  -2.13591647
  1.04742621   0.09976166  -1.04217109  -0.07315893   1.55843070   0.98699947   0.22223329   1.55407534  -2.13610110
  1.04754629   0.09985425  -1.04212488  -0.07313195   1.55847729   0.98697041   0.22210446   1.55405934  -2.13628219
  1.04766347   0.09994472  -1.04208074  -0.07310663   1.55852343   0.98694279   0.22197806   1.55404420  -2.13645988
  1.04777778   0.10003305  -1.04203862  -0.07308259   1.55856908   0.98691647   0.22185400   1.55402992  -2.13663440
  1.04788917   0.10011928  -1.04199810  -0.07305929   1.55861407   0.98689119   0.22173208   1.55401652  -2.13680613
  1.04799770   0.10020344  -1.04195915  -0.07303690   1.55865832   0.98686682   0.22161220   1.55400422  -2.13697494
  1.04810346   0.10028556  -1.04192185  -0.07301553   1.55870186   0.98684332   0.22149434   1.55399307  -2.13714081
  1.04820643   0.10036568  -1.04188590  -0.07299483   1.55874460   0.98682066   0.22137832   1.55398292  -2.13730402
  1.04830663   0.10044389  -1.04185103  -0.07297480   1.55878639   0.98679885   0.22126396   1.55397371  -2.13746463
  1.04840409   0.10052023  -1.04181730  -0.07295576   1.55882735   0.98677781   0.22115125   1.55396549  -2.13762250
  1.04849887   0.10059474  -1.04178471  -0.07293775   1.55886762   0.98675759   0.22104026   1.55395820  -2.13777766
  1.04859100   0.10066745  -1.04175330  -0.07292083   1.55890728   0.98673828   0.22093110   1.55395176  -2.13793019
  1.04868052   0.10073840  -1.04172314  -0.07290502   1.55894649   0.98671988   0.22082387   1.55394617  -2.13808012
  1.04876746   0.10080761  -1.04169421  -0.07289025   1.55898528   0.98670237   0.22071853   1.55394134  -2.13822754
  1.04885185   0.10087510  -1.04166645  -0.07287642   1.55902361   0.98668578   0.22061496   1.55393721  -2.13837251
  1.04893372   0.10094089  -1.04163987  -0.07286353   1.55906146   0.98667009   0.22051310   1.55393379  -2.13851503
  1.04901313   0.10100499  -1.04161447  -0.07285152   1.55909882   0.98665529   0.22041289   1.55393107  -2.13865516
  1.04909014   0.10106742  -1.04159032  -0.07284030   1.55913572   0.98664129   0.22031430   1.55392908  -2.13879295
  1.04916479   0.10112818  -1.04156736  -0.07282963   1.55917216   0.98662803   0.22021724   1.55392781  -2.13892855
  1.04923708   0.10118730  -1.04154541  -0.07281930   1.55920805   0.98661542   0.22012157   1.55392722  -2.13906215
  1.04930703   0.10124483  -1.04152431  -0.07280918   1.55924326   0.98660344   0.22002718   1.55392731  -2.13919384
  1.04937467   0.10130081  -1.04150400  -0.07279936   1.55927777   0.98659204   0.21993399   1.55392811  -2.13932360
  1.04944002   0.10135526  -1.04148444  -0.07278995   1.55931162   0.98658123   0.21984193   1.55392958  -2.13945139
  1.04950307   0.10140824  -1.04146547  -0.07278086   1.55934480   0.98657096   0.21975100   1.55393169  -2.13957732
  1.04956384   0.10145978  -1.04144715  -0.07277233   1.55937744   0.98656123   0.21966135   1.55393452  -2.13970133
  1.04962238   0.10150990  -1.04142957  -0.07276452   1.55940961   0.98655214   0.21957307   1.55393803  -2.13982337
  1.04967872   0.10155863  -1.04141285  -0.07275755   1.55944144   0.98654378   0.21948620   1.55394213  -2.13994338
  1.04973290   0.10160596  -1.04139710  -0.07275149   1.55947304   0.98653619   0.21940073   1.55394676  -2.14006132
  1.04978499   0.10165192  -1.04138237  -0.07274621   1.55950446   0.98652930   0.21931665   1.55395188  -2.14017728
  1.04983495   0.10169651  -1.04136839  -0.07274128   1.55953562   0.98652300   0.21923380   1.55395745  -2.14029156
  1.04988279   0.10173978  -1.04135492  -0.07273655   1.55956636   0.98651715   0.21915208   1.55396355  -2.14040430
  1.04992855   0.10178176  -1.04134201  -0.07273229   1.55959661   0.98651179   0.21907143   1.55397025  -2.14051534
  1.04997229   0.10182245  -1.04132977  -0.07272858   1.55962645   0.98650698   0.21899188   1.55397754  -2.14062464
  1.05001403   0.10186188  -1.04131807  -0.07272522   1.55965586   0.98650273   0.21891338   1.55398531  -2.14073238
  1.05005382   0.10190008  -1.04130706  -0.07272248   1.55968492   0.98649904   0.21883596   1.55399363  -2.14083842
  1.05009175   0.10193707  -1.04129692  -0.07272042   1.55971377   0.98649595   0.21875970   1.55400247  -2.14094272
  1.05012784   0.10197286  -1.04128752  -0.07271878   1.55974240   0.98649344   0.21868452   1.55401171  -2.14104552
  1.05016212   0.10200749  -1.04127883  -0.07271758   1.55977080   0.98649148   0.21861035   1.55402138  -2.14114682
  1.05019466   0.10204098  -1.04127086  -0.07271682   1.55979896   0.98649005   0.21853712   1.55403147  -2.14124664
  1.05022546   0.10207336  -1.04126349  -0.07271633   1.55982684   0.98648909   0.21846475   1.55404197  -2.14134512
  1.05025457   0.10210467  -1.04125658  -0.07271606   1.55985437   0.98648855   0.21839319   1.55405289  -2.14144235
  1.05028200   0.10213494  -1.04125014  -0.07271608   1.55988156   0.98648842   0.21832239   1.55406427  -2.14153830
  1.05030779   0.10216419  -1.04124416  -0.07271643   1.55990843   0.98648869   0.21825238   1.55407610  -2.14163298
  1.05033197   0.10219245  -1.04123863  -0.07271709   1.55993498   0.98648939   0.21818316   1.55408837  -2.14172646
  1.05035455   0.10221973  -1.04123350  -0.07271806   1.55996124   0.98649052   0.21811471   1.55410104  -2.14181877
  1.05037558   0.10224606  -1.04122886  -0.07271948   1.55998727   0.98649209   0.21804705   1.55411414  -2.14190982
  1.05039508   0.10227143  -1.04122477  -0.07272138   1.56001311   0.98649414   0.21798020   1.55412761  -2.14199963
  1.05041307   0.10229588  -1.04122119  -0.07272361   1.56003878   0.98649668   0.21791415   1.55414141  -2.14208831
  1.05042955   0.10231942  -1.04121794  -0.07272605   1.56006419   0.98649964   0.21784883   1.55415554  -2.14217599
  1.05044451   0.10234208  -1.04121500  -0.07272879   1.56008936   0.98650295   0.21778420   1.55417006  -2.14226261
  1.05045800   0.10236386  -1.04121240  -0.07273192   1.56011435   0.98650655   0.21772027   1.55418501  -2.14234811
  1.05047003   0.10238478  -1.04121016  -0.07273547   1.56013919   0.98651049   0.21765706   1.55420035  -2.14243252
  1.05048065   0.10240486  -1.04120838  -0.07273957   1.56016391   0.98651484   0.21759461   1.55421608  -2.14251577
  1.05048990   0.10242411  -1.04120716  -0.07274424   1.56018858   0.98651967   0.21753295   1.55423214  -2.14259787
  1.05049784   0.10244253  -1.04120659  -0.07274946   1.56021325   0.98652502   0.21747208   1.55424849  -2.14267884
  1.05050449   0.10246013  -1.04120658  -0.07275500   1.56023788   0.98653084   0.21741192   1.55426510  -2.14275886
  1.05050986   0.10247696  -1.04120695  -0.07276068   1.56026235   0.98653706   0.21735233   1.55428194  -2.14283805
  1.05051398   0.10249303  -1.04120766  -0.07276656   1.56028664   0.98654357   0.21729323   1.55429911  -2.14291638
  1.05051689   0.10250837  -1.04120870  -0.07277268   1.56031076   0.98655035   0.21723460   1.55431664  -2.14299386
  1.05051863   0.10252299  -1.04121010  -0.07277905   1.56033473   0.98655739   0.21717646   1.55433454  -2.14307051
  1.05051922   0.10253693  -1.04121180  -0.07278559   1.56035856   0.98656470   0.21711883   1.55435278  -2.14314643
  1.05051866   0.10255021  -1.04121374  -0.07279231   1.56038223   0.98657228   0.21706168   1.55437135  -2.14322167
  1.05051700   0.10256285  -1.04121597  -0.07279937   1.56040577   0.98658018   0.21700501   1.55439026  -2.14329612
  1.05051429   0.10257485  -1.04121865  -0.07280692   1.56042928   0.98658842   0.21694887   1.55440949  -2.14336970
  1.05051055   0.10258624  -1.04122179  -0.07281487   1.56045281   0.98659705   0.21689325   1.55442897  -2.14344250
  1.05050580   0.10259701  -1.04122535  -0.07282310   1.56047633   0.98660603   0.21683816   1.55444871  -2.14351461
  1.05050007   0.10260720  -1.04122931  -0.07283159   1.56049984   0.98661531   0.21678354   1.55446872  -2.14358606
  1.05049336   0.10261679  -1.04123359  -0.07284025   1.56052328   0.98662489   0.21672930   1.55448898  -2.14365690
  1.05048566   0.10262583  -1.04123800  -0.07284889   1.56054654   0.98663468   0.21667533   1.55450949  -2.14372730
  1.05047695   0.10263434  -1.04124235  -0.07285753   1.56056953   0.98664464   0.21662159   1.55453028  -2.14379725
  1.05046727   0.10264233  -1.04124681  -0.07286653   1.56059236   0.98665476   0.21656817   1.55455149  -2.14386655
  1.05045668   0.10264980  -1.04125168  -0.07287615   1.56061521   0.98666516   0.21651524   1.55457309  -2.14393505
  1.05044525   0.10265674  -1.04125714  -0.07288636   1.56063821   0.98667596   0.21646288   1.55459495  -2.14400277
  1.05043297   0.10266316  -1.04126313  -0.07289691   1.56066133   0.98668723   0.21641103   1.55461696  -2.14406990
  1.05041986   0.10266908  -1.04126951  -0.07290761   1.56068448   0.98669887   0.21635953   1.55463908  -2.14413655
  1.05040590   0.10267451  -1.04127605  -0.07291831   1.56070752   0.98671077   0.21630823   1.55466136  -2.14420283
  1.05039110   0.10267948  -1.04128267  -0.07292907   1.56073041   0.98672280   0.21625707   1.55468391  -2.14426870
