  0.74364616   0.46151274  -1.17337812  -0.31170275   1.87206393   0.73033605   0.40422334   1.80723373  -1.54484758
  0.74370206   0.46122575  -1.17344007  -0.31153827   1.87197338   0.73039944   0.40416063   1.80713596  -1.54503723
  0.74389089   0.46059148  -1.17342935  -0.31118473   1.87170721   0.73078936   0.40388247   1.80667852  -1.54568112
  0.74427004   0.45955139  -1.17337516  -0.31078159   1.87116292   0.73146508   0.40345782   1.80591462  -1.54666324
  0.74484423   0.45810551  -1.17337371  -0.31034339   1.87033826   0.73226491   0.40299647   1.80503474  -1.54785049
  0.74558321   0.45634714  -1.17340936  -0.30983066   1.86925792   0.73330616   0.40243240   1.80398431  -1.54928961
  0.74645965   0.45438201  -1.17349711  -0.30920642   1.86804953   0.73422403   0.40188588   1.80307748  -1.55086052
  0.74743179   0.45232116  -1.17363163  -0.30832314   1.86691656   0.73460377   0.40139047   1.80263805  -1.55253504
  0.74845592   0.45028200  -1.17376083  -0.30728408   1.86581706   0.73470452   0.40087353   1.80249236  -1.55428301
  0.74956518   0.44842618  -1.17364425  -0.30601635   1.86478220   0.73496201   0.40020124   1.80223797  -1.55650665
  0.75082623   0.44680803  -1.17324719  -0.30480360   1.86364566   0.73544211   0.39941339   1.80189257  -1.55902153
  0.75227121   0.44539075  -1.17273115  -0.30380513   1.86234100   0.73599449   0.39864918   1.80165136  -1.56155226
  0.75389025   0.44412477  -1.17224253  -0.30296332   1.86099139   0.73653849   0.39792564   1.80152945  -1.56406429
  0.75564298   0.44296612  -1.17184121  -0.30220096   1.85969362   0.73703354   0.39723645   1.80149805  -1.56656948
  0.75748198   0.44188206  -1.17150750  -0.30147996   1.85843836   0.73751129   0.39655508   1.80151596  -1.56907800
  0.75936677   0.44084769  -1.17120202  -0.30078070   1.85719741   0.73800024   0.39587034   1.80155203  -1.57159612
  0.76126784   0.43984314  -1.17089916  -0.30009017   1.85596990   0.73848576   0.39518686   1.80159789  -1.57412008
  0.76316629   0.43885428  -1.17058650  -0.29940452   1.85475161   0.73896748   0.39450566   1.80164269  -1.57664352
  0.76505151   0.43787224  -1.17026147  -0.29872034   1.85354400   0.73944114   0.39382881   1.80168249  -1.57916111
  0.76691900   0.43689260  -1.16992530  -0.29803560   1.85234533   0.73990844   0.39315593   1.80171537  -1.58166997
  0.76876833   0.43591384  -1.16958048  -0.29734897   1.85115384   0.74037095   0.39248619   1.80174210  -1.58416922
  0.77060142   0.43493645  -1.16922921  -0.29666054   1.84997030   0.74082719   0.39181969   1.80176473  -1.58665882
  0.77242119   0.43396218  -1.16887262  -0.29597163   1.84879513   0.74127722   0.39115641   1.80178421  -1.58913973
  0.77423080   0.43299323  -1.16851096  -0.29528384   1.84762791   0.74172265   0.39049603   1.80180066  -1.59161365
  0.77603311   0.43203164  -1.16814441  -0.29459834   1.84646987   0.74216221   0.38983864   1.80181531  -1.59408200
  0.77783047   0.43107916  -1.16777286  -0.29391625   1.84532120   0.74259620   0.38918415   1.80182856  -1.59654612
  0.77962457   0.43013721  -1.16739590  -0.29323842   1.84418171   0.74302545   0.38853237   1.80184041  -1.59900726
  0.78141650   0.42920691  -1.16701298  -0.29256566   1.84305204   0.74344955   0.38788341   1.80185093  -1.60146613
  0.78320688   0.42828896  -1.16662373  -0.29189845   1.84193323   0.74386748   0.38723789   1.80186032  -1.60392308
  0.78499611   0.42738340  -1.16622847  -0.29123687   1.84082475   0.74427990   0.38659565   1.80186861  -1.60637830
  0.78678447   0.42648974  -1.16582818  -0.29058085   1.83972559   0.74468758   0.38595614   1.80187619  -1.60883141
  0.78857208   0.42560741  -1.16542393  -0.28993018   1.83863645   0.74508899   0.38531956   1.80188394  -1.61128177
  0.79035884   0.42473606  -1.16501606  -0.28928480   1.83755739   0.74548407   0.38468592   1.80189185  -1.61372918
  0.79214459   0.42387550  -1.16460434  -0.28864477   1.83648730   0.74587457   0.38405492   1.80189903  -1.61617386
  0.79392912   0.42302559  -1.16418863  -0.28800977   1.83542704   0.74625912   0.38342678   1.80190593  -1.61861577
  0.79571226   0.42218625  -1.16376868  -0.28737981   1.83437655   0.74663781   0.38280145   1.80191235  -1.62105492
  0.79749387   0.42135747  -1.16334421  -0.28675499   1.83333510   0.74701177   0.38217877   1.80191775  -1.62349145
  0.79927384   0.42053922  -1.16291521  -0.28613507   1.83230354   0.74737964   0.38155911   1.80192270  -1.62592525
  0.80105212   0.41973151  -1.16248163  -0.28552016   1.83128118   0.74774256   0.38094220   1.80192670  -1.62835639
  0.80282869   0.41893427  -1.16204362  -0.28491011   1.83026812   0.74810035   0.38032796   1.80192992  -1.63078483
  0.80460357   0.41814744  -1.16160134  -0.28430486   1.82926477   0.74845234   0.37971655   1.80193266  -1.63321046
  0.80637677   0.41737105  -1.16115467  -0.28370468   1.82827040   0.74879972   0.37910778   1.80193439  -1.63563329
  0.80814829   0.41660512  -1.16070369  -0.28310942   1.82728605   0.74914083   0.37850208   1.80193582  -1.63805319
  0.80991812   0.41584971  -1.16024833  -0.28251927   1.82631102   0.74947686   0.37789916   1.80193642  -1.64047020
  0.81168630   0.41510481  -1.15978868  -0.28193416   1.82534546   0.74980765   0.37729894   1.80193629  -1.64288433
  0.81345284   0.41437045  -1.15932488  -0.28135400   1.82438978   0.75013253   0.37670161   1.80193579  -1.64529549
  0.81521774   0.41364666  -1.15885679  -0.28077908   1.82344315   0.75045285   0.37610695   1.80193433  -1.64770371
  0.81698103   0.41293342  -1.15838452  -0.28020912   1.82250655   0.75076697   0.37551538   1.80193265  -1.65010894
  0.81874272   0.41223069  -1.15790803  -0.27964432   1.82157930   0.75107600   0.37492655   1.80193026  -1.65251123
  0.82050285   0.41153836  -1.15742747  -0.27908459   1.82066145   0.75137984   0.37434038   1.80192723  -1.65491055
  0.82226145   0.41085636  -1.15694303  -0.27852983   1.81975340   0.75167780   0.37375709   1.80192390  -1.65730681
  0.82401851   0.41018469  -1.15645469  -0.27798026   1.81885438   0.75197114   0.37317647   1.80191977  -1.65970003
  0.82577402   0.40952337  -1.15596250  -0.27743574   1.81796529   0.75225844   0.37259875   1.80191542  -1.66209006
  0.82752796   0.40887246  -1.15546639  -0.27689640   1.81708594   0.75254010   0.37202385   1.80191062  -1.66447691
  0.82928033   0.40823205  -1.15496621  -0.27636241   1.81621576   0.75281709   0.37145169   1.80190498  -1.66686065
  0.83103109   0.40760214  -1.15446203  -0.27583354   1.81535574   0.75308779   0.37088264   1.80189920  -1.66924118
  0.83278026   0.40698276  -1.15395381  -0.27530999   1.81450528   0.75335324   0.37031639   1.80189283  -1.67161852
  0.83452786   0.40637385  -1.15344169  -0.27479166   1.81366439   0.75361339   0.36975287   1.80188596  -1.67399264
  0.83627391   0.40577534  -1.15292586  -0.27427839   1.81283332   0.75386780   0.36919222   1.80187886  -1.67636354
  0.83801844   0.40518720  -1.15240631  -0.27377038   1.81201139   0.75411757   0.36863426   1.80187106  -1.67873124
  0.83976145   0.40460940  -1.15188317  -0.27326759   1.81119949   0.75436129   0.36807920   1.80186313  -1.68109551
  0.84150294   0.40404193  -1.15135642  -0.27277002   1.81039748   0.75459924   0.36752700   1.80185493  -1.68345639
  0.84324291   0.40348481  -1.15082597  -0.27227778   1.80960465   0.75483255   0.36697750   1.80184602  -1.68581403
  0.84498136   0.40293798  -1.15029195  -0.27179071   1.80882178   0.75505990   0.36643086   1.80183699  -1.68816826
  0.84671830   0.40240146  -1.14975436  -0.27130887   1.80804872   0.75528160   0.36588707   1.80182769  -1.69051910
  0.84845372   0.40187523  -1.14921314  -0.27083236   1.80728484   0.75549865   0.36534600   1.80181772  -1.69286666
  0.85018763   0.40135925  -1.14866845  -0.27036107   1.80653095   0.75570973   0.36480779   1.80180766  -1.69521073
  0.85192003   0.40085354  -1.14812027  -0.26989503   1.80578691   0.75591515   0.36427242   1.80179735  -1.69755135
  0.85365093   0.40035807  -1.14756855  -0.26943429   1.80505202   0.75611599   0.36373973   1.80178638  -1.69988867
  0.85538034   0.39987278  -1.14701340  -0.26897866   1.80432706   0.75631097   0.36320984   1.80177532  -1.70222261
  0.85710830   0.39939761  -1.14645485  -0.26852822   1.80361180   0.75650040   0.36268271   1.80176402  -1.70455316
  0.85883482   0.39893254  -1.14589287  -0.26808309   1.80290565   0.75668530   0.36215823   1.80175206  -1.70688042
  0.86055992   0.39847756  -1.14532761  -0.26764317   1.80220949   0.75686425   0.36163656   1.80174005  -1.70920418
  0.86228357   0.39803270  -1.14475905  -0.26720847   1.80152319   0.75703752   0.36111768   1.80172786  -1.71152447
  0.86400577   0.39759802  -1.14418707  -0.26677908   1.80084599   0.75720637   0.36060139   1.80171501  -1.71384146
  0.86572651   0.39717356  -1.14361177  -0.26635491   1.80017879   0.75736941   0.36008795   1.80170207  -1.71615498
  0.86744579   0.39675935  -1.14303313  -0.26593626   1.79952155   0.75752690   0.35957726   1.80168880  -1.71846485
  0.86916359   0.39635541  -1.14245118  -0.26552310   1.79887439   0.75767864   0.35906954   1.80167533  -1.72077104
  0.87087989   0.39596171  -1.14186597  -0.26511534   1.79823702   0.75782501   0.35856461   1.80166161  -1.72307362
  0.87259471   0.39557822  -1.14127756  -0.26471286   1.79760927   0.75796623   0.35806231   1.80164761  -1.72537263
  0.87430803   0.39520491  -1.14068608  -0.26431564   1.79699132   0.75810209   0.35756276   1.80163342  -1.72766802
  0.87601987   0.39484178  -1.14009153  -0.26392379   1.79638324   0.75823256   0.35706598   1.80161900  -1.72995971
  0.87773022   0.39448883  -1.13949391  -0.26353744   1.79578515   0.75835749   0.35657200   1.80160438  -1.73224760
  0.87943908   0.39414604  -1.13889321  -0.26315655   1.79519708   0.75847676   0.35608091   1.80158965  -1.73453169
  0.88114644   0.39381337  -1.13828946  -0.26278105   1.79461879   0.75859070   0.35559259   1.80157474  -1.73681203
  0.88285231   0.39349081  -1.13768272  -0.26241083   1.79405016   0.75869949   0.35510689   1.80155962  -1.73908870
  0.88455667   0.39317835  -1.13707306  -0.26204589   1.79349133   0.75880301   0.35462392   1.80154432  -1.74136165
  0.88625954   0.39287599  -1.13646049  -0.26168635   1.79294246   0.75890111   0.35414371   1.80152885  -1.74363080
  0.88796091   0.39258375  -1.13584501  -0.26133235   1.79240367   0.75899364   0.35366629   1.80151320  -1.74589602
  0.88966078   0.39230162  -1.13522663  -0.26098385   1.79187498   0.75908055   0.35319173   1.80149747  -1.74815731
  0.89135915   0.39202957  -1.13460537  -0.26064079   1.79135617   0.75916211   0.35271993   1.80148162  -1.75041474
  0.89305601   0.39176758  -1.13398129  -0.26030302   1.79084706   0.75923854   0.35225074   1.80146558  -1.75266839
  0.89475136   0.39151562  -1.13335444  -0.25997055   1.79034777   0.75930979   0.35178424   1.80144940  -1.75491823
  0.89644521   0.39127373  -1.13272484  -0.25964347   1.78985849   0.75937563   0.35132050   1.80143309  -1.75716417
  0.89813754   0.39104190  -1.13209248  -0.25932196   1.78937939   0.75943592   0.35085951   1.80141664  -1.75940608
  0.89982837   0.39082014  -1.13145738  -0.25900602   1.78891047   0.75949061   0.35040137   1.80140010  -1.76164395
  0.90151768   0.39060841  -1.13081955  -0.25869551   1.78845156   0.75953990   0.34994596   1.80138347  -1.76387787
  0.90320549   0.39040673  -1.13017895  -0.25839025   1.78800259   0.75958398   0.34949308   1.80136666  -1.76610804
  0.90489182   0.39021512  -1.12953562  -0.25809031   1.78756356   0.75962286   0.34904287   1.80134967  -1.76833443
  0.90657670   0.39003362  -1.12888962  -0.25779590   1.78713473   0.75965629   0.34859542   1.80133258  -1.77055685
  0.90826010   0.38986226  -1.12824097  -0.25750711   1.78671620   0.75968418   0.34815073   1.80131538  -1.77277519
  0.90994201   0.38970107  -1.12758970  -0.25722389   1.78630792   0.75970654   0.34770883   1.80129816  -1.77498942
  0.91162239   0.38955000  -1.12693582  -0.25694610   1.78590970   0.75972357   0.34726962   1.80128094  -1.77719964
  0.91330119   0.38940902  -1.12627939  -0.25667364   1.78552143   0.75973548   0.34683303   1.80126361  -1.77940585
  0.91497842   0.38927816  -1.12562044  -0.25640680   1.78514322   0.75974253   0.34639909   1.80124586  -1.78160793
  0.91665407   0.38915740  -1.12495915  -0.25614576   1.78477625   0.75974304   0.34596829   1.80122825  -1.78380550
  0.91832817   0.38904666  -1.12429553  -0.25589035   1.78442021   0.75973723   0.34554044   1.80121087  -1.78599866
  0.92000072   0.38894585  -1.12362932  -0.25564042   1.78407284   0.75972816   0.34511470   1.80119267  -1.78818795
  0.92167172   0.38885485  -1.12296073  -0.25539541   1.78373557   0.75971326   0.34469174   1.80117497  -1.79037334
  0.92334117   0.38877365  -1.12228973  -0.25515562   1.78340797   0.75969343   0.34427121   1.80115722  -1.79255473
  0.92500905   0.38870225  -1.12161636  -0.25492101   1.78309027   0.75966851   0.34385329   1.80113942  -1.79473217
  0.92667534   0.38864068  -1.12094064  -0.25469205   1.78278234   0.75963904   0.34343798   1.80112113  -1.79690539
  0.92834004   0.38858895  -1.12026281  -0.25446882   1.78248553   0.75960318   0.34302574   1.80110302  -1.79907402
  0.93000315   0.38854701  -1.11958285  -0.25425108   1.78219963   0.75956105   0.34261638   1.80108514  -1.80123821
  0.93166466   0.38851481  -1.11890045  -0.25403882   1.78192241   0.75951573   0.34220907   1.80106640  -1.80339844
  0.93332458   0.38849228  -1.11821582  -0.25383147   1.78165532   0.75946471   0.34180451   1.80104808  -1.80555469
  0.93498290   0.38847944  -1.11752892  -0.25362932   1.78139804   0.75940873   0.34140245   1.80102971  -1.80770689
  0.93663964   0.38847633  -1.11683977  -0.25343266   1.78115056   0.75934806   0.34100283   1.80101102  -1.80985489
  0.93829477   0.38848297  -1.11614849  -0.25324139   1.78091385   0.75928127   0.34060605   1.80099260  -1.81199854
  0.93994828   0.38849942  -1.11545495  -0.25305558   1.78068705   0.75920979   0.34021185   1.80097387  -1.81413800
  0.94160016   0.38852567  -1.11475918  -0.25287522   1.78047015   0.75913360   0.33982013   1.80095487  -1.81627325
  0.94325042   0.38856172  -1.11406130  -0.25270014   1.78026403   0.75905133   0.33943121   1.80093618  -1.81840417
  0.94489905   0.38860763  -1.11336119  -0.25253052   1.78006810   0.75896416   0.33904482   1.80091720  -1.82053092
  0.94654608   0.38866345  -1.11265878  -0.25236647   1.77988240   0.75887214   0.33866099   1.80089785  -1.82265347
  0.94819152   0.38872919  -1.11195419  -0.25220794   1.77970769   0.75877400   0.33828002   1.80087871  -1.82477165
  0.94983537   0.38880486  -1.11124738  -0.25205498   1.77954308   0.75867112   0.33790164   1.80085931  -1.82688557
  0.95147758   0.38889050  -1.11053845  -0.25190752   1.77938850   0.75856357   0.33752573   1.80083968  -1.82899518
  0.95311810   0.38898610  -1.10982751  -0.25176534   1.77924483   0.75845001   0.33715253   1.80082040  -1.83110037
  0.95475690   0.38909175  -1.10911443  -0.25162858   1.77911150   0.75833162   0.33678190   1.80080085  -1.83320127
  0.95639398   0.38920746  -1.10839918  -0.25149758   1.77898856   0.75820858   0.33641391   1.80078081  -1.83529770
  0.95802933   0.38933319  -1.10768202  -0.25137257   1.77887714   0.75807916   0.33604904   1.80076099  -1.83738917
  0.95966298   0.38946880  -1.10696305  -0.25125326   1.77877687   0.75794357   0.33568730   1.80074157  -1.83947580
  0.96129491   0.38961411  -1.10624217  -0.25113921   1.77868594   0.75780410   0.33532766   1.80072176  -1.84155813
  0.96292510   0.38976900  -1.10551943  -0.25102990   1.77860457   0.75766029   0.33496999   1.80070181  -1.84363642
  0.96455353   0.38993350  -1.10479480  -0.25092540   1.77853326   0.75751167   0.33461469   1.80068179  -1.84571066
  0.96618022   0.39010770  -1.10406815  -0.25082649   1.77847212   0.75735854   0.33426190   1.80066126  -1.84778047
  0.96780517   0.39029163  -1.10333968  -0.25073353   1.77842246   0.75719911   0.33391219   1.80064089  -1.84984531
  0.96942838   0.39048526  -1.10260945  -0.25064627   1.77838390   0.75703361   0.33356558   1.80062082  -1.85190531
  0.97104984   0.39068847  -1.10187733  -0.25056430   1.77835472   0.75686432   0.33322105   1.80060028  -1.85396098
  0.97266952   0.39090116  -1.10114343  -0.25048702   1.77833513   0.75669072   0.33287848   1.80057957  -1.85601258
  0.97428741   0.39112338  -1.10040770  -0.25041450   1.77832559   0.75651237   0.33253823   1.80055879  -1.85806011
  0.97590352   0.39135524  -1.09967007  -0.25034753   1.77832622   0.75632964   0.33220045   1.80053747  -1.86010318
  0.97751786   0.39159679  -1.09893071  -0.25028648   1.77833834   0.75614070   0.33186571   1.80051627  -1.86214123
  0.97913041   0.39184797  -1.09818968  -0.25023111   1.77836160   0.75594578   0.33153403   1.80049535  -1.86417440
  0.98074117   0.39210866  -1.09744686  -0.25018095   1.77839424   0.75574715   0.33120441   1.80047394  -1.86620320
  0.98235011   0.39237878  -1.09670234  -0.25013547   1.77843651   0.75554425   0.33087671   1.80045235  -1.86822788
  0.98395720   0.39265837  -1.09595608  -0.25009471   1.77848885   0.75533670   0.33055131   1.80043064  -1.87024844
  0.98556247   0.39294755  -1.09520799  -0.25005945   1.77855138   0.75512486   0.33022832   1.80040835  -1.87226450
  0.98716592   0.39324636  -1.09445826  -0.25003007   1.77862541   0.75490690   0.32990832   1.80038615  -1.87427551
  0.98876754   0.39355474  -1.09370692  -0.25000635   1.77871063   0.75468305   0.32959134   1.80036419  -1.87628160
  0.99036731   0.39387261  -1.09295385  -0.24998783   1.77880527   0.75445556   0.32927642   1.80034170  -1.87828327
  0.99196521   0.39419985  -1.09219916  -0.24997394   1.77890956   0.75422386   0.32896338   1.80031900  -1.88028077
  0.99356123   0.39453650  -1.09144282  -0.24996471   1.77902394   0.75398758   0.32865260   1.80029617  -1.88227413
  0.99515537   0.39488267  -1.09068473  -0.24996092   1.77914850   0.75374712   0.32834419   1.80027271  -1.88426295
  0.99674765   0.39523840  -1.08992508  -0.24996297   1.77928459   0.75350064   0.32803872   1.80024931  -1.88624669
  0.99833804   0.39560366  -1.08916390  -0.24997063   1.77943187   0.75324836   0.32773625   1.80022611  -1.88822547
  0.99992655   0.39597832  -1.08840107  -0.24998345   1.77958860   0.75299250   0.32743581   1.80020236  -1.89019979
  1.00151313   0.39636229  -1.08763668  -0.25000087   1.77975501   0.75273248   0.32713723   1.80017835  -1.89216991
  1.00309777   0.39675562  -1.08687071  -0.25002291   1.77993153   0.75246799   0.32684086   1.80015416  -1.89413583
  1.00468049   0.39715841  -1.08610306  -0.25005035   1.78011822   0.75219942   0.32654682   1.80012929  -1.89609719
  1.00626129   0.39757072  -1.08533391  -0.25008357   1.78031647   0.75192491   0.32625567   1.80010443  -1.89805345
  1.00784016   0.39799249  -1.08456328  -0.25012238   1.78052594   0.75164470   0.32596749   1.80007974  -1.90000470
  1.00941708   0.39842362  -1.08379107  -0.25016631   1.78074488   0.75136098   0.32568132   1.80005444  -1.90195147
  1.01099203   0.39886399  -1.08301736  -0.25021478   1.78097353   0.75107318   0.32539698   1.80002885  -1.90389399
  1.01256500   0.39931366  -1.08224216  -0.25026784   1.78121226   0.75078099   0.32511479   1.80000302  -1.90583226
  1.01413598   0.39977271  -1.08146537  -0.25032624   1.78146110   0.75048485   0.32483483   1.79997650  -1.90776589
  1.01570500   0.40024103  -1.08068715  -0.25039043   1.78172142   0.75018286   0.32455774   1.79994994  -1.90969437
  1.01727219   0.40071809  -1.07990740  -0.25046031   1.78199290   0.74987509   0.32428365   1.79992331  -1.91161798
  1.01883772   0.40120290  -1.07912613  -0.25053551   1.78227374   0.74956361   0.32401166   1.79989556  -1.91353740
  1.02040155   0.40169432  -1.07834453  -0.25061460   1.78256380   0.74924754   0.32374162   1.79986751  -1.91545275
  1.02196188   0.40219277  -1.07756379  -0.25069548   1.78286178   0.74892709   0.32347341   1.79984097  -1.91736255
  1.02351434   0.40270381  -1.07678190  -0.25078439   1.78317187   0.74860413   0.32320781   1.79981230  -1.91925999
  1.02505122   0.40324135  -1.07599559  -0.25089387   1.78352997   0.74826891   0.32295387   1.79976574  -1.92113658
  1.02656456   0.40382086  -1.07520181  -0.25103391   1.78395643   0.74791447   0.32271888   1.79969799  -1.92298069
  1.02804775   0.40446070  -1.07440712  -0.25122088   1.78450053   0.74749427   0.32251761   1.79962195  -1.92476713
  1.02948935   0.40518842  -1.07360380  -0.25147440   1.78519321   0.74701013   0.32234378   1.79951577  -1.92647945
  1.03088035   0.40603498  -1.07276791  -0.25179634   1.78603895   0.74648202   0.32219122   1.79936449  -1.92812487
  1.03222320   0.40702390  -1.07189380  -0.25219676   1.78703613   0.74588918   0.32208023   1.79920632  -1.92969149
  1.03351864   0.40817229  -1.07100197  -0.25269933   1.78818047   0.74522750   0.32201559   1.79906335  -1.93114205
  1.03475944   0.40949564  -1.07010994  -0.25329961   1.78947697   0.74449051   0.32199987   1.79895193  -1.93245730
  1.03593280   0.41100886  -1.06922377  -0.25398531   1.79093307   0.74366991   0.32203209   1.79888356  -1.93362632
  1.03702307   0.41272450  -1.06834725  -0.25475345   1.79256407   0.74275122   0.32211913   1.79886796  -1.93463133
  1.03801603   0.41465592  -1.06747726  -0.25562823   1.79436581   0.74176808   0.32225440   1.79887873  -1.93544809
  1.03890583   0.41681041  -1.06660117  -0.25658640   1.79634916   0.74069866   0.32244347   1.79893075  -1.93609245
  1.03968976   0.41919346  -1.06571662  -0.25765609   1.79849937   0.73958507   0.32267227   1.79899226  -1.93654839
  1.04036853   0.42180043  -1.06482462  -0.25879368   1.80082425   0.73838728   0.32297322   1.79910759  -1.93684231
  1.04094625   0.42462481  -1.06392545  -0.26001362   1.80330509   0.73711509   0.32329653   1.79926089  -1.93696112
  1.04142981   0.42765424  -1.06303145  -0.26128263   1.80595944   0.73570437   0.32370158   1.79951765  -1.93692088
  1.04183129   0.43087562  -1.06215409  -0.26259196   1.80879175   0.73413264   0.32418845   1.79989134  -1.93672918
  1.04215805   0.43428852  -1.06127368  -0.26396793   1.81177328   0.73250958   0.32466188   1.80026273  -1.93640552
  1.04240798   0.43789154  -1.06038980  -0.26550449   1.81486451   0.73094115   0.32512250   1.80055834  -1.93589789
  1.04255172   0.44165949  -1.05955392  -0.26720009   1.81811358   0.72927727   0.32574604   1.80093747  -1.93512841
  1.04255365   0.44559029  -1.05874167  -0.26904740   1.82151322   0.72765205   0.32635826   1.80121057  -1.93411184
  1.04241207   0.44967961  -1.05788797  -0.27093822   1.82507823   0.72603658   0.32699408   1.80139696  -1.93297359
  1.04214772   0.45389640  -1.05698608  -0.27281787   1.82883204   0.72424674   0.32773973   1.80166493  -1.93174091
  1.04178523   0.45819622  -1.05612253  -0.27477292   1.83276660   0.72223811   0.32865195   1.80207125  -1.93030813
  1.04128972   0.46255179  -1.05535520  -0.27688425   1.83687335   0.72013047   0.32966431   1.80247794  -1.92857527
  1.04064138   0.46698521  -1.05456359  -0.27902117   1.84116471   0.71804371   0.33062825   1.80270561  -1.92673436
  1.03986571   0.47150406  -1.05368485  -0.28123054   1.84559730   0.71602301   0.33159895   1.80275407  -1.92482059
  1.03898674   0.47609350  -1.05271596  -0.28351209   1.85018188   0.71399200   0.33260903   1.80268684  -1.92284376
  1.03803245   0.48073969  -1.05167642  -0.28586211   1.85493558   0.71192526   0.33365516   1.80250811  -1.92082134
  1.03702881   0.48543079  -1.05058382  -0.28827385   1.85986003   0.70980709   0.33470943   1.80221955  -1.91876819
  1.03599588   0.49015292  -1.04944984  -0.29072561   1.86491073   0.70762583   0.33579042   1.80187774  -1.91669862
  1.03494476   0.49489315  -1.04828559  -0.29320840   1.87001452   0.70543431   0.33689368   1.80149673  -1.91461862
  1.03388567   0.49964372  -1.04709465  -0.29570046   1.87512852   0.70326014   0.33799433   1.80108165  -1.91254755
  1.03282651   0.50440052  -1.04588355  -0.29818751   1.88024962   0.70108518   0.33909436   1.80065442  -1.91049387
  1.03177187   0.50916263  -1.04465543  -0.30067509   1.88536522   0.69892145   0.34018752   1.80021295  -1.90845520
  1.03072313   0.51393067  -1.04341289  -0.30316365   1.89048279   0.69675844   0.34127750   1.79976233  -1.90642995
  1.02967959   0.51870556  -1.04215759  -0.30565005   1.89561114   0.69458683   0.34237253   1.79930739  -1.90441911
  1.02863955   0.52348844  -1.04088726  -0.30813584   1.90074213   0.69242338   0.34346363   1.79883708  -1.90242335
  1.02760126   0.52827936  -1.03960206  -0.31061918   1.90587908   0.69026172   0.34455345   1.79835560  -1.90044144
  1.02656329   0.53307817  -1.03830165  -0.31310301   1.91101782   0.68810642   0.34563977   1.79786127  -1.89846986
  1.02552447   0.53788428  -1.03698693  -0.31558683   1.91616152   0.68595042   0.34672615   1.79735892  -1.89650627
  1.02448357   0.54269769  -1.03565784  -0.31806917   1.92131318   0.68379141   0.34781427   1.79684887  -1.89455104
  1.02343952   0.54751863  -1.03431284  -0.32054918   1.92647047   0.68163583   0.34890064   1.79632619  -1.89260597
  1.02239158   0.55234724  -1.03295135  -0.32302536   1.93163538   0.67948227   0.34998551   1.79579079  -1.89067212
  1.02133953   0.55718341  -1.03157329  -0.32549806   1.93680695   0.67733179   0.35106857   1.79524245  -1.88874911
  1.02028340   0.56202705  -1.03017925  -0.32796846   1.94198616   0.67518171   0.35215089   1.79468307  -1.88683515
  1.01922331   0.56687809  -1.02876946  -0.33043737   1.94717202   0.67303287   0.35323248   1.79411281  -1.88492951
  1.01815929   0.57173669  -1.02734375  -0.33290469   1.95236507   0.67088457   0.35431344   1.79353198  -1.88303238
  1.01709134   0.57660286  -1.02590191  -0.33536953   1.95756569   0.66873674   0.35539358   1.79294048  -1.88114470
  1.01601945   0.58147675  -1.02444372  -0.33783138   1.96277451   0.66659032   0.35647200   1.79233687  -1.87926750
  1.01494363   0.58635830  -1.02296922  -0.34028975   1.96799180   0.66444544   0.35754866   1.79172097  -1.87740134
  1.01386398   0.59124739  -1.02147855  -0.34274488   1.97321762   0.66230177   0.35862349   1.79109304  -1.87554597
  1.01278064   0.59614380  -1.01997199  -0.34519682   1.97845167   0.66015927   0.35969654   1.79045348  -1.87370122
  1.01169366   0.60104765  -1.01844979  -0.34764602   1.98369495   0.65801665   0.36076803   1.78980275  -1.87186653
  1.01060310   0.60595902  -1.01691214  -0.35009284   1.98894705   0.65587444   0.36183793   1.78914089  -1.87004158
  1.00950902   0.61087796  -1.01535943  -0.35253744   1.99420822   0.65373227   0.36290652   1.78846826  -1.86822601
  1.00841144   0.61580449  -1.01379177  -0.35497964   1.99947857   0.65159015   0.36397377   1.78778494  -1.86641997
  1.00731022   0.62073909  -1.01220878  -0.35741965   2.00475964   0.64944699   0.36503939   1.78709066  -1.86462345
  1.00620533   0.62568209  -1.01061014  -0.35985779   2.01005142   0.64730301   0.36610351   1.78638545  -1.86283637
  1.00509675   0.63063378  -1.00899585  -0.36229462   2.01535396   0.64515803   0.36716656   1.78566965  -1.86105821
  1.00398442   0.63559432  -1.00736597  -0.36472947   2.02066751   0.64301233   0.36822837   1.78494313  -1.85928957
  1.00286821   0.64056405  -1.00572033  -0.36716143   2.02599325   0.64086602   0.36928791   1.78420486  -1.85753148
  1.00174812   0.64554301  -1.00405876  -0.36959066   2.03133069   0.63871934   0.37034520   1.78345514  -1.85578384
  1.00062428   0.65053132  -1.00238124  -0.37201868   2.03668032   0.63657001   0.37140181   1.78269587  -1.85404498
  0.99949661   0.65552931  -1.00068756  -0.37444584   2.04204289   0.63441773   0.37245796   1.78192686  -1.85231479
  0.99836497   0.66053688  -0.99897760  -0.37687059   2.04741756   0.63226580   0.37351145   1.78114562  -1.85059521
  0.99722938   0.66555355  -0.99725169  -0.37929184   2.05280484   0.63011321   0.37456155   1.78035260  -1.84888680
  0.99609018   0.67057890  -0.99550824  -0.38171295   2.05819988   0.62796331   0.37560452   1.77954679  -1.84718729
  0.99494777   0.67561383  -0.99374197  -0.38414281   2.06359801   0.62581735   0.37663230   1.77872628  -1.84549078
  0.99380280   0.68065903  -0.99194964  -0.38658508   2.06899706   0.62367674   0.37764572   1.77789081  -1.84379654
  0.99265581   0.68571503  -0.99012747  -0.38904355   2.07439393   0.62154428   0.37864024   1.77703798  -1.84210355
  0.99150726   0.69078392  -0.98826674  -0.39152952   2.07978374   0.61942356   0.37960290   1.77616181  -1.84040608
  0.99035816   0.69586752  -0.98636106  -0.39405056   2.08516687   0.61731216   0.38053307   1.77526174  -1.83870144
  0.98920749   0.70096624  -0.98440552  -0.39661175   2.09053543   0.61521498   0.38142670   1.77433724  -1.83698551
  0.98805062   0.70607918  -0.98239503  -0.39919990   2.09589399   0.61311795   0.38228334   1.77339888  -1.83526398
  0.98688335   0.71120360  -0.98032974  -0.40182150   2.10121423   0.61106906   0.38309518   1.77242357  -1.83353413
  0.98569023   0.71633204  -0.97822447  -0.40444667   2.10652715   0.60902659   0.38389854   1.77143800  -1.83179678
  0.98447101   0.72146860  -0.97606902  -0.40703162   2.11191274   0.60688029   0.38468391   1.77047956  -1.83008094
  0.98323611   0.72661836  -0.97383725  -0.40956905   2.11734822   0.60465804   0.38542729   1.76953715  -1.82841789
  0.98199252   0.73178201  -0.97152850  -0.41208139   2.12278702   0.60244287   0.38613536   1.76857403  -1.82681069
  0.98073826   0.73695446  -0.96914968  -0.41461019   2.12815596   0.60033824   0.38678942   1.76754520  -1.82522875
  0.97945267   0.74212670  -0.96671873  -0.41716820   2.13349274   0.59825580   0.38740777   1.76649664  -1.82361291
  0.97813294   0.74730094  -0.96423186  -0.41970704   2.13885766   0.59610821   0.38800890   1.76547208  -1.82199393
  0.97679267   0.75248362  -0.96167560  -0.42226116   2.14422075   0.59395413   0.38855352   1.76442668  -1.82037022
  0.97544137   0.75767655  -0.95904886  -0.42483638   2.14957667   0.59179629   0.38904040   1.76336192  -1.81874507
  0.97407230   0.76288140  -0.95634541  -0.42738679   2.15494566   0.58963134   0.38945382   1.76227198  -1.81715840
  0.97267844   0.76810022  -0.95355319  -0.42989184   2.16033702   0.58744969   0.38982368   1.76116989  -1.81563021
  0.97126877   0.77333512  -0.95065949  -0.43237066   2.16574648   0.58523354   0.39013196   1.76006469  -1.81414957
  0.96985735   0.77858146  -0.94767637  -0.43487805   2.17114505   0.58298770   0.39039042   1.75896516  -1.81266883
  0.96843283   0.78383580  -0.94460909  -0.43737104   2.17654768   0.58071518   0.39058111   1.75786291  -1.81121497
  0.96700004   0.78909932  -0.94145434  -0.43982600   2.18195325   0.57842093   0.39070300   1.75676173  -1.80981541
  0.96556270   0.79437589  -0.93820109  -0.44228964   2.18732740   0.57616913   0.39072560   1.75561362  -1.80844785
  0.96412972   0.79965757  -0.93486399  -0.44475611   2.19268377   0.57391626   0.39067599   1.75445278  -1.80710948
  0.96268906   0.80492901  -0.93146602  -0.44716945   2.19803746   0.57161944   0.39055902   1.75331879  -1.80581387
  0.96122765   0.81017474  -0.92800372  -0.44950345   2.20335756   0.56927125   0.39036840   1.75224371  -1.80455912
  0.95974472   0.81538014  -0.92447996  -0.45182095   2.20861159   0.56691429   0.39007602   1.75118493  -1.80329233
  0.95823464   0.82052092  -0.92090175  -0.45409695   2.21374948   0.56464777   0.38965671   1.75008711  -1.80204571
  0.95670294   0.82556033  -0.91729528  -0.45630607   2.21873726   0.56243907   0.38915566   1.74901322  -1.80081678
  0.95516277   0.83046546  -0.91367651  -0.45843922   2.22355541   0.56024713   0.38856790   1.74800397  -1.79959883
  0.95362416   0.83521095  -0.91005819  -0.46053770   2.22814670   0.55815807   0.38786234   1.74700079  -1.79837147
  0.95208970   0.83977122  -0.90646049  -0.46260658   2.23249371   0.55620055   0.38703061   1.74597894  -1.79712931
  0.95057397   0.84411422  -0.90290375  -0.46466723   2.23658494   0.55436598   0.38610874   1.74494337  -1.79585947
  0.94906254   0.84820161  -0.89943810  -0.46668984   2.24044523   0.55258162   0.38512192   1.74394005  -1.79453562
  0.94754499   0.85200840  -0.89608877  -0.46862376   2.24408963   0.55086751   0.38406819   1.74294230  -1.79319495
  0.94602314   0.85551588  -0.89285226  -0.47046558   2.24750013   0.54926480   0.38295789   1.74192016  -1.79185903
  0.94449903   0.85870315  -0.88973317  -0.47225652   2.25064318   0.54777013   0.38178976   1.74088228  -1.79048196
  0.94299030   0.86156019  -0.88672944  -0.47403012   2.25345452   0.54658583   0.38052772   1.73967711  -1.78910500
  0.94154757   0.86407630  -0.88382541  -0.47588068   2.25588584   0.54575445   0.37915068   1.73826575  -1.78770378
  0.94019840   0.86624363  -0.88104025  -0.47778112   2.25799889   0.54513557   0.37770346   1.73673721  -1.78629513
  0.93889522   0.86805376  -0.87843450  -0.47978067   2.25984389   0.54451874   0.37631928   1.73525978  -1.78471191
  0.93758059   0.86952388  -0.87600029  -0.48180005   2.26140456   0.54400388   0.37490653   1.73377035  -1.78298720
  0.93623247   0.87068127  -0.87370419  -0.48370277   2.26272386   0.54356186   0.37343981   1.73230233  -1.78123406
  0.93484751   0.87155691  -0.87151007  -0.48551361   2.26378698   0.54321753   0.37190498   1.73084702  -1.77944528
  0.93343255   0.87218399  -0.86940229  -0.48737861   2.26449676   0.54316712   0.37031957   1.72928935  -1.77754434
  0.93197278   0.87259295  -0.86736963  -0.48920167   2.26492572   0.54334203   0.36864677   1.72766356  -1.77559664
  0.93048537   0.87282012  -0.86540389  -0.49090933   2.26514950   0.54359823   0.36694096   1.72608648  -1.77366297
  0.92899734   0.87290736  -0.86349816  -0.49257814   2.26514664   0.54394924   0.36520006   1.72456579  -1.77169709
  0.92751055   0.87288981  -0.86167091  -0.49429118   2.26486691   0.54446235   0.36347575   1.72309697  -1.76962571
  0.92598458   0.87278834  -0.85996824  -0.49595080   2.26440474   0.54488836   0.36183957   1.72188977  -1.76741633
  0.92440346   0.87264514  -0.85837726  -0.49746966   2.26380991   0.54525467   0.36022030   1.72090784  -1.76514699
  0.92277394   0.87249679  -0.85686452  -0.49894193   2.26300529   0.54577039   0.35858075   1.72000906  -1.76279880
  0.92110418   0.87236265  -0.85540498  -0.50032711   2.26201583   0.54644263   0.35692969   1.71918406  -1.76043906
  0.91941305   0.87224589  -0.85398053  -0.50158469   2.26089156   0.54714151   0.35526440   1.71851625  -1.75810252
  0.91772108   0.87214852  -0.85258717  -0.50275511   2.25965886   0.54784486   0.35360505   1.71799406  -1.75578172
  0.91603352   0.87207311  -0.85122013  -0.50389766   2.25833117   0.54862813   0.35193885   1.71751588  -1.75346328
  0.91434126   0.87201997  -0.84987545  -0.50501333   2.25700039   0.54944237   0.35024735   1.71703754  -1.75115212
  0.91263399   0.87198333  -0.84854343  -0.50610319   2.25570026   0.55025310   0.34856596   1.71656027  -1.74884880
  0.91091825   0.87196037  -0.84720517  -0.50718595   2.25440901   0.55108398   0.34688787   1.71606950  -1.74655473
  0.90920295   0.87194756  -0.84586227  -0.50826304   2.25314625   0.55189253   0.34522330   1.71558600  -1.74427075
  0.90749294   0.87194184  -0.84452069  -0.50932316   2.25192588   0.55265701   0.34357215   1.71511959  -1.74200591
  0.90579159   0.87194158  -0.84318149  -0.51037480   2.25072017   0.55342082   0.34193256   1.71465201  -1.73976113
  0.90409770   0.87194444  -0.84184594  -0.51144754   2.24949605   0.55422177   0.34029481   1.71416757  -1.73750937
  0.90239648   0.87194616  -0.84052902  -0.51253796   2.24828973   0.55500238   0.33868465   1.71369242  -1.73522752
  0.90068523   0.87194971  -0.83922092  -0.51361860   2.24710356   0.55577111   0.33708541   1.71322090  -1.73294292
  0.89896142   0.87195593  -0.83791880  -0.51467125   2.24595514   0.55649573   0.33550098   1.71277215  -1.73066597
  0.89722986   0.87196952  -0.83661496  -0.51568935   2.24485792   0.55716760   0.33392233   1.71234300  -1.72841098
  0.89550131   0.87199317  -0.83530444  -0.51669966   2.24377577   0.55784256   0.33235050   1.71190799  -1.72617473
  0.89378509   0.87202542  -0.83399168  -0.51774346   2.24265952   0.55858103   0.33079260   1.71144628  -1.72393328
  0.89208333   0.87206514  -0.83269231  -0.51880709   2.24156171   0.55929790   0.32925176   1.71099583  -1.72168123
  0.89039767   0.87211186  -0.83141269  -0.51987737   2.24049504   0.55997360   0.32773336   1.71056878  -1.71942667
  0.88871711   0.87216533  -0.83014075  -0.52095710   2.23940353   0.56071672   0.32620359   1.71010675  -1.71717538
  0.88701288   0.87221789  -0.82888632  -0.52204916   2.23831382   0.56147668   0.32469387   1.70963399  -1.71488877
  0.88527610   0.87227039  -0.82764405  -0.52311881   2.23727667   0.56217520   0.32321031   1.70918592  -1.71258285
  0.88352071   0.87232903  -0.82639412  -0.52415153   2.23627333   0.56284742   0.32173053   1.70874641  -1.71029637
  0.88176834   0.87239705  -0.82513647  -0.52516875   2.23530096   0.56348305   0.32026959   1.70832593  -1.70802988
  0.88002753   0.87247532  -0.82387356  -0.52618368   2.23433189   0.56413594   0.31880235   1.70789374  -1.70578342
  0.87830125   0.87256367  -0.82261213  -0.52720329   2.23336271   0.56481147   0.31733856   1.70744903  -1.70355216
  0.87658940   0.87266171  -0.82135840  -0.52822738   2.23241264   0.56547279   0.31588744   1.70701112  -1.70132835
  0.87488755   0.87276830  -0.82011394  -0.52925458   2.23148062   0.56612149   0.31444811   1.70657947  -1.69910810
  0.87318365   0.87288091  -0.81888215  -0.53027191   2.23058809   0.56672524   0.31302790   1.70616809  -1.69688685
  0.87147604   0.87300073  -0.81765461  -0.53126688   2.22973246   0.56728731   0.31162170   1.70577744  -1.69467787
  0.86977259   0.87312755  -0.81643103  -0.53228719   2.22886635   0.56786724   0.31024612   1.70538522  -1.69245435
  0.86807433   0.87326119  -0.81521581  -0.53332309   2.22801637   0.56842819   0.30887395   1.70500126  -1.69021566
  0.86637215   0.87340030  -0.81400743  -0.53433047   2.22718524   0.56898625   0.30750332   1.70461786  -1.68799781
  0.86466220   0.87354479  -0.81279629  -0.53533700   2.22632499   0.56962273   0.30612032   1.70419186  -1.68578653
  0.86292643   0.87368792  -0.81159792  -0.53636224   2.22547206   0.57026563   0.30476247   1.70375637  -1.68353395
  0.86116296   0.87383060  -0.81040991  -0.53737050   2.22466858   0.57084548   0.30343182   1.70334667  -1.68126226
  0.85938617   0.87397878  -0.80921761  -0.53835766   2.22389308   0.57140173   0.30211148   1.70294436  -1.67899962
  0.85761023   0.87413619  -0.80801419  -0.53933448   2.22311341   0.57199002   0.30078360   1.70252266  -1.67675835
  0.85584494   0.87430400  -0.80681118  -0.54030611   2.22236421   0.57254668   0.29946991   1.70211405  -1.67453157
  0.85409570   0.87448167  -0.80561689  -0.54128821   2.22164133   0.57306902   0.29817777   1.70172371  -1.67230544
  0.85236173   0.87466977  -0.80442564  -0.54227649   2.22090871   0.57363024   0.29687797   1.70131307  -1.67009261
  0.85064089   0.87486867  -0.80324093  -0.54325695   2.22020231   0.57417243   0.29558573   1.70090945  -1.66789684
  0.84893113   0.87507787  -0.80206027  -0.54423441   2.21951248   0.57470704   0.29430054   1.70050882  -1.66571380
  0.84722956   0.87529662  -0.80088585  -0.54520580   2.21885290   0.57521109   0.29302825   1.70012157  -1.66354039
  0.84553365   0.87552400  -0.79971539  -0.54617535   2.21820696   0.57571132   0.29176416   1.69973519  -1.66137408
  0.84384152   0.87575914  -0.79854656  -0.54714955   2.21755906   0.57623052   0.29050456   1.69933964  -1.65921036
  0.84215127   0.87600159  -0.79738271  -0.54812340   2.21693027   0.57673400   0.28925800   1.69895059  -1.65704720
  0.84046230   0.87625101  -0.79622448  -0.54909561   2.21632409   0.57721652   0.28802538   1.69857006  -1.65488446
  0.83877718   0.87650714  -0.79507439  -0.55007161   2.21574719   0.57766104   0.28681460   1.69820776  -1.65271690
  0.83709212   0.87676958  -0.79393013  -0.55105087   2.21518205   0.57810251   0.28561501   1.69784531  -1.65054590
  0.83539735   0.87703756  -0.79278896  -0.55201591   2.21463591   0.57854011   0.28441521   1.69747872  -1.64837859
  0.83369313   0.87731161  -0.79164446  -0.55296915   2.21408769   0.57900686   0.28321650   1.69709443  -1.64622035
  0.83198120   0.87759159  -0.79050090  -0.55391059   2.21356612   0.57944795   0.28203164   1.69671956  -1.64406505
  0.83026461   0.87787703  -0.78935674  -0.55485281   2.21304508   0.57990266   0.28085338   1.69633696  -1.64190828
  0.82854222   0.87816718  -0.78821885  -0.55579074   2.21255122   0.58032823   0.27969156   1.69596558  -1.63974659
  0.82681699   0.87846301  -0.78708274  -0.55672713   2.21206178   0.58076385   0.27853604   1.69558745  -1.63758588
  0.82509106   0.87876547  -0.78594991  -0.55765914   2.21159148   0.58118460   0.27739175   1.69521442  -1.63542769
  0.82336206   0.87907439  -0.78482250  -0.55858280   2.21115440   0.58156874   0.27626256   1.69485562  -1.63327036
  0.82163628   0.87939057  -0.78369488  -0.55950784   2.21071797   0.58196628   0.27513877   1.69448995  -1.63111808
  0.81992877   0.87971518  -0.78256916  -0.56043358   2.21029140   0.58235622   0.27402286   1.69413027  -1.62898218
  0.81823769   0.88004904  -0.78145206  -0.56137665   2.20987932   0.58273512   0.27292525   1.69377473  -1.62684442
  0.81655149   0.88039226  -0.78034130  -0.56232329   2.20948090   0.58311755   0.27182975   1.69341200  -1.62470755
  0.81485586   0.88074235  -0.77923669  -0.56326194   2.20910495   0.58348826   0.27074405   1.69304993  -1.62256742
  0.81314946   0.88109951  -0.77813119  -0.56418858   2.20874104   0.58385952   0.26966425   1.69268541  -1.62042997
  0.81143586   0.88146408  -0.77702324  -0.56510665   2.20838865   0.58422842   0.26859188   1.69232062  -1.61829593
  0.80972046   0.88183582  -0.77591570  -0.56601976   2.20805393   0.58458263   0.26753034   1.69196141  -1.61616484
  0.80801263   0.88221450  -0.77481195  -0.56692963   2.20774037   0.58491269   0.26648086   1.69161395  -1.61404132
  0.80631455   0.88260100  -0.77370919  -0.56784348   2.20742734   0.58526078   0.26543264   1.69125489  -1.61192661
  0.80463419   0.88299669  -0.77260880  -0.56875401   2.20714011   0.58558320   0.26439213   1.69090525  -1.60983017
  0.80296920   0.88340049  -0.77151752  -0.56967670   2.20687489   0.58587502   0.26336742   1.69057163  -1.60773153
  0.80131231   0.88381350  -0.77042857  -0.57060529   2.20660047   0.58620655   0.26234240   1.69021580  -1.60564023
  0.79966894   0.88423768  -0.76933705  -0.57151793   2.20634626   0.58653257   0.26131652   1.68985779  -1.60357885
  0.79803200   0.88467138  -0.76824956  -0.57243096   2.20612243   0.58682215   0.26030541   1.68951550  -1.60151971
  0.79639051   0.88511329  -0.76716853  -0.57334203   2.20592741   0.58708087   0.25930967   1.68918566  -1.59945393
  0.79473754   0.88556252  -0.76608959  -0.57424833   2.20573894   0.58735157   0.25832066   1.68884680  -1.59738362
  0.79307050   0.88601785  -0.76501161  -0.57515227   2.20555534   0.58763060   0.25734051   1.68850234  -1.59530390
  0.79138957   0.88647831  -0.76393559  -0.57605352   2.20538556   0.58789909   0.25637393   1.68816166  -1.59321305
  0.78969748   0.88694338  -0.76286277  -0.57695321   2.20523697   0.58814304   0.25542397   1.68783096  -1.59111103
  0.78799532   0.88741307  -0.76178907  -0.57784824   2.20508774   0.58840688   0.25447648   1.68748729  -1.58900735
  0.78628444   0.88788768  -0.76071744  -0.57872890   2.20496493   0.58864557   0.25353859   1.68715163  -1.58690673
  0.78456740   0.88836705  -0.75964510  -0.57960486   2.20484786   0.58888814   0.25260674   1.68681242  -1.58480636
  0.78284612   0.88885124  -0.75857304  -0.58047888   2.20473716   0.58913241   0.25168158   1.68647087  -1.58270491
  0.78112191   0.88934060  -0.75750265  -0.58134966   2.20463929   0.58936907   0.25076462   1.68613071  -1.58060347
  0.77939570   0.88983559  -0.75643359  -0.58221745   2.20455337   0.58960079   0.24985456   1.68579032  -1.57850311
  0.77766817   0.89033666  -0.75536601  -0.58308140   2.20448327   0.58982175   0.24895264   1.68545211  -1.57640478
  0.77593940   0.89084414  -0.75430017  -0.58393682   2.20443585   0.59002130   0.24805989   1.68512114  -1.57431170
  0.77420913   0.89135822  -0.75323673  -0.58477768   2.20442452   0.59017506   0.24717837   1.68480978  -1.57222609
  0.77248024   0.89187762  -0.75217885  -0.58563286   2.20442845   0.59030305   0.24631463   1.68451233  -1.57012499
  0.77075324   0.89240220  -0.75112848  -0.58650628   2.20443731   0.59042788   0.24546625   1.68421650  -1.56800710
  0.76902540   0.89293315  -0.75007388  -0.58737430   2.20442098   0.59061967   0.24459969   1.68388562  -1.56590073
  0.76729986   0.89347139  -0.74901903  -0.58822516   2.20443368   0.59078134   0.24374018   1.68356598  -1.56381074
  0.76557706   0.89401587  -0.74796733  -0.58907623   2.20447336   0.59090356   0.24289593   1.68326509  -1.56171926
  0.76385354   0.89456662  -0.74691045  -0.58992423   2.20449429   0.59107765   0.24204250   1.68293658  -1.55963727
  0.76212780   0.89512343  -0.74585264  -0.59076282   2.20452987   0.59124363   0.24119340   1.68260906  -1.55756232
  0.76039956   0.89568582  -0.74479459  -0.59159727   2.20458013   0.59139682   0.24035136   1.68228571  -1.55548854
  0.75867004   0.89625363  -0.74373574  -0.59243191   2.20463652   0.59155089   0.23951528   1.68196019  -1.55341476
  0.75694381   0.89682710  -0.74268030  -0.59326751   2.20471903   0.59166905   0.23869528   1.68165013  -1.55134023
  0.75522011   0.89740582  -0.74163092  -0.59411340   2.20481593   0.59176956   0.23789293   1.68134768  -1.54925646
  0.75349444   0.89799056  -0.74057874  -0.59495823   2.20489751   0.59191494   0.23707817   1.68102139  -1.54717620
  0.75176441   0.89858210  -0.73952594  -0.59578598   2.20500339   0.59203976   0.23626583   1.68070115  -1.54510618
  0.75002926   0.89918141  -0.73846441  -0.59660556   2.20511993   0.59216034   0.23544724   1.68038027  -1.54304123
  0.74828662   0.89979247  -0.73737925  -0.59742377   2.20525055   0.59226416   0.23460392   1.68006389  -1.54097504
  0.74653401   0.90041911  -0.73625770  -0.59824645   2.20538236   0.59237369   0.23373657   1.67973952  -1.53890889
  0.74476906   0.90106341  -0.73509521  -0.59907080   2.20552192   0.59247930   0.23284529   1.67941065  -1.53684426
  0.74299026   0.90172591  -0.73389093  -0.59989357   2.20567235   0.59257738   0.23193082   1.67907865  -1.53478279
  0.74119721   0.90240620  -0.73264560  -0.60071400   2.20583460   0.59266600   0.23099419   1.67874458  -1.53272433
  0.73939272   0.90310263  -0.73136288  -0.60153284   2.20601105   0.59273508   0.23003890   1.67841583  -1.53066809
  0.73758558   0.90381197  -0.73004995  -0.60235184   2.20619715   0.59278031   0.22906475   1.67810084  -1.52861574
  0.73577527   0.90453270  -0.72871222  -0.60317461   2.20637820   0.59285219   0.22806360   1.67776522  -1.52656767
  0.73396002   0.90526117  -0.72736711  -0.60399037   2.20659113   0.59289645   0.22705924   1.67743146  -1.52452280
  0.73213975   0.90599357  -0.72602030  -0.60479817   2.20681641   0.59293961   0.22605389   1.67709221  -1.52248140
  0.73031522   0.90672802  -0.72467644  -0.60559821   2.20705393   0.59297469   0.22505634   1.67675437  -1.52044184
  0.72848735   0.90746414  -0.72333600  -0.60639412   2.20729816   0.59300758   0.22406641   1.67641663  -1.51840168
  0.72665751   0.90820256  -0.72200014  -0.60718767   2.20755627   0.59302544   0.22308688   1.67608482  -1.51635921
  0.72482855   0.90894410  -0.72067085  -0.60798355   2.20783750   0.59301094   0.22212324   1.67576688  -1.51431111
  0.72300002   0.90968964  -0.71934403  -0.60878061   2.20811777   0.59301173   0.22116790   1.67543943  -1.51226399
  0.72117049   0.91044012  -0.71801739  -0.60957163   2.20840179   0.59302224   0.22021035   1.67510529  -1.51022170
  0.71933961   0.91119594  -0.71669175  -0.61035442   2.20869898   0.59302567   0.21925758   1.67477239  -1.50818488
  0.71750760   0.91195701  -0.71536682  -0.61113265   2.20900610   0.59302504   0.21831096   1.67443985  -1.50615093
  0.71567468   0.91272310  -0.71404317  -0.61190795   2.20932361   0.59301851   0.21737103   1.67410869  -1.50411814
  0.71384104   0.91349401  -0.71272109  -0.61268072   2.20965079   0.59300727   0.21643733   1.67377829  -1.50208624
  0.71200672   0.91426973  -0.71140018  -0.61345081   2.20998770   0.59299106   0.21550886   1.67344877  -1.50005538
  0.71017092   0.91505162  -0.71007476  -0.61421913   2.21033401   0.59296878   0.21457668   1.67312071  -1.49802486
  0.70833065   0.91584429  -0.70872817  -0.61498685   2.21069073   0.59293570   0.21361998   1.67279570  -1.49599420
  0.70648240   0.91665223  -0.70734867  -0.61574983   2.21106623   0.59287985   0.21264103   1.67247679  -1.49396890
  0.70462276   0.91747757  -0.70592818  -0.61650916   2.21145009   0.59281932   0.21163812   1.67215478  -1.49194996
  0.70274732   0.91832044  -0.70446632  -0.61725851   2.21185540   0.59273272   0.21061505   1.67183896  -1.48993763
  0.70085674   0.91918033  -0.70296025  -0.61800410   2.21225907   0.59265882   0.20956502   1.67151154  -1.48793077
  0.69895370   0.92005578  -0.70141450  -0.61875234   2.21266371   0.59258871   0.20849340   1.67117762  -1.48592376
  0.69704077   0.92094444  -0.69983714  -0.61950151   2.21308118   0.59250200   0.20740204   1.67084731  -1.48391513
  0.69511992   0.92184251  -0.69823762  -0.62025073   2.21350328   0.59241754   0.20629337   1.67051113  -1.48190573
  0.69319068   0.92274516  -0.69663248  -0.62099382   2.21395018   0.59230618   0.20518221   1.67018122  -1.47989325
  0.69125796   0.92364985  -0.69502770  -0.62173070   2.21440852   0.59219042   0.20407078   1.66984893  -1.47788215
  0.68933050   0.92455622  -0.69342981  -0.62246675   2.21488973   0.59204456   0.20297580   1.66952782  -1.47587323
  0.68740957   0.92546459  -0.69183649  -0.62320765   2.21536892   0.59191070   0.20188515   1.66920017  -1.47386514
  0.68549476   0.92637628  -0.69024717  -0.62394518   2.21585287   0.59178098   0.20079508   1.66886988  -1.47186385
  0.68359068   0.92729251  -0.68866286  -0.62467760   2.21635620   0.59162833   0.19971213   1.66855022  -1.46987345
  0.68169776   0.92821403  -0.68707861  -0.62540994   2.21685107   0.59150379   0.19862796   1.66821659  -1.46789562
  0.67982607   0.92914198  -0.68549506  -0.62613276   2.21735830   0.59136995   0.19754357   1.66788812  -1.46594501
  0.67797727   0.93007551  -0.68392070  -0.62686673   2.21788660   0.59119949   0.19647558   1.66758004  -1.46400005
  0.67613955   0.93101630  -0.68235237  -0.62763062   2.21842125   0.59102666   0.19542399   1.66726944  -1.46203766
  0.67429475   0.93196920  -0.68076374  -0.62839582   2.21895490   0.59086993   0.19433043   1.66695033  -1.46006915
  0.67243103   0.93293811  -0.67913975  -0.62914078   2.21950161   0.59070744   0.19320820   1.66663036  -1.45811033
  0.67054329   0.93392403  -0.67747202  -0.62987011   2.22005811   0.59053800   0.19206365   1.66630952  -1.45615679
  0.66863039   0.93492615  -0.67575943  -0.63059020   2.22062218   0.59036145   0.19089875   1.66598750  -1.45420234
  0.66669369   0.93594309  -0.67400490  -0.63130430   2.22119693   0.59017171   0.18971685   1.66566628  -1.45224417
  0.66473653   0.93697304  -0.67221277  -0.63201697   2.22178313   0.58996564   0.18852025   1.66534737  -1.45027948
  0.66276234   0.93801382  -0.67038698  -0.63272366   2.22237295   0.58976052   0.18729962   1.66502340  -1.44831385
  0.66077695   0.93906221  -0.66854104  -0.63342242   2.22298029   0.58953481   0.18606840   1.66470406  -1.44634924
  0.65878946   0.94011401  -0.66669265  -0.63412697   2.22360702   0.58928360   0.18485131   1.66439089  -1.44437808
  0.65680132   0.94116795  -0.66484218  -0.63482953   2.22423421   0.58904919   0.18360881   1.66406641  -1.44240509
  0.65481304   0.94222402  -0.66299711  -0.63551465   2.22488349   0.58879962   0.18236806   1.66374402  -1.44044395
  0.65282496   0.94328255  -0.66115598  -0.63618887   2.22554256   0.58854725   0.18113202   1.66342152  -1.43849053
  0.65083515   0.94434444  -0.65931898  -0.63685674   2.22621630   0.58827886   0.17990379   1.66310669  -1.43653768
  0.64884462   0.94541112  -0.65748306  -0.63752638   2.22688215   0.58803455   0.17868364   1.66278023  -1.43458389
  0.64685488   0.94648416  -0.65565151  -0.63819842   2.22756449   0.58777514   0.17747890   1.66245835  -1.43262683
  0.64486825   0.94756223  -0.65382938  -0.63888476   2.22826118   0.58750162   0.17629989   1.66213957  -1.43065762
  0.64288528   0.94863687  -0.65202100  -0.63957333   2.22895140   0.58721648   0.17512284   1.66184277  -1.42867862
  0.64090958   0.94968962  -0.65023635  -0.64025466   2.22958198   0.58694917   0.17395647   1.66158166  -1.42669747
  0.63894688   0.95069617  -0.64848681  -0.64091925   2.23013171   0.58669558   0.17279667   1.66136910  -1.42472155
  0.63700637   0.95161960  -0.64678510  -0.64155797   2.23051918   0.58652309   0.17163237   1.66119794  -1.42276364
  0.63509735   0.95242289  -0.64514582  -0.64216893   2.23069886   0.58648301   0.17044574   1.66104183  -1.42083135
  0.63322892   0.95306844  -0.64358355  -0.64275155   2.23065182   0.58659369   0.16922749   1.66087864  -1.41893165
  0.63141284   0.95351341  -0.64211592  -0.64329898   2.23035477   0.58682626   0.16797953   1.66073379  -1.41707254
  0.62966151   0.95371957  -0.64075240  -0.64379549   2.22978800   0.58716429   0.16668161   1.66062187  -1.41527248
  0.62798838   0.95365481  -0.63950301  -0.64424487   2.22892811   0.58763322   0.16534045   1.66051689  -1.41354447
  0.62640422   0.95329509  -0.63836988  -0.64465414   2.22776059   0.58826780   0.16394792   1.66037947  -1.41189873
  0.62491750   0.95261973  -0.63735059  -0.64501926   2.22626571   0.58909409   0.16248848   1.66018785  -1.41035090
  0.62353677   0.95161152  -0.63645390  -0.64533724   2.22443898   0.59007877   0.16096636   1.65996891  -1.40890573
  0.62226800   0.95025968  -0.63568469  -0.64563826   2.22225950   0.59126143   0.15938954   1.65969020  -1.40754712
  0.62111200   0.94855630  -0.63505182  -0.64589620   2.21974820   0.59257061   0.15774750   1.65940599  -1.40628590
  0.62007175   0.94650252  -0.63455283  -0.64609088   2.21691035   0.59399203   0.15603126   1.65913012  -1.40514154
  0.61915038   0.94411005  -0.63415207  -0.64619544   2.21366302   0.59573648   0.15420654   1.65873879  -1.40417232
  0.61835932   0.94137975  -0.63383689  -0.64625239   2.20984238   0.59799657   0.15225934   1.65819206  -1.40336064
  0.61770739   0.93830725  -0.63369684  -0.64620022   2.20561497   0.60014840   0.15024201   1.65798578  -1.40266135
  0.61720064   0.93493895  -0.63374073  -0.64607202   2.20109712   0.60223651   0.14827008   1.65797791  -1.40208889
  0.61681084   0.93132826  -0.63390517  -0.64597012   2.19624532   0.60473135   0.14631028   1.65774625  -1.40160874
  0.61648121   0.92748710  -0.63416738  -0.64591601   2.19112729   0.60747948   0.14426057   1.65738957  -1.40112045
  0.61617524   0.92342144  -0.63454248  -0.64586609   2.18578312   0.61023989   0.14217522   1.65711968  -1.40059810
  0.61587670   0.91916702  -0.63501048  -0.64574790   2.18021903   0.61302339   0.14009229   1.65694671  -1.40010513
  0.61558282   0.91477127  -0.63554052  -0.64555962   2.17443651   0.61588060   0.13799930   1.65684566  -1.39965422
  0.61529589   0.91028132  -0.63611019  -0.64532678   2.16842878   0.61887691   0.13590103   1.65678096  -1.39923866
  0.61501256   0.90573768  -0.63669499  -0.64500657   2.16217592   0.62209233   0.13376745   1.65672701  -1.39890086
  0.61474785   0.90116531  -0.63730754  -0.64461991   2.15574209   0.62530965   0.13160332   1.65685783  -1.39860564
  0.61450442   0.89659040  -0.63796341  -0.64422823   2.14916137   0.62853555   0.12947257   1.65714086  -1.39830791
  0.61427034   0.89203008  -0.63866190  -0.64385728   2.14242874   0.63185905   0.12737939   1.65750187  -1.39798309
  0.61403025   0.88749029  -0.63939431  -0.64348096   2.13556496   0.63525971   0.12529987   1.65795019  -1.39763744
  0.61377555   0.88297647  -0.64014875  -0.64309515   2.12865100   0.63864998   0.12322490   1.65849340  -1.39726898
  0.61349935   0.87849291  -0.64091140  -0.64269994   2.12173280   0.64204285   0.12116836   1.65906726  -1.39688839
  0.61319804   0.87403922  -0.64167130  -0.64229150   2.11485282   0.64541387   0.11912438   1.65964965  -1.39650265
  0.61287213   0.86961087  -0.64242130  -0.64187141   2.10801266   0.64876657   0.11708788   1.66022859  -1.39611526
  0.61252461   0.86520242  -0.64316052  -0.64144159   2.10120666   0.65210029   0.11505914   1.66080481  -1.39572828
  0.61215922   0.86081032  -0.64389001  -0.64100402   2.09443097   0.65541467   0.11303863   1.66137951  -1.39534331
  0.61177953   0.85643312  -0.64461110  -0.64055976   2.08768593   0.65870756   0.11102632   1.66195360  -1.39496221
  0.61138849   0.85207110  -0.64532402  -0.64010997   2.08097224   0.66197947   0.10902150   1.66252600  -1.39458671
  0.61098845   0.84772519  -0.64602890  -0.63965527   2.07429118   0.66522961   0.10702397   1.66309689  -1.39421828
  0.61058116   0.84339647  -0.64672582  -0.63919638   2.06764301   0.66845825   0.10503359   1.66366647  -1.39385777
  0.61016791   0.83908542  -0.64741525  -0.63873403   2.06102536   0.67166820   0.10304979   1.66423483  -1.39350534
  0.60974987   0.83479225  -0.64809891  -0.63827029   2.05444046   0.67485512   0.10107659   1.66480404  -1.39315986
  0.60932838   0.83051657  -0.64878015  -0.63781102   2.04789089   0.67801333   0.09912145   1.66537629  -1.39281693
  0.60890236   0.82625869  -0.64945358  -0.63734947   2.04136199   0.68116880   0.09716191   1.66594279  -1.39248080
  0.60847133   0.82201852  -0.65012012  -0.63687739   2.03486449   0.68430409   0.09520578   1.66651038  -1.39215831
  0.60803556   0.81779550  -0.65077980  -0.63639918   2.02839465   0.68742302   0.09325516   1.66707744  -1.39184643
  0.60759570   0.81358856  -0.65143548  -0.63592083   2.02195445   0.69051862   0.09131494   1.66764772  -1.39153969
  0.60715271   0.80939694  -0.65209184  -0.63545094   2.01555000   0.69357951   0.08939386   1.66822544  -1.39123037
  0.60670446   0.80522151  -0.65274020  -0.63497862   2.00915557   0.69665502   0.08746811   1.66878910  -1.39092784
  0.60625025   0.80106290  -0.65338112  -0.63449280   2.00279574   0.69970468   0.08554660   1.66935527  -1.39064052
  0.60579131   0.79692034  -0.65401642  -0.63400644   1.99646395   0.70273586   0.08363723   1.66992012  -1.39035938
  0.60532861   0.79279292  -0.65465030  -0.63352510   1.99016789   0.70573269   0.08174338   1.67049184  -1.39007827
  0.60486146   0.78868051  -0.65528044  -0.63304338   1.98389573   0.70871666   0.07985559   1.67106187  -1.38980134
  0.60438939   0.78458327  -0.65590504  -0.63255842   1.97764583   0.71169036   0.07796789   1.67162991  -1.38953038
  0.60391146   0.78050169  -0.65652053  -0.63206315   1.97141182   0.71466674   0.07607826   1.67218919  -1.38927243
  0.60342793   0.77643572  -0.65712803  -0.63155829   1.96520520   0.71762455   0.07419249   1.67274876  -1.38902678
  0.60293931   0.77238479  -0.65772813  -0.63104873   1.95902137   0.72056976   0.07231146   1.67330622  -1.38878980
  0.60244606   0.76834825  -0.65832234  -0.63053624   1.95286116   0.72349991   0.07043643   1.67386289  -1.38855974
  0.60194878   0.76432554  -0.65891358  -0.63002384   1.94673025   0.72640530   0.06857131   1.67442276  -1.38833348
  0.60144845   0.76031548  -0.65950727  -0.62951869   1.94063401   0.72927431   0.06672247   1.67499183  -1.38810374
  0.60094328   0.75631867  -0.66009459  -0.62901181   1.93453807   0.73216895   0.06487083   1.67554291  -1.38787958
  0.60043287   0.75233515  -0.66067627  -0.62849188   1.92846887   0.73504236   0.06302191   1.67609724  -1.38766903
  0.59991777   0.74836489  -0.66125144  -0.62796634   1.92241915   0.73790583   0.06117695   1.67664904  -1.38746750
  0.59939848   0.74440774  -0.66182121  -0.62743891   1.91639018   0.74075657   0.05933752   1.67719950  -1.38727190
  0.59887516   0.74046409  -0.66238577  -0.62691050   1.91038290   0.74359529   0.05750408   1.67774718  -1.38708158
  0.59834781   0.73653408  -0.66294608  -0.62637860   1.90440464   0.74640983   0.05567812   1.67829751  -1.38689792
  0.59781645   0.73261777  -0.66350050  -0.62584660   1.89844120   0.74922362   0.05385586   1.67884071  -1.38671891
  0.59728109   0.72871521  -0.66405017  -0.62531167   1.89250388   0.75201857   0.05203996   1.67938400  -1.38654623
  0.59674186   0.72482598  -0.66459569  -0.62477385   1.88659435   0.75479192   0.05023079   1.67992836  -1.38637961
  0.59619900   0.72094911  -0.66513734  -0.62423482   1.88070265   0.75755738   0.04842664   1.68046944  -1.38621776
  0.59565272   0.71708348  -0.66567616  -0.62369450   1.87482425   0.76031896   0.04662717   1.68100745  -1.38606038
  0.59510306   0.71322872  -0.66621295  -0.62315147   1.86896540   0.76306647   0.04483393   1.68154628  -1.38590828
  0.59454996   0.70938484  -0.66674685  -0.62260657   1.86312389   0.76580465   0.04304575   1.68208304  -1.38576106
  0.59399330   0.70555196  -0.66727752  -0.62205944   1.85730232   0.76852971   0.04126313   1.68261875  -1.38561908
  0.59343314   0.70173003  -0.66780502  -0.62151114   1.85150038   0.77124184   0.03948647   1.68315331  -1.38548152
  0.59286972   0.69791902  -0.66833031  -0.62096381   1.84572048   0.77393778   0.03771811   1.68368739  -1.38534668
  0.59230255   0.69411915  -0.66885164  -0.62041376   1.83995822   0.77662509   0.03595302   1.68421834  -1.38521720
  0.59173157   0.69033027  -0.66936866  -0.61986087   1.83421031   0.77930748   0.03419136   1.68474538  -1.38509333
  0.59115713   0.68655211  -0.66988319  -0.61930690   1.82848325   0.78197359   0.03243687   1.68527327  -1.38497338
  0.59057889   0.68278509  -0.67039349  -0.61875051   1.82277253   0.78463275   0.03068601   1.68579730  -1.38485857
  0.58999679   0.67902914  -0.67089943  -0.61819029   1.81708008   0.78728090   0.02893923   1.68631954  -1.38474998
  0.58941098   0.67528410  -0.67140124  -0.61762781   1.81140512   0.78991881   0.02719724   1.68683967  -1.38464647
  0.58882163   0.67154974  -0.67189955  -0.61706381   1.80574761   0.79254600   0.02546052   1.68735814  -1.38454731
  0.58822883   0.66782602  -0.67239452  -0.61649853   1.80010751   0.79516282   0.02372912   1.68787467  -1.38445224
  0.58763262   0.66411290  -0.67288635  -0.61593191   1.79448466   0.79776926   0.02200290   1.68838950  -1.38436116
  0.58703298   0.66041066  -0.67337523  -0.61536391   1.78887908   0.80036553   0.02028191   1.68890272  -1.38427386
  0.58642931   0.65672069  -0.67386137  -0.61479410   1.78328986   0.80295349   0.01856608   1.68941471  -1.38418961
  0.58581943   0.65304674  -0.67434754  -0.61422382   1.77771960   0.80552994   0.01685969   1.68992990  -1.38410333
  0.58520158   0.64939038  -0.67484869  -0.61366236   1.77216146   0.80809167   0.01517935   1.69046416  -1.38399888
  0.58457558   0.64574693  -0.67537023  -0.61310930   1.76655716   0.81068002   0.01352552   1.69103360  -1.38387366
  0.58393941   0.64209972  -0.67591231  -0.61255458   1.76086032   0.81330173   0.01187307   1.69166951  -1.38373169
  0.58329245   0.63841360  -0.67647539  -0.61197547   1.75505208   0.81592572   0.01023086   1.69239277  -1.38359799
  0.58263777   0.63463396  -0.67706491  -0.61134921   1.74918900   0.81843850   0.00861651   1.69321571  -1.38350375
  0.58197686   0.63069982  -0.67769437  -0.61071864   1.74336103   0.82090779   0.00699593   1.69393877  -1.38341717
  0.58131575   0.62653724  -0.67834104  -0.61008450   1.73746336   0.82355486   0.00526009   1.69438981  -1.38335525
  0.58066445   0.62210453  -0.67902140  -0.60939073   1.73138823   0.82646050   0.00338030   1.69457992  -1.38336329
  0.58002833   0.61741396  -0.67979630  -0.60862046   1.72518166   0.82945566   0.00143887   1.69466342  -1.38343099
  0.57939284   0.61255568  -0.68065833  -0.60784442   1.71900401   0.83233723  -0.00055864   1.69474831  -1.38347661
  0.57873320   0.60767502  -0.68156022  -0.60708499   1.71295558   0.83516561  -0.00251631   1.69475063  -1.38347621
  0.57801975   0.60292676  -0.68243787  -0.60633796   1.70707002   0.83794123  -0.00443475   1.69473177  -1.38341258
  0.57723612   0.59846720  -0.68321948  -0.60561631   1.70135350   0.84068251  -0.00628868   1.69475290  -1.38327793
  0.57639570   0.59441853  -0.68387533  -0.60495829   1.69580615   0.84331121  -0.00799052   1.69495948  -1.38306651
  0.57550906   0.59086492  -0.68440306  -0.60439269   1.69042964   0.84575779  -0.00949162   1.69547838  -1.38276068
  0.57458314   0.58784016  -0.68481424  -0.60391968   1.68523552   0.84795909  -0.01076793   1.69639244  -1.38235770
  0.57361848   0.58533855  -0.68511635  -0.60355149   1.68023259   0.84999111  -0.01183848   1.69761923  -1.38184128
  0.57262208   0.58328175  -0.68535381  -0.60320417   1.67545329   0.85170457  -0.01271667   1.69924411  -1.38126676
  0.57160606   0.58157946  -0.68555156  -0.60288638   1.67090581   0.85322521  -0.01350610   1.70108972  -1.38062202
  0.57057425   0.58018519  -0.68564674  -0.60263200   1.66656627   0.85504389  -0.01427812   1.70262346  -1.37991772
  0.56952696   0.57901184  -0.68567824  -0.60250344   1.66242818   0.85707678  -0.01503593   1.70388001  -1.37910018
  0.56846628   0.57795409  -0.68573519  -0.60244072   1.65851535   0.85891061  -0.01571023   1.70520303  -1.37819582
  0.56738767   0.57695371  -0.68583878  -0.60237568   1.65484359   0.86043452  -0.01628879   1.70665329  -1.37725196
  0.56628214   0.57599584  -0.68594831  -0.60231332   1.65139342   0.86177961  -0.01687900   1.70810259  -1.37626598
  0.56514899   0.57508766  -0.68600926  -0.60226614   1.64813303   0.86310614  -0.01750310   1.70939968  -1.37525651
  0.56399759   0.57422185  -0.68601735  -0.60223562   1.64506572   0.86430887  -0.01815209   1.71063586  -1.37423937
  0.56283882   0.57339919  -0.68597253  -0.60218894   1.64220176   0.86535281  -0.01877699   1.71182944  -1.37325784
  0.56168670   0.57265601  -0.68581608  -0.60213921   1.63952675   0.86649589  -0.01938728   1.71273382  -1.37234121
  0.56056402   0.57197459  -0.68560176  -0.60213282   1.63707408   0.86745582  -0.02000901   1.71361602  -1.37144661
  0.55947907   0.57135536  -0.68534322  -0.60217895   1.63481868   0.86829368  -0.02068901   1.71445716  -1.37055827
  0.55842957   0.57081199  -0.68503564  -0.60225513   1.63273510   0.86919266  -0.02133020   1.71509101  -1.36970280
  0.55741373   0.57033900  -0.68469027  -0.60236285   1.63082615   0.87007407  -0.02193414   1.71559565  -1.36887201
  0.55642769   0.56994221  -0.68428883  -0.60250678   1.62910667   0.87093048  -0.02257305   1.71597180  -1.36805770
  0.55547699   0.56959966  -0.68386392  -0.60266760   1.62761253   0.87149844  -0.02326203   1.71645226  -1.36726535
  0.55456081   0.56930452  -0.68343930  -0.60281643   1.62630204   0.87191120  -0.02385611   1.71692703  -1.36652145
  0.55367536   0.56905805  -0.68298733  -0.60297343   1.62513558   0.87226589  -0.02445496   1.71734162  -1.36580854
  0.55282280   0.56887013  -0.68247731  -0.60316358   1.62408456   0.87270045  -0.02507638   1.71757838  -1.36512301
  0.55201059   0.56873467  -0.68190435  -0.60336538   1.62313890   0.87313164  -0.02571768   1.71772349  -1.36449516
  0.55124989   0.56864610  -0.68127295  -0.60356001   1.62232849   0.87343723  -0.02637928   1.71786869  -1.36395032
  0.55054867   0.56862377  -0.68054155  -0.60375390   1.62163931   0.87377735  -0.02708918   1.71786477  -1.36350694
  0.54991708   0.56865843  -0.67973229  -0.60397813   1.62105075   0.87411072  -0.02784306   1.71777569  -1.36314181
  0.54935830   0.56873662  -0.67887968  -0.60422410   1.62056807   0.87435145  -0.02860822   1.71768525  -1.36285147
  0.54886671   0.56885393  -0.67799526  -0.60447242   1.62019260   0.87451422  -0.02937832   1.71758092  -1.36263828
  0.54843145   0.56900989  -0.67707858  -0.60471379   1.61991399   0.87464561  -0.03016827   1.71742965  -1.36249507
  0.54804217   0.56919775  -0.67613677  -0.60496179   1.61969608   0.87476874  -0.03097755   1.71724182  -1.36239859
  0.54768870   0.56940951  -0.67517618  -0.60520937   1.61953900   0.87485575  -0.03179502   1.71704029  -1.36234373
  0.54736399   0.56963360  -0.67420999  -0.60547242   1.61938080   0.87495585  -0.03260981   1.71683234  -1.36230749
  0.54705964   0.56986488  -0.67323912  -0.60573325   1.61923722   0.87504621  -0.03342898   1.71662392  -1.36229399
  0.54676937   0.57009927  -0.67226811  -0.60599419   1.61910182   0.87513924  -0.03425016   1.71640768  -1.36229324
  0.54648813   0.57033380  -0.67129893  -0.60625548   1.61896844   0.87523410  -0.03507089   1.71618867  -1.36229990
  0.54621217   0.57056690  -0.67033228  -0.60651602   1.61883538   0.87532723  -0.03588870   1.71597081  -1.36231146
  0.54593898   0.57079786  -0.66936926  -0.60677616   1.61870198   0.87541910  -0.03670247   1.71575405  -1.36232474
  0.54566719   0.57102620  -0.66841268  -0.60703727   1.61857033   0.87550793  -0.03750874   1.71553858  -1.36233614
  0.54539621   0.57125157  -0.66746652  -0.60730153   1.61844472   0.87558844  -0.03830187   1.71532621  -1.36234187
  0.54512422   0.57147550  -0.66652289  -0.60756268   1.61831239   0.87567953  -0.03909955   1.71511142  -1.36234657
  0.54485105   0.57169840  -0.66558068  -0.60781633   1.61818110   0.87576815  -0.03989547   1.71489820  -1.36235511
  0.54457719   0.57192032  -0.66464005  -0.60806597   1.61804964   0.87585658  -0.04068795   1.71468500  -1.36236554
  0.54430330   0.57214102  -0.66370229  -0.60831407   1.61791874   0.87594373  -0.04147628   1.71447242  -1.36237604
  0.54403016   0.57236003  -0.66277046  -0.60856266   1.61779129   0.87602569  -0.04225697   1.71426209  -1.36238460
  0.54375862   0.57257666  -0.66185007  -0.60881542   1.61767226   0.87609576  -0.04302380   1.71405695  -1.36238694
  0.54348748   0.57279235  -0.66093318  -0.60906758   1.61754290   0.87618371  -0.04379549   1.71384664  -1.36238688
  0.54321688   0.57300720  -0.66002002  -0.60931422   1.61741603   0.87626779  -0.04456409   1.71363898  -1.36238959
  0.54294678   0.57322165  -0.65910823  -0.60955596   1.61728849   0.87635287  -0.04533072   1.71343136  -1.36239581
  0.54267756   0.57343550  -0.65819812  -0.60979494   1.61716153   0.87643663  -0.04609428   1.71322452  -1.36240441
  0.54240966   0.57364838  -0.65729116  -0.61003325   1.61703497   0.87651976  -0.04685380   1.71301815  -1.36241354
  0.54214327   0.57386004  -0.65638841  -0.61027103   1.61690910   0.87660206  -0.04760913   1.71281255  -1.36242270
  0.54187843   0.57407042  -0.65549029  -0.61050796   1.61678390   0.87668377  -0.04836040   1.71260780  -1.36243183
  0.54161508   0.57427960  -0.65459698  -0.61074387   1.61665936   0.87676498  -0.04910765   1.71240398  -1.36244086
  0.54135305   0.57448770  -0.65370818  -0.61097821   1.61653556   0.87684552  -0.04985108   1.71220118  -1.36245019
  0.54109224   0.57469486  -0.65282359  -0.61121104   1.61641234   0.87692563  -0.05059078   1.71199929  -1.36245980
  0.54083255   0.57490110  -0.65194320  -0.61144267   1.61628974   0.87700526  -0.05132659   1.71179826  -1.36246942
  0.54057397   0.57510640  -0.65106709  -0.61167322   1.61616782   0.87708431  -0.05205845   1.71159813  -1.36247890
  0.54031642   0.57531073  -0.65019523  -0.61190252   1.61604655   0.87716282  -0.05278637   1.71139890  -1.36248832
  0.54005988   0.57551409  -0.64932757  -0.61213053   1.61592588   0.87724084  -0.05351049   1.71120054  -1.36249770
  0.53980436   0.57571642  -0.64846425  -0.61235748   1.61580576   0.87731848  -0.05423077   1.71100302  -1.36250681
  0.53954992   0.57591763  -0.64760577  -0.61258380   1.61568613   0.87739594  -0.05494711   1.71080636  -1.36251510
  0.53929646   0.57611782  -0.64675167  -0.61280832   1.61556747   0.87747232  -0.05565952   1.71061087  -1.36252362
  0.53904394   0.57631710  -0.64590139  -0.61303113   1.61544927   0.87754834  -0.05636842   1.71041616  -1.36253252
  0.53879237   0.57651547  -0.64505487  -0.61325263   1.61533161   0.87762383  -0.05707370   1.71022225  -1.36254161
  0.53854180   0.57671288  -0.64421231  -0.61347311   1.61521455   0.87769877  -0.05777520   1.71002913  -1.36255063
  0.53829225   0.57690930  -0.64337383  -0.61369255   1.61509808   0.87777317  -0.05847295   1.70983682  -1.36255954
  0.53804373   0.57710472  -0.64253941  -0.61391088   1.61498221   0.87784704  -0.05916702   1.70964535  -1.36256839
  0.53779622   0.57729916  -0.64170908  -0.61412800   1.61486693   0.87792040  -0.05985741   1.70945471  -1.36257721
  0.53754972   0.57749262  -0.64088282  -0.61434393   1.61475223   0.87799326  -0.06054419   1.70926491  -1.36258601
  0.53730421   0.57768512  -0.64006059  -0.61455867   1.61463812   0.87806563  -0.06122735   1.70907595  -1.36259478
  0.53705969   0.57787668  -0.63924238  -0.61477225   1.61452458   0.87813750  -0.06190691   1.70888783  -1.36260350
  0.53681616   0.57806729  -0.63842823  -0.61498467   1.61441162   0.87820887  -0.06258284   1.70870055  -1.36261218
  0.53657362   0.57825696  -0.63761810  -0.61519594   1.61429924   0.87827977  -0.06325521   1.70851412  -1.36262079
  0.53633208   0.57844569  -0.63681196  -0.61540605   1.61418743   0.87835018  -0.06392402   1.70832853  -1.36262937
  0.53609150   0.57863351  -0.63600976  -0.61561504   1.61407619   0.87842012  -0.06458933   1.70814375  -1.36263792
  0.53585189   0.57882043  -0.63521140  -0.61582290   1.61396551   0.87848957  -0.06525116   1.70795977  -1.36264645
  0.53561322   0.57900645  -0.63441689  -0.61602965   1.61385540   0.87855853  -0.06590949   1.70777659  -1.36265497
  0.53537549   0.57919156  -0.63362622  -0.61623529   1.61374584   0.87862702  -0.06656434   1.70759420  -1.36266345
  0.53513869   0.57937577  -0.63283939  -0.61643982   1.61363684   0.87869502  -0.06721575   1.70741261  -1.36267190
  0.53490282   0.57955907  -0.63205642  -0.61664323   1.61352838   0.87876255  -0.06786370   1.70723183  -1.36268031
  0.53466790   0.57974144  -0.63127735  -0.61684554   1.61342048   0.87882961  -0.06850821   1.70705186  -1.36268866
  0.53443392   0.57992291  -0.63050214  -0.61704675   1.61331311   0.87889622  -0.06914933   1.70687269  -1.36269696
  0.53420087   0.58010349  -0.62973070  -0.61724687   1.61320628   0.87896237  -0.06978710   1.70669431  -1.36270523
  0.53396874   0.58028318  -0.62896302  -0.61744592   1.61310000   0.87902804  -0.07042148   1.70651671  -1.36271348
  0.53373753   0.58046201  -0.62819908  -0.61764390   1.61299425   0.87909326  -0.07105253   1.70633988  -1.36272171
  0.53350725   0.58063994  -0.62743892  -0.61784081   1.61288904   0.87915802  -0.07168021   1.70616384  -1.36272990
  0.53327789   0.58081700  -0.62668252  -0.61803666   1.61278435   0.87922235  -0.07230460   1.70598859  -1.36273805
  0.53304945   0.58099320  -0.62592981  -0.61823146   1.61268019   0.87928622  -0.07292572   1.70581411  -1.36274619
  0.53282191   0.58116855  -0.62518073  -0.61842521   1.61257656   0.87934965  -0.07354358   1.70564037  -1.36275431
  0.53259526   0.58134305  -0.62443527  -0.61861794   1.61247345   0.87941262  -0.07415818   1.70546739  -1.36276243
  0.53236949   0.58151671  -0.62369344  -0.61880963   1.61237086   0.87947515  -0.07476953   1.70529516  -1.36277052
  0.53214461   0.58168952  -0.62295525  -0.61900030   1.61226878   0.87953723  -0.07537766   1.70512369  -1.36277858
  0.53192061   0.58186147  -0.62222069  -0.61918994   1.61216721   0.87959888  -0.07598257   1.70495297  -1.36278660
  0.53169749   0.58203257  -0.62148975  -0.61937856   1.61206614   0.87966009  -0.07658430   1.70478301  -1.36279459
  0.53147524   0.58220283  -0.62076240  -0.61956616   1.61196559   0.87972088  -0.07718285   1.70461379  -1.36280256
  0.53125387   0.58237227  -0.62003861  -0.61975275   1.61186553   0.87978124  -0.07777826   1.70444532  -1.36281051
  0.53103336   0.58254087  -0.61931835  -0.61993835   1.61176598   0.87984116  -0.07837053   1.70427758  -1.36281843
  0.53081372   0.58270865  -0.61860164  -0.62012296   1.61166692   0.87990066  -0.07895967   1.70411057  -1.36282633
  0.53059497   0.58287559  -0.61788854  -0.62030657   1.61156837   0.87995975  -0.07954566   1.70394432  -1.36283420
  0.53037710   0.58304170  -0.61717899  -0.62048919   1.61147029   0.88001843  -0.08012858   1.70377882  -1.36284204
  0.53016011   0.58320700  -0.61647293  -0.62067084   1.61137271   0.88007670  -0.08070844   1.70361405  -1.36284986
  0.52994397   0.58337152  -0.61577030  -0.62085154   1.61127562   0.88013455  -0.08128526   1.70344998  -1.36285769
  0.52972868   0.58353525  -0.61507106  -0.62103128   1.61117902   0.88019199  -0.08185906   1.70328662  -1.36286552
  0.52951422   0.58369820  -0.61437521  -0.62121007   1.61108290   0.88024901  -0.08242983   1.70312396  -1.36287334
  0.52930059   0.58386036  -0.61368275  -0.62138792   1.61098726   0.88030562  -0.08299759   1.70296200  -1.36288116
  0.52908778   0.58402172  -0.61299370  -0.62156482   1.61089209   0.88036182  -0.08356236   1.70280076  -1.36288895
  0.52887580   0.58418230  -0.61230804  -0.62174077   1.61079740   0.88041762  -0.08412415   1.70264022  -1.36289671
  0.52866464   0.58434208  -0.61162576  -0.62191578   1.61070317   0.88047302  -0.08468298   1.70248038  -1.36290445
  0.52845430   0.58450108  -0.61094686  -0.62208986   1.61060941   0.88052803  -0.08523886   1.70232125  -1.36291216
  0.52824479   0.58465928  -0.61027137  -0.62226299   1.61051611   0.88058264  -0.08579178   1.70216282  -1.36291986
  0.52803612   0.58481671  -0.60959925  -0.62243520   1.61042327   0.88063687  -0.08634179   1.70200511  -1.36292752
  0.52782829   0.58497336  -0.60893048  -0.62260650   1.61033090   0.88069072  -0.08688890   1.70184810  -1.36293517
  0.52762127   0.58512926  -0.60826497  -0.62277690   1.61023898   0.88074419  -0.08743317   1.70169176  -1.36294283
  0.52741506   0.58528443  -0.60760267  -0.62294641   1.61014752   0.88079726  -0.08797459   1.70153609  -1.36295050
  0.52720965   0.58543885  -0.60694361  -0.62311502   1.61005652   0.88084994  -0.08851313   1.70138109  -1.36295818
