  0.41770025   0.46579942  -1.27410013  -0.43299966   2.09289953   0.69140028   0.43859979   1.64319997  -1.13520043
  0.41770207   0.46579531  -1.27410103  -0.43299735   2.09289621   0.69140219   0.43859830   1.64319974  -1.13520343
  0.41770727   0.46578416  -1.27410339  -0.43299152   2.09288723   0.69140726   0.43859427   1.64319889  -1.13521153
  0.41771774   0.46576268  -1.27410783  -0.43298079   2.09286986   0.69141700   0.43858651   1.64319698  -1.13522724
  0.41773531   0.46572787  -1.27411496  -0.43296383   2.09284148   0.69143297   0.43857388   1.64319368  -1.13525296
  0.41776170   0.46567697  -1.27412537  -0.43293926   2.09279956   0.69145678   0.43855530   1.64318874  -1.13529108
  0.41779850   0.46560740  -1.27413967  -0.43290563   2.09274165   0.69149003   0.43852973   1.64318206  -1.13534393
  0.41784723   0.46551671  -1.27415844  -0.43286145   2.09266537   0.69153438   0.43849614   1.64317356  -1.13541375
  0.41790930   0.46540256  -1.27418226  -0.43280523   2.09256841   0.69159144   0.43845357   1.64316320  -1.13550279
  0.41798608   0.46526270  -1.27421169  -0.43273547   2.09244854   0.69166282   0.43840108   1.64315096  -1.13561319
  0.41807886   0.46509494  -1.27424728  -0.43265076   2.09230356   0.69175009   0.43833771   1.64313683  -1.13574699
  0.41818888   0.46489715  -1.27428956  -0.43254973   2.09213137   0.69185477   0.43826250   1.64312076  -1.13590616
  0.41831737   0.46466720  -1.27433907  -0.43243113   2.09192990   0.69197832   0.43817457   1.64310268  -1.13609255
  0.41846552   0.46440302  -1.27439632  -0.43229369   2.09169712   0.69212221   0.43807304   1.64308245  -1.13630801
  0.41863447   0.46410254  -1.27446178  -0.43213620   2.09143098   0.69228794   0.43795711   1.64305993  -1.13655438
  0.41882537   0.46376376  -1.27453595  -0.43195742   2.09112950   0.69247691   0.43782591   1.64303501  -1.13683343
  0.41903932   0.46338465  -1.27461931  -0.43175617   2.09079076   0.69269044   0.43767861   1.64300762  -1.13714687
  0.41927742   0.46296321  -1.27471233  -0.43153124   2.09041261   0.69293021   0.43751436   1.64297757  -1.13749647
  0.41954070   0.46249749  -1.27481550  -0.43128139   2.08999324   0.69319741   0.43733238   1.64294485  -1.13788392
  0.41983016   0.46198557  -1.27492932  -0.43100540   2.08953113   0.69349285   0.43713199   1.64290952  -1.13831079
  0.42014680   0.46142557  -1.27505421  -0.43070219   2.08902478   0.69381735   0.43691256   1.64287151  -1.13877861
  0.42049156   0.46081571  -1.27519051  -0.43037076   2.08847267   0.69417186   0.43667339   1.64283062  -1.13928893
  0.42086540   0.46015427  -1.27533842  -0.43001020   2.08787331   0.69455741   0.43641374   1.64278657  -1.13984325
  0.42126922   0.45943959  -1.27549811  -0.42961956   2.08722504   0.69497529   0.43613282   1.64273895  -1.14044317
  0.42170389   0.45867007  -1.27566965  -0.42919786   2.08652583   0.69542751   0.43582983   1.64268716  -1.14109045
  0.42217020   0.45784421  -1.27585317  -0.42874396   2.08577412   0.69591536   0.43550412   1.64263090  -1.14178675
  0.42266892   0.45696053  -1.27604890  -0.42825677   2.08496886   0.69643932   0.43515529   1.64257012  -1.14253355
  0.42320080   0.45601761  -1.27625707  -0.42773533   2.08410913   0.69699970   0.43478288   1.64250486  -1.14333215
  0.42376658   0.45501409  -1.27647782  -0.42717882   2.08319365   0.69759730   0.43438619   1.64243502  -1.14418376
  0.42436691   0.45394873  -1.27671122  -0.42658641   2.08222144   0.69823255   0.43396446   1.64236066  -1.14508952
  0.42500243   0.45282032  -1.27695733  -0.42595728   2.08119164   0.69890581   0.43351707   1.64228181  -1.14605058
  0.42567372   0.45162778  -1.27721593  -0.42529071   2.08010243   0.69961914   0.43304317   1.64219769  -1.14706838
  0.42638120   0.45037007  -1.27748638  -0.42458560   2.07894995   0.70037819   0.43254093   1.64210652  -1.14814520
  0.42712516   0.44904621  -1.27776884  -0.42384016   2.07773568   0.70117997   0.43201014   1.64200982  -1.14928214
  0.42790585   0.44765532  -1.27806333  -0.42305247   2.07646034   0.70202292   0.43145041   1.64190861  -1.15048069
  0.42872371   0.44619661  -1.27836986  -0.42222193   2.07512366   0.70290733   0.43086278   1.64180193  -1.15174221
  0.42957914   0.44466928  -1.27868844  -0.42134865   2.07372471   0.70383382   0.43024784   1.64168890  -1.15306718
  0.43047229   0.44307266  -1.27901903  -0.42043293   2.07226330   0.70480223   0.42960644   1.64156853  -1.15445579
  0.43140324   0.44140617  -1.27936139  -0.41947565   2.07073864   0.70581385   0.42893924   1.64143886  -1.15590811
  0.43237218   0.43966932  -1.27971501  -0.41847774   2.06914929   0.70687028   0.42824494   1.64129888  -1.15742380
  0.43337917   0.43786173  -1.28007938  -0.41743932   2.06749477   0.70797209   0.42752254   1.64114811  -1.15900306
  0.43442410   0.43598293  -1.28045431  -0.41635981   2.06577488   0.70911912   0.42677190   1.64098653  -1.16064630
  0.43550671   0.43403241  -1.28083972  -0.41523845   2.06399078   0.71030909   0.42599317   1.64081495  -1.16235354
  0.43662657   0.43200988  -1.28123517  -0.41407485   2.06214281   0.71154136   0.42518670   1.64063299  -1.16412501
  0.43778332   0.42991507  -1.28164003  -0.41286872   2.06022964   0.71281758   0.42435230   1.64043978  -1.16596112
  0.43897688   0.42774778  -1.28205418  -0.41161914   2.05825074   0.71413771   0.42349055   1.64023577  -1.16786256
  0.44020714   0.42550803  -1.28247695  -0.41032523   2.05620187   0.71550806   0.42260173   1.64001880  -1.16983126
  0.44147403   0.42319587  -1.28290787  -0.40898700   2.05408012   0.71693334   0.42168679   1.63978646  -1.17186845
  0.44277721   0.42081119  -1.28334737  -0.40760533   2.05188716   0.71841159   0.42074949   1.63953715  -1.17397362
  0.44411585   0.41835388  -1.28379551  -0.40617904   2.04962901   0.71993309   0.41978889   1.63927519  -1.17614501
  0.44548894   0.41582418  -1.28425119  -0.40470507   2.04731228   0.72148912   0.41880137   1.63900494  -1.17838290
  0.44689576   0.41322267  -1.28471291  -0.40318279   2.04493995   0.72307918   0.41778836   1.63872320  -1.18068935
  0.44833587   0.41055036  -1.28517755  -0.40161213   2.04250568   0.72471494   0.41674680   1.63842491  -1.18306731
  0.44980907   0.40780803  -1.28564407  -0.39999118   2.04001227   0.72639219   0.41567626   1.63811239  -1.18551793
  0.45131558   0.40499667  -1.28611030  -0.39832104   2.03745086   0.72812360   0.41457524   1.63778139  -1.18804297
  0.45285579   0.40211684  -1.28657648  -0.39660134   2.03482408   0.72990115   0.41344318   1.63743789  -1.19064040
  0.45442993   0.39916939  -1.28704224  -0.39483421   2.03212591   0.73173420   0.41228496   1.63707620  -1.19331141
  0.45603765   0.39615471  -1.28750910  -0.39302063   2.02936470   0.73360913   0.41110587   1.63670002  -1.19605283
  0.45767789   0.39307359  -1.28797584  -0.39116397   2.02654136   0.73552514   0.40990436   1.63630798  -1.19886129
  0.45934944   0.38992691  -1.28844110  -0.38926567   2.02365666   0.73748417   0.40868200   1.63589602  -1.20173665
  0.46105096   0.38671579  -1.28890277  -0.38732651   2.02070877   0.73949182   0.40743843   1.63545986  -1.20467956
