  0.56543404   0.03862055  -0.45118221   0.57096265   0.70151550   1.04719367   0.59045439   1.84932694  -2.00266868
  0.56543376   0.03862178  -0.45117927   0.57096544   0.70151819   1.04717678   0.59046035   1.84933829  -2.00266220
  0.56543343   0.03862392  -0.45117630   0.57096863   0.70151858   1.04716401   0.59046350   1.84934771  -2.00265663
  0.56543327   0.03862602  -0.45117341   0.57097234   0.70152176   1.04714663   0.59046829   1.84935911  -2.00265025
  0.56543355   0.03862742  -0.45116986   0.57097532   0.70152342   1.04713124   0.59047096   1.84936826  -2.00264482
  0.56543454   0.03862748  -0.45116626   0.57097820   0.70152693   1.04711280   0.59047413   1.84937730  -2.00263948
  0.56543644   0.03862602  -0.45116218   0.57098027   0.70152963   1.04709541   0.59047533   1.84938374  -2.00263535
  0.56543940   0.03862276  -0.45115797   0.57098189   0.70153368   1.04707597   0.59047608   1.84938887  -2.00263196
  0.56544356   0.03861756  -0.45115333   0.57098259   0.70153754   1.04705693   0.59047484   1.84939111  -2.00263001
  0.56544902   0.03861018  -0.45114850   0.57098251   0.70154225   1.04703698   0.59047238   1.84939092  -2.00262940
  0.56545590   0.03860042  -0.45114332   0.57098147   0.70154752   1.04701641   0.59046807   1.84938777  -2.00263029
  0.56546431   0.03858805  -0.45113784   0.57097956   0.70155399   1.04699432   0.59046236   1.84938185  -2.00263265
  0.56547434   0.03857301  -0.45113198   0.57097623   0.70155975   1.04697425   0.59045390   1.84937138  -2.00263745
  0.56548611   0.03855502  -0.45112588   0.57097192   0.70156768   1.04695117   0.59044394   1.84935827  -2.00264358
  0.56550156   0.03853451  -0.45111710   0.57096433   0.70158153   1.04692884   0.59042713   1.84933362  -2.00265822
  0.56552877   0.03851334  -0.45109730   0.57094584   0.70161371   1.04691423   0.59039302   1.84927559  -2.00270400
  0.56557216   0.03848953  -0.45106677   0.57091993   0.70164890   1.04688919   0.59036478   1.84921723  -2.00276696
  0.56562927   0.03846119  -0.45103697   0.57089004   0.70168031   1.04686675   0.59032561   1.84915254  -2.00284190
  0.56569496   0.03842867  -0.45100824   0.57086061   0.70171345   1.04683937   0.59028658   1.84908716  -2.00292319
  0.56576521   0.03839255  -0.45097846   0.57082897   0.70174610   1.04681330   0.59024048   1.84901455  -2.00300973
  0.56583821   0.03835275  -0.45094746   0.57079551   0.70178204   1.04678506   0.59019344   1.84893685  -2.00310025
  0.56591455   0.03830593  -0.45091152   0.57075867   0.70182723   1.04675957   0.59013435   1.84883529  -2.00320328
  0.56599939   0.03824007  -0.45086026   0.57071871   0.70190170   1.04673607   0.59005167   1.84867056  -2.00334097
  0.56609642   0.03815418  -0.45079555   0.57067222   0.70197436   1.04670139   0.58997621   1.84849167  -2.00349099
  0.56620312   0.03805488  -0.45073470   0.57062121   0.70204288   1.04666591   0.58989386   1.84830551  -2.00364547
  0.56631427   0.03794930  -0.45067699   0.57057152   0.70211005   1.04662839   0.58981269   1.84811866  -2.00380120
  0.56642601   0.03784031  -0.45062093   0.57052105   0.70217358   1.04659900   0.58972454   1.84792367  -2.00395898
  0.56653662   0.03772759  -0.45056610   0.57047020   0.70223704   1.04657348   0.58963599   1.84772321  -2.00411729
  0.56664580   0.03760993  -0.45051094   0.57041815   0.70230139   1.04654859   0.58954289   1.84751507  -2.00427509
  0.56675525   0.03748000  -0.45045368   0.57036574   0.70237848   1.04652168   0.58943576   1.84727952  -2.00444047
  0.56687052   0.03731279  -0.45038611   0.57030888   0.70248137   1.04650824   0.58928115   1.84695138  -2.00463934
  0.56699634   0.03711274  -0.45030917   0.57024257   0.70258672   1.04648195   0.58916652   1.84661400  -2.00484979
  0.56714370   0.03684389  -0.45026854   0.57011794   0.70270661   1.04645464   0.58894150   1.84620059  -2.00506160
  0.56734724   0.03629935  -0.45032963   0.56980834   0.70279961   1.04635027   0.58833317   1.84557887  -2.00518805
  0.56761292   0.03552064  -0.45046091   0.56933380   0.70282478   1.04631912   0.58778048   1.84486919  -2.00533549
  0.56791730   0.03463308  -0.45059559   0.56879115   0.70279577   1.04629776   0.58719929   1.84410415  -2.00548965
  0.56824681   0.03372048  -0.45072982   0.56825000   0.70278350   1.04627649   0.58661621   1.84330149  -2.00568023
  0.56859395   0.03280681  -0.45085941   0.56769617   0.70277249   1.04624922   0.58600080   1.84248761  -2.00588546
  0.56895452   0.03188445  -0.45099531   0.56712956   0.70276352   1.04622391   0.58536921   1.84166470  -2.00610127
  0.56932476   0.03094057  -0.45113675   0.56654469   0.70275625   1.04620961   0.58469835   1.84080498  -2.00632823
  0.56970635   0.02996032  -0.45127331   0.56595512   0.70277800   1.04619887   0.58399475   1.83986960  -2.00658755
  0.57009840   0.02896089  -0.45139802   0.56534552   0.70280676   1.04616931   0.58326308   1.83891007  -2.00685412
  0.57049234   0.02797232  -0.45150542   0.56475383   0.70283563   1.04613836   0.58256864   1.83795886  -2.00713439
  0.57087890   0.02699197  -0.45159210   0.56419566   0.70288623   1.04611618   0.58186205   1.83695905  -2.00743854
  0.57126604   0.02597587  -0.45165831   0.56363562   0.70294090   1.04608613   0.58110963   1.83589262  -2.00775088
  0.57170048   0.02471858  -0.45176449   0.56293736   0.70298752   1.04601644   0.57997569   1.83454361  -2.00803661
  0.57222397   0.02327261  -0.45189210   0.56203441   0.70304010   1.04598165   0.57888817   1.83309339  -2.00841274
  0.57281753   0.02176510  -0.45206706   0.56103815   0.70307216   1.04600016   0.57789854   1.83167391  -2.00885063
  0.57343216   0.02025792  -0.45223008   0.56007248   0.70304707   1.04597785   0.57682429   1.83027270  -2.00925785
  0.57403898   0.01875292  -0.45240560   0.55917435   0.70305260   1.04595068   0.57577390   1.82885252  -2.00967316
  0.57463390   0.01721067  -0.45257973   0.55825408   0.70305259   1.04591619   0.57465192   1.82738184  -2.01006482
  0.57525527   0.01548505  -0.45276556   0.55719895   0.70302939   1.04588848   0.57319653   1.82565648  -2.01044105
  0.57597225   0.01358092  -0.45283216   0.55598811   0.70297236   1.04578533   0.57157156   1.82372994  -2.01089663
  0.57678326   0.01165064  -0.45292678   0.55473988   0.70298061   1.04578932   0.57021851   1.82180485  -2.01154443
  0.57762384   0.00979817  -0.45307270   0.55350711   0.70306476   1.04574158   0.56894713   1.82000706  -2.01221122
  0.57843349   0.00802368  -0.45320036   0.55235763   0.70314373   1.04571177   0.56764950   1.81821753  -2.01286609
  0.57918452   0.00621866  -0.45335482   0.55126190   0.70318247   1.04567448   0.56629095   1.81641270  -2.01342190
  0.57988764   0.00417291  -0.45362189   0.55005787   0.70317457   1.04563796   0.56462392   1.81440600  -2.01382073
  0.58057714   0.00194126  -0.45393671   0.54868896   0.70305735   1.04572394   0.56302690   1.81234427  -2.01418659
  0.58126375  -0.00035590  -0.45426443   0.54722592   0.70296960   1.04576059   0.56138595   1.81026071  -2.01452276
  0.58194565  -0.00260186  -0.45453547   0.54585370   0.70288463   1.04585349   0.55987566   1.80816307  -2.01493308
  0.58263146  -0.00478071  -0.45476572   0.54452125   0.70284857   1.04590649   0.55833482   1.80606088  -2.01537164
  0.58334365  -0.00693916  -0.45497597   0.54317505   0.70284581   1.04595297   0.55674735   1.80392428  -2.01585597
  0.58410929  -0.00928522  -0.45526331   0.54166682   0.70288859   1.04589433   0.55480662   1.80161569  -2.01628414
  0.58494197  -0.01176549  -0.45551411   0.54003248   0.70287149   1.04594825   0.55294305   1.79919240  -2.01683134
  0.58583331  -0.01426390  -0.45571317   0.53835814   0.70280027   1.04599358   0.55108815   1.79677944  -2.01742855
  0.58675082  -0.01670342  -0.45589485   0.53675470   0.70271808   1.04603967   0.54929325   1.79441950  -2.01806309
  0.58766882  -0.01909134  -0.45605632   0.53518844   0.70262905   1.04606956   0.54744668   1.79207334  -2.01869094
  0.58860507  -0.02160181  -0.45623611   0.53353006   0.70251725   1.04612109   0.54531727   1.78953042  -2.01929738
  0.58958526  -0.02421426  -0.45640381   0.53173503   0.70239691   1.04620040   0.54324229   1.78694328  -2.01996600
  0.59059375  -0.02683757  -0.45656933   0.52992160   0.70227380   1.04627120   0.54122909   1.78439034  -2.02066316
  0.59160557  -0.02939080  -0.45672618   0.52815500   0.70215766   1.04634195   0.53923445   1.78188313  -2.02137307
  0.59259983  -0.03185293  -0.45685347   0.52646046   0.70207981   1.04639218   0.53729110   1.77942165  -2.02209560
  0.59357178  -0.03423671  -0.45693273   0.52480679   0.70201741   1.04644833   0.53537287   1.77697476  -2.02283357
  0.59453983  -0.03660376  -0.45698231   0.52314759   0.70198909   1.04649062   0.53339742   1.77447865  -2.02358581
  0.59554256  -0.03912535  -0.45702721   0.52135846   0.70194880   1.04646688   0.53111226   1.77179975  -2.02429695
  0.59659653  -0.04175253  -0.45707289   0.51948340   0.70184605   1.04649424   0.52895663   1.76912763  -2.02506877
  0.59767645  -0.04437287  -0.45715545   0.51756602   0.70169620   1.04652521   0.52683061   1.76655832  -2.02582502
  0.59875284  -0.04689491  -0.45722217   0.51570800   0.70156009   1.04658304   0.52477531   1.76404748  -2.02661410
  0.59981987  -0.04934280  -0.45726628   0.51388800   0.70144595   1.04661553   0.52268283   1.76155898  -2.02739684
  0.60089509  -0.05187400  -0.45734342   0.51199569   0.70131221   1.04660843   0.52036760   1.75898995  -2.02811066
  0.60199338  -0.05446953  -0.45739797   0.51005164   0.70110832   1.04665552   0.51815809   1.75642848  -2.02886657
  0.60311050  -0.05704609  -0.45746783   0.50807635   0.70090906   1.04672814   0.51598807   1.75390484  -2.02965248
  0.60423189  -0.05952979  -0.45752720   0.50613588   0.70071834   1.04678612   0.51386147   1.75147308  -2.03044787
  0.60535414  -0.06193386  -0.45756211   0.50421685   0.70053774   1.04682646   0.51167523   1.74906549  -2.03124138
  0.60649767  -0.06440735  -0.45761719   0.50220078   0.70031881   1.04682481   0.50927784   1.74661265  -2.03197484
  0.60766624  -0.06692724  -0.45766688   0.50011925   0.70002522   1.04692941   0.50697125   1.74415801  -2.03276708
  0.60884793  -0.06942049  -0.45770462   0.49802480   0.69973257   1.04698714   0.50471777   1.74178959  -2.03356243
  0.61003145  -0.07180693  -0.45772020   0.49601219   0.69947947   1.04705090   0.50254071   1.73947149  -2.03440249
  0.61121569  -0.07406141  -0.45769192   0.49405355   0.69925360   1.04711000   0.50038864   1.73721332  -2.03527638
  0.61241236  -0.07622889  -0.45762070   0.49211462   0.69904910   1.04713573   0.49821843   1.73499504  -2.03617265
  0.61364932  -0.07846692  -0.45754875   0.49008397   0.69880971   1.04711296   0.49579227   1.73269207  -2.03702968
  0.61493722  -0.08076208  -0.45752072   0.48794286   0.69851707   1.04714556   0.49345497   1.73046045  -2.03793341
  0.61624896  -0.08302662  -0.45749119   0.48581068   0.69821027   1.04717163   0.49113973   1.72828278  -2.03885422
  0.61756177  -0.08518864  -0.45743486   0.48374947   0.69788861   1.04719545   0.48892862   1.72621778  -2.03979499
  0.61886378  -0.08722901  -0.45735843   0.48174075   0.69758751   1.04719576   0.48674310   1.72424438  -2.04073309
  0.62015623  -0.08914997  -0.45726508   0.47979379   0.69731941   1.04719575   0.48466068   1.72236789  -2.04169891
  0.62144083  -0.09096048  -0.45716577   0.47789640   0.69707853   1.04719582   0.48262466   1.72056976  -2.04267619
  0.62272059  -0.09266650  -0.45704685   0.47603910   0.69685077   1.04719592   0.48061959   1.71884104  -2.04366579
  0.62399936  -0.09430137  -0.45691684   0.47421337   0.69661565   1.04719466   0.47858610   1.71714995  -2.04464730
  0.62532109  -0.09598508  -0.45675529   0.47229704   0.69632957   1.04718439   0.47628922   1.71534410  -2.04561591
  0.62673558  -0.09768744  -0.45654685   0.47023618   0.69598818   1.04716857   0.47404340   1.71362135  -2.04668704
  0.62822037  -0.09934980  -0.45639481   0.46816175   0.69563035   1.04718596   0.47189686   1.71202524  -2.04782475
  0.62971809  -0.10092788  -0.45627511   0.46614512   0.69525390   1.04719223   0.46978698   1.71055523  -2.04894690
  0.63118882  -0.10240772  -0.45618699   0.46419168   0.69488271   1.04719622   0.46776159   1.70921755  -2.05003768
  0.63262129  -0.10379796  -0.45612069   0.46229636   0.69450278   1.04719634   0.46579291   1.70799734  -2.05107882
  0.63401624  -0.10510705  -0.45606900   0.46045552   0.69412718   1.04719642   0.46388039   1.70686753  -2.05208313
  0.63539711  -0.10632968  -0.45601438   0.45860174   0.69374991   1.04719621   0.46196262   1.70582037  -2.05307042
  0.63678696  -0.10746401  -0.45596428   0.45673718   0.69336330   1.04719607   0.46004927   1.70487399  -2.05405822
  0.63819331  -0.10849217  -0.45589982   0.45492218   0.69299341   1.04719599   0.45820754   1.70401568  -2.05508609
  0.63960676  -0.10940386  -0.45582037   0.45317920   0.69262477   1.04719613   0.45645715   1.70326805  -2.05614035
  0.64102740  -0.11019798  -0.45574981   0.45145923   0.69225862   1.04719619   0.45472828   1.70263534  -2.05719693
  0.64244729  -0.11088104  -0.45569186   0.44981148   0.69190757   1.04719634   0.45310678   1.70212719  -2.05826720
  0.64387485  -0.11145891  -0.45564154   0.44817368   0.69155071   1.04719636   0.45149000   1.70172543  -2.05933475
  0.64532709  -0.11193966  -0.45559121   0.44652147   0.69119150   1.04719625   0.44988048   1.70142522  -2.06042411
  0.64681293  -0.11233856  -0.45554588   0.44486719   0.69082592   1.04719624   0.44828240   1.70121689  -2.06154098
  0.64832907  -0.11266317  -0.45550743   0.44323480   0.69045916   1.04719626   0.44671403   1.70108979  -2.06268636
  0.64985684  -0.11291816  -0.45547982   0.44165401   0.69008946   1.04719644   0.44520297   1.70104583  -2.06384322
  0.65139457  -0.11310071  -0.45546599   0.44006166   0.68969378   1.04719647   0.44369113   1.70110734  -2.06498880
  0.65294322  -0.11321593  -0.45546933   0.43847787   0.68929187   1.04719646   0.44221113   1.70126354  -2.06613717
  0.65449236  -0.11327170  -0.45548326   0.43693574   0.68888989   1.04719658   0.44077504   1.70148803  -2.06728544
  0.65604625  -0.11326558  -0.45550716   0.43537291   0.68846254   1.04719656   0.43933507   1.70180709  -2.06841991
  0.65761052  -0.11319908  -0.45554662   0.43380832   0.68802658   1.04719654   0.43791116   1.70221136  -2.06955402
  0.65918484  -0.11307510  -0.45559390   0.43226313   0.68758358   1.04719651   0.43651416   1.70268672  -2.07069353
  0.66075583  -0.11289992  -0.45565175   0.43077213   0.68714522   1.04719666   0.43517390   1.70321968  -2.07183350
  0.66233167  -0.11265803  -0.45571400   0.42926249   0.68668919   1.04719698   0.43383619   1.70384239  -2.07296717
  0.66392619  -0.11234092  -0.45578802   0.42774473   0.68622844   1.04719690   0.43252139   1.70456394  -2.07411305
  0.66552790  -0.11196424  -0.45587542   0.42628176   0.68577740   1.04719628   0.43124120   1.70533645  -2.07526517
  0.66712770  -0.11153383  -0.45597705   0.42484025   0.68530505   1.04719755   0.42999646   1.70619608  -2.07640352
  0.66872281  -0.11105053  -0.45609652   0.42340966   0.68482648   1.04719755   0.42878058   1.70713578  -2.07752775
  0.67031583  -0.11051086  -0.45621761   0.42199395   0.68435543   1.04717408   0.42759374   1.70815103  -2.07864494
  0.67191150  -0.10991370  -0.45632972   0.42060146   0.68390854   1.04710687   0.42644141   1.70923641  -2.07976446
  0.67350218  -0.10927227  -0.45644140   0.41926558   0.68347928   1.04700772   0.42533349   1.71037216  -2.08087753
  0.67508719  -0.10858169  -0.45656202   0.41793877   0.68303698   1.04686983   0.42425343   1.71161633  -2.08196106
  0.67665569  -0.10784980  -0.45669686   0.41666078   0.68259922   1.04673262   0.42320928   1.71290169  -2.08302606
  0.67820921  -0.10707096  -0.45682734   0.41540480   0.68218100   1.04652282   0.42221007   1.71428701  -2.08406156
  0.67974387  -0.10625389  -0.45696185   0.41419461   0.68176982   1.04631553   0.42124653   1.71569968  -2.08508355
  0.68126974  -0.10539027  -0.45709602   0.41298774   0.68137130   1.04603115   0.42032268   1.71723110  -2.08607503
  0.68279122  -0.10448361  -0.45722745   0.41182662   0.68103673   1.04568872   0.41943738   1.71879333  -2.08706967
  0.68431023  -0.10352707  -0.45734241   0.41069187   0.68068503   1.04532135   0.41859309   1.72043413  -2.08805712
  0.68581496  -0.10253703  -0.45748023   0.40959414   0.68031274   1.04497343   0.41776710   1.72211675  -2.08901819
  0.68731177  -0.10149970  -0.45761894   0.40849041   0.67995903   1.04456248   0.41695527   1.72389208  -2.08995272
  0.68879759  -0.10042839  -0.45776495   0.40744579   0.67964687   1.04410411   0.41620533   1.72571486  -2.09087761
  0.69026062  -0.09932655  -0.45791839   0.40644022   0.67930584   1.04362849   0.41548599   1.72760942  -2.09175905
  0.69168850  -0.09820415  -0.45809636   0.40547276   0.67896255   1.04315410   0.41480048   1.72954317  -2.09259574
  0.69309201  -0.09704157  -0.45827165   0.40450531   0.67865651   1.04256430   0.41417602   1.73161340  -2.09338557
  0.69449116  -0.09583649  -0.45842528   0.40356812   0.67842172   1.04194136   0.41356386   1.73366205  -2.09419738
  0.69589676  -0.09458321  -0.45853983   0.40267050   0.67814353   1.04132806   0.41303053   1.73577669  -2.09503218
  0.69728970  -0.09331011  -0.45869618   0.40181050   0.67788237   1.04066546   0.41249904   1.73795275  -2.09581639
  0.69864020  -0.09201084  -0.45888600   0.40100959   0.67760978   1.03993215   0.41206010   1.74027403  -2.09651842
  0.69993338  -0.09068007  -0.45908661   0.40025089   0.67733767   1.03923996   0.41162538   1.74257595  -2.09717206
  0.70120155  -0.08926326  -0.45921524   0.39944987   0.67713326   1.03842098   0.41129529   1.74502827  -2.09782780
  0.70244733  -0.08780388  -0.45936032   0.39875381   0.67700406   1.03750729   0.41103155   1.74753343  -2.09844923
  0.70365008  -0.08633797  -0.45952685   0.39815658   0.67691695   1.03651925   0.41082233   1.75007076  -2.09900782
  0.70480350  -0.08484599  -0.45968986   0.39759382   0.67680726   1.03549721   0.41065719   1.75268468  -2.09949911
  0.70590373  -0.08334119  -0.45988719   0.39709988   0.67668844   1.03448540   0.41054618   1.75533161  -2.09992451
  0.70695798  -0.08181290  -0.46009595   0.39663035   0.67658626   1.03340124   0.41047233   1.75806462  -2.10027725
  0.70797554  -0.08025696  -0.46029272   0.39620466   0.67655607   1.03225225   0.41045454   1.76081478  -2.10060757
  0.70894900  -0.07864234  -0.46046640   0.39586495   0.67656261   1.03092143   0.41063691   1.76379541  -2.10086910
  0.70985033  -0.07700300  -0.46069796   0.39565353   0.67657669   1.02961475   0.41083718   1.76675975  -2.10103759
  0.71069335  -0.07533850  -0.46090760   0.39544125   0.67657057   1.02836197   0.41101352   1.76968378  -2.10116644
  0.71150144  -0.07367409  -0.46110046   0.39522880   0.67659592   1.02712272   0.41121184   1.77256572  -2.10128947
  0.71229385  -0.07201077  -0.46128753   0.39500127   0.67660811   1.02584539   0.41144411   1.77551167  -2.10138140
  0.71307767  -0.07034200  -0.46147086   0.39479825   0.67661631   1.02461489   0.41168929   1.77841504  -2.10148381
  0.71388265  -0.06860438  -0.46157322   0.39457504   0.67669545   1.02325630   0.41202627   1.78142555  -2.10163295
  0.71470720  -0.06683921  -0.46170310   0.39443701   0.67688057   1.02174590   0.41243440   1.78451728  -2.10177198
  0.71550740  -0.06506779  -0.46184770   0.39437617   0.67705819   1.02023543   0.41285527   1.78759845  -2.10187352
  0.71624516  -0.06330133  -0.46201472   0.39435770   0.67722565   1.01870429   0.41333343   1.79072840  -2.10189175
  0.71690573  -0.06154466  -0.46218351   0.39437029   0.67739335   1.01722827   0.41382629   1.79379320  -2.10185451
  0.71749528  -0.05975997  -0.46233415   0.39439194   0.67759381   1.01561057   0.41445382   1.79703238  -2.10172072
  0.71801179  -0.05796409  -0.46251249   0.39453795   0.67776947   1.01408059   0.41510181   1.80019446  -2.10152396
  0.71847486  -0.05616442  -0.46268121   0.39471416   0.67794618   1.01255165   0.41577226   1.80334500  -2.10127851
  0.71889037  -0.05438745  -0.46287411   0.39492787   0.67814994   1.01096526   0.41649897   1.80653080  -2.10096357
  0.71923801  -0.05260797  -0.46310337   0.39522598   0.67834819   1.00924281   0.41737625   1.80990885  -2.10051288
  0.71948122  -0.05084262  -0.46342246   0.39563770   0.67850399   1.00759454   0.41824183   1.81324913  -2.09991877
  0.71962988  -0.04908814  -0.46372559   0.39609265   0.67866060   1.00600574   0.41912599   1.81650069  -2.09926319
  0.71973149  -0.04730289  -0.46396263   0.39651523   0.67890678   1.00426462   0.42011413   1.81985326  -2.09857266
  0.71984220  -0.04549642  -0.46416830   0.39692946   0.67923422   1.00251548   0.42109709   1.82313477  -2.09793316
  0.71995450  -0.04371563  -0.46438371   0.39740486   0.67948061   1.00085147   0.42209302   1.82637069  -2.09729090
  0.72003776  -0.04192306  -0.46459419   0.39789956   0.67974391   0.99910511   0.42311928   1.82967248  -2.09659150
  0.72006876  -0.04013153  -0.46482177   0.39847994   0.67999416   0.99742375   0.42420428   1.83292848  -2.09585493
  0.72003388  -0.03837381  -0.46508128   0.39910243   0.68024350   0.99572401   0.42530831   1.83618163  -2.09502643
  0.71992619  -0.03666608  -0.46537118   0.39976598   0.68046128   0.99407693   0.42645128   1.83939404  -2.09411996
  0.71974467  -0.03496270  -0.46564524   0.40046302   0.68064232   0.99240703   0.42767480   1.84266525  -2.09312416
  0.71951220  -0.03326741  -0.46593483   0.40116678   0.68086715   0.99075912   0.42885732   1.84585523  -2.09209051
  0.71926206  -0.03158715  -0.46618201   0.40185228   0.68111610   0.98915293   0.43004068   1.84894949  -2.09108683
  0.71902708  -0.02988274  -0.46634699   0.40250002   0.68139373   0.98749429   0.43128031   1.85206793  -2.09012859
  0.71880453  -0.02819165  -0.46653326   0.40321558   0.68172058   0.98578089   0.43257041   1.85518607  -2.08916977
  0.71854870  -0.02653435  -0.46675239   0.40401165   0.68199933   0.98411072   0.43387336   1.85826736  -2.08815829
  0.71821008  -0.02488903  -0.46699785   0.40489646   0.68223176   0.98240418   0.43530146   1.86144860  -2.08701791
  0.71778159  -0.02326445  -0.46727847   0.40581480   0.68250649   0.98073021   0.43665449   1.86451395  -2.08579559
  0.71729544  -0.02166671  -0.46752678   0.40670787   0.68280004   0.97908927   0.43802788   1.86750737  -2.08455271
  0.71678267  -0.02011612  -0.46776285   0.40756954   0.68307331   0.97751592   0.43937905   1.87041047  -2.08330705
  0.71625757  -0.01861541  -0.46799676   0.40843801   0.68333289   0.97596166   0.44075500   1.87327049  -2.08205230
  0.71570288  -0.01711698  -0.46823793   0.40937709   0.68357420   0.97427118   0.44231052   1.87632127  -2.08069848
  0.71507928  -0.01562756  -0.46853618   0.41043111   0.68388354   0.97255058   0.44381709   1.87928959  -2.07926115
  0.71440007  -0.01415691  -0.46879811   0.41151369   0.68419675   0.97091690   0.44534552   1.88213232  -2.07782734
  0.71370132  -0.01273069  -0.46902637   0.41256749   0.68451547   0.96932050   0.44685225   1.88487408  -2.07640805
  0.71298815  -0.01131647  -0.46921644   0.41362544   0.68486293   0.96763384   0.44847144   1.88768130  -2.07496538
  0.71224775  -0.00993381  -0.46944354   0.41473072   0.68522260   0.96599321   0.45002265   1.89037851  -2.07350044
  0.71148959  -0.00858336  -0.46963527   0.41580219   0.68555329   0.96448789   0.45150686   1.89291049  -2.07208055
  0.71073616  -0.00727517  -0.46978352   0.41683688   0.68588919   0.96300252   0.45302337   1.89538347  -2.07069749
  0.70998235  -0.00596964  -0.46987702   0.41788217   0.68628898   0.96140776   0.45463386   1.89789094  -2.06932046
  0.70920551  -0.00468439  -0.46998617   0.41902552   0.68669204   0.95982692   0.45626858   1.90034127  -2.06792319
  0.70839304  -0.00344666  -0.47012323   0.42019322   0.68704791   0.95834525   0.45782704   1.90267448  -2.06649923
  0.70755012  -0.00227581  -0.47027156   0.42133507   0.68738164   0.95694002   0.45934581   1.90490241  -2.06506248
  0.70667943  -0.00118737  -0.47043980   0.42245210   0.68766083   0.95561424   0.46086572   1.90706299  -2.06359839
  0.70578699  -0.00016847  -0.47060765   0.42353489   0.68791760   0.95436903   0.46234020   1.90910560  -2.06213892
  0.70488244   0.00083441  -0.47070787   0.42459374   0.68822805   0.95307760   0.46393400   1.91114647  -2.06070286
  0.70398126   0.00180787  -0.47079243   0.42568849   0.68860421   0.95172244   0.46551419   1.91312215  -2.05928127
  0.70306840   0.00272657  -0.47089788   0.42685925   0.68897302   0.95037991   0.46711062   1.91503211  -2.05784470
  0.70209906   0.00357175  -0.47104120   0.42809884   0.68923810   0.94919042   0.46863769   1.91679777  -2.05636245
  0.70103985   0.00433641  -0.47122383   0.42936120   0.68945032   0.94808889   0.47009913   1.91844931  -2.05479071
  0.69991730   0.00503861  -0.47140548   0.43058324   0.68966691   0.94702253   0.47159815   1.92004919  -2.05317226
  0.69875713   0.00570232  -0.47155532   0.43182446   0.68993644   0.94589362   0.47318479   1.92163250  -2.05152888
  0.69756875   0.00632191  -0.47169994   0.43313425   0.69024862   0.94475264   0.47475929   1.92310990  -2.04988151
  0.69637451   0.00690177  -0.47181228   0.43443973   0.69055191   0.94369568   0.47629761   1.92445035  -2.04828338
  0.69518842   0.00742400  -0.47192229   0.43570165   0.69080049   0.94274256   0.47779554   1.92569768  -2.04671743
  0.69401167   0.00787758  -0.47204858   0.43691449   0.69100599   0.94186973   0.47922201   1.92685341  -2.04517022
  0.69282300   0.00825873  -0.47217730   0.43816401   0.69120820   0.94102940   0.48068703   1.92792568  -2.04362915
  0.69160966   0.00857220  -0.47230575   0.43942576   0.69141286   0.94021642   0.48210381   1.92888523  -2.04208391
  0.69037918   0.00882667  -0.47242611   0.44066452   0.69159837   0.93948657   0.48348806   1.92972960  -2.04055887
  0.68913035   0.00901559  -0.47253442   0.44191648   0.69179083   0.93879610   0.48488653   1.93047100  -2.03904887
  0.68785832   0.00913116  -0.47264250   0.44318632   0.69197726   0.93812736   0.48627118   1.93112076  -2.03752966
  0.68657083   0.00917904  -0.47275828   0.44442493   0.69213507   0.93754534   0.48757947   1.93164763  -2.03602293
  0.68526165   0.00915457  -0.47287791   0.44568820   0.69229535   0.93699936   0.48892100   1.93208812  -2.03451644
  0.68392478   0.00906033  -0.47298914   0.44696650   0.69244959   0.93650207   0.49022085   1.93240103  -2.03301535
  0.68257269   0.00890668  -0.47309597   0.44822193   0.69259886   0.93605577   0.49149006   1.93261734  -2.03152689
  0.68120093   0.00868781  -0.47320297   0.44949875   0.69273994   0.93565897   0.49277257   1.93274077  -2.03004468
  0.67980177   0.00840220  -0.47330883   0.45078900   0.69287083   0.93530184   0.49403249   1.93276531  -2.02855688
  0.67838460   0.00806178  -0.47341247   0.45205952   0.69299108   0.93499994   0.49524850   1.93269279  -2.02707802
  0.67694966   0.00766507  -0.47350884   0.45335297   0.69311291   0.93474257   0.49647612   1.93252459  -2.02561390
  0.67550423   0.00721772  -0.47359571   0.45463451   0.69324111   0.93450165   0.49765616   1.93227008  -2.02416038
  0.67404127   0.00671325  -0.47367457   0.45595831   0.69337817   0.93429832   0.49887496   1.93192275  -2.02272341
  0.67255102   0.00614819  -0.47374560   0.45730269   0.69351447   0.93412014   0.50007241   1.93147898  -2.02128293
  0.67103469   0.00553110  -0.47380810   0.45865298   0.69365148   0.93396762   0.50127073   1.93096046  -2.01983859
  0.66950767   0.00487596  -0.47386586   0.45997511   0.69378049   0.93385856   0.50242096   1.93036698  -2.01840618
  0.66796873   0.00417538  -0.47391814   0.46132838   0.69391872   0.93378544   0.50359636   1.92969233  -2.01699289
  0.66640753   0.00341951  -0.47396312   0.46270707   0.69405181   0.93373740   0.50475552   1.92893039  -2.01557865
  0.66482081   0.00261087  -0.47401000   0.46409194   0.69417658   0.93372472   0.50591055   1.92809808  -2.01415612
  0.66322000   0.00176560  -0.47405162   0.46545127   0.69430097   0.93374013   0.50702730   1.92720131  -2.01273843
  0.66160323   0.00087627  -0.47407963   0.46685477   0.69444802   0.93378370   0.50817292   1.92621034  -2.01134457
  0.65997885  -0.00005045  -0.47409466   0.46823990   0.69458892   0.93384233   0.50926854   1.92515524  -2.00995807
  0.65834099  -0.00102266  -0.47410868   0.46965235   0.69472759   0.93394339   0.51039424   1.92403009  -2.00858393
  0.65667998  -0.00204711  -0.47411724   0.47107974   0.69486769   0.93406511   0.51149552   1.92282092  -2.00720723
  0.65499470  -0.00312025  -0.47412215   0.47251418   0.69500450   0.93422171   0.51260091   1.92154046  -2.00582863
  0.65328805  -0.00423632  -0.47412228   0.47394925   0.69514178   0.93440978   0.51368737   1.92018504  -2.00445175
  0.65156359  -0.00539062  -0.47411565   0.47538896   0.69527792   0.93462007   0.51477481   1.91877298  -2.00307500
  0.64982236  -0.00658255  -0.47410646   0.47683401   0.69541021   0.93485858   0.51584837   1.91729862  -2.00169928
  0.64806530  -0.00781242  -0.47409134   0.47829105   0.69555187   0.93512633   0.51691243   1.91574706  -2.00033528
  0.64629447  -0.00907862  -0.47407078   0.47974450   0.69568355   0.93541864   0.51796629   1.91414504  -1.99897088
  0.64451025  -0.01038085  -0.47404621   0.48120948   0.69582936   0.93572847   0.51901585   1.91247693  -1.99761559
  0.64271335  -0.01171584  -0.47401605   0.48267300   0.69595808   0.93607570   0.52005288   1.91075493  -1.99626402
  0.64090532  -0.01308033  -0.47397832   0.48414257   0.69610508   0.93642900   0.52108475   1.90897738  -1.99492112
  0.63908790  -0.01447235  -0.47393362   0.48561039   0.69624765   0.93679973   0.52211544   1.90716020  -1.99358149
  0.63725898  -0.01589454  -0.47388204   0.48708940   0.69639240   0.93720446   0.52313373   1.90527288  -1.99225657
  0.63542226  -0.01734157  -0.47381987   0.48855991   0.69653563   0.93762344   0.52413873   1.90334309  -1.99093793
  0.63358052  -0.01881105  -0.47375602   0.49003027   0.69668799   0.93804846   0.52514331   1.90138004  -1.98962484
  0.63173341  -0.02030168  -0.47368568   0.49150353   0.69683916   0.93849407   0.52613633   1.89937193  -1.98832218
  0.62988115  -0.02181225  -0.47360876   0.49297681   0.69699440   0.93895074   0.52712351   1.89732659  -1.98702760
  0.62802194  -0.02334324  -0.47352691   0.49445265   0.69714714   0.93942542   0.52810621   1.89524421  -1.98573872
  0.62615098  -0.02489694  -0.47344303   0.49593804   0.69730075   0.93991157   0.52909037   1.89312731  -1.98444800
  0.62427009  -0.02646753  -0.47334625   0.49742460   0.69746901   0.94040138   0.53006537   1.89096660  -1.98316559
  0.62239662  -0.02803472  -0.47323721   0.49887317   0.69763740   0.94088259   0.53102687   1.88881460  -1.98189020
  0.62052514  -0.02961152  -0.47312608   0.50035013   0.69780875   0.94139614   0.53199636   1.88661705  -1.98063924
  0.61864817  -0.03120349  -0.47301201   0.50183400   0.69797676   0.94189556   0.53295691   1.88441115  -1.97937665
  0.61676138  -0.03280907  -0.47289398   0.50332338   0.69814782   0.94241461   0.53392295   1.88217225  -1.97811972
  0.61486230  -0.03442963  -0.47276360   0.50482088   0.69833527   0.94292643   0.53489375   1.87990197  -1.97686370
  0.61295129  -0.03606390  -0.47262528   0.50632008   0.69852020   0.94344549   0.53586901   1.87761061  -1.97560362
  0.61103191  -0.03770706  -0.47247634   0.50782211   0.69871629   0.94396609   0.53684081   1.87529033  -1.97434853
  0.60910871  -0.03935500  -0.47231546   0.50932251   0.69891313   0.94448840   0.53781562   1.87295614  -1.97309770
  0.60718257  -0.04100845  -0.47214952   0.51082552   0.69911624   0.94500126   0.53879633   1.87061683  -1.97184548
  0.60524944  -0.04267096  -0.47198408   0.51233718   0.69931795   0.94552344   0.53978141   1.86826199  -1.97059129
  0.60330936  -0.04433878  -0.47180789   0.51385212   0.69952274   0.94604896   0.54075875   1.86588432  -1.96933985
  0.60136262  -0.04601041  -0.47162373   0.51537480   0.69973202   0.94655893   0.54176162   1.86351311  -1.96808108
  0.59941199  -0.04768184  -0.47142717   0.51690177   0.69995465   0.94706859   0.54275062   1.86111460  -1.96683212
  0.59746251  -0.04934893  -0.47121687   0.51842728   0.70018204   0.94756144   0.54375629   1.85872569  -1.96558518
  0.59551464  -0.05101187  -0.47100092   0.51995494   0.70041156   0.94804850   0.54476217   1.85633802  -1.96434067
  0.59356426  -0.05267312  -0.47078083   0.52149295   0.70064147   0.94852521   0.54578371   1.85395890  -1.96309109
  0.59161188  -0.05432945  -0.47054838   0.52303469   0.70088604   0.94898582   0.54680051   1.85157208  -1.96184507
  0.58966148  -0.05597708  -0.47030445   0.52457446   0.70112987   0.94943467   0.54783088   1.84919978  -1.96060008
  0.58771144  -0.05761787  -0.47005885   0.52611938   0.70137316   0.94987205   0.54887042   1.84684345  -1.95934970
  0.58576060  -0.05925047  -0.46980104   0.52767472   0.70163156   0.95028875   0.54991757   1.84448838  -1.95810212
  0.58381354  -0.06086931  -0.46953798   0.52921513   0.70187731   0.95069417   0.55096977   1.84216745  -1.95684668
  0.58188391  -0.06245868  -0.46927809   0.53072311   0.70212403   0.95107644   0.55200723   1.83989827  -1.95559110
  0.57996115  -0.06403561  -0.46900222   0.53227988   0.70239303   0.95144933   0.55307873   1.83761379  -1.95436022
  0.57803528  -0.06561243  -0.46871039   0.53385198   0.70265882   0.95179281   0.55415409   1.83533869  -1.95311739
  0.57610574  -0.06718402  -0.46840795   0.53542760   0.70293925   0.95211183   0.55524672   1.83307298  -1.95187161
  0.57417729  -0.06874158  -0.46809467   0.53699690   0.70321930   0.95240618   0.55634920   1.83083695  -1.95061816
  0.57225479  -0.07027922  -0.46778545   0.53855422   0.70348594   0.95269039   0.55745685   1.82864673  -1.94935396
  0.57034975  -0.07178351  -0.46747979   0.54008666   0.70375888   0.95294570   0.55855053   1.82651021  -1.94808919
  0.56845083  -0.07327231  -0.46715047   0.54166985   0.70404828   0.95318560   0.55968930   1.82436815  -1.94684636
  0.56655295  -0.07475482  -0.46681158   0.54324938   0.70432764   0.95338794   0.56082292   1.82226099  -1.94558231
  0.56466579  -0.07621633  -0.46648214   0.54480352   0.70460281   0.95358860   0.56194959   1.82019068  -1.94431822
  0.56278169  -0.07766464  -0.46612909   0.54640396   0.70490618   0.95375694   0.56311598   1.81811641  -1.94306975
  0.56091157  -0.07908822  -0.46575755   0.54797539   0.70520486   0.95388015   0.56426130   1.81609051  -1.94181389
  0.55905199  -0.08049195  -0.46538691   0.54956102   0.70549701   0.95398807   0.56545408   1.81411394  -1.94055764
  0.55719402  -0.08188057  -0.46500943   0.55116106   0.70579347   0.95405608   0.56664472   1.81216821  -1.93928553
  0.55533455  -0.08325306  -0.46462764   0.55276911   0.70608274   0.95409942   0.56786233   1.81026639  -1.93799697
  0.55347471  -0.08460639  -0.46423592   0.55438953   0.70638934   0.95411122   0.56909320   1.80838608  -1.93670491
  0.55162163  -0.08593378  -0.46382763   0.55600572   0.70668739   0.95409650   0.57033623   1.80654950  -1.93540767
  0.54977969  -0.08723424  -0.46341351   0.55762564   0.70699296   0.95402710   0.57160150   1.80477708  -1.93409774
  0.54794800  -0.08851030  -0.46300569   0.55924950   0.70728172   0.95395107   0.57287373   1.80305176  -1.93278010
  0.54612501  -0.08976028  -0.46258463   0.56088371   0.70758284   0.95382867   0.57416048   1.80136836  -1.93145812
  0.54431713  -0.09097884  -0.46214640   0.56251490   0.70788309   0.95366722   0.57545889   1.79973631  -1.93013637
  0.54252851  -0.09216600  -0.46170516   0.56414614   0.70817745   0.95347952   0.57676551   1.79815874  -1.92881547
  0.54075427  -0.09332596  -0.46126111   0.56578988   0.70846464   0.95324776   0.57810099   1.79665079  -1.92748143
  0.53898943  -0.09445948  -0.46081179   0.56744275   0.70874962   0.95297848   0.57944955   1.79519585  -1.92613579
  0.53723398  -0.09556378  -0.46035462   0.56909771   0.70903037   0.95267088   0.58081686   1.79380079  -1.92477858
  0.53549052  -0.09663668  -0.45989240   0.57075149   0.70930536   0.95232817   0.58219521   1.79246672  -1.92341100
  0.53376168  -0.09767672  -0.45942601   0.57240702   0.70957648   0.95194809   0.58358865   1.79119648  -1.92203519
  0.53204903  -0.09868326  -0.45895508   0.57406548   0.70984359   0.95152941   0.58499548   1.78999042  -1.92065183
  0.53035437  -0.09965546  -0.45847987   0.57572360   0.71010549   0.95107165   0.58641462   1.78885140  -1.91926140
  0.52867856  -0.10059320  -0.45800037   0.57738335   0.71035996   0.95057425   0.58784825   1.78778182  -1.91786324
  0.52701960  -0.10149742  -0.45751640   0.57905252   0.71060368   0.95003484   0.58930375   1.78678540  -1.91645264
  0.52538037  -0.10236548  -0.45703703   0.58070816   0.71083420   0.94947325   0.59075127   1.78585447  -1.91503501
  0.52377398  -0.10318843  -0.45656165   0.58232268   0.71105782   0.94890310   0.59217858   1.78498487  -1.91363409
  0.52219732  -0.10396887  -0.45604467   0.58396920   0.71127373   0.94827893   0.59367123   1.78418152  -1.91225104
  0.52064083  -0.10471826  -0.45553272   0.58563519   0.71147462   0.94758314   0.59515380   1.78346909  -1.91083045
  0.51909957  -0.10543408  -0.45503948   0.58730455   0.71167623   0.94684566   0.59666793   1.78284435  -1.90939073
  0.51758348  -0.10610858  -0.45456137   0.58892426   0.71187648   0.94610003   0.59813408   1.78227453  -1.90795495
  0.51609653  -0.10674503  -0.45408466   0.59052699   0.71204962   0.94535197   0.59961952   1.78177479  -1.90652869
  0.51464451  -0.10734056  -0.45361661   0.59208231   0.71218836   0.94459848   0.60109655   1.78136092  -1.90510566
  0.51322246  -0.10787093  -0.45309124   0.59363009   0.71231387   0.94373903   0.60274090   1.78111137  -1.90368393
  0.51181909  -0.10834326  -0.45253154   0.59528339   0.71246203   0.94269927   0.60437882   1.78097652  -1.90219737
  0.51043116  -0.10876933  -0.45200094   0.59700101   0.71261856   0.94160237   0.60604614   1.78093644  -1.90067811
  0.50906024  -0.10915423  -0.45148505   0.59869716   0.71274578   0.94051814   0.60765576   1.78094447  -1.89914799
  0.50769992  -0.10951144  -0.45097684   0.60039417   0.71283842   0.93941893   0.60930913   1.78103585  -1.89759484
  0.50635331  -0.10983371  -0.45045979   0.60208755   0.71292756   0.93826720   0.61097408   1.78119897  -1.89602301
  0.50503018  -0.11008807  -0.44987205   0.60381133   0.71300852   0.93701955   0.61274789   1.78147298  -1.89445269
  0.50374028  -0.11028998  -0.44930045   0.60555184   0.71312084   0.93564875   0.61449878   1.78186565  -1.89284286
  0.50249036  -0.11044917  -0.44876856   0.60728498   0.71323148   0.93425387   0.61626146   1.78235409  -1.89123171
  0.50127122  -0.11057071  -0.44824581   0.60898854   0.71328878   0.93286856   0.61799569   1.78291518  -1.88961229
  0.50006768  -0.11064453  -0.44771361   0.61069733   0.71327203   0.93137025   0.61988727   1.78370448  -1.88790859
  0.49887148  -0.11066705  -0.44718536   0.61245394   0.71323922   0.92985542   0.62172126   1.78453468  -1.88617594
  0.49769546  -0.11064341  -0.44668176   0.61419081   0.71321118   0.92835852   0.62352601   1.78540297  -1.88445460
  0.49654889  -0.11058371  -0.44620446   0.61586680   0.71314731   0.92689552   0.62528263   1.78632592  -1.88273837
  0.49544514  -0.11048010  -0.44572764   0.61748995   0.71306288   0.92542512   0.62706131   1.78732955  -1.88104429
  0.49439996  -0.11028305  -0.44514068   0.61910587   0.71290202   0.92387265   0.62897863   1.78849256  -1.87937281
  0.49341438  -0.11001139  -0.44454730   0.62076790   0.71277747   0.92218653   0.63083553   1.78975861  -1.87768812
  0.49247567  -0.10969428  -0.44399660   0.62246487   0.71268416   0.92042047   0.63269897   1.79112776  -1.87598875
  0.49156846  -0.10935718  -0.44350615   0.62415227   0.71259322   0.91859376   0.63458798   1.79261613  -1.87424848
  0.49068853  -0.10899277  -0.44304510   0.62577358   0.71253596   0.91674795   0.63643389   1.79414283  -1.87251976
  0.48984176  -0.10855546  -0.44252229   0.62735876   0.71242410   0.91481885   0.63838908   1.79582950  -1.87077130
  0.48901461  -0.10807263  -0.44200832   0.62900938   0.71218523   0.91294835   0.64033774   1.79759326  -1.86898319
  0.48817451  -0.10757003  -0.44156115   0.63068664   0.71188098   0.91108551   0.64228996   1.79946306  -1.86710171
  0.48730739  -0.10702619  -0.44114573   0.63236131   0.71154692   0.90907889   0.64439676   1.80157045  -1.86506985
  0.48640197  -0.10645336  -0.44076446   0.63407489   0.71129824   0.90699569   0.64645682   1.80369561  -1.86297234
  0.48550707  -0.10581651  -0.44029935   0.63572576   0.71100142   0.90509229   0.64843089   1.80569555  -1.86099645
  0.48465198  -0.10511787  -0.43976214   0.63730176   0.71057243   0.90333532   0.65034961   1.80767976  -1.85909502
  0.48392387  -0.10433033  -0.43917105   0.63881644   0.71009043   0.90157879   0.65227476   1.80975345  -1.85730584
  0.48330583  -0.10353102  -0.43867839   0.64041280   0.70958516   0.89965493   0.65426735   1.81205505  -1.85544707
  0.48275585  -0.10270853  -0.43824572   0.64198933   0.70919358   0.89763029   0.65620121   1.81439970  -1.85361993
  0.48226198  -0.10181077  -0.43774973   0.64348332   0.70886301   0.89548687   0.65823457   1.81684797  -1.85184150
  0.48181920  -0.10087729  -0.43728150   0.64495136   0.70860948   0.89323453   0.66021902   1.81936196  -1.85006610
  0.48142572  -0.09993348  -0.43686063   0.64637642   0.70837509   0.89101524   0.66215331   1.82187545  -1.84833711
  0.48104635  -0.09901072  -0.43647153   0.64780206   0.70797537   0.88892417   0.66407893   1.82441399  -1.84657369
  0.48062563  -0.09810237  -0.43610320   0.64928897   0.70742058   0.88679337   0.66612673   1.82711234  -1.84462893
  0.48013891  -0.09715665  -0.43580967   0.65075917   0.70698835   0.88452818   0.66818911   1.82991605  -1.84255962
  0.47960493  -0.09614938  -0.43551720   0.65221467   0.70656328   0.88230709   0.67025058   1.83273479  -1.84046212
  0.47908891  -0.09507586  -0.43515640   0.65363080   0.70607701   0.88023807   0.67219720   1.83546248  -1.83846085
  0.47871544  -0.09388647  -0.43472763   0.65485432   0.70565892   0.87816173   0.67412795   1.83823370  -1.83666594
  0.47851395  -0.09263337  -0.43430672   0.65601112   0.70527054   0.87601385   0.67601752   1.84109981  -1.83499874
  0.47842984  -0.09136702  -0.43391489   0.65719927   0.70485800   0.87383501   0.67787752   1.84401955  -1.83338589
  0.47840864  -0.09009334  -0.43351880   0.65836633   0.70442211   0.87173242   0.67967079   1.84688451  -1.83186232
  0.47845694  -0.08874173  -0.43300374   0.65944707   0.70392906   0.86964308   0.68152981   1.84978801  -1.83043362
  0.47857393  -0.08733839  -0.43249127   0.66050440   0.70349362   0.86747308   0.68329617   1.85273319  -1.82904344
  0.47873192  -0.08593333  -0.43207118   0.66156907   0.70314199   0.86519282   0.68513671   1.85578477  -1.82761911
  0.47889182  -0.08450216  -0.43166119   0.66261691   0.70274782   0.86288517   0.68700300   1.85892313  -1.82613492
  0.47903409  -0.08306683  -0.43129934   0.66367858   0.70227617   0.86067119   0.68880252   1.86206490  -1.82460702
  0.47915369  -0.08164921  -0.43100771   0.66469114   0.70181531   0.85856412   0.69050713   1.86514362  -1.82308855
  0.47926650  -0.08023275  -0.43075996   0.66559218   0.70136005   0.85650051   0.69216325   1.86823099  -1.82156500
  0.47938679  -0.07881284  -0.43055272   0.66642727   0.70090359   0.85446864   0.69379545   1.87133674  -1.82003969
  0.47953042  -0.07732027  -0.43031260   0.66720450   0.70042521   0.85230841   0.69557742   1.87463559  -1.81844230
  0.47967802  -0.07578699  -0.43005265   0.66810509   0.69991424   0.85019002   0.69732087   1.87790097  -1.81685326
  0.47982828  -0.07424317  -0.42980301   0.66900055   0.69937931   0.84819380   0.69893798   1.88107738  -1.81531864
  0.47999876  -0.07270570  -0.42957350   0.66979899   0.69886667   0.84630056   0.70047425   1.88417326  -1.81387172
  0.48024027  -0.07114327  -0.42936947   0.67041831   0.69846419   0.84430371   0.70195548   1.88733447  -1.81247893
  0.48058720  -0.06953365  -0.42916160   0.67089981   0.69809520   0.84229196   0.70342397   1.89054875  -1.81119632
  0.48101926  -0.06791302  -0.42898450   0.67138896   0.69762560   0.84042795   0.70480252   1.89373563  -1.81000761
  0.48150444  -0.06629840  -0.42883832   0.67186369   0.69713790   0.83861853   0.70613109   1.89690260  -1.80887446
  0.48198849  -0.06465034  -0.42869617   0.67232936   0.69656942   0.83664973   0.70766290   1.90031815  -1.80755988
  0.48238618  -0.06299513  -0.42863474   0.67288277   0.69611107   0.83463095   0.70912228   1.90371745  -1.80614954
  0.48272047  -0.06131648  -0.42850993   0.67342500   0.69558993   0.83288731   0.71044764   1.90690279  -1.80485086
  0.48303477  -0.05965973  -0.42841237   0.67388251   0.69503948   0.83127249   0.71164815   1.91000787  -1.80358474
  0.48340774  -0.05799269  -0.42837307   0.67415909   0.69465578   0.82955705   0.71283704   1.91316155  -1.80238280
  0.48390882  -0.05626763  -0.42825050   0.67433533   0.69430686   0.82785520   0.71398880   1.91628005  -1.80137916
  0.48453963  -0.05452454  -0.42810033   0.67449608   0.69395000   0.82619149   0.71506584   1.91935468  -1.80053787
  0.48526930  -0.05278089  -0.42798040   0.67460503   0.69359584   0.82451570   0.71608234   1.92245664  -1.79976948
  0.48605013  -0.05105320  -0.42788866   0.67466932   0.69323607   0.82292170   0.71703517   1.92550695  -1.79908800
  0.48685354  -0.04933204  -0.42782177   0.67465417   0.69285452   0.82138139   0.71790579   1.92854782  -1.79843660
  0.48766904  -0.04762326  -0.42779693   0.67456022   0.69252327   0.81993437   0.71869455   1.93150978  -1.79787275
  0.48850339  -0.04591532  -0.42778550   0.67437699   0.69220927   0.81850999   0.71941590   1.93445943  -1.79734640
  0.48935456  -0.04422479  -0.42780633   0.67415546   0.69189884   0.81717139   0.72007204   1.93734985  -1.79688159
  0.49023023  -0.04252746  -0.42782644   0.67385705   0.69160136   0.81586092   0.72064811   1.94021758  -1.79646992
  0.49113289  -0.04083529  -0.42786371   0.67351261   0.69132603   0.81461245   0.72118079   1.94303619  -1.79613287
  0.49206943  -0.03913974  -0.42791981   0.67309395   0.69107384   0.81335761   0.72164081   1.94586303  -1.79583104
  0.49303669  -0.03745027  -0.42798715   0.67263723   0.69084847   0.81218806   0.72204008   1.94861052  -1.79563235
  0.49404047  -0.03575448  -0.42803052   0.67212040   0.69060225   0.81106372   0.72237214   1.95132768  -1.79550119
  0.49507150  -0.03407512  -0.42811093   0.67156896   0.69036773   0.80998018   0.72266088   1.95402139  -1.79541417
  0.49612081  -0.03240107  -0.42821814   0.67096761   0.69014979   0.80888038   0.72290583   1.95673391  -1.79533091
  0.49717006  -0.03074373  -0.42834099   0.67036051   0.68990025   0.80788121   0.72310694   1.95938689  -1.79528942
  0.49821078  -0.02908610  -0.42847633   0.66970575   0.68963192   0.80691451   0.72323546   1.96203669  -1.79524486
  0.49926048  -0.02741000  -0.42861794   0.66899347   0.68946538   0.80592883   0.72335198   1.96466250  -1.79525840
  0.50033498  -0.02573760  -0.42872782   0.66826479   0.68931752   0.80497304   0.72344589   1.96722507  -1.79534838
  0.50144858  -0.02407295  -0.42883986   0.66748871   0.68918687   0.80401029   0.72348373   1.96977528  -1.79548594
  0.50259358  -0.02242584  -0.42895960   0.66669195   0.68905756   0.80310628   0.72349341   1.97227317  -1.79569381
  0.50376515  -0.02078867  -0.42908317   0.66585136   0.68895287   0.80219070   0.72344932   1.97475592  -1.79593818
  0.50495441  -0.01917003  -0.42920336   0.66499826   0.68887099   0.80132408   0.72338205   1.97716778  -1.79625371
  0.50615892  -0.01756139  -0.42931619   0.66410028   0.68877355   0.80050093   0.72323852   1.97954123  -1.79661384
  0.50737115  -0.01597383  -0.42944349   0.66318383   0.68868684   0.79972037   0.72308657   1.98187322  -1.79701077
  0.50859181  -0.01439861  -0.42958079   0.66222076   0.68861494   0.79894256   0.72286450   1.98418741  -1.79742823
  0.50982487  -0.01282661  -0.42971831   0.66123071   0.68855578   0.79820577   0.72261953   1.98646414  -1.79789544
  0.51107021  -0.01126922  -0.42985741   0.66022567   0.68851537   0.79748399   0.72233463   1.98870125  -1.79840160
  0.51231765  -0.00974818  -0.42999358   0.65922753   0.68847019   0.79683209   0.72201731   1.99084983  -1.79896299
  0.51357344  -0.00824990  -0.43012314   0.65818020   0.68844225   0.79619920   0.72161826   1.99294401  -1.79957011
  0.51484212  -0.00677221  -0.43026788   0.65709815   0.68842539   0.79559395   0.72121470   1.99501352  -1.80020755
  0.51611184  -0.00533204  -0.43042278   0.65601997   0.68842243   0.79501689   0.72077554   1.99701983  -1.80087666
  0.51738731  -0.00391653  -0.43058320   0.65489672   0.68842723   0.79447429   0.72025942   1.99897548  -1.80158622
  0.51867088  -0.00252330  -0.43074782   0.65374870   0.68843861   0.79396979   0.71972927   2.00088774  -1.80233378
  0.51995230  -0.00117023  -0.43091097   0.65261102   0.68845956   0.79350086   0.71916780   2.00272250  -1.80311905
  0.52123507   0.00014781  -0.43107412   0.65144259   0.68849434   0.79305876   0.71853943   2.00449241  -1.80394336
  0.52251682   0.00142644  -0.43123536   0.65027184   0.68853627   0.79265775   0.71791696   2.00619465  -1.80480288
  0.52380586   0.00267453  -0.43141103   0.64904539   0.68858521   0.79229691   0.71718344   2.00784021  -1.80570785
  0.52510769   0.00389635  -0.43159475   0.64779194   0.68864103   0.79198992   0.71642288   2.00942877  -1.80666637
  0.52642205   0.00508534  -0.43177626   0.64652284   0.68871290   0.79170635   0.71560857   2.01095216  -1.80767501
  0.52774294   0.00623033  -0.43196618   0.64523917   0.68877599   0.79147969   0.71476185   2.01240700  -1.80872544
  0.52905146   0.00731804  -0.43216198   0.64397664   0.68885063   0.79126732   0.71390806   2.01379024  -1.80978533
  0.53033771   0.00835375  -0.43236837   0.64270967   0.68893518   0.79108164   0.71299703   2.01509903  -1.81085447
  0.53160708   0.00934463  -0.43256393   0.64143728   0.68900999   0.79096955   0.71206817   2.01631349  -1.81196246
  0.53287781   0.01029672  -0.43276337   0.64012668   0.68910668   0.79087756   0.71106298   2.01746173  -1.81310997
  0.53414807   0.01120398  -0.43296437   0.63882831   0.68920575   0.79082022   0.71007555   2.01854637  -1.81428331
  0.53541173   0.01205626  -0.43319991   0.63751664   0.68930083   0.79080086   0.70897962   2.01956482  -1.81547365
  0.53666757   0.01286242  -0.43343131   0.63617371   0.68938024   0.79088044   0.70786861   2.02048750  -1.81671841
  0.53792377   0.01362155  -0.43364639   0.63479970   0.68949495   0.79097880   0.70668916   2.02131220  -1.81802160
  0.53918471   0.01431540  -0.43385508   0.63343827   0.68964008   0.79111144   0.70550194   2.02202395  -1.81938459
  0.54047330   0.01490084  -0.43409349   0.63203959   0.68990189   0.79132320   0.70404814   2.02247694  -1.82093812
  0.54179554   0.01538866  -0.43431905   0.63054833   0.69009873   0.79160753   0.70262316   2.02286171  -1.82253314
  0.54311507   0.01578911  -0.43461168   0.62901013   0.69013675   0.79205650   0.70114106   2.02321620  -1.82410249
  0.54438608   0.01612510  -0.43497474   0.62746887   0.69015845   0.79257560   0.69962444   2.02352244  -1.82562866
  0.54560963   0.01642327  -0.43531976   0.62593791   0.69021950   0.79312688   0.69804895   2.02371429  -1.82717840
  0.54681089   0.01666890  -0.43566129   0.62440282   0.69030189   0.79372817   0.69642310   2.02379593  -1.82876671
  0.54799819   0.01680656  -0.43608997   0.62283157   0.69035470   0.79445088   0.69464017   2.02375708  -1.83038191
  0.54916671   0.01685969  -0.43652431   0.62120982   0.69036020   0.79531086   0.69282971   2.02359242  -1.83204042
  0.55031927   0.01683880  -0.43694536   0.61957615   0.69037624   0.79623638   0.69093400   2.02328052  -1.83375830
  0.55146650   0.01671859  -0.43739196   0.61789962   0.69042366   0.79729288   0.68889670   2.02276386  -1.83558855
  0.55259956   0.01650564  -0.43781923   0.61621618   0.69038663   0.79840522   0.68692079   2.02218493  -1.83739197
  0.55370796   0.01622115  -0.43825393   0.61457493   0.69037621   0.79948262   0.68496428   2.02154345  -1.83916528
  0.55478881   0.01588064  -0.43867276   0.61297892   0.69041754   0.80057454   0.68299048   2.02077342  -1.84097279
  0.55586670   0.01544019  -0.43907393   0.61139051   0.69045757   0.80189600   0.68077937   2.01967763  -1.84298059
  0.55699861   0.01492510  -0.43936082   0.60969778   0.69048397   0.80332830   0.67855576   2.01838606  -1.84516674
  0.55820160   0.01435733  -0.43961763   0.60789303   0.69058655   0.80468342   0.67639161   2.01707114  -1.84742113
  0.55944385   0.01374137  -0.43993018   0.60605457   0.69076990   0.80588898   0.67422631   2.01581060  -1.84963475
  0.56066181   0.01307538  -0.44027576   0.60429096   0.69086264   0.80725755   0.67201476   2.01444112  -1.85186569
  0.56180983   0.01229663  -0.44069012   0.60260306   0.69084157   0.80883883   0.66964774   2.01288647  -1.85408615
  0.56287597   0.01143630  -0.44111672   0.60089370   0.69076351   0.81051308   0.66732180   2.01125646  -1.85623437
  0.56384759   0.01052046  -0.44160137   0.59922396   0.69064546   0.81210766   0.66508880   2.00971343  -1.85816665
  0.56473172   0.00956892  -0.44214583   0.59760368   0.69065758   0.81368194   0.66275842   2.00806009  -1.86006369
  0.56557315   0.00855460  -0.44266123   0.59596566   0.69077008   0.81533938   0.66032590   2.00617192  -1.86206486
  0.56640712   0.00749151  -0.44307109   0.59431209   0.69073549   0.81712065   0.65801218   2.00420843  -1.86408384
  0.56722730   0.00638181  -0.44354489   0.59266248   0.69069932   0.81882329   0.65566660   2.00229388  -1.86600336
  0.56800402   0.00526160  -0.44404027   0.59109382   0.69064949   0.82056261   0.65339493   2.00035908  -1.86787299
  0.56872677   0.00412460  -0.44453436   0.58960048   0.69057288   0.82231141   0.65112810   1.99839260  -1.86967924
  0.56938683   0.00287662  -0.44512185   0.58815766   0.69044394   0.82425801   0.64869577   1.99622686  -1.87148998
  0.57001260   0.00157523  -0.44566778   0.58659951   0.69037716   0.82619270   0.64626482   1.99397756  -1.87330924
  0.57064226   0.00027892  -0.44613586   0.58499933   0.69033720   0.82808124   0.64393743   1.99172366  -1.87513997
  0.57129895  -0.00101426  -0.44657082   0.58342843   0.69034513   0.82998611   0.64156020   1.98937066  -1.87705778
  0.57197439  -0.00236962  -0.44699865   0.58190911   0.69031815   0.83204971   0.63907994   1.98681457  -1.87908975
  0.57265031  -0.00377737  -0.44743202   0.58034285   0.69022620   0.83406587   0.63668585   1.98433114  -1.88103077
  0.57331420  -0.00518548  -0.44787223   0.57876635   0.69015481   0.83603126   0.63434865   1.98188761  -1.88292129
  0.57396175  -0.00656120  -0.44827250   0.57724602   0.69012711   0.83793599   0.63208008   1.97944986  -1.88479383
  0.57460053  -0.00791719  -0.44865033   0.57576417   0.69015768   0.83982397   0.62979777   1.97695892  -1.88669117
  0.57524902  -0.00933610  -0.44900689   0.57428148   0.69029033   0.84185760   0.62736394   1.97416301  -1.88877628
  0.57593219  -0.01080133  -0.44921375   0.57277892   0.69021871   0.84399994   0.62505370   1.97131781  -1.89090272
  0.57658995  -0.01232712  -0.44959861   0.57129391   0.69007580   0.84601931   0.62278770   1.96869881  -1.89277630
  0.57710496  -0.01391614  -0.45019760   0.56991778   0.68998384   0.84804610   0.62048479   1.96609156  -1.89442933
  0.57746778  -0.01547405  -0.45068508   0.56858111   0.68977680   0.85025657   0.61817568   1.96335399  -1.89602759
  0.57773433  -0.01701061  -0.45113229   0.56724869   0.68949637   0.85254810   0.61588624   1.96059649  -1.89754493
  0.57797143  -0.01859277  -0.45165362   0.56588452   0.68929423   0.85485838   0.61353468   1.95776795  -1.89904773
  0.57824701  -0.02017535  -0.45212449   0.56441704   0.68922595   0.85701485   0.61125752   1.95496568  -1.90058324
  0.57858990  -0.02172320  -0.45252603   0.56295845   0.68922269   0.85903088   0.60907749   1.95221736  -1.90216067
  0.57901569  -0.02318533  -0.45280107   0.56154829   0.68920518   0.86101471   0.60696788   1.94948131  -1.90384705
  0.57949536  -0.02460103  -0.45305498   0.56023097   0.68914302   0.86294117   0.60495052   1.94683845  -1.90552529
  0.57994929  -0.02611880  -0.45348259   0.55902681   0.68906385   0.86497625   0.60275063   1.94406789  -1.90715544
  0.58033321  -0.02768007  -0.45386582   0.55779073   0.68888778   0.86713896   0.60058881   1.94121831  -1.90874928
  0.58066970  -0.02922158  -0.45419895   0.55648221   0.68870807   0.86926958   0.59848803   1.93841222  -1.91028419
  0.58100158  -0.03070951  -0.45450846   0.55516629   0.68861049   0.87129936   0.59647444   1.93567434  -1.91179843
  0.58136182  -0.03212373  -0.45472942   0.55388964   0.68856652   0.87325562   0.59452301   1.93294930  -1.91336403
  0.58177652  -0.03351777  -0.45489237   0.55262355   0.68861326   0.87523000   0.59250044   1.93008138  -1.91507661
  0.58226422  -0.03489596  -0.45497671   0.55130240   0.68865127   0.87712280   0.59057916   1.92728145  -1.91683593
  0.58279416  -0.03627554  -0.45511062   0.54998892   0.68864558   0.87900342   0.58865738   1.92455263  -1.91857022
  0.58330031  -0.03768816  -0.45536106   0.54869851   0.68853939   0.88100129   0.58666492   1.92183517  -1.92022554
  0.58372218  -0.03909641  -0.45563720   0.54743756   0.68836592   0.88300537   0.58477224   1.91920680  -1.92173573
  0.58407612  -0.04044644  -0.45587128   0.54617645   0.68827656   0.88487973   0.58296757   1.91665734  -1.92315992
  0.58440301  -0.04173665  -0.45604056   0.54501926   0.68821116   0.88666336   0.58127791   1.91416067  -1.92454370
  0.58472388  -0.04303870  -0.45623745   0.54394483   0.68812609   0.88853060   0.57949242   1.91155949  -1.92594531
  0.58505345  -0.04432682  -0.45639330   0.54284342   0.68808474   0.89031482   0.57776838   1.90899492  -1.92734535
  0.58539269  -0.04557002  -0.45650284   0.54175896   0.68806804   0.89197537   0.57617037   1.90654399  -1.92871107
  0.58573986  -0.04676032  -0.45659684   0.54072044   0.68804578   0.89358388   0.57462719   1.90417158  -1.93005131
  0.58607715  -0.04794197  -0.45673259   0.53970407   0.68796967   0.89530407   0.57299651   1.90175233  -1.93138920
  0.58638533  -0.04911188  -0.45688967   0.53869624   0.68787013   0.89692980   0.57149746   1.89949158  -1.93260990
  0.58666067  -0.05023440  -0.45702011   0.53775042   0.68780933   0.89844172   0.57007640   1.89731293  -1.93376206
  0.58691755  -0.05129369  -0.45711103   0.53686846   0.68780049   0.89986182   0.56873115   1.89519222  -1.93488704
  0.58717338  -0.05228814  -0.45717451   0.53602121   0.68780683   0.90120264   0.56744670   1.89316435  -1.93598142
  0.58743016  -0.05322686  -0.45722214   0.53521670   0.68781023   0.90250432   0.56621031   1.89120610  -1.93705489
  0.58768485  -0.05410606  -0.45723942   0.53445821   0.68780867   0.90372092   0.56507344   1.88936473  -1.93808487
  0.58793526  -0.05494083  -0.45726245   0.53374271   0.68786668   0.90482872   0.56397100   1.88760113  -1.93907456
  0.58819729  -0.05577715  -0.45728175   0.53302960   0.68800561   0.90598879   0.56277299   1.88569126  -1.94015122
  0.58846972  -0.05661602  -0.45727390   0.53228305   0.68804404   0.90712093   0.56171321   1.88391879  -1.94117653
  0.58872495  -0.05744214  -0.45731653   0.53156917   0.68800323   0.90822828   0.56065417   1.88226563  -1.94209588
  0.58894522  -0.05822586  -0.45738209   0.53093375   0.68795035   0.90927562   0.55969839   1.88073369  -1.94292379
  0.58913607  -0.05896119  -0.45744110   0.53032123   0.68793322   0.91027885   0.55873473   1.87923378  -1.94371643
  0.58931062  -0.05965641  -0.45747471   0.52973459   0.68790965   0.91125896   0.55784099   1.87778837  -1.94448624
  0.58947744  -0.06031856  -0.45750243   0.52917372   0.68789659   0.91215997   0.55699114   1.87642769  -1.94521007
  0.58963894  -0.06094310  -0.45752961   0.52864581   0.68788309   0.91301205   0.55620439   1.87514983  -1.94589826
  0.58979279  -0.06153857  -0.45756989   0.52813696   0.68786668   0.91387132   0.55539295   1.87388785  -1.94657093
  0.58993076  -0.06215007  -0.45763973   0.52762266   0.68785228   0.91482572   0.55450477   1.87253056  -1.94726448
  0.59003556  -0.06277977  -0.45770297   0.52711452   0.68772170   0.91579382   0.55371863   1.87126801  -1.94787232
  0.59010831  -0.06340084  -0.45779148   0.52663042   0.68759736   0.91669724   0.55295896   1.87007977  -1.94840067
  0.59017068  -0.06397768  -0.45786739   0.52616340   0.68754910   0.91748407   0.55226015   1.86896924  -1.94889999
  0.59024421  -0.06450564  -0.45791209   0.52571744   0.68750013   0.91824523   0.55158924   1.86790085  -1.94940943
  0.59033281  -0.06499785  -0.45795282   0.52529869   0.68743981   0.91896115   0.55096082   1.86691178  -1.94990267
  0.59042922  -0.06546089  -0.45800163   0.52490719   0.68740737   0.91959110   0.55037600   1.86600747  -1.95036566
  0.59052307  -0.06589683  -0.45805459   0.52454315   0.68736176   0.92019728   0.54982644   1.86516312  -1.95080201
  0.59060937  -0.06630110  -0.45810567   0.52419739   0.68731828   0.92077690   0.54929437   1.86436471  -1.95121632
  0.59068909  -0.06666943  -0.45814161   0.52388016   0.68729006   0.92129840   0.54881617   1.86363047  -1.95160725
  0.59076970  -0.06700333  -0.45814987   0.52358915   0.68728923   0.92178388   0.54835101   1.86290720  -1.95200741
  0.59085694  -0.06730679  -0.45813691   0.52332381   0.68729391   0.92220728   0.54794910   1.86225401  -1.95239397
  0.59094870  -0.06758225  -0.45812448   0.52308064   0.68730714   0.92257837   0.54757049   1.86166183  -1.95275943
  0.59103959  -0.06782884  -0.45810916   0.52286649   0.68732078   0.92290663   0.54723813   1.86113409  -1.95310157
  0.59112531  -0.06804826  -0.45809125   0.52267636   0.68733763   0.92319444   0.54693316   1.86066002  -1.95341851
  0.59120402  -0.06824282  -0.45807033   0.52250935   0.68735808   0.92344684   0.54666414   1.86023659  -1.95371200
  0.59127521  -0.06841516  -0.45804599   0.52236120   0.68738138   0.92366857   0.54641909   1.85985487  -1.95398385
  0.59133915  -0.06856739  -0.45801872   0.52223247   0.68741112   0.92385753   0.54620494   1.85951473  -1.95423521
  0.59139603  -0.06870107  -0.45798961   0.52211971   0.68744073   0.92402542   0.54600909   1.85920796  -1.95446831
  0.59144607  -0.06881764  -0.45796063   0.52202337   0.68747115   0.92416431   0.54584142   1.85894406  -1.95467883
  0.59148906  -0.06891832  -0.45793339   0.52194135   0.68749768   0.92428299   0.54569395   1.85871766  -1.95486779
  0.59152368  -0.06902150  -0.45792570   0.52187084   0.68750993   0.92442671   0.54553347   1.85848694  -1.95504360
  0.59155452  -0.06918432  -0.45796931   0.52177109   0.68745162   0.92477291   0.54523619   1.85809633  -1.95525990
  0.59161201  -0.06937930  -0.45797169   0.52156460   0.68736697   0.92518846   0.54491801   1.85764074  -1.95554904
  0.59168145  -0.06959920  -0.45799743   0.52135066   0.68732729   0.92545364   0.54468541   1.85730135  -1.95578350
  0.59174116  -0.06981555  -0.45802837   0.52116418   0.68732742   0.92569463   0.54444314   1.85694315  -1.95601371
  0.59177823  -0.07002070  -0.45805043   0.52099239   0.68731618   0.92593482   0.54421281   1.85659700  -1.95621913
  0.59178760  -0.07022355  -0.45809127   0.52083140   0.68728333   0.92619401   0.54398332   1.85626640  -1.95638508
  0.59177145  -0.07042772  -0.45814590   0.52068077   0.68722318   0.92647968   0.54376259   1.85594600  -1.95651786
  0.59173736  -0.07063208  -0.45820916   0.52053271   0.68716666   0.92676522   0.54354143   1.85562848  -1.95662983
  0.59169422  -0.07083114  -0.45827234   0.52038415   0.68710065   0.92706850   0.54331426   1.85530695  -1.95673666
  0.59164793  -0.07101977  -0.45833282   0.52024908   0.68704885   0.92732799   0.54311949   1.85502399  -1.95682599
  0.59159975  -0.07119419  -0.45839113   0.52013101   0.68699770   0.92756101   0.54294656   1.85477498  -1.95690036
  0.59155229  -0.07135055  -0.45844247   0.52002313   0.68694520   0.92778388   0.54278256   1.85454558  -1.95697211
  0.59150762  -0.07148996  -0.45848813   0.51992712   0.68690357   0.92797435   0.54264158   1.85434873  -1.95703764
  0.59146583  -0.07161486  -0.45852963   0.51984125   0.68686173   0.92815002   0.54251139   1.85417412  -1.95709957
  0.59142608  -0.07172757  -0.45856856   0.51976637   0.68682533   0.92830332   0.54239697   1.85402411  -1.95715548
  0.59138732  -0.07182954  -0.45860447   0.51970020   0.68679033   0.92844226   0.54229278   1.85389254  -1.95720663
  0.59134894  -0.07192197  -0.45863771   0.51964229   0.68675877   0.92856546   0.54220092   1.85377909  -1.95725269
  0.59131073  -0.07200583  -0.45866817   0.51959106   0.68672886   0.92867708   0.54211761   1.85367999  -1.95729478
  0.59127280  -0.07208214  -0.45869615   0.51954585   0.68670079   0.92877803   0.54204227   1.85359374  -1.95733344
  0.59123529  -0.07215193  -0.45872212   0.51950614   0.68667586   0.92886745   0.54197484   1.85351959  -1.95736888
  0.59119836  -0.07221608  -0.45874594   0.51947081   0.68665162   0.92895016   0.54191284   1.85345415  -1.95740259
  0.59116211  -0.07227558  -0.45876817   0.51943959   0.68663057   0.92902344   0.54185713   1.85339764  -1.95743432
  0.59112663  -0.07233107  -0.45878855   0.51941128   0.68661014   0.92909229   0.54180470   1.85334658  -1.95746556
  0.59109195  -0.07238321  -0.45880760   0.51938583   0.68659237   0.92915416   0.54175658   1.85330161  -1.95749586
  0.59105806  -0.07243229  -0.45882501   0.51936254   0.68657469   0.92921323   0.54171071   1.85326039  -1.95752618
  0.59102494  -0.07247866  -0.45884126   0.51934160   0.68655930   0.92926631   0.54166842   1.85322424  -1.95755577
  0.59099251  -0.07252246  -0.45885629   0.51932271   0.68654504   0.92931536   0.54162886   1.85319209  -1.95758499
  0.59096072  -0.07256388  -0.45887014   0.51930563   0.68653152   0.92936120   0.54159150   1.85316337  -1.95761399
  0.59092953  -0.07260309  -0.45888295   0.51929028   0.68651901   0.92940354   0.54155641   1.85313807  -1.95764265
  0.59089888  -0.07264027  -0.45889483   0.51927658   0.68650764   0.92944235   0.54152356   1.85311608  -1.95767092
  0.59086875  -0.07267558  -0.45890590   0.51926444   0.68649767   0.92947737   0.54149302   1.85309740  -1.95769869
  0.59083908  -0.07270914  -0.45891606   0.51925357   0.68648789   0.92951059   0.54146391   1.85308097  -1.95772639
  0.59080986  -0.07274111  -0.45892551   0.51924402   0.68647913   0.92954087   0.54143669   1.85306723  -1.95775371
  0.59078105  -0.07277159  -0.45893423   0.51923561   0.68647092   0.92956900   0.54141092   1.85305568  -1.95778081
  0.59075262  -0.07280071  -0.45894231   0.51922829   0.68646341   0.92959488   0.54138666   1.85304630  -1.95780764
  0.59072456  -0.07282856  -0.45894979   0.51922196   0.68645651   0.92961872   0.54136373   1.85303889  -1.95783421
  0.59069685  -0.07285524  -0.45895671   0.51921654   0.68645014   0.92964077   0.54134204   1.85303325  -1.95786057
  0.59066946  -0.07288084  -0.45896311   0.51921197   0.68644432   0.92966102   0.54132152   1.85302932  -1.95788668
  0.59064239  -0.07290544  -0.45896905   0.51920819   0.68643900   0.92967966   0.54130208   1.85302693  -1.95791258
  0.59061561  -0.07292911  -0.45897453   0.51920511   0.68643410   0.92969689   0.54128359   1.85302592  -1.95793827
  0.59058911  -0.07295193  -0.45897961   0.51920271   0.68642961   0.92971274   0.54126603   1.85302623  -1.95796376
  0.59056288  -0.07297395  -0.45898431   0.51920091   0.68642552   0.92972733   0.54124932   1.85302775  -1.95798905
  0.59053690  -0.07299523  -0.45898867   0.51919967   0.68642183   0.92974069   0.54123340   1.85303040  -1.95801412
  0.59051117  -0.07301582  -0.45899269   0.51919895   0.68641842   0.92975307   0.54121819   1.85303402  -1.95803903
  0.59048567  -0.07303578  -0.45899641   0.51919869   0.68641528   0.92976452   0.54120362   1.85303855  -1.95806377
  0.59046041  -0.07305515  -0.45899983   0.51919887   0.68641240   0.92977509   0.54118967   1.85304392  -1.95808834
  0.59043536  -0.07307397  -0.45900300   0.51919945   0.68640978   0.92978483   0.54117628   1.85305007  -1.95811274
  0.59041053  -0.07309228  -0.45900592   0.51920039   0.68640738   0.92979382   0.54116342   1.85305692  -1.95813696
  0.59038591  -0.07311011  -0.45900862   0.51920167   0.68640522   0.92980211   0.54115106   1.85306443  -1.95816102
  0.59036150  -0.07312750  -0.45901110   0.51920326   0.68640325   0.92980976   0.54113915   1.85307253  -1.95818490
  0.59033728  -0.07314448  -0.45901338   0.51920513   0.68640145   0.92981683   0.54112765   1.85308117  -1.95820863
  0.59031326  -0.07316106  -0.45901549   0.51920725   0.68639982   0.92982337   0.54111655   1.85309030  -1.95823219
  0.59028943  -0.07317729  -0.45901742   0.51920962   0.68639837   0.92982939   0.54110581   1.85309988  -1.95825559
  0.59026580  -0.07319317  -0.45901919   0.51921220   0.68639705   0.92983497   0.54109542   1.85310986  -1.95827882
  0.59024235  -0.07320874  -0.45902081   0.51921497   0.68639586   0.92984015   0.54108532   1.85312020  -1.95830190
  0.59021909  -0.07322401  -0.45902230   0.51921792   0.68639481   0.92984492   0.54107554   1.85313089  -1.95832481
  0.59019602  -0.07323899  -0.45902365   0.51922103   0.68639384   0.92984938   0.54106601   1.85314185  -1.95834756
  0.59017313  -0.07325371  -0.45902488   0.51922429   0.68639301   0.92985348   0.54105675   1.85315309  -1.95837014
  0.59015042  -0.07326817  -0.45902600   0.51922768   0.68639227   0.92985731   0.54104772   1.85316457  -1.95839256
  0.59012791  -0.07328240  -0.45902701   0.51923119   0.68639163   0.92986084   0.54103892   1.85317626  -1.95841481
  0.59010557  -0.07329640  -0.45902792   0.51923481   0.68639107   0.92986414   0.54103032   1.85318813  -1.95843689
  0.59008343  -0.07331018  -0.45902874   0.51923853   0.68639058   0.92986722   0.54102192   1.85320017  -1.95845880
  0.59006147  -0.07332376  -0.45902947   0.51924233   0.68639018   0.92987008   0.54101372   1.85321235  -1.95848054
  0.59003969  -0.07333714  -0.45903012   0.51924620   0.68638985   0.92987275   0.54100568   1.85322465  -1.95850210
  0.59001811  -0.07335033  -0.45903069   0.51925015   0.68638958   0.92987525   0.54099781   1.85323705  -1.95852349
  0.58999671  -0.07336335  -0.45903118   0.51925415   0.68638937   0.92987760   0.54099010   1.85324954  -1.95854469
  0.58997551  -0.07337618  -0.45903161   0.51925820   0.68638922   0.92987979   0.54098253   1.85326210  -1.95856572
  0.58995450  -0.07338885  -0.45903198   0.51926230   0.68638912   0.92988186   0.54097511   1.85327471  -1.95858656
  0.58993369  -0.07340135  -0.45903228   0.51926643   0.68638909   0.92988379   0.54096782   1.85328737  -1.95860721
  0.58991307  -0.07341370  -0.45903252   0.51927060   0.68638909   0.92988562   0.54096066   1.85330005  -1.95862768
  0.58989265  -0.07342589  -0.45903271   0.51927478   0.68638914   0.92988736   0.54095362   1.85331275  -1.95864795
  0.58987244  -0.07343793  -0.45903284   0.51927899   0.68638923   0.92988900   0.54094670   1.85332545  -1.95866803
  0.58985243  -0.07344982  -0.45903293   0.51928321   0.68638936   0.92989056   0.54093990   1.85333814  -1.95868791
  0.58983262  -0.07346157  -0.45903297   0.51928744   0.68638954   0.92989205   0.54093320   1.85335081  -1.95870759
  0.58981303  -0.07347318  -0.45903296   0.51929167   0.68638975   0.92989347   0.54092661   1.85336345  -1.95872707
  0.58979365  -0.07348465  -0.45903291   0.51929590   0.68638999   0.92989482   0.54092013   1.85337606  -1.95874633
  0.58977448  -0.07349597  -0.45903282   0.51930013   0.68639027   0.92989612   0.54091374   1.85338862  -1.95876539
  0.58975554  -0.07350717  -0.45903270   0.51930436   0.68639058   0.92989737   0.54090745   1.85340113  -1.95878423
  0.58973681  -0.07351822  -0.45903253   0.51930857   0.68639092   0.92989858   0.54090126   1.85341358  -1.95880286
  0.58971831  -0.07352914  -0.45903233   0.51931276   0.68639129   0.92989974   0.54089516   1.85342595  -1.95882126
  0.58970004  -0.07353993  -0.45903209   0.51931694   0.68639169   0.92990088   0.54088915   1.85343825  -1.95883944
  0.58968200  -0.07355058  -0.45903182   0.51932110   0.68639212   0.92990198   0.54088323   1.85345047  -1.95885739
  0.58966419  -0.07356110  -0.45903152   0.51932523   0.68639257   0.92990305   0.54087740   1.85346259  -1.95887511
  0.58964662  -0.07357149  -0.45903119   0.51932934   0.68639304   0.92990410   0.54087165   1.85347462  -1.95889260
  0.58962929  -0.07358175  -0.45903083   0.51933341   0.68639355   0.92990513   0.54086600   1.85348655  -1.95890984
  0.58961220  -0.07359187  -0.45903044   0.51933746   0.68639407   0.92990613   0.54086043   1.85349837  -1.95892685
  0.58959536  -0.07360185  -0.45903002   0.51934147   0.68639462   0.92990713   0.54085494   1.85351008  -1.95894361
  0.58957878  -0.07361171  -0.45902958   0.51934545   0.68639519   0.92990810   0.54084954   1.85352168  -1.95896012
  0.58956244  -0.07362142  -0.45902911   0.51934939   0.68639578   0.92990907   0.54084422   1.85353315  -1.95897638
  0.58954637  -0.07363101  -0.45902861   0.51935329   0.68639639   0.92991003   0.54083899   1.85354449  -1.95899238
  0.58953056  -0.07364045  -0.45902809   0.51935715   0.68639703   0.92991098   0.54083383   1.85355570  -1.95900812
  0.58951501  -0.07364976  -0.45902754   0.51936096   0.68639768   0.92991193   0.54082877   1.85356677  -1.95902360
  0.58949973  -0.07365893  -0.45902698   0.51936473   0.68639835   0.92991287   0.54082378   1.85357770  -1.95903881
  0.58948472  -0.07366796  -0.45902639   0.51936845   0.68639904   0.92991381   0.54081888   1.85358849  -1.95905376
  0.58946999  -0.07367684  -0.45902577   0.51937212   0.68639975   0.92991475   0.54081407   1.85359913  -1.95906842
  0.58945554  -0.07368559  -0.45902514   0.51937574   0.68640048   0.92991569   0.54080934   1.85360961  -1.95908281
  0.58944138  -0.07369419  -0.45902448   0.51937931   0.68640123   0.92991663   0.54080469   1.85361994  -1.95909692
  0.58942750  -0.07370265  -0.45902380   0.51938283   0.68640199   0.92991758   0.54080013   1.85363011  -1.95911074
  0.58941391  -0.07371096  -0.45902310   0.51938629   0.68640277   0.92991853   0.54079565   1.85364011  -1.95912427
  0.58940061  -0.07371912  -0.45902238   0.51938970   0.68640357   0.92991948   0.54079126   1.85364995  -1.95913751
  0.58938761  -0.07372713  -0.45902164   0.51939304   0.68640439   0.92992043   0.54078696   1.85365961  -1.95915045
  0.58937492  -0.07373499  -0.45902089   0.51939633   0.68640522   0.92992139   0.54078274   1.85366910  -1.95916309
  0.58936252  -0.07374270  -0.45902011   0.51939956   0.68640607   0.92992236   0.54077861   1.85367841  -1.95917543
  0.58935044  -0.07375025  -0.45901931   0.51940272   0.68640694   0.92992333   0.54077457   1.85368754  -1.95918745
  0.58933867  -0.07375765  -0.45901850   0.51940583   0.68640782   0.92992432   0.54077062   1.85369649  -1.95919917
  0.58932722  -0.07376489  -0.45901766   0.51940887   0.68640871   0.92992531   0.54076676   1.85370524  -1.95921057
  0.58931609  -0.07377197  -0.45901681   0.51941184   0.68640963   0.92992630   0.54076299   1.85371381  -1.95922165
  0.58930528  -0.07377888  -0.45901594   0.51941475   0.68641056   0.92992731   0.54075932   1.85372218  -1.95923241
  0.58929480  -0.07378564  -0.45901505   0.51941759   0.68641150   0.92992833   0.54075573   1.85373036  -1.95924285
  0.58928465  -0.07379223  -0.45901414   0.51942036   0.68641246   0.92992935   0.54075224   1.85373833  -1.95925295
  0.58927483  -0.07379865  -0.45901322   0.51942306   0.68641343   0.92993039   0.54074885   1.85374610  -1.95926272
  0.58926535  -0.07380490  -0.45901228   0.51942569   0.68641442   0.92993143   0.54074554   1.85375367  -1.95927215
  0.58925622  -0.07381098  -0.45901132   0.51942825   0.68641543   0.92993249   0.54074234   1.85376103  -1.95928124
  0.58924743  -0.07381689  -0.45901035   0.51943074   0.68641645   0.92993355   0.54073923   1.85376817  -1.95928998
  0.58923899  -0.07382263  -0.45900936   0.51943315   0.68641748   0.92993463   0.54073622   1.85377510  -1.95929838
  0.58923090  -0.07382819  -0.45900835   0.51943548   0.68641853   0.92993572   0.54073331   1.85378181  -1.95930643
  0.58922317  -0.07383357  -0.45900732   0.51943774   0.68641959   0.92993682   0.54073050   1.85378830  -1.95931411
  0.58921580  -0.07383877  -0.45900628   0.51943993   0.68642067   0.92993793   0.54072779   1.85379457  -1.95932144
  0.58920879  -0.07384378  -0.45900522   0.51944203   0.68642176   0.92993905   0.54072518   1.85380061  -1.95932841
  0.58920216  -0.07384862  -0.45900415   0.51944406   0.68642286   0.92994018   0.54072267   1.85380643  -1.95933501
  0.58919589  -0.07385327  -0.45900306   0.51944601   0.68642398   0.92994133   0.54072027   1.85381201  -1.95934124
  0.58919000  -0.07385773  -0.45900195   0.51944787   0.68642511   0.92994248   0.54071797   1.85381736  -1.95934709
  0.58918448  -0.07386200  -0.45900083   0.51944966   0.68642626   0.92994365   0.54071578   1.85382247  -1.95935257
  0.58917935  -0.07386608  -0.45899969   0.51945136   0.68642742   0.92994483   0.54071369   1.85382735  -1.95935767
  0.58917460  -0.07386996  -0.45899854   0.51945298   0.68642859   0.92994602   0.54071172   1.85383198  -1.95936238
  0.58917024  -0.07387365  -0.45899737   0.51945451   0.68642978   0.92994723   0.54070985   1.85383637  -1.95936671
  0.58916628  -0.07387714  -0.45899618   0.51945596   0.68643098   0.92994844   0.54070809   1.85384051  -1.95937064
  0.58916271  -0.07388044  -0.45899499   0.51945732   0.68643219   0.92994967   0.54070644   1.85384440  -1.95937418
  0.58915954  -0.07388353  -0.45899377   0.51945859   0.68643342   0.92995091   0.54070490   1.85384804  -1.95937732
  0.58915677  -0.07388642  -0.45899254   0.51945978   0.68643466   0.92995216   0.54070348   1.85385143  -1.95938006
  0.58915441  -0.07388911  -0.45899129   0.51946087   0.68643592   0.92995343   0.54070217   1.85385456  -1.95938240
  0.58915245  -0.07389158  -0.45899003   0.51946188   0.68643718   0.92995470   0.54070097   1.85385743  -1.95938432
  0.58915091  -0.07389385  -0.45898876   0.51946280   0.68643846   0.92995599   0.54069989   1.85386004  -1.95938584
  0.58914979  -0.07389591  -0.45898747   0.51946362   0.68643976   0.92995729   0.54069893   1.85386238  -1.95938694
  0.58914909  -0.07389776  -0.45898616   0.51946435   0.68644106   0.92995861   0.54069808   1.85386446  -1.95938762
  0.58914881  -0.07389939  -0.45898484   0.51946499   0.68644238   0.92995993   0.54069735   1.85386627  -1.95938788
