  0.74358120   0.46159707  -1.17336579  -0.31175375   1.87211800   0.73031942   0.40424649   1.80723714  -1.54474959
  0.74358337   0.46159172  -1.17336690  -0.31175207   1.87211641   0.73032167   0.40424366   1.80723377  -1.54475357
  0.74358903   0.46157778  -1.17336971  -0.31174796   1.87211261   0.73032648   0.40423688   1.80722553  -1.54476354
  0.74359964   0.46155168  -1.17337478  -0.31174069   1.87210548   0.73033493   0.40422464   1.80721037  -1.54478179
  0.74361651   0.46151010  -1.17338271  -0.31172938   1.87209409   0.73034804   0.40420545   1.80718640  -1.54481059
  0.74364092   0.46144983  -1.17339413  -0.31171309   1.87207755   0.73036694   0.40417773   1.80715170  -1.54485219
  0.74367411   0.46136774  -1.17340966  -0.31169087   1.87205502   0.73039275   0.40413995   1.80710438  -1.54490886
  0.74371730   0.46126063  -1.17342996  -0.31166173   1.87202572   0.73042658   0.40409050   1.80704249  -1.54498287
  0.74377177   0.46112529  -1.17345566  -0.31162470   1.87198905   0.73046953   0.40402768   1.80696386  -1.54507663
  0.74383884   0.46095844  -1.17348732  -0.31157887   1.87194430   0.73052264   0.40394994   1.80686642  -1.54519251
  0.74391985   0.46075679  -1.17352554  -0.31152338   1.87189060   0.73058693   0.40385572   1.80674821  -1.54533280
  0.74401614   0.46051705  -1.17357093  -0.31145733   1.87182703   0.73066344   0.40374352   1.80660735  -1.54549978
  0.74412901   0.46023597  -1.17362409  -0.31137982   1.87175277   0.73075323   0.40361181   1.80644187  -1.54569573
  0.74425979   0.45991028  -1.17368566  -0.31128988   1.87166715   0.73085737   0.40345898   1.80624965  -1.54592306
  0.74440977   0.45953676  -1.17375616  -0.31118662   1.87156943   0.73097684   0.40328347   1.80602870  -1.54618408
  0.74458026   0.45911217  -1.17383615  -0.31106924   1.87145861   0.73111292   0.40308372   1.80577696  -1.54648103
  0.74477258   0.45863311  -1.17392636  -0.31093673   1.87133412   0.73126649   0.40285810   1.80549236  -1.54681627
  0.74498810   0.45809598  -1.17402756  -0.31078797   1.87119493   0.73143896   0.40260477   1.80517268  -1.54719228
  0.74522834   0.45749678  -1.17414074  -0.31062168   1.87103904   0.73163303   0.40232148   1.80481531  -1.54761189
  0.74549468   0.45683147  -1.17426688  -0.31043632   1.87086559   0.73184929   0.40200665   1.80441852  -1.54807763
  0.74578841   0.45609631  -1.17440655  -0.31023086   1.87067359   0.73208874   0.40165854   1.80398020  -1.54859186
  0.74611077   0.45528788  -1.17456019  -0.31000430   1.87046258   0.73235162   0.40127595   1.80349860  -1.54915677
  0.74646293   0.45440294  -1.17472820  -0.30975567   1.87023151   0.73263955   0.40085708   1.80297136  -1.54977477
  0.74684604   0.45343853  -1.17491071  -0.30948397   1.86997927   0.73295430   0.40040008   1.80239604  -1.55044841
  0.74726116   0.45239183  -1.17510767  -0.30918799   1.86970574   0.73329617   0.39990398   1.80177083  -1.55118023
  0.74770930   0.45125986  -1.17531912  -0.30886643   1.86940978   0.73366743   0.39936662   1.80109290  -1.55197309
  0.74819148   0.45003945  -1.17554536  -0.30851785   1.86909108   0.73406914   0.39878687   1.80035985  -1.55282969
  0.74870882   0.44872738  -1.17578688  -0.30814149   1.86874837   0.73450319   0.39816303   1.79956919  -1.55375212
  0.74926252   0.44732023  -1.17604449  -0.30773646   1.86838183   0.73496820   0.39749372   1.79872016  -1.55474169
  0.74985371   0.44581480  -1.17631841  -0.30730166   1.86798988   0.73546636   0.39677693   1.79781026  -1.55580087
  0.75048360   0.44420802  -1.17660810  -0.30683529   1.86757057   0.73600107   0.39601061   1.79683619  -1.55693354
  0.75115320   0.44249671  -1.17691470  -0.30633654   1.86712613   0.73656816   0.39519547   1.79579811  -1.55814028
  0.75186311   0.44067820  -1.17723790  -0.30580464   1.86665433   0.73717206   0.39432836   1.79469204  -1.55942350
  0.75261377   0.43874988  -1.17757706  -0.30523660   1.86615461   0.73781619   0.39340773   1.79351404  -1.56078774
  0.75340574   0.43670919  -1.17793140  -0.30463111   1.86562636   0.73850208   0.39243170   1.79226125  -1.56223560
  0.75423976   0.43455348  -1.17830077  -0.30398770   1.86507092   0.73922679   0.39139932   1.79093312  -1.56376781
  0.75511652   0.43228033  -1.17868476  -0.30330583   1.86448814   0.73999110   0.39031012   1.78952712  -1.56538609
  0.75603664   0.42988731  -1.17908293  -0.30258391   1.86387767   0.74079680   0.38916204   1.78804023  -1.56709317
  0.75700038   0.42737201  -1.17949533  -0.30181956   1.86324076   0.74164357   0.38795517   1.78647037  -1.56889161
  0.75800743   0.42473198  -1.17992185  -0.30101243   1.86257599   0.74253405   0.38668773   1.78481448  -1.57078182
  0.75905837   0.42196585  -1.18035968  -0.30016136   1.86187998   0.74347481   0.38535437   1.78306730  -1.57276784
  0.76015399   0.41907251  -1.18080756  -0.29926329   1.86116014   0.74445692   0.38395902   1.78122947  -1.57485310
  0.76129476   0.41605074  -1.18126375  -0.29831901   1.86041380   0.74548620   0.38249903   1.77929573  -1.57703931
  0.76248079   0.41289853  -1.18172800  -0.29732685   1.85964191   0.74656129   0.38097346   1.77726502  -1.57932762
  0.76371219   0.40961392  -1.18219959  -0.29628522   1.85884367   0.74768416   0.37938035   1.77513454  -1.58171987
  0.76498856   0.40619482  -1.18267853  -0.29519147   1.85802143   0.74885315   0.37772049   1.77290252  -1.58421779
  0.76631023   0.40264010  -1.18316199  -0.29404505   1.85716985   0.75007852   0.37598970   1.77056184  -1.58682500
  0.76767704   0.39894808  -1.18364963  -0.29284514   1.85629354   0.75135226   0.37418866   1.76811395  -1.58954047
  0.76908796   0.39511741  -1.18414074  -0.29158830   1.85539789   0.75266827   0.37232067   1.76555870  -1.59236577
  0.77054003   0.39114600  -1.18463588  -0.29027457   1.85448618   0.75402410   0.37038650   1.76289350  -1.59529742
  0.77203038   0.38703331  -1.18513115  -0.28890820   1.85355253   0.75543546   0.36837862   1.76010479  -1.59833395
  0.77355664   0.38277854  -1.18562371  -0.28748207   1.85260095   0.75689545   0.36630497   1.75719491  -1.60147929
  0.77511625   0.37838065  -1.18611230  -0.28599575   1.85163179   0.75840448   0.36416602   1.75416123  -1.60473150
  0.77670691   0.37384042  -1.18659297  -0.28445170   1.85063999   0.75998007   0.36195262   1.75098888  -1.60809132
  0.77832722   0.36915973  -1.18706195  -0.28284062   1.84963497   0.76160670   0.35966857   1.74768503  -1.61156365
  0.77997797   0.36434242  -1.18751492  -0.28114773   1.84862965   0.76325966   0.35731828   1.74426475  -1.61515779
  0.78165966   0.35939459  -1.18795002  -0.27939533   1.84760431   0.76497633   0.35490532   1.74070761  -1.61886239
  0.78337062   0.35432709  -1.18835250  -0.27757627   1.84656240   0.76675908   0.35241093   1.73700872  -1.62268758
  0.78511512   0.34915042  -1.18871986  -0.27568568   1.84552023   0.76856347   0.34986047   1.73320192  -1.62663251
  0.78689707   0.34387800  -1.18904696  -0.27373236   1.84447394   0.77040589   0.34725317   1.72927874  -1.63069803
  0.78871904   0.33852149  -1.18933356  -0.27171830   1.84343338   0.77226458   0.34460254   1.72525748  -1.63487929
  0.79058219   0.33309526  -1.18956740  -0.26964231   1.84238991   0.77415544   0.34189217   1.72113353  -1.63918288
  0.79248680   0.32761040  -1.18975267  -0.26751571   1.84135982   0.77605264   0.33914777   1.71692305  -1.64359430
  0.79442714   0.32207445  -1.18990027  -0.26535779   1.84034578   0.77795203   0.33638659   1.71263319  -1.64808495
  0.79639257   0.31649706  -1.19000596  -0.26318222   1.83932772   0.77989408   0.33359067   1.70824379  -1.65263812
  0.79837230   0.31088864  -1.19005918  -0.26096497   1.83831759   0.78186005   0.33076796   1.70376925  -1.65726445
  0.80036635   0.30526430  -1.19004078  -0.25867437   1.83733209   0.78380921   0.32792919   1.69924099  -1.66199087
  0.80238090   0.29963964  -1.18993920  -0.25633345   1.83635289   0.78576787   0.32506662   1.69464901  -1.66681124
  0.80442082   0.29402486  -1.18976407  -0.25395959   1.83540113   0.78770450   0.32220765   1.69001205  -1.67170905
  0.80648562   0.28842534  -1.18952988  -0.25157408   1.83447192   0.78962336   0.31935992   1.68533660  -1.67665737
  0.80857048   0.28284902  -1.18923576  -0.24917678   1.83355649   0.79155165   0.31650809   1.68060832  -1.68165355
  0.81067084   0.27730396  -1.18887761  -0.24676194   1.83265810   0.79347682   0.31366106   1.67584124  -1.68669680
  0.81278516   0.27179954  -1.18844961  -0.24432690   1.83178075   0.79538072   0.31082779   1.67105332  -1.69178656
  0.81491514   0.26634552  -1.18794895  -0.24187118   1.83092724   0.79725389   0.30801732   1.66625689  -1.69692448
  0.81706493   0.26095306  -1.18737104  -0.23939369   1.83010410   0.79908909   0.30522002   1.66145661  -1.70211442
  0.81923972   0.25563147  -1.18672010  -0.23690615   1.82931486   0.80087763   0.30245067   1.65666482  -1.70734959
  0.82144225   0.25039079  -1.18599246  -0.23441062   1.82855177   0.80263296   0.29970435   1.65187974  -1.71263273
  0.82367470   0.24523937  -1.18519023  -0.23191803   1.82781718   0.80434781   0.29698734   1.64711129  -1.71795493
  0.82593807   0.24018327  -1.18432162  -0.22944129   1.82711469   0.80601274   0.29431561   1.64237301  -1.72330308
  0.82823116   0.23522718  -1.18339300  -0.22698713   1.82644087   0.80762972   0.29168748   1.63767148  -1.72866568
  0.83055156   0.23037826  -1.18239936  -0.22454502   1.82579441   0.80920236   0.28909752   1.63300841  -1.73405040
  0.83289894   0.22564229  -1.18134358  -0.22212167   1.82518073   0.81071716   0.28656453   1.62839900  -1.73945172
  0.83527263   0.22102313  -1.18023056  -0.21973083   1.82459081   0.81218309   0.28408356   1.62384566  -1.74485462
  0.83767133   0.21652746  -1.17905389  -0.21735992   1.82402602   0.81359954   0.28164239   1.61934968  -1.75026837
  0.84009643   0.21216183  -1.17781303  -0.21500786   1.82349196   0.81495424   0.27925486   1.61492465  -1.75569674
  0.84255027   0.20792930  -1.17651845  -0.21269148   1.82299068   0.81623700   0.27692942   1.61058514  -1.76112308
  0.84503449   0.20383350  -1.17517714  -0.21042576   1.82250732   0.81747064   0.27466526   1.60632793  -1.76653606
  0.84754962   0.19987977  -1.17378720  -0.20819877   1.82204697   0.81864517   0.27245833   1.60216245  -1.77194407
  0.85009703   0.19607484  -1.17234334  -0.20600812   1.82160056   0.81977360   0.27030376   1.59808701  -1.77735357
  0.85267918   0.19242325  -1.17085074  -0.20386049   1.82117999   0.82083245   0.26821484   1.59412103  -1.78275958
  0.85529837   0.18892761  -1.16931948  -0.20177177   1.82078213   0.82182193   0.26620033   1.59027500  -1.78814876
  0.85795443   0.18558950  -1.16775741  -0.19974594   1.82040224   0.82274707   0.26425810   1.58655404  -1.79351361
  0.86064681   0.18241295  -1.16616250  -0.19778122   1.82003042   0.82362622   0.26237148   1.58294958  -1.79885450
  0.86337535   0.17940265  -1.16453252  -0.19586810   1.81967251   0.82444739   0.26055321   1.57947479  -1.80418217
  0.86614125   0.17656268  -1.16286832  -0.19400804   1.81933496   0.82519417   0.25880652   1.57614421  -1.80949527
  0.86894679   0.17389585  -1.16117721  -0.19221653   1.81901068   0.82587415   0.25713493   1.57296333  -1.81478231
  0.87179255   0.17140593  -1.15945924  -0.19049408   1.81868935   0.82650387   0.25552679   1.56992713  -1.82004243
  0.87467922   0.16909575  -1.15771897  -0.18883671   1.81837971   0.82706748   0.25399245   1.56705103  -1.82527835
  0.87760789   0.16696774  -1.15596132  -0.18725216   1.81807576   0.82757060   0.25253039   1.56433966  -1.83048283
  0.88057875   0.16502479  -1.15418831  -0.18574255   1.81777288   0.82801861   0.25113841   1.56179585  -1.83565364
  0.88359172   0.16326986  -1.15240201  -0.18430784   1.81747327   0.82840497   0.24982364   1.55943006  -1.84079138
  0.88664693   0.16170541  -1.15060496  -0.18295100   1.81717266   0.82873333   0.24858573   1.55724688  -1.84589306
  0.88974457   0.16033321  -1.14880141  -0.18167361   1.81686861   0.82900518   0.24742253   1.55525116  -1.85095502
  0.89288471   0.15915518  -1.14699520  -0.18047635   1.81655954   0.82922065   0.24633545   1.55344923  -1.85597531
  0.89606729   0.15817376  -1.14518870  -0.17936066   1.81624261   0.82938124   0.24532577   1.55184671  -1.86095212
  0.89929211   0.15739176  -1.14338361  -0.17832812   1.81591556   0.82948766   0.24439465   1.55044932  -1.86588369
  0.90255895   0.15681223  -1.14158159  -0.17738032   1.81557631   0.82954071   0.24354316   1.54926259  -1.87076812
  0.90586754   0.15643828  -1.13978443  -0.17651875   1.81522288   0.82954121   0.24277232   1.54829200  -1.87560344
  0.90921751   0.15627294  -1.13799406  -0.17574483   1.81485333   0.82948985   0.24208318   1.54754308  -1.88038741
  0.91260833   0.15631893  -1.13621225  -0.17506000   1.81446555   0.82938720   0.24147697   1.54702137  -1.88511770
  0.91603923   0.15657838  -1.13444042  -0.17446567   1.81405727   0.82923363   0.24095512   1.54673226  -1.88979198
  0.91950912   0.15705255  -1.13267983  -0.17396294   1.81362685   0.82902926   0.24051903   1.54668005  -1.89440804
  0.92301657   0.15774158  -1.13093187  -0.17355215   1.81317403   0.82877480   0.24016869   1.54686599  -1.89896384
  0.92655973   0.15864436  -1.12919812  -0.17323285   1.81269996   0.82847192   0.23990226   1.54728763  -1.90345739
  0.93013643   0.15975872  -1.12748004  -0.17300397   1.81220660   0.82812233   0.23971730   1.54794065  -1.90788691
  0.93374415   0.16108173  -1.12577885  -0.17286388   1.81169629   0.82772669   0.23961226   1.54882095  -1.91225099
  0.93738021   0.16261006  -1.12409533  -0.17281073   1.81117035   0.82728640   0.23958662   1.54992451  -1.91654869
  0.94104134   0.16434028  -1.12242948  -0.17284497   1.81062824   0.82680630   0.23963445   1.55124323  -1.92077591
  0.94472404   0.16626892  -1.12078223  -0.17296482   1.81007588   0.82628128   0.23975734   1.55277545  -1.92493087
  0.94842472   0.16839284  -1.11915323  -0.17316995   1.80951334   0.82571509   0.23995415   1.55451506  -1.92901111
  0.95213985   0.17070894  -1.11754259  -0.17345970   1.80894339   0.82510745   0.24022419   1.55645762  -1.93301397
  0.95586597   0.17321416  -1.11595057  -0.17383341   1.80836953   0.82445693   0.24056605   1.55859882  -1.93693626
  0.95959970   0.17590541  -1.11437714  -0.17428894   1.80779316   0.82376432   0.24098002   1.56093466  -1.94077663
  0.96333799   0.17877970  -1.11282171  -0.17482258   1.80721393   0.82303166   0.24146660   1.56346149  -1.94453534
  0.96707728   0.18183389  -1.11128396  -0.17543511   1.80663210   0.82226148   0.24201796   1.56617122  -1.94820636
  0.97081394   0.18506515  -1.10976405  -0.17612378   1.80605089   0.82145241   0.24264001   1.56906242  -1.95178987
  0.97454412   0.18847093  -1.10826096  -0.17688806   1.80547174   0.82060654   0.24332869   1.57212763  -1.95528212
  0.97826503   0.19204928  -1.10677403  -0.17772563   1.80490253   0.81971611   0.24408598   1.57536559  -1.95868239
  0.98197473   0.19579892  -1.10530054  -0.17863551   1.80434418   0.81878311   0.24490949   1.57877001  -1.96199033
  0.98567037   0.19971754  -1.10384025  -0.17961962   1.80379325   0.81781568   0.24579814   1.58233381  -1.96520207
  0.98934751   0.20380145  -1.10239394  -0.18067206   1.80325235   0.81680922   0.24675717   1.58605863  -1.96831733
  0.99300089   0.20804714  -1.10096137  -0.18179421   1.80271892   0.81577208   0.24777585   1.58993140  -1.97132759
  0.99662723   0.21245219  -1.09954110  -0.18297816   1.80220400   0.81469207   0.24886228   1.59395392  -1.97423742
  1.00022599   0.21701557  -1.09812800  -0.18421880   1.80171513   0.81356057   0.25001193   1.59812176  -1.97705057
  1.00379795   0.22173666  -1.09671682  -0.18551392   1.80124984   0.81238578   0.25122261   1.60242513  -1.97977250
  1.00734311   0.22661449  -1.09530403  -0.18687349   1.80079355   0.81119584   0.25248014   1.60684189  -1.98239681
  1.01086053   0.23164623  -1.09389225  -0.18830042   1.80034625   0.80999144   0.25379578   1.61137477  -1.98492154
  1.01434541   0.23682604  -1.09248748  -0.18979000   1.79991517   0.80875605   0.25517413   1.61603280  -1.98733985
  1.01779048   0.24214729  -1.09109468  -0.19133156   1.79951027   0.80746571   0.25662435   1.62083072  -1.98964740
  1.02118833   0.24760751  -1.08970819  -0.19292233   1.79912529   0.80614523   0.25812739   1.62573759  -1.99184097
  1.02453414   0.25320490  -1.08832115  -0.19455530   1.79876117   0.80479924   0.25969357   1.63074799  -1.99392854
  1.02782484   0.25893440  -1.08693415  -0.19622194   1.79843122   0.80339510   0.26133733   1.63588352  -1.99591111
  1.03106142   0.26479493  -1.08553982  -0.19790820   1.79814693   0.80193019   0.26304530   1.64112557  -1.99780208
  1.03424774   0.27078614  -1.08412845  -0.19961750   1.79790270   0.80041636   0.26480195   1.64645655  -1.99960586
  1.03738671   0.27690883  -1.08269052  -0.20137409   1.79768181   0.79889618   0.26656190   1.65182690  -2.00130868
  1.04048022   0.28316022  -1.08122882  -0.20317001   1.79748515   0.79736838   0.26838270   1.65726207  -2.00293033
  1.04352755   0.28953055  -1.07975624  -0.20499453   1.79732964   0.79577029   0.27029558   1.66281868  -2.00446487
  1.04652802   0.29601370  -1.07828042  -0.20683737   1.79723549   0.79408152   0.27227498   1.66848386  -2.00590700
  1.04947908   0.30260980  -1.07679084  -0.20868789   1.79719773   0.79234320   0.27430360   1.67421102  -2.00727336
  1.05237273   0.30931066  -1.07529904  -0.21058997   1.79717960   0.79058420   0.27640512   1.68001616  -2.00851980
  1.05518446   0.31610058  -1.07383543  -0.21262392   1.79707401   0.78895250   0.27853237   1.68583655  -2.00954506
  1.05787277   0.32296103  -1.07242246  -0.21468845   1.79695319   0.78732142   0.28075350   1.69175385  -2.01036753
  1.06041431   0.32989094  -1.07102392  -0.21670875   1.79685850   0.78564514   0.28303724   1.69774634  -2.01103397
  1.06279814   0.33688917  -1.06961799  -0.21871822   1.79673862   0.78400799   0.28536216   1.70376355  -2.01152793
  1.06503027   0.34395649  -1.06818312  -0.22071104   1.79661382   0.78240379   0.28771801   1.70978111  -2.01187584
  1.06712210   0.35108521  -1.06672385  -0.22267112   1.79652331   0.78074550   0.29015829   1.71586717  -2.01209512
  1.06909068   0.35827395  -1.06523038  -0.22459613   1.79646402   0.77905811   0.29263842   1.72197674  -2.01220866
  1.07094863   0.36552013  -1.06371202  -0.22654749   1.79638982   0.77742003   0.29515005   1.72807422  -2.01218492
  1.07269223   0.37281133  -1.06220199  -0.22851175   1.79633856   0.77573949   0.29775186   1.73424089  -2.01200314
  1.07432135   0.38014523  -1.06069338  -0.23043742   1.79634457   0.77398510   0.30041354   1.74045872  -2.01170124
  1.07583879   0.38752203  -1.05917871  -0.23234103   1.79638734   0.77220276   0.30313088   1.74669871  -2.01128060
  1.07724078   0.39493973  -1.05764896  -0.23428276   1.79636931   0.77054415   0.30584277   1.75287455  -2.01070540
  1.07851216   0.40238580  -1.05612479  -0.23621030   1.79635170   0.76888272   0.30861663   1.75908040  -2.00997778
  1.07963347   0.40985048  -1.05461774  -0.23811419   1.79631962   0.76723516   0.31143538   1.76530483  -2.00907695
  1.08059967   0.41733263  -1.05311126  -0.23995886   1.79631465   0.76556467   0.31429216   1.77153767  -2.00803639
  1.08142036   0.42483099  -1.05158646  -0.24174832   1.79633724   0.76387436   0.31718713   1.77777023  -2.00687668
  1.08209696   0.43233710  -1.05005777  -0.24355080   1.79630811   0.76227001   0.32011080   1.78396771  -2.00554605
  1.08263387   0.43984924  -1.04851555  -0.24535357   1.79623302   0.76078490   0.32301446   1.79006981  -2.00407286
  1.08304090   0.44736415  -1.04694680  -0.24713226   1.79613282   0.75937865   0.32590774   1.79609669  -2.00249067
  1.08330636   0.45486297  -1.04540947  -0.24888932   1.79604965   0.75790597   0.32891566   1.80220361  -2.00072872
  1.08340960   0.46234167  -1.04391140  -0.25058766   1.79599034   0.75638869   0.33197269   1.80833765  -1.99879258
  1.08333950   0.46980457  -1.04242875  -0.25221718   1.79592847   0.75490317   0.33504457   1.81443541  -1.99670748
  1.08309587   0.47725174  -1.04094597  -0.25378855   1.79586816   0.75344486   0.33814031   1.82049732  -1.99447648
  1.08268609   0.48468032  -1.03945061  -0.25531227   1.79580216   0.75202757   0.34124825   1.82650765  -1.99210963
  1.08212118   0.49208294  -1.03794862  -0.25678585   1.79575132   0.75060848   0.34439380   1.83249598  -1.98961170
  1.08141638   0.49945527  -1.03643901  -0.25820105   1.79573621   0.74916960   0.34756490   1.83845389  -1.98700619
  1.08059004   0.50679742  -1.03490345  -0.25955224   1.79575289   0.74773928   0.35073404   1.84434514  -1.98433568
  1.07965935   0.51410838  -1.03333798  -0.26086636   1.79578501   0.74635423   0.35390999   1.85015132  -1.98160742
  1.07862894   0.52137785  -1.03177327  -0.26217763   1.79583316   0.74496017   0.35712742   1.85593247  -1.97876282
  1.07749011   0.52859841  -1.03023771  -0.26348323   1.79588619   0.74356392   0.36036731   1.86168661  -1.97577533
  1.07622857   0.53576858  -1.02873231  -0.26477448   1.79587396   0.74227943   0.36358685   1.86735724  -1.97265207
  1.07484209   0.54289273  -1.02723072  -0.26600121   1.79585229   0.74106622   0.36676883   1.87292876  -1.96945407
  1.07333767   0.54996765  -1.02572882  -0.26716517   1.79588897   0.73980678   0.36998011   1.87847113  -1.96617410
  1.07172858   0.55698831  -1.02422190  -0.26827066   1.79599809   0.73849194   0.37321730   1.88397511  -1.96282839
  1.07002278   0.56394834  -1.02271091  -0.26933288   1.79613943   0.73718719   0.37645701   1.88940383  -1.95942302
  1.06821107   0.57083688  -1.02122552  -0.27042266   1.79619948   0.73602371   0.37966456   1.89471646  -1.95588177
  1.06628704   0.57765159  -1.01976838  -0.27149960   1.79621237   0.73499094   0.38280775   1.89988657  -1.95224034
  1.06423584   0.58438794  -1.01835415  -0.27251597   1.79625927   0.73394822   0.38596290   1.90500591  -1.94849097
  1.06204664   0.59104580  -1.01696959  -0.27346914   1.79631693   0.73294279   0.38909194   1.91003767  -1.94464506
  1.05972081   0.59762421  -1.01559497  -0.27435050   1.79640416   0.73196498   0.39219427   1.91497210  -1.94072899
  1.05726670   0.60411625  -1.01422912  -0.27519307   1.79649360   0.73104935   0.39527547   1.91979592  -1.93673057
  1.05469252   0.61051069  -1.01289020  -0.27599788   1.79660658   0.73014640   0.39834795   1.92453646  -1.93263683
  1.05200877   0.61680081  -1.01158091  -0.27675146   1.79675284   0.72925091   0.40139864   1.92918542  -1.92847225
  1.04922559   0.62298298  -1.01029847  -0.27745825   1.79692301   0.72838798   0.40442141   1.93372422  -1.92425368
  1.04635157   0.62905518  -1.00903478  -0.27813347   1.79709676   0.72760491   0.40738840   1.93811470  -1.91999696
  1.04339983   0.63501241  -1.00778497  -0.27878960   1.79727027   0.72689762   0.41030036   1.94235869  -1.91570752
  1.04037642   0.64084552  -1.00656389  -0.27940462   1.79747751   0.72618051   0.41319821   1.94651844  -1.91137907
  1.03727928   0.64654701  -1.00539672  -0.28001089   1.79766984   0.72551881   0.41606226   1.95056664  -1.90697732
  1.03410608   0.65211602  -1.00428171  -0.28058471   1.79786320   0.72492690   0.41886093   1.95447179  -1.90253703
  1.03086096   0.65755137  -1.00320475  -0.28110947   1.79807944   0.72438540   0.42160310   1.95823619  -1.89808742
  1.02754999   0.66284645  -1.00216626  -0.28161222   1.79830597   0.72388759   0.42429724   1.96187005  -1.89360597
  1.02417198   0.66798959  -1.00120157  -0.28211354   1.79854714   0.72339431   0.42698316   1.96541151  -1.88903680
  1.02072083   0.67297553  -1.00032352  -0.28258635   1.79880809   0.72291798   0.42962854   1.96884175  -1.88440039
  1.01719355   0.67780314  -0.99952312  -0.28301611   1.79908086   0.72248940   0.43221192   1.97213631  -1.87972488
  1.01359212   0.68246926  -0.99879061  -0.28340828   1.79936359   0.72210944   0.43473499   1.97529235  -1.87501554
  1.00992165   0.68696815  -0.99812167  -0.28376651   1.79966003   0.72177116   0.43719778   1.97830838  -1.87027840
  1.00618927   0.69129240  -0.99751811  -0.28409982   1.79996313   0.72148395   0.43960102   1.98117706  -1.86551572
  1.00240238   0.69543373  -0.99698609  -0.28440875   1.80027892   0.72123487   0.44194625   1.98390166  -1.86073026
  0.99856803   0.69938472  -0.99652970  -0.28469519   1.80060091   0.72103093   0.44422617   1.98647618  -1.85592866
  0.99469274   0.70313857  -0.99615278  -0.28496009   1.80092668   0.72087213   0.44643910   1.98889932  -1.85111591
  0.99078234   0.70668908  -0.99585909  -0.28520377   1.80125809   0.72075312   0.44858646   1.99117195  -1.84629587
  0.98684186   0.71003105  -0.99565097  -0.28542886   1.80159145   0.72068138   0.45065973   1.99328567  -1.84147482
  0.98287597   0.71315916  -0.99553119  -0.28563724   1.80192493   0.72065818   0.45265785   1.99523801  -1.83665617
  0.97888912   0.71606765  -0.99550368  -0.28582874   1.80226158   0.72067490   0.45458523   1.99703270  -1.83184114
  0.97488544   0.71875067  -0.99557132  -0.28600512   1.80259550   0.72074038   0.45643286   1.99866199  -1.82703526
  0.97086906   0.72120203  -0.99573768  -0.28616676   1.80292482   0.72085520   0.45819885   2.00012384  -1.82224196
  0.96684411   0.72341525  -0.99600641  -0.28631449   1.80325047   0.72101332   0.45988604   2.00142036  -1.81746185
  0.96281460   0.72538406  -0.99638019  -0.28645008   1.80356986   0.72121693   0.46149106   2.00254766  -1.81269813
  0.95878443   0.72710204  -0.99686188  -0.28657279   1.80388325   0.72146584   0.46301156   2.00350248  -1.80795591
  0.95475754   0.72856278  -0.99745351  -0.28668327   1.80418582   0.72176734   0.46444016   2.00427778  -1.80324145
  0.95073795   0.72975965  -0.99815815  -0.28678175   1.80447564   0.72212124   0.46577560   2.00487203  -1.79855787
  0.94672965   0.73068637  -0.99897975  -0.28686840   1.80475322   0.72252292   0.46702004   2.00528656  -1.79390610
  0.94273620   0.73133789  -0.99992161  -0.28694422   1.80501686   0.72297415   0.46817011   2.00551829  -1.78928881
  0.93876059   0.73171092  -1.00098617  -0.28700935   1.80526625   0.72347631   0.46922288   2.00556449  -1.78470929
  0.93480516   0.73180432  -1.00217425  -0.28706446   1.80550108   0.72403046   0.47017684   2.00542379  -1.78016988
  0.93087154   0.73161922  -1.00348504  -0.28711062   1.80572191   0.72463524   0.47103309   2.00509750  -1.77567126
  0.92696077   0.73115880  -1.00491661  -0.28714933   1.80592953   0.72528885   0.47179366   2.00458809  -1.77121307
  0.92307333   0.73042774  -1.00646652  -0.28718196   1.80612507   0.72598966   0.47246051   2.00389839  -1.76679473
  0.91920936   0.72943177  -1.00813231  -0.28720971   1.80631001   0.72673640   0.47303543   2.00303126  -1.76241549
  0.91536872   0.72817719  -1.00991148  -0.28723354   1.80648617   0.72752780   0.47352013   2.00198968  -1.75807456
  0.91155113   0.72667060  -1.01180161  -0.28725447   1.80665577   0.72836269   0.47391646   2.00077641  -1.75377094
  0.90775615   0.72491871  -1.01380016  -0.28727382   1.80682097   0.72924058   0.47422569   1.99939353  -1.74950364
  0.90398327   0.72292812  -1.01590481  -0.28729221   1.80698624   0.73015739   0.47445005   1.99784458  -1.74527125
  0.90023197   0.72070531  -1.01811275  -0.28731058   1.80715223   0.73111445   0.47459044   1.99613125  -1.74107330
  0.89650171   0.71825654  -1.02042141  -0.28732898   1.80732115   0.73211020   0.47464864   1.99425671  -1.73690910
  0.89279188   0.71558811  -1.02282803  -0.28734793   1.80749491   0.73314396   0.47462588   1.99222338  -1.73277796
  0.88910183   0.71270640  -1.02532976  -0.28736787   1.80767631   0.73421413   0.47452376   1.99003378  -1.72867909
  0.88543081   0.70961795  -1.02792348  -0.28738952   1.80786808   0.73531980   0.47434390   1.98768990  -1.72461179
  0.88177799   0.70632951  -1.03060586  -0.28741383   1.80807330   0.73645992   0.47408762   1.98519342  -1.72057528
  0.87814249   0.70284786  -1.03337376  -0.28744111   1.80829689   0.73763056   0.47375693   1.98254732  -1.71656851
  0.87452342   0.69917982  -1.03622355  -0.28747210   1.80853977   0.73883340   0.47335271   1.97975275  -1.71259125
  0.87091988   0.69533202  -1.03915203  -0.28750671   1.80880497   0.74006657   0.47287670   1.97681252  -1.70864288
  0.86733098   0.69131101  -1.04215603  -0.28754529   1.80909491   0.74132956   0.47232985   1.97372847  -1.70472287
  0.86375581   0.68712342  -1.04523227  -0.28758809   1.80941270   0.74262060   0.47171407   1.97050309  -1.70083040
  0.86019339   0.68277605  -1.04837725  -0.28763562   1.80976120   0.74393853   0.47103078   1.96713845  -1.69696465
  0.85664269   0.67827575  -1.05158743  -0.28768818   1.81014344   0.74528192   0.47028142   1.96363677  -1.69312492
  0.85310263   0.67362946  -1.05485901  -0.28774621   1.81056169   0.74665023   0.46946753   1.96000010  -1.68931047
  0.84957209   0.66884424  -1.05818808  -0.28781021   1.81101888   0.74804169   0.46859089   1.95623097  -1.68552027
  0.84604984   0.66392729  -1.06157073  -0.28788065   1.81151860   0.74945435   0.46765324   1.95233161  -1.68175337
  0.84253462   0.65888587  -1.06500326  -0.28795767   1.81206461   0.75088703   0.46665595   1.94830356  -1.67800943
  0.83902514   0.65372723  -1.06848216  -0.28804100   1.81266104   0.75233827   0.46559967   1.94414841  -1.67428834
  0.83552017   0.64845872  -1.07200351  -0.28813137   1.81330939   0.75380843   0.46448674   1.93986813  -1.67058901
  0.83201852   0.64308777  -1.07556292  -0.28822965   1.81401207   0.75529449   0.46332072   1.93546688  -1.66690922
  0.82851886   0.63762199  -1.07915598  -0.28833630   1.81477263   0.75679310   0.46210251   1.93094799  -1.66324765
  0.82501990   0.63206901  -1.08277859  -0.28845155   1.81559376   0.75830394   0.46083359   1.92631314  -1.65960392
  0.82152042   0.62643638  -1.08642695  -0.28857572   1.81647842   0.75982567   0.45951649   1.92156478  -1.65597707
  0.81801922   0.62073166  -1.09009714  -0.28870943   1.81742941   0.76135624   0.45815334   1.91670589  -1.65236564
  0.81451513   0.61496246  -1.09378512  -0.28885331   1.81844929   0.76289366   0.45674632   1.91173960  -1.64876823
  0.81100700   0.60913643  -1.09748679  -0.28900797   1.81954058   0.76443586   0.45529777   1.90666910  -1.64518343
  0.80749373   0.60326128  -1.10119806  -0.28917407   1.82070571   0.76598072   0.45381008   1.90149775  -1.64160982
  0.80397421   0.59734475  -1.10491485  -0.28935232   1.82194711   0.76752607   0.45228561   1.89622891  -1.63804595
  0.80044743   0.59139458  -1.10863316  -0.28954346   1.82326712   0.76906970   0.45072680   1.89086604  -1.63449036
  0.79691242   0.58541845  -1.11234903  -0.28974828   1.82466796   0.77060936   0.44913612   1.88541271  -1.63094154
  0.79336827   0.57942400  -1.11605859  -0.28996762   1.82615173   0.77214269   0.44751612   1.87987262  -1.62739794
  0.78981419   0.57341877  -1.11975807  -0.29020234   1.82772040   0.77366730   0.44586938   1.87424961  -1.62385798
  0.78624945   0.56741025  -1.12344388  -0.29045336   1.82937576   0.77518077   0.44419847   1.86854765  -1.62032002
  0.78267341   0.56140582  -1.12711258  -0.29072156   1.83111955   0.77668043   0.44250609   1.86277097  -1.61678239
  0.77908551   0.55541281  -1.13076068  -0.29100809   1.83295271   0.77816459   0.44079482   1.85692352  -1.61324341
  0.77548522   0.54943860  -1.13438473  -0.29131406   1.83487702   0.77962994   0.43906760   1.85100995  -1.60970123
  0.77187204   0.54349055  -1.13798115  -0.29164066   1.83689406   0.78107345   0.43732713   1.84503476  -1.60615411
  0.76824553   0.53757598  -1.14154650  -0.29198909   1.83900505   0.78249264   0.43557612   1.83900226  -1.60260047
  0.76460536   0.53170209  -1.14507760  -0.29236042   1.84121127   0.78388454   0.43381745   1.83291722  -1.59903870
  0.76095126   0.52587601  -1.14857131  -0.29275598   1.84351322   0.78524706   0.43205387   1.82678422  -1.59546712
  0.75728307   0.52010475  -1.15202480  -0.29317722   1.84591212   0.78657685   0.43028833   1.82060827  -1.59188380
  0.75360074   0.51439515  -1.15543538  -0.29362558   1.84840887   0.78787091   0.42852365   1.81439433  -1.58828689
  0.74990433   0.50875383  -1.15880046  -0.29410252   1.85100348   0.78912713   0.42676248   1.80814719  -1.58467476
  0.74619401   0.50318722  -1.16211774  -0.29460946   1.85369650   0.79034227   0.42500775   1.80187227  -1.58104560
  0.74247008   0.49770163  -1.16538505  -0.29514790   1.85648800   0.79151353   0.42326227   1.79557490  -1.57739763
  0.73873291   0.49230331  -1.16860036  -0.29571931   1.85937754   0.79263858   0.42152866   1.78926049  -1.57372924
  0.73498296   0.48699836  -1.17176195  -0.29632486   1.86236543   0.79371376   0.41980991   1.78293514  -1.57003878
  0.73122075   0.48179292  -1.17486764  -0.29696671   1.86544946   0.79473938   0.41810839   1.77660311  -1.56632482
  0.72744677   0.47669306  -1.17791557  -0.29764694   1.86863120   0.79570998   0.41642722   1.77027054  -1.56258513
  0.72366161   0.47170461  -1.18090403  -0.29836758   1.87191220   0.79662031   0.41476942   1.76394339  -1.55881769
  0.71986598   0.46683307  -1.18383145  -0.29913054   1.87528981   0.79747114   0.41313712   1.75762577  -1.55502151
  0.71606074   0.46208340  -1.18669712  -0.29993683   1.87876322   0.79825948   0.41153284   1.75132395  -1.55119524
  0.71224684   0.45746031  -1.18950059  -0.30078745   1.88233125   0.79898245   0.40995915   1.74504436  -1.54733757
  0.70842530   0.45296851  -1.19224082  -0.30168449   1.88598965   0.79964225   0.40841778   1.73879093  -1.54344753
  0.70459706   0.44861277  -1.19491717  -0.30262938   1.88974009   0.80023208   0.40691190   1.73257089  -1.53952334
  0.70076307   0.44439796  -1.19752865  -0.30362446   1.89358190   0.80074954   0.40544405   1.72638917  -1.53556356
  0.69692434   0.44032870  -1.20007433  -0.30467203   1.89751262   0.80119425   0.40401601   1.72025035  -1.53156694
  0.69308195   0.43640913  -1.20255419  -0.30577285   1.90153278   0.80156036   0.40263036   1.71416195  -1.52753215
  0.68923704   0.43264333  -1.20496759  -0.30692890   1.90563628   0.80185280   0.40128861   1.70812689  -1.52345900
  0.68539073   0.42903514  -1.20731456  -0.30814144   1.90982327   0.80206629   0.39999345   1.70215215  -1.51934608
  0.68154413   0.42558823  -1.20959499  -0.30941221   1.91409330   0.80219670   0.39874706   1.69624381  -1.51519193
  0.67769839   0.42230589  -1.21180896  -0.31074233   1.91844311   0.80224448   0.39755124   1.69040642  -1.51099626
  0.67385467   0.41919119  -1.21395653  -0.31213304   1.92286794   0.80221211   0.39640724   1.68464382  -1.50675890
  0.67001406   0.41624717  -1.21603800  -0.31358584   1.92736703   0.80209545   0.39531739   1.67896218  -1.50247849
  0.66617763   0.41347677  -1.21805367  -0.31510211   1.93194002   0.80188986   0.39428406   1.67336781  -1.49815371
  0.66234644   0.41088277  -1.22000383  -0.31668263   1.93658219   0.80159807   0.39330833   1.66786435  -1.49378479
  0.65852150   0.40846777  -1.22188914  -0.31832752   1.94128998   0.80122126   0.39239145   1.66245608  -1.48937208
  0.65470380   0.40623457  -1.22370974  -0.32003831   1.94606050   0.80075940   0.39153510   1.65714716  -1.48491498
  0.65089420   0.40418607  -1.22546549  -0.32181672   1.95089430   0.80020570   0.39074186   1.65194453  -1.48041173
  0.64709356   0.40232504  -1.22715600  -0.32366427   1.95578806   0.79955963   0.39001355   1.64685280  -1.47586168
  0.64330266   0.40065386  -1.22878148  -0.32558151   1.96073763   0.79882294   0.38935171   1.64187565  -1.47126510
  0.63952220   0.39917488  -1.23034252  -0.32756884   1.96574116   0.79799403   0.38875795   1.63701794  -1.46662166
  0.63575281   0.39789030  -1.23183949  -0.32962670   1.97079508   0.79707376   0.38823359   1.63228360  -1.46193130
  0.63199504   0.39680219  -1.23327283  -0.33175516   1.97589629   0.79606221   0.38778005   1.62767695  -1.45719402
  0.62824931   0.39591275  -1.23464291  -0.33395464   1.98104250   0.79495841   0.38739884   1.62320235  -1.45240945
  0.62451598   0.39522410  -1.23594973  -0.33622543   1.98623052   0.79376279   0.38709141   1.61886355  -1.44757757
  0.62079528   0.39473840  -1.23719321  -0.33856762   1.99145779   0.79247493   0.38685934   1.61466447  -1.44269842
  0.61708730   0.39445784  -1.23837266  -0.34098128   1.99672101   0.79109508   0.38670401   1.61060879  -1.43777223
  0.61339197   0.39438487  -1.23948667  -0.34346693   2.00201684   0.78962316   0.38662715   1.60670006  -1.43279906
  0.60970908   0.39452150  -1.24053463  -0.34602307   2.00734436   0.78805547   0.38663287   1.60294347  -1.42778012
  0.60603844   0.39486923  -1.24151673  -0.34864864   2.01269896   0.78639578   0.38672122   1.59934117  -1.42271620
  0.60237986   0.39542919  -1.24243302  -0.35134362   2.01807317   0.78465253   0.38688959   1.59589312  -1.41760732
  0.59873278   0.39620275  -1.24328411  -0.35410590   2.02347087   0.78281528   0.38714243   1.59260669  -1.41245338
  0.59509656   0.39719141  -1.24406873  -0.35693535   2.02888643   0.78088833   0.38748080   1.58948302  -1.40725488
  0.59147035   0.39839668  -1.24478603  -0.35983084   2.03431686   0.77887248   0.38790540   1.58652475  -1.40201211
  0.58785313   0.39982002  -1.24543499  -0.36279057   2.03975923   0.77676833   0.38841695   1.58373472  -1.39672580
  0.58424381   0.40146304  -1.24601440  -0.36581291   2.04520964   0.77457847   0.38901792   1.58111453  -1.39139732
  0.58064139   0.40332737  -1.24652182  -0.36889901   2.05066244   0.77230542   0.38970554   1.57866639  -1.38602457
  0.57704517   0.40541522  -1.24695259  -0.37205439   2.05611170   0.76995005   0.39047364   1.57639226  -1.38060183
  0.57345447   0.40772864  -1.24730241  -0.37528191   2.06155198   0.76751470   0.39132172   1.57429248  -1.37512754
  0.56986852   0.41027010  -1.24756569  -0.37858561   2.06697643   0.76500375   0.39224653   1.57236633  -1.36959927
  0.56628623   0.41304196  -1.24773762  -0.38196778   2.07238257   0.76241447   0.39324683   1.57061634  -1.36401459
  0.56270599   0.41604765  -1.24781023  -0.38543090   2.07776602   0.75974689   0.39431742   1.56904392  -1.35837133
  0.55912560   0.41929071  -1.24777675  -0.38896508   2.08313420   0.75698825   0.39545784   1.56765658  -1.35267663
  0.55554290   0.42277313  -1.24763338  -0.39257918   2.08846420   0.75417061   0.39666208   1.56644221  -1.34692489
  0.55195136   0.42649789  -1.24737153  -0.39626067   2.09375499   0.75129215   0.39791439   1.56540914  -1.34111840
  0.54834451   0.43046738  -1.24699604  -0.39999058   2.09903833   0.74831456   0.39926646   1.56456490  -1.33527485
  0.54471532   0.43468509  -1.24649945  -0.40375871   2.10432098   0.74522477   0.40070742   1.56392005  -1.32939337
  0.54105761   0.43915463  -1.24587294  -0.40755645   2.10959756   0.74203141   0.40222788   1.56347464  -1.32347764
  0.53736526   0.44387927  -1.24510795  -0.41137919   2.11486491   0.73873696   0.40381978   1.56323044  -1.31752690
  0.53363272   0.44886161  -1.24419907  -0.41521938   2.12012353   0.73534475   0.40549730   1.56318242  -1.31154988
  0.52985536   0.45410517  -1.24313435  -0.41907408   2.12538379   0.73183264   0.40724795   1.56334117  -1.30554231
  0.52602918   0.45960942  -1.24189860  -0.42295966   2.13059831   0.72825368   0.40903161   1.56369429  -1.29948639
  0.52214254   0.46536324  -1.24050599  -0.42681090   2.13580397   0.72454917   0.41089779   1.56427808  -1.29342061
  0.51818739   0.47136803  -1.23893685  -0.43060854   2.14103313   0.72069920   0.41285232   1.56507692  -1.28737098
  0.51416436   0.47762846  -1.23716400  -0.43438748   2.14628456   0.71673139   0.41487089   1.56604361  -1.28132976
  0.51007667   0.48413904  -1.23517951  -0.43814826   2.15152782   0.71268914   0.41693024   1.56716292  -1.27530298
  0.50592887   0.49088915  -1.23299131  -0.44190100   2.15677122   0.70853589   0.41903219   1.56845149  -1.26927209
  0.50172254   0.49786644  -1.23060511  -0.44562804   2.16200860   0.70427946   0.42117341   1.56991032  -1.26324969
  0.49745711   0.50505740  -1.22802746  -0.44929423   2.16724296   0.69992711   0.42335389   1.57153934  -1.25726438
  0.49313581   0.51244926  -1.22526166  -0.45293112   2.17245779   0.69549488   0.42557393   1.57331492  -1.25129343
  0.48875679   0.52003027  -1.22228125  -0.45656696   2.17761222   0.69101819   0.42774447   1.57522911  -1.24530191
  0.48431348   0.52778158  -1.21909172  -0.46012364   2.18276168   0.68645843   0.42995140   1.57726349  -1.23937800
  0.47979974   0.53567137  -1.21568557  -0.46355906   2.18788794   0.68183887   0.43215916   1.57941204  -1.23355115
  0.47522401   0.54364935  -1.21206994  -0.46687151   2.19296570   0.67717221   0.43428959   1.58167275  -1.22780723
  0.47059683   0.55165289  -1.20828838  -0.47004712   2.19800104   0.67242171   0.43637732   1.58404084  -1.22214917
  0.46592914   0.55965043  -1.20434301  -0.47309073   2.20297631   0.66760368   0.43843689   1.58648231  -1.21659280
  0.46123432   0.56765200  -1.20017906  -0.47608747   2.20781560   0.66282136   0.44038461   1.58893172  -1.21110421
  0.45652148   0.57565194  -1.19582768  -0.47899745   2.21255689   0.65803116   0.44223805   1.59142446  -1.20570670
  0.45179975   0.58365431  -1.19131501  -0.48178486   2.21726080   0.65316864   0.44404875   1.59398544  -1.20043247
  0.44707985   0.59165425  -1.18665592  -0.48444048   2.22192146   0.64827066   0.44583002   1.59659211  -1.19530731
  0.44237495   0.59965661  -1.18183043  -0.48702554   2.22649324   0.64337858   0.44747576   1.59924914  -1.19027434
  0.43770085   0.60765653  -1.17687219  -0.48956588   2.23095827   0.63853046   0.44899227   1.60194272  -1.18531760
  0.43305104   0.61565888  -1.17182090  -0.49202292   2.23534001   0.63375911   0.45047127   1.60463909  -1.18048466
  0.42842563   0.62365880  -1.16668759  -0.49439354   2.23964509   0.62907518   0.45190907   1.60732923  -1.17577829
  0.42384039   0.63166114  -1.16143572  -0.49672363   2.24384830   0.62445204   0.45323714   1.61004350  -1.17115867
  0.41930753   0.63966105  -1.15608565  -0.49902651   2.24794745   0.61985081   0.45446965   1.61281705  -1.16660070
  0.41484394   0.64766338  -1.15066610  -0.50132220   2.25195145   0.61531529   0.45559886   1.61562132  -1.16210594
  0.41047758   0.65566328  -1.14524570  -0.50364920   2.25587062   0.61093711   0.45669072   1.61836146  -1.15769052
  0.40620766   0.66366560  -1.13982892  -0.50602967   2.25969015   0.60677845   0.45773729   1.62099497  -1.15335102
  0.40201246   0.67166549  -1.13440120  -0.50843257   2.26341978   0.60275615   0.45869502   1.62360875  -1.14905706
  0.39789735   0.67966782  -1.12894341  -0.51075400   2.26711914   0.59876027   0.45951698   1.62631603  -1.14487408
  0.39388720   0.68766769  -1.12346230  -0.51300573   2.27075497   0.59490902   0.46022014   1.62902775  -1.14085779
  0.38999404   0.69567000  -1.11795350  -0.51524895   2.27428897   0.59122724   0.46082477   1.63171791  -1.13697296
  0.38622115   0.70366985  -1.11241800  -0.51751737   2.27770198   0.58765014   0.46137479   1.63442152  -1.13317050
  0.38256724   0.71167215  -1.10684084  -0.51982662   2.28097528   0.58416312   0.46187255   1.63715377  -1.12943079
  0.37902718   0.71967200  -1.10125377  -0.52217024   2.28413150   0.58077050   0.46230828   1.63991721  -1.12574350
  0.37559459   0.72767429  -1.09568334  -0.52454243   2.28717553   0.57754723   0.46265567   1.64268023  -1.12211772
  0.37225305   0.73567414  -1.09014212  -0.52688043   2.29009088   0.57458073   0.46290359   1.64542229  -1.11861063
  0.36900440   0.74367641  -1.08460337  -0.52918587   2.29288709   0.57177645   0.46309685   1.64818422  -1.11521264
  0.36586162   0.75167626  -1.07905076  -0.53143018   2.29561235   0.56898537   0.46321585   1.65106578  -1.11192134
  0.36283004   0.75967852  -1.07347673  -0.53365047   2.29824655   0.56623450   0.46323992   1.65405094  -1.10871406
  0.35991709   0.76767837  -1.06789559  -0.53581510   2.30074659   0.56373137   0.46317582   1.65700968  -1.10569323
  0.35713134   0.77568060  -1.06230356  -0.53798169   2.30310274   0.56146211   0.46303207   1.65993124  -1.10281378
  0.35448140   0.78368044  -1.05669667  -0.54018596   2.30530568   0.55932915   0.46283604   1.66287293  -1.10001706
  0.35195539   0.79168266  -1.05105118  -0.54241804   2.30734122   0.55730363   0.46258703   1.66586664  -1.09729353
  0.34955262   0.79967654  -1.04538133  -0.54461433   2.30923216   0.55534694   0.46228808   1.66895864  -1.09468143
  0.34728611   0.80763820  -1.03972240  -0.54677980   2.31095334   0.55356263   0.46195204   1.67206999  -1.09221207
  0.34518092   0.81553136  -1.03413209  -0.54893218   2.31252782   0.55192656   0.46154479   1.67521605  -1.08985993
  0.34323732   0.82332868  -1.02861979  -0.55111622   2.31392220   0.55048038   0.46106333   1.67834557  -1.08759293
  0.34144290   0.83100867  -1.02317478  -0.55327088   2.31512003   0.54916575   0.46051780   1.68152288  -1.08542985
  0.33976902   0.83856641  -1.01774913  -0.55534866   2.31611369   0.54800571   0.45990179   1.68471900  -1.08341906
  0.33819688   0.84599579  -1.01231798  -0.55736578   2.31690218   0.54697219   0.45923093   1.68791756  -1.08153629
  0.33672404   0.85328498  -1.00688532  -0.55933429   2.31747043   0.54603082   0.45851334   1.69114352  -1.07974900
  0.33534212   0.86042282  -1.00146138  -0.56125084   2.31781013   0.54521090   0.45773328   1.69438316  -1.07805443
  0.33404730   0.86739612  -0.99606659  -0.56309859   2.31791579   0.54454780   0.45688937   1.69761977  -1.07646718
  0.33283825   0.87418871  -0.99073303  -0.56487177   2.31779224   0.54404973   0.45597159   1.70085700  -1.07497941
  0.33172422   0.88078624  -0.98549807  -0.56656892   2.31744573   0.54372110   0.45499106   1.70409323  -1.07359028
  0.33071957   0.88718263  -0.98037610  -0.56820370   2.31687390   0.54355387   0.45395804   1.70732968  -1.07229398
  0.32983207   0.89338074  -0.97535890  -0.56979484   2.31610015   0.54348349   0.45288129   1.71058621  -1.07107115
  0.32907768   0.89938852  -0.97042700  -0.57134005   2.31513214   0.54347495   0.45176809   1.71387777  -1.06993993
  0.32846644   0.90521545  -0.96555496  -0.57282321   2.31394168   0.54361729   0.45061587   1.71714637  -1.06896523
  0.32800700   0.91086263  -0.96074082  -0.57429134   2.31246282   0.54397669   0.44944116   1.72035796  -1.06812108
  0.32768203   0.91632558  -0.95600517  -0.57575481   2.31072363   0.54445537   0.44821440   1.72360005  -1.06733345
  0.32748923   0.92160805  -0.95135454  -0.57715466   2.30878774   0.54496397   0.44694946   1.72692771  -1.06663713
  0.32742716   0.92671375  -0.94678259  -0.57852533   2.30663507   0.54556173   0.44567171   1.73027210  -1.06602779
  0.32748753   0.93164529  -0.94227329  -0.57986132   2.30420531   0.54640134   0.44435863   1.73355123  -1.06554905
  0.32766158   0.93640124  -0.93783795  -0.58117095   2.30155014   0.54737390   0.44301694   1.73681845  -1.06515485
  0.32794043   0.94098272  -0.93347530  -0.58243069   2.29870226   0.54843089   0.44162568   1.74011168  -1.06484697
  0.32833321   0.94539565  -0.92917112  -0.58359123   2.29569402   0.54952323   0.44016185   1.74347776  -1.06467355
  0.32885421   0.94964664  -0.92491258  -0.58467480   2.29250262   0.55071915   0.43865646   1.74684205  -1.06466278
  0.32951610   0.95373461  -0.92070494  -0.58574449   2.28909429   0.55203975   0.43711139   1.75018709  -1.06476626
  0.33032605   0.95765663  -0.91656848  -0.58680725   2.28549564   0.55343126   0.43553362   1.75354406  -1.06496399
  0.33127318   0.96141425  -0.91251219  -0.58786808   2.28171600   0.55491949   0.43395026   1.75687165  -1.06525574
  0.33233412   0.96500907  -0.90853227  -0.58891855   2.27776846   0.55651779   0.43232082   1.76017013  -1.06563328
  0.33349513   0.96843982  -0.90462369  -0.58994128   2.27364136   0.55823151   0.43062682   1.76345861  -1.06609632
  0.33474927   0.97170719  -0.90078531  -0.59092476   2.26935937   0.56001698   0.42889239   1.76674739  -1.06664455
  0.33609240   0.97481303  -0.89701143  -0.59186432   2.26493887   0.56185832   0.42711990   1.77003423  -1.06728227
  0.33752503   0.97775756  -0.89329722  -0.59276591   2.26036987   0.56376514   0.42530471   1.77331541  -1.06800770
  0.33904650   0.98054132  -0.88964044  -0.59363027   2.25563784   0.56577891   0.42344305   1.77656547  -1.06883287
  0.34065699   0.98316467  -0.88604348  -0.59446135   2.25076667   0.56785420   0.42153120   1.77980721  -1.06974425
  0.34235454   0.98562843  -0.88250805  -0.59525831   2.24576947   0.56998368   0.41957214   1.78303600  -1.07074325
  0.34413747   0.98793271  -0.87903368  -0.59604052   2.24063001   0.57220812   0.41757427   1.78621451  -1.07182414
  0.34599994   0.99007565  -0.87562760  -0.59681012   2.23536767   0.57449241   0.41553134   1.78936406  -1.07296879
  0.34793979   0.99205777  -0.87228630  -0.59756460   2.22997557   0.57685544   0.41344615   1.79247050  -1.07418531
  0.34995612   0.99387938  -0.86901007  -0.59830198   2.22447142   0.57926428   0.41131688   1.79555089  -1.07546846
  0.35204840   0.99553886  -0.86580352  -0.59902932   2.21885762   0.58169967   0.40914792   1.79861784  -1.07680355
  0.35421349   0.99703769  -0.86266492  -0.59975143   2.21313487   0.58419280   0.40694799   1.80163426  -1.07819900
  0.35644912   0.99837406  -0.85959704  -0.60046526   2.20730531   0.58672462   0.40470527   1.80462435  -1.07964653
  0.35875076   0.99955131  -0.85659510  -0.60116212   2.20139409   0.58929938   0.40242613   1.80756029  -1.08116470
  0.36111863   1.00056844  -0.85365686  -0.60184416   2.19540442   0.59189479   0.40009841   1.81046306  -1.08274501
  0.36355120   1.00142784  -0.85077070  -0.60252024   2.18931316   0.59458787   0.39771850   1.81327202  -1.08440666
  0.36605647   1.00212850  -0.84793480  -0.60316821   2.18315424   0.59732000   0.39527310   1.81602462  -1.08616772
  0.36862770   1.00266849  -0.84515655  -0.60378897   2.17693119   0.60008320   0.39276445   1.81872733  -1.08801602
  0.37125435   1.00304659  -0.84244212  -0.60438721   2.17065701   0.60285205   0.39020294   1.82138860  -1.08993032
  0.37393017   1.00326073  -0.83979265  -0.60499244   2.16431149   0.60565142   0.38759620   1.82398630  -1.09188134
  0.37664845   1.00330876  -0.83720345  -0.60560020   2.15785258   0.60857417   0.38494051   1.82646932  -1.09388988
  0.37940414   1.00318825  -0.83468003  -0.60618204   2.15133810   0.61152653   0.38222645   1.82889127  -1.09595881
  0.38219564   1.00289678  -0.83221910  -0.60674603   2.14475480   0.61452867   0.37945736   1.83123527  -1.09808522
  0.38502238   1.00243265  -0.82982361  -0.60730013   2.13813045   0.61753329   0.37663883   1.83351475  -1.10025352
  0.38788199   1.00179531  -0.82749025  -0.60783467   2.13146185   0.62056661   0.37376171   1.83571276  -1.10248073
  0.39077286   1.00098345  -0.82521837  -0.60834410   2.12476196   0.62361055   0.37082168   1.83783692  -1.10476903
  0.39369486   0.99999408  -0.82300695  -0.60883864   2.11800576   0.62669912   0.36782066   1.83986935  -1.10711447
  0.39664868   0.99882402  -0.82085865  -0.60933645   2.11118013   0.62984592   0.36476756   1.84179656  -1.10950198
  0.39963536   0.99747067  -0.81878350  -0.60983892   2.10432595   0.63298422   0.36167061   1.84364424  -1.11191737
  0.40264998   0.99593269  -0.81677919  -0.61033822   2.09742795   0.63616110   0.35850845   1.84539190  -1.11437537
  0.40568820   0.99420864  -0.81484094  -0.61082439   2.09047348   0.63940729   0.35527671   1.84702312  -1.11689018
  0.40875073   0.99229582  -0.81297297  -0.61130486   2.08349772   0.64265197   0.35199517   1.84856094  -1.11944211
  0.41183180   0.99019226  -0.81116862  -0.61176948   2.07647475   0.64595463   0.34863687   1.84998250  -1.12204969
  0.41492626   0.98789557  -0.80943137  -0.61220752   2.06944046   0.64926376   0.34521135   1.85130323  -1.12471080
  0.41803196   0.98540165  -0.80776114  -0.61264137   2.06237781   0.65260046   0.34172256   1.85250455  -1.12740598
  0.42114501   0.98270694  -0.80615842  -0.61305793   2.05528496   0.65597470   0.33816200   1.85358441  -1.13014607
  0.42426272   0.97980840  -0.80462318  -0.61345394   2.04816556   0.65938285   0.33452775   1.85454202  -1.13293181
  0.42738485   0.97670293  -0.80315868  -0.61383819   2.04102516   0.66280759   0.33082894   1.85538080  -1.13575020
  0.43051455   0.97338755  -0.80177338  -0.61422471   2.03387261   0.66621443   0.32708537   1.85611504  -1.13857976
  0.43364619   0.96986569  -0.80046232  -0.61460843   2.02669911   0.66966820   0.32327175   1.85670316  -1.14143970
  0.43677410   0.96614129  -0.79922020  -0.61496260   2.01953194   0.67314011   0.31937002   1.85716514  -1.14434882
  0.43990348   0.96221842  -0.79804163  -0.61530259   2.01238326   0.67659648   0.31540471   1.85750593  -1.14729417
  0.44303092   0.95810297  -0.79691818  -0.61562609   2.00522736   0.68009168   0.31136146   1.85770455  -1.15028662
  0.44615853   0.95379892  -0.79585260  -0.61596371   1.99804768   0.68362808   0.30725974   1.85776168  -1.15329437
  0.44927854   0.94931354  -0.79484954  -0.61629469   1.99085834   0.68719910   0.30310026   1.85768807  -1.15632595
  0.45238222   0.94465721  -0.79390338  -0.61659484   1.98369809   0.69076729   0.29888339   1.85749790  -1.15939496
  0.45547020   0.93983735  -0.79300978  -0.61688291   1.97657796   0.69429467   0.29461077   1.85721500  -1.16247753
  0.45853930   0.93486212  -0.79216655  -0.61715028   1.96949595   0.69779289   0.29029032   1.85683630  -1.16558054
  0.46158747   0.92974243  -0.79134218  -0.61736212   1.96240392   0.70136000   0.28587741   1.85633204  -1.16876184
  0.46463741   0.92448526  -0.79052574  -0.61756354   1.95531199   0.70495284   0.28142697   1.85569532  -1.17200008
  0.46769945   0.91909467  -0.78973518  -0.61779067   1.94824157   0.70851650   0.27694773   1.85495960  -1.17525267
  0.47076324   0.91357758  -0.78899749  -0.61805588   1.94120528   0.71207104   0.27244921   1.85411058  -1.17849114
  0.47380617   0.90794557  -0.78831379  -0.61833671   1.93420389   0.71567283   0.26791320   1.85311980  -1.18172481
  0.47680818   0.90221023  -0.78765932  -0.61856777   1.92725769   0.71929593   0.26329643   1.85202695  -1.18499877
  0.47976079   0.89637991  -0.78700929  -0.61874062   1.92034957   0.72294571   0.25861297   1.85083224  -1.18832022
  0.48266328   0.89046029  -0.78635476  -0.61886839   1.91349098   0.72658456   0.25389092   1.84954547  -1.19167349
  0.48552035   0.88445568  -0.78569612  -0.61897293   1.90668483   0.73020265   0.24914182   1.84816613  -1.19504077
  0.48834231   0.87837027  -0.78504049  -0.61907411   1.89993734   0.73378846   0.24437777   1.84669685  -1.19840853
  0.49112965   0.87221175  -0.78438861  -0.61916745   1.89323755   0.73738414   0.23957675   1.84512428  -1.20178593
  0.49388398   0.86598777  -0.78374794  -0.61926746   1.88660395   0.74096505   0.23475646   1.84345552  -1.20515422
  0.49660305   0.85970674  -0.78312479  -0.61937172   1.88006131   0.74449129   0.22992682   1.84171495  -1.20850362
  0.49928455   0.85337746  -0.78252054  -0.61947807   1.87360275   0.74797221   0.22511221   1.83990129  -1.21183196
  0.50192189   0.84701160  -0.78191571  -0.61957107   1.86721449   0.75145017   0.22027066   1.83800462  -1.21515964
  0.50451122   0.84062036  -0.78128748  -0.61962231   1.86091274   0.75492166   0.21539369   1.83601926  -1.21852017
  0.50706273   0.83420805  -0.78063199  -0.61966297   1.85468910   0.75836435   0.21050389   1.83395950  -1.22189093
  0.50957595   0.82778003  -0.77994594  -0.61968259   1.84851921   0.76181325   0.20557994   1.83182780  -1.22528188
  0.51205448   0.82134199  -0.77924215  -0.61970274   1.84243236   0.76523001   0.20066314   1.82962578  -1.22866833
  0.51450044   0.81489955  -0.77853061  -0.61973442   1.83645392   0.76856384   0.19574907   1.82738873  -1.23202948
  0.51690617   0.80846098  -0.77781404  -0.61977167   1.83056911   0.77186036   0.19083556   1.82509793  -1.23536534
  0.51926106   0.80203573  -0.77707110  -0.61977033   1.82473199   0.77520115   0.18590479   1.82273102  -1.23871947
  0.52156240   0.79562908  -0.77629953  -0.61973565   1.81897811   0.77850739   0.18098390   1.82032360  -1.24207652
  0.52381829   0.78925001  -0.77549668  -0.61970741   1.81334791   0.78173674   0.17609662   1.81786530  -1.24541059
  0.52602906   0.78290637  -0.77466397  -0.61969954   1.80783336   0.78492578   0.17121909   1.81534004  -1.24871119
  0.52819383   0.77660318  -0.77379915  -0.61968051   1.80240552   0.78809278   0.16633461   1.81277493  -1.25200087
  0.53032601   0.77034757  -0.77289258  -0.61962799   1.79708969   0.79117307   0.16146476   1.81020738  -1.25530995
  0.53242959   0.76414906  -0.77193377  -0.61955661   1.79187079   0.79421615   0.15659896   1.80760433  -1.25863927
  0.53449904   0.75801297  -0.77093572  -0.61949522   1.78674363   0.79723562   0.15174968   1.80495919  -1.26195142
  0.53652680   0.75194411  -0.76991436  -0.61945419   1.78172320   0.80020796   0.14694121   1.80228481  -1.26521885
  0.53850986   0.74594787  -0.76887506  -0.61943262   1.77681460   0.80311778   0.14217921   1.79959824  -1.26843323
  0.54044219   0.74003274  -0.76781273  -0.61942554   1.77202024   0.80598177   0.13744914   1.79689074  -1.27159551
  0.54232352   0.73420443  -0.76672721  -0.61942800   1.76734920   0.80877532   0.13276812   1.79417876  -1.27470700
  0.54415476   0.72846772  -0.76561989  -0.61943954   1.76279244   0.81149927   0.12814524   1.79147286  -1.27776634
  0.54593786   0.72282815  -0.76448447  -0.61944760   1.75834201   0.81414842   0.12355999   1.78879597  -1.28078507
  0.54767456   0.71729507  -0.76331229  -0.61947074   1.75398049   0.81679390   0.11902555   1.78608938  -1.28376103
  0.54936718   0.71187463  -0.76209458  -0.61949152   1.74974918   0.81935293   0.11450302   1.78340936  -1.28670596
  0.55101389   0.70656846  -0.76084834  -0.61952070   1.74563277   0.82182934   0.11003607   1.78076417  -1.28960022
  0.55261061   0.70138195  -0.75957993  -0.61956826   1.74162133   0.82425481   0.10564367   1.77813329  -1.29243064
  0.55415182   0.69632388  -0.75828129  -0.61963487   1.73772917   0.82663574   0.10130123   1.77550588  -1.29519432
  0.55563439   0.69140084  -0.75694709  -0.61970276   1.73396758   0.82895429   0.09701832   1.77289185  -1.29790442
  0.55705563   0.68661869  -0.75556946  -0.61976016   1.73032252   0.83122504   0.09279368   1.77029342  -1.30057108
  0.55842711   0.68198006  -0.75414675  -0.61981721   1.72678915   0.83341179   0.08863029   1.76774981  -1.30319403
  0.55975460   0.67748947  -0.75268545  -0.61989329   1.72334563   0.83556198   0.08453673   1.76523712  -1.30576165
  0.56103678   0.67315102  -0.75119339  -0.61999366   1.72000463   0.83765306   0.08049433   1.76277771  -1.30825965
  0.56227165   0.66896804  -0.74967914  -0.62010439   1.71677169   0.83966749   0.07653270   1.76038622  -1.31069328
  0.56345599   0.66494673  -0.74813759  -0.62022393   1.71364899   0.84162293   0.07265176   1.75804552  -1.31306430
  0.56459176   0.66108845  -0.74656976  -0.62036093   1.71063844   0.84350143   0.06885258   1.75577173  -1.31536578
  0.56567879   0.65739295  -0.74497889  -0.62051891   1.70773255   0.84531553   0.06513132   1.75356199  -1.31759278
  0.56671426   0.65385958  -0.74336687  -0.62069372   1.70493637   0.84706505   0.06148618   1.75141320  -1.31974498
  0.56769019   0.65048628  -0.74173385  -0.62087432   1.70225011   0.84874989   0.05791017   1.74932722  -1.32182270
  0.56861227   0.64726790  -0.74008128  -0.62106856   1.69966093   0.85037124   0.05442161   1.74730617  -1.32382711
  0.56948821   0.64419841  -0.73841504  -0.62128598   1.69716237   0.85192260   0.05101372   1.74536146  -1.32575443
  0.57032086   0.64127320  -0.73674312  -0.62152534   1.69475471   0.85341432   0.04769104   1.74348239  -1.32760578
  0.57110943   0.63848861  -0.73506702  -0.62178687   1.69243560   0.85485004   0.04443714   1.74166960  -1.32937818
  0.57184980   0.63584197  -0.73338499  -0.62206308   1.69020077   0.85624692   0.04125209   1.73990802  -1.33107582
  0.57254098   0.63332853  -0.73169538  -0.62234823   1.68804819   0.85758935   0.03813199   1.73821202  -1.33270297
  0.57318265   0.63094396  -0.72999957  -0.62264408   1.68597186   0.85888515   0.03508598   1.73657452  -1.33425932
  0.57377427   0.62868432  -0.72829881  -0.62295295   1.68396837   0.86014150   0.03211541   1.73498850  -1.33574297
  0.57431299   0.62654557  -0.72659406  -0.62327125   1.68204286   0.86135089   0.02920675   1.73345725  -1.33715224
  0.57480203   0.62452286  -0.72488760  -0.62359870   1.68019488   0.86249810   0.02636701   1.73199203  -1.33849066
  0.57524508   0.62261250  -0.72318367  -0.62394185   1.67841995   0.86359037   0.02360273   1.73058713  -1.33975601
  0.57564176   0.62081171  -0.72148422  -0.62430318   1.67671517   0.86463831   0.02090099   1.72923642  -1.34094390
  0.57599051   0.61911790  -0.71978990  -0.62467713   1.67507856   0.86564917   0.01826438   1.72793305  -1.34205778
  0.57629063   0.61752834  -0.71809937  -0.62505915   1.67350885   0.86662055   0.01569503   1.72667769  -1.34310221
  0.57653811   0.61604064  -0.71640803  -0.62544532   1.67200597   0.86755236   0.01316911   1.72547177  -1.34407624
  0.57673375   0.61465099  -0.71471658  -0.62583477   1.67056677   0.86844581   0.01070476   1.72431038  -1.34498433
  0.57687821   0.61335553  -0.71302544  -0.62622993   1.66918803   0.86930425   0.00829835   1.72319087  -1.34582529
  0.57697255   0.61215000  -0.71133401  -0.62662964   1.66786343   0.87012680   0.00593831   1.72211927  -1.34660059
  0.57701896   0.61103157  -0.70964297  -0.62702627   1.66658911   0.87093060   0.00364919   1.72107556  -1.34732225
  0.57702198   0.60999463  -0.70795547  -0.62743507   1.66535254   0.87170827   0.00140660   1.72008057  -1.34797847
  0.57698303   0.60903572  -0.70627106  -0.62784075   1.66415429   0.87244830  -0.00079644   1.71914523  -1.34858239
  0.57691000   0.60815113  -0.70459744  -0.62825049   1.66300476   0.87313268  -0.00293607   1.71827238  -1.34913597
  0.57680394   0.60734024  -0.70293558  -0.62867764   1.66189912   0.87379429  -0.00502851   1.71743639  -1.34962721
  0.57666221   0.60660368  -0.70127284  -0.62909992   1.66082630   0.87445571  -0.00708718   1.71662408  -1.35007650
  0.57648913   0.60593716  -0.69961660  -0.62952996   1.65979973   0.87507942  -0.00909337   1.71585487  -1.35047763
  0.57628603   0.60533769  -0.69797049  -0.62997157   1.65882401   0.87565858  -0.01105232   1.71513147  -1.35082652
  0.57605386   0.60480301  -0.69633644  -0.63042414   1.65788325   0.87622608  -0.01295046   1.71443324  -1.35112586
  0.57579408   0.60433007  -0.69471515  -0.63088435   1.65698063   0.87676633  -0.01479468   1.71377228  -1.35137894
  0.57550630   0.60391867  -0.69308702  -0.63133189   1.65609886   0.87729607  -0.01663587   1.71315042  -1.35160560
  0.57519862   0.60356452  -0.69146365  -0.63178139   1.65524920   0.87780000  -0.01842335   1.71256236  -1.35180431
  0.57487285   0.60326489  -0.68984911  -0.63224597   1.65443338   0.87828288  -0.02017401   1.71200431  -1.35196206
  0.57453047   0.60301600  -0.68824932  -0.63272197   1.65366162   0.87871857  -0.02188366   1.71149192  -1.35208106
  0.57416994   0.60281713  -0.68666054  -0.63320358   1.65291510   0.87915348  -0.02354921   1.71099467  -1.35216676
  0.57379097   0.60266558  -0.68508378  -0.63369034   1.65220389   0.87956674  -0.02517173   1.71052198  -1.35221918
  0.57339125   0.60256048  -0.68350013  -0.63416727   1.65150885   0.87997197  -0.02680743   1.71008097  -1.35225087
  0.57297473   0.60249746  -0.68191931  -0.63464266   1.65084643   0.88034259  -0.02841285   1.70967354  -1.35226139
  0.57254196   0.60247492  -0.68033557  -0.63511084   1.65019696   0.88071716  -0.02999058   1.70927707  -1.35225871
  0.57209427   0.60249051  -0.67874536  -0.63556660   1.64956893   0.88107628  -0.03155128   1.70890101  -1.35224944
  0.57163774   0.60253912  -0.67716526  -0.63603760   1.64897152   0.88140939  -0.03307062   1.70854471  -1.35221311
  0.57117304   0.60261762  -0.67559879  -0.63652264   1.64839763   0.88172227  -0.03456499   1.70821265  -1.35214704
  0.57069975   0.60272417  -0.67404785  -0.63701391   1.64784159   0.88202686  -0.03602493   1.70789668  -1.35205719
  0.57021636   0.60285805  -0.67250338  -0.63750104   1.64729859   0.88232518  -0.03747384   1.70759951  -1.35195218
  0.56972374   0.60301710  -0.67096657  -0.63798689   1.64677518   0.88260849  -0.03889891   1.70731916  -1.35183257
  0.56922202   0.60320001  -0.66942659  -0.63846221   1.64625385   0.88289666  -0.04031847   1.70705036  -1.35170963
  0.56871784   0.60340142  -0.66789581  -0.63894058   1.64574843   0.88316128  -0.04170617   1.70680358  -1.35157784
  0.56820991   0.60362075  -0.66636609  -0.63941823   1.64524312   0.88343858  -0.04309407   1.70656044  -1.35143799
  0.56769825   0.60385511  -0.66484247  -0.63989300   1.64475713   0.88369999  -0.04446651   1.70632746  -1.35129203
  0.56718352   0.60410100  -0.66332907  -0.64037130   1.64428967   0.88394103  -0.04582098   1.70610840  -1.35113449
  0.56666579   0.60435669  -0.66181934  -0.64084426   1.64381739   0.88419445  -0.04716450   1.70589058  -1.35097512
  0.56615082   0.60461731  -0.66032356  -0.64132088   1.64335315   0.88442865  -0.04847847   1.70568991  -1.35081124
  0.56563631   0.60488341  -0.65883145  -0.64179495   1.64288629   0.88467668  -0.04979992   1.70548694  -1.35064455
  0.56512190   0.60515280  -0.65734907  -0.64226763   1.64243989   0.88490880  -0.05110935   1.70528567  -1.35047388
  0.56460601   0.60542423  -0.65587024  -0.64273456   1.64199305   0.88514943  -0.05241892   1.70508081  -1.35030294
  0.56408957   0.60569515  -0.65440035  -0.64319942   1.64155577   0.88537717  -0.05371537   1.70488155  -1.35012974
  0.56357148   0.60596590  -0.65293020  -0.64365386   1.64110797   0.88562180  -0.05501367   1.70467682  -1.34996230
  0.56305363   0.60623464  -0.65146582  -0.64410558   1.64066444   0.88585777  -0.05630560   1.70447705  -1.34979517
  0.56253647   0.60650139  -0.65000629  -0.64455085   1.64022072   0.88609575  -0.05758866   1.70427515  -1.34963224
  0.56202068   0.60676598  -0.64855256  -0.64499184   1.63978086   0.88632830  -0.05886535   1.70407534  -1.34947179
  0.56150831   0.60702713  -0.64711468  -0.64544419   1.63934983   0.88655073  -0.06012118   1.70387817  -1.34930037
  0.56099672   0.60728738  -0.64567865  -0.64588638   1.63891128   0.88678645  -0.06138361   1.70367766  -1.34913492
  0.56048605   0.60754718  -0.64424343  -0.64631451   1.63847637   0.88701715  -0.06264324   1.70347887  -1.34898105
  0.55997876   0.60780489  -0.64281979  -0.64675123   1.63804663   0.88724565  -0.06388497   1.70327786  -1.34882001
  0.55947455   0.60806038  -0.64140747  -0.64719109   1.63762306   0.88746671  -0.06511952   1.70308132  -1.34865419
  0.55897265   0.60831443  -0.64000333  -0.64762803   1.63719738   0.88769372  -0.06634823   1.70288352  -1.34848867
  0.55847232   0.60856770  -0.63860423  -0.64805722   1.63677301   0.88792005  -0.06757382   1.70268724  -1.34832794
  0.55797468   0.60881946  -0.63721699  -0.64848936   1.63635783   0.88813842  -0.06877859   1.70249084  -1.34816386
  0.55747801   0.60907071  -0.63583273  -0.64891726   1.63594051   0.88836019  -0.06999077   1.70229647  -1.34800083
  0.55698388   0.60931991  -0.63446178  -0.64934995   1.63553470   0.88856763  -0.07118367   1.70210670  -1.34783213
  0.55649011   0.60956882  -0.63309152  -0.64977352   1.63511879   0.88879240  -0.07238288   1.70191181  -1.34766867
  0.55599787   0.60981672  -0.63172628  -0.65019040   1.63470826   0.88901158  -0.07357119   1.70171721  -1.34751062
  0.55550752   0.61006313  -0.63036642  -0.65060604   1.63430024   0.88922545  -0.07475949   1.70152744  -1.34735248
  0.55502054   0.61030667  -0.62902246  -0.65102992   1.63390350   0.88942456  -0.07592407   1.70134262  -1.34718633
  0.55453379   0.61055012  -0.62767698  -0.65144205   1.63349328   0.88964484  -0.07710130   1.70115256  -1.34702744
  0.55404717   0.61079391  -0.62632735  -0.65183471   1.63308493   0.88986009  -0.07828072   1.70096480  -1.34688566
  0.55356301   0.61103636  -0.62498247  -0.65222839   1.63267986   0.89007150  -0.07945012   1.70077702  -1.34674464
  0.55308297   0.61127594  -0.62365134  -0.65263309   1.63228103   0.89027767  -0.08060040   1.70058931  -1.34659458
  0.55260487   0.61151431  -0.62232417  -0.65303141   1.63187881   0.89048984  -0.08175627   1.70040189  -1.34644778
  0.55212859   0.61175182  -0.62100082  -0.65342036   1.63147960   0.89069843  -0.08290844   1.70021614  -1.34630819
  0.55165508   0.61198791  -0.61968556  -0.65381122   1.63108443   0.89090415  -0.08405039   1.70003053  -1.34616678
  0.55118378   0.61222283  -0.61837647  -0.65420099   1.63069059   0.89110938  -0.08518894   1.69984609  -1.34602524
  0.55071536   0.61245584  -0.61707852  -0.65459419   1.63030531   0.89130321  -0.08631639   1.69966696  -1.34587948
  0.55024821   0.61268832  -0.61578403  -0.65498109   1.62991262   0.89151157  -0.08744273   1.69948238  -1.34573718
  0.54978209   0.61292036  -0.61449185  -0.65535785   1.62952292   0.89171513  -0.08856618   1.69930036  -1.34560271
  0.54931734   0.61315171  -0.61320277  -0.65573027   1.62913389   0.89191833  -0.08968554   1.69911853  -1.34547174
  0.54885436   0.61338197  -0.61191831  -0.65610073   1.62874698   0.89211946  -0.09079870   1.69893715  -1.34534237
  0.54839398   0.61361035  -0.61064274  -0.65647427   1.62836605   0.89231372  -0.09190206   1.69875810  -1.34520985
  0.54793636   0.61383664  -0.60937739  -0.65685100   1.62798913   0.89250449  -0.09299653   1.69858080  -1.34507316
  0.54748040   0.61406188  -0.60811728  -0.65722319   1.62760817   0.89270406  -0.09408901   1.69840072  -1.34493829
  0.54702605   0.61428620  -0.60686241  -0.65758960   1.62723144   0.89289833  -0.09517558   1.69822296  -1.34480730
  0.54657354   0.61450953  -0.60561340  -0.65795490   1.62685645   0.89309208  -0.09625581   1.69804526  -1.34467648
  0.54612228   0.61473226  -0.60436745  -0.65831459   1.62648112   0.89328705  -0.09733402   1.69786774  -1.34454952
  0.54567246   0.61495413  -0.60312565  -0.65867035   1.62610766   0.89347965  -0.09840756   1.69769152  -1.34442535
  0.54522434   0.61517485  -0.60188919  -0.65902450   1.62573482   0.89367292  -0.09947517   1.69751496  -1.34430185
  0.54477845   0.61539389  -0.60066140  -0.65937863   1.62536928   0.89385647  -0.10053160   1.69734205  -1.34417763
  0.54433648   0.61560980  -0.59945227  -0.65974392   1.62501971   0.89401926  -0.10156380   1.69717671  -1.34404261
  0.54389622   0.61582464  -0.59824934  -0.66011079   1.62465532   0.89420810  -0.10260288   1.69700463  -1.34390210
  0.54345935   0.61603738  -0.59705907  -0.66047769   1.62430035   0.89438002  -0.10362782   1.69684264  -1.34376060
  0.54302306   0.61625089  -0.59586742  -0.66083325   1.62393642   0.89456988  -0.10465983   1.69667349  -1.34362664
  0.54258688   0.61646528  -0.59467314  -0.66117579   1.62357738   0.89475456  -0.10569180   1.69650408  -1.34350397
  0.54215255   0.61667863  -0.59348470  -0.66152292   1.62322301   0.89493607  -0.10671299   1.69633324  -1.34337810
  0.54171954   0.61689070  -0.59230052  -0.66186866   1.62286809   0.89511898  -0.10773302   1.69616277  -1.34325229
  0.54128776   0.61710145  -0.59112074  -0.66220892   1.62251437   0.89530042  -0.10874831   1.69599313  -1.34313010
  0.54085704   0.61731118  -0.58994400  -0.66254338   1.62216053   0.89548209  -0.10976069   1.69582378  -1.34301204
  0.54042765   0.61751982  -0.58877114  -0.66287457   1.62180819   0.89566186  -0.11076842   1.69565524  -1.34289639
  0.54000032   0.61772687  -0.58760543  -0.66320796   1.62145868   0.89583907  -0.11176869   1.69548758  -1.34277831
  0.53957480   0.61793254  -0.58644600  -0.66353999   1.62111049   0.89601607  -0.11276421   1.69532039  -1.34266008
  0.53915076   0.61813725  -0.58529120  -0.66386737   1.62076358   0.89619235  -0.11375546   1.69515370  -1.34254471
  0.53872831   0.61834102  -0.58414140  -0.66419209   1.62041885   0.89636666  -0.11474132   1.69498783  -1.34243089
  0.53830793   0.61854352  -0.58299877  -0.66451784   1.62007780   0.89653783  -0.11571930   1.69482283  -1.34231544
  0.53788929   0.61874494  -0.58186203  -0.66484224   1.61973754   0.89670968  -0.11669303   1.69465806  -1.34219985
  0.53747288   0.61894489  -0.58073379  -0.66516808   1.61940237   0.89687584  -0.11765804   1.69449574  -1.34208200
  0.53705774   0.61914418  -0.57960940  -0.66548949   1.61906445   0.89704779  -0.11862162   1.69433190  -1.34196628
  0.53664367   0.61934300  -0.57848782  -0.66580454   1.61872792   0.89721774  -0.11958217   1.69416934  -1.34185526
  0.53623113   0.61954093  -0.57737103  -0.66611828   1.61839387   0.89738491  -0.12053670   1.69400782  -1.34174503
  0.53582108   0.61973708  -0.57626386  -0.66643710   1.61806604   0.89754513  -0.12148035   1.69384875  -1.34162994
  0.53541244   0.61993230  -0.57516118  -0.66675273   1.61773474   0.89771280  -0.12242307   1.69368749  -1.34151563
  0.53500479   0.62012699  -0.57406118  -0.66706080   1.61740487   0.89787840  -0.12336350   1.69352754  -1.34140678
  0.53459836   0.62032103  -0.57296446  -0.66736551   1.61707581   0.89804351  -0.12429990   1.69336780  -1.34130039
  0.53419341   0.62051413  -0.57187225  -0.66766898   1.61674840   0.89820714  -0.12523125   1.69320861  -1.34119466
  0.53379003   0.62070612  -0.57078522  -0.66797147   1.61642268   0.89836958  -0.12615740   1.69304991  -1.34108909
  0.53338840   0.62089685  -0.56970436  -0.66827348   1.61609945   0.89853001  -0.12707745   1.69289196  -1.34098303
  0.53298885   0.62108610  -0.56863131  -0.66857654   1.61578005   0.89868736  -0.12798949   1.69273488  -1.34087502
  0.53259083   0.62127435  -0.56756348  -0.66887726   1.61546032   0.89884676  -0.12889935   1.69257788  -1.34076737
  0.53219431   0.62146172  -0.56650067  -0.66917503   1.61514250   0.89900425  -0.12980489   1.69242220  -1.34066116
  0.53179910   0.62164841  -0.56544190  -0.66946955   1.61482519   0.89916194  -0.13070647   1.69226675  -1.34055690
  0.53140537   0.62183428  -0.56438789  -0.66976238   1.61450989   0.89931782  -0.13160249   1.69211199  -1.34045353
  0.53101364   0.62201888  -0.56334106  -0.67005704   1.61419805   0.89947106  -0.13249010   1.69195771  -1.34034800
  0.53062357   0.62220239  -0.56230000  -0.67035079   1.61388741   0.89962394  -0.13337445   1.69180440  -1.34024189
  0.53023557   0.62238451  -0.56126687  -0.67064535   1.61358162   0.89977145  -0.13425019   1.69165322  -1.34013419
  0.52984873   0.62256604  -0.56023712  -0.67093604   1.61327283   0.89992473  -0.13512593   1.69150084  -1.34002812
  0.52946283   0.62274717  -0.55920976  -0.67122060   1.61296540   0.90007588  -0.13599928   1.69134977  -1.33992661
  0.52907817   0.62292765  -0.55818599  -0.67150305   1.61265910   0.90022631  -0.13686788   1.69119876  -1.33982660
  0.52869525   0.62310699  -0.55716817  -0.67178648   1.61235581   0.90037416  -0.13772958   1.69104833  -1.33972533
  0.52831375   0.62328534  -0.55615499  -0.67206803   1.61205279   0.90052285  -0.13858838   1.69089807  -1.33962454
  0.52793352   0.62346282  -0.55514591  -0.67234611   1.61175090   0.90067047  -0.13944354   1.69074862  -1.33952583
  0.52755467   0.62363941  -0.55414126  -0.67262233   1.61145023   0.90081717  -0.14029445   1.69059978  -1.33942800
  0.52717735   0.62381498  -0.55314187  -0.67289808   1.61115123   0.90096268  -0.14114080   1.69045169  -1.33932977
  0.52680146   0.62398962  -0.55214731  -0.67317182   1.61085365   0.90110740  -0.14198232   1.69030396  -1.33923237
  0.52642694   0.62416341  -0.55115726  -0.67344348   1.61055743   0.90125121  -0.14281963   1.69015678  -1.33913594
  0.52605381   0.62433635  -0.55017174  -0.67371351   1.61026260   0.90139406  -0.14365263   1.69001014  -1.33904018
  0.52568208   0.62450842  -0.54919088  -0.67398217   1.60996924   0.90153594  -0.14448115   1.68986404  -1.33894485
  0.52531182   0.62467956  -0.54821495  -0.67424968   1.60967747   0.90167674  -0.14530505   1.68971850  -1.33884970
  0.52494312   0.62484968  -0.54724443  -0.67451652   1.60938755   0.90181632  -0.14612402   1.68957359  -1.33875426
  0.52457583   0.62501892  -0.54627869  -0.67478145   1.60909878   0.90195544  -0.14693900   1.68942917  -1.33865945
  0.52420990   0.62518736  -0.54531734  -0.67504418   1.60881128   0.90209370  -0.14775006   1.68928537  -1.33856570
  0.52384533   0.62535502  -0.54436039  -0.67530524   1.60852513   0.90223104  -0.14855693   1.68914213  -1.33847264
  0.52348213   0.62552184  -0.54340796  -0.67556502   1.60824038   0.90236743  -0.14935944   1.68899942  -1.33838000
  0.52312038   0.62568777  -0.54246039  -0.67582382   1.60795724   0.90250273  -0.15015736   1.68885725  -1.33828746
  0.52276020   0.62585270  -0.54151829  -0.67608224   1.60767609   0.90263672  -0.15095018   1.68871569  -1.33819439
  0.52240140   0.62601676  -0.54058081  -0.67633878   1.60739590   0.90277045  -0.15173945   1.68857460  -1.33810193
  0.52204392   0.62618006  -0.53964751  -0.67659298   1.60711691   0.90290331  -0.15252496   1.68843416  -1.33801069
  0.52168776   0.62634262  -0.53871837  -0.67684549   1.60683915   0.90303531  -0.15330647   1.68829425  -1.33792024
  0.52133295   0.62650438  -0.53779359  -0.67709674   1.60656274   0.90316641  -0.15408380   1.68815484  -1.33783023
  0.52097951   0.62666530  -0.53687336  -0.67734679   1.60628773   0.90329660  -0.15485691   1.68801595  -1.33774054
  0.52062745   0.62682535  -0.53595767  -0.67759553   1.60601410   0.90342592  -0.15562591   1.68787759  -1.33765120
  0.52027673   0.62698457  -0.53504649  -0.67784290   1.60574181   0.90355437  -0.15639084   1.68773975  -1.33756227
  0.51992736   0.62714295  -0.53413975  -0.67808887   1.60547087   0.90368197  -0.15715172   1.68760244  -1.33747377
  0.51957931   0.62730051  -0.53323745  -0.67833347   1.60520125   0.90380872  -0.15790857   1.68746566  -1.33738570
  0.51923260   0.62745726  -0.53233957  -0.67857671   1.60493295   0.90393461  -0.15866142   1.68732940  -1.33729804
  0.51888721   0.62761321  -0.53144608  -0.67881861   1.60466597   0.90405967  -0.15941026   1.68719367  -1.33721080
  0.51854315   0.62776835  -0.53055699  -0.67905917   1.60440031   0.90418389  -0.16015513   1.68705847  -1.33712395
  0.51820041   0.62792270  -0.52967225  -0.67929840   1.60413596   0.90430728  -0.16089607   1.68692378  -1.33703752
  0.51785899   0.62807626  -0.52879184  -0.67953631   1.60387290   0.90442985  -0.16163309   1.68678961  -1.33695150
  0.51751888   0.62822904  -0.52791574  -0.67977290   1.60361114   0.90455159  -0.16236619   1.68665596  -1.33686589
  0.51718008   0.62838103  -0.52704396  -0.68000819   1.60335067   0.90467251  -0.16309539   1.68652282  -1.33678068
  0.51684259   0.62853225  -0.52617645  -0.68024219   1.60309147   0.90479263  -0.16382075   1.68639020  -1.33669586
