  0.41770043   0.46579927  -1.27410017  -0.43299994   2.09290046   0.69139863   0.43859993   1.64320030  -1.13520013
  0.41770074   0.46579878  -1.27410027  -0.43299991   2.09290063   0.69139793   0.43859987   1.64320042  -1.13520026
  0.41770183   0.46579711  -1.27410055  -0.43299985   2.09290062   0.69139647   0.43859957   1.64320047  -1.13520091
  0.41770435   0.46579341  -1.27410113  -0.43299960   2.09289965   0.69139476   0.43859873   1.64320018  -1.13520275
  0.41770907   0.46578669  -1.27410224  -0.43299875   2.09289675   0.69139343   0.43859691   1.64319943  -1.13520671
  0.41771680   0.46577585  -1.27410415  -0.43299660   2.09289081   0.69139328   0.43859363   1.64319825  -1.13521396
  0.41772843   0.46575971  -1.27410711  -0.43299216   2.09288055   0.69139523   0.43858844   1.64319668  -1.13522603
  0.41774495   0.46573695  -1.27411128  -0.43298422   2.09286455   0.69140031   0.43858079   1.64319477  -1.13524472
  0.41776745   0.46570611  -1.27411673  -0.43297154   2.09284128   0.69140950   0.43856996   1.64319261  -1.13527200
  0.41779715   0.46566560  -1.27412351  -0.43295292   2.09280914   0.69142373   0.43855516   1.64319023  -1.13530989
  0.41783534   0.46561366  -1.27413172  -0.43292725   2.09276654   0.69144391   0.43853554   1.64318758  -1.13536038
  0.41788345   0.46554845  -1.27414154  -0.43289356   2.09271184   0.69147088   0.43851032   1.64318455  -1.13542545
  0.41794292   0.46546799  -1.27415328  -0.43285083   2.09264299   0.69150609   0.43847861   1.64318086  -1.13550712
  0.41801534   0.46536981  -1.27416750  -0.43279753   2.09255619   0.69155333   0.43843910   1.64317592  -1.13560803
  0.41810246   0.46525073  -1.27418531  -0.43273122   2.09244719   0.69161637   0.43839016   1.64316984  -1.13573124
  0.41820620   0.46510681  -1.27420824  -0.43264890   2.09231217   0.69169782   0.43833019   1.64316329  -1.13587992
  0.41832860   0.46493356  -1.27423785  -0.43254772   2.09214755   0.69179963   0.43825763   1.64315670  -1.13605726
  0.41847185   0.46472622  -1.27427547  -0.43242528   2.09194978   0.69192359   0.43817098   1.64314986  -1.13626639
  0.41863811   0.46448006  -1.27432204  -0.43227966   2.09171551   0.69207115   0.43806876   1.64314219  -1.13651026
  0.41882953   0.46419065  -1.27437819  -0.43210929   2.09144128   0.69224411   0.43794936   1.64313281  -1.13679178
  0.41904816   0.46385379  -1.27444440  -0.43191237   2.09112214   0.69244677   0.43781087   1.64312028  -1.13711432
  0.41929601   0.46346547  -1.27452142  -0.43168659   2.09075360   0.69268287   0.43765140   1.64310395  -1.13748135
  0.41957498   0.46302197  -1.27461028  -0.43142936   2.09033303   0.69295360   0.43746961   1.64308414  -1.13789599
  0.41988683   0.46251995  -1.27471187  -0.43113863   2.08985874   0.69325919   0.43726456   1.64306107  -1.13836093
  0.42023322   0.46195650  -1.27482681  -0.43081306   2.08932890   0.69360034   0.43703534   1.64303439  -1.13887844
  0.42061572   0.46132887  -1.27495551  -0.43045151   2.08874040   0.69397989   0.43678063   1.64300315  -1.13945089
  0.42103584   0.46063429  -1.27509862  -0.43005231   2.08809008   0.69440062   0.43649891   1.64296696  -1.14008077
  0.42149501   0.45987002  -1.27525685  -0.42961342   2.08737502   0.69486493   0.43618878   1.64292576  -1.14077070
  0.42199465   0.45903320  -1.27543081  -0.42913262   2.08659158   0.69537644   0.43584885   1.64287898  -1.14152370
  0.42253615   0.45812097  -1.27562113  -0.42860759   2.08573743   0.69593683   0.43547803   1.64282649  -1.14234269
  0.42312084   0.45713060  -1.27582817  -0.42803643   2.08481142   0.69654606   0.43507551   1.64276830  -1.14323014
  0.42374998   0.45605952  -1.27605194  -0.42741780   2.08381144   0.69720558   0.43464021   1.64270356  -1.14418846
  0.42442480   0.45490536  -1.27629231  -0.42675050   2.08273534   0.69791694   0.43417096   1.64263151  -1.14521988
  0.42514641   0.45366606  -1.27654913  -0.42603338   2.08158140   0.69868106   0.43366681   1.64255168  -1.14632645
  0.42591582   0.45233989  -1.27682224  -0.42526521   2.08034794   0.69949915   0.43312709   1.64246353  -1.14751028
  0.42673392   0.45092544  -1.27711143  -0.42444472   2.07903368   0.70037205   0.43255131   1.64236674  -1.14877343
  0.42760151   0.44942157  -1.27741642  -0.42357084   2.07763704   0.70130120   0.43193890   1.64226086  -1.15011777
  0.42851926   0.44782742  -1.27773697  -0.42264285   2.07615702   0.70228724   0.43128983   1.64214549  -1.15154476
  0.42948768   0.44614222  -1.27807287  -0.42166002   2.07459284   0.70333043   0.43060378   1.64202060  -1.15305549
  0.43050711   0.44436528  -1.27842379  -0.42062155   2.07294368   0.70443136   0.42988031   1.64188606  -1.15465108
  0.43157778   0.44249598  -1.27878941  -0.41952658   2.07120846   0.70559141   0.42911933   1.64174109  -1.15633291
  0.43269981   0.44053370  -1.27916931  -0.41837415   2.06938682   0.70681101   0.42832059   1.64158523  -1.15810222
  0.43387319   0.43847781  -1.27956304  -0.41716346   2.06747833   0.70809074   0.42748372   1.64141783  -1.15996006
  0.43509782   0.43632768  -1.27996992  -0.41589377   2.06548219   0.70943181   0.42660812   1.64123794  -1.16190751
  0.43637347   0.43408280  -1.28038914  -0.41456425   2.06339734   0.71083578   0.42569337   1.64104442  -1.16394576
  0.43769985   0.43174279  -1.28081993  -0.41317403   2.06122383   0.71230233   0.42473952   1.64083691  -1.16607567
  0.43907653   0.42930754  -1.28126143  -0.41172225   2.05896187   0.71383093   0.42374694   1.64061509  -1.16829806
  0.44050297   0.42677725  -1.28171263  -0.41020798   2.05661226   0.71542064   0.42271561   1.64037886  -1.17061368
  0.44197858   0.42415236  -1.28217238  -0.40863036   2.05417549   0.71707098   0.42164551   1.64012809  -1.17302322
  0.44350275   0.42143357  -1.28263917  -0.40698880   2.05165011   0.71878489   0.42053610   1.63986130  -1.17552789
  0.44507486   0.41862174  -1.28311173  -0.40528319   2.04903568   0.72056367   0.41938827   1.63957708  -1.17812835
  0.44669428   0.41571770  -1.28358909  -0.40351327   2.04633300   0.72240620   0.41820312   1.63927534  -1.18082477
  0.44836037   0.41272223  -1.28407028  -0.40167862   2.04354312   0.72431088   0.41698112   1.63895649  -1.18361712
  0.45007246   0.40963598  -1.28455428  -0.39977857   2.04066671   0.72627698   0.41572234   1.63862054  -1.18650576
  0.45183000   0.40645961  -1.28503960  -0.39781198   2.03770256   0.72830723   0.41442577   1.63826631  -1.18949219
  0.45363253   0.40319364  -1.28552519  -0.39577824   2.03465076   0.73040288   0.41309341   1.63789165  -1.19257802
  0.45547963   0.39983867  -1.28600956  -0.39367712   2.03151213   0.73256285   0.41172430   1.63749647  -1.19576344
  0.45737099   0.39639563  -1.28649087  -0.39150738   2.02828884   0.73478386   0.41031654   1.63708238  -1.19904918
  0.45930641   0.39286598  -1.28696722  -0.38926968   2.02498189   0.73706595   0.40887154   1.63664728  -1.20243618
  0.46128561   0.38925167  -1.28743645  -0.38696563   2.02159145   0.73941015   0.40739025   1.63618892  -1.20592457
  0.46330820   0.38555496  -1.28789679  -0.38459659   2.01811812   0.74181628   0.40587483   1.63570610  -1.20951422
  0.46537356   0.38177830  -1.28834681  -0.38216312   2.01456307   0.74428285   0.40432792   1.63519889  -1.21320495
  0.46748093   0.37792432  -1.28878479  -0.37966515   2.01092663   0.74680966   0.40275040   1.63466782  -1.21699677
  0.46962939   0.37399558  -1.28920964  -0.37710155   2.00721313   0.74939032   0.40114372   1.63411616  -1.22088927
  0.47181789   0.36999443  -1.28962041  -0.37447229   2.00342565   0.75202062   0.39951068   1.63354529  -1.22488164
  0.47404505   0.36592305  -1.29001566  -0.37177778   1.99956710   0.75469712   0.39785076   1.63295630  -1.22897225
  0.47630932   0.36178356  -1.29039324  -0.36901907   1.99563883   0.75742013   0.39616203   1.63234787  -1.23315979
  0.47860920   0.35757833  -1.29074999  -0.36619820   1.99163577   0.76020108   0.39444456   1.63171266  -1.23744508
  0.48094292   0.35330937  -1.29108354  -0.36331620   1.98755546   0.76304480   0.39270057   1.63104709  -1.24182808
  0.48330897   0.34897877  -1.29139243  -0.36037097   1.98340300   0.76594327   0.39093301   1.63035441  -1.24630887
  0.48570649   0.34458934  -1.29167405  -0.35736090   1.97917964   0.76889565   0.38914312   1.62963495  -1.25088930
  0.48813523   0.34014433  -1.29192629  -0.35428744   1.97488706   0.77190137   0.38733393   1.62888715  -1.25556973
  0.49059516   0.33564726  -1.29214660  -0.35115413   1.97052606   0.77495989   0.38550379   1.62811074  -1.26034786
  0.49308643   0.33110157  -1.29233339  -0.34796397   1.96609794   0.77806830   0.38365347   1.62730729  -1.26522126
  0.49560917   0.32651053  -1.29248622  -0.34471781   1.96160636   0.78122024   0.38178715   1.62648007  -1.27018884
  0.49816332   0.32187749  -1.29260442  -0.34141576   1.95705677   0.78440887   0.37990631   1.62563206  -1.27524986
  0.50074898   0.31720630  -1.29268592  -0.33805854   1.95245063   0.78763590   0.37801024   1.62476179  -1.28040519
  0.50336652   0.31250093  -1.29272878  -0.33464575   1.94779429   0.79089384   0.37609733   1.62387262  -1.28565493
  0.50601675   0.30776567  -1.29273026  -0.33118076   1.94308819   0.79418287   0.37416563   1.62296446  -1.29099776
  0.50870071   0.30300479  -1.29268867  -0.32766387   1.93833608   0.79749754   0.37221750   1.62204030  -1.29643451
  0.51141935   0.29822206  -1.29260421  -0.32409550   1.93354186   0.80083202   0.37026355   1.62110226  -1.30196671
  0.51417311   0.29342092  -1.29247641  -0.32047717   1.92870708   0.80418240   0.36830678   1.62015355  -1.30759290
  0.51696227   0.28860516  -1.29230281  -0.31681381   1.92382573   0.80755925   0.36634276   1.61919006  -1.31331076
  0.51978731   0.28377849  -1.29208204  -0.31310868   1.91889980   0.81096174   0.36437008   1.61821156  -1.31911821
  0.52264863   0.27894439  -1.29181340  -0.30936477   1.91393372   0.81438505   0.36239100   1.61721882  -1.32501338
  0.52554636   0.27410627  -1.29149534  -0.30558233   1.90893196   0.81782464   0.36040535   1.61621329  -1.33099619
  0.52848079   0.26926790  -1.29112497  -0.30176270   1.90389083   0.82129021   0.35841359   1.61518942  -1.33706909
  0.53145240   0.26443257  -1.29070163  -0.29790843   1.89881227   0.82478210   0.35642339   1.61414459  -1.34323290
  0.53446155   0.25960305  -1.29022441  -0.29402351   1.89369651   0.82829843   0.35443476   1.61308019  -1.34948419
  0.53750835   0.25478195  -1.28969155  -0.29011125   1.88854190   0.83183960   0.35244112   1.61199786  -1.35581881
  0.54059283   0.24997165  -1.28910295  -0.28617342   1.88335169   0.83540140   0.35044320   1.61089926  -1.36223462
  0.54371470   0.24517427  -1.28845947  -0.28220525   1.87813907   0.83896445   0.34844480   1.60979321  -1.36873258
  0.54687305   0.24039178  -1.28776139  -0.27820119   1.87291423   0.84251257   0.34645054   1.60868797  -1.37531438
  0.55006743   0.23562768  -1.28700387  -0.27415979   1.86766777   0.84606208   0.34445350   1.60757760  -1.38198336
  0.55329839   0.23088576  -1.28618527  -0.27008984   1.86239538   0.84962605   0.34245579   1.60645194  -1.38873700
  0.55656687   0.22616939  -1.28530656  -0.26600239   1.85710025   0.85320262   0.34046254   1.60530821  -1.39556817
  0.55987426   0.22148178  -1.28436893  -0.26190395   1.85178744   0.85678248   0.33847713   1.60415087  -1.40247127
  0.56322248   0.21682645  -1.28337238  -0.25779697   1.84645741   0.86036314   0.33650018   1.60298355  -1.40944495
  0.56661375   0.21220704  -1.28231668  -0.25368303   1.84110829   0.86394806   0.33453116   1.60180678  -1.41648982
  0.57005025   0.20762669  -1.28120303  -0.24956700   1.83573936   0.86753893   0.33257157   1.60062100  -1.42360355
  0.57353361   0.20308793  -1.28003296  -0.24545206   1.83035277   0.87113205   0.33062185   1.59942940  -1.43078331
  0.57706512   0.19859273  -1.27880861  -0.24133488   1.82495827   0.87471023   0.32868432   1.59824267  -1.43802915
  0.58064549   0.19414229  -1.27753382  -0.23721348   1.81957021   0.87824950   0.32676543   1.59707331  -1.44533909
  0.58427378   0.18973701  -1.27621229  -0.23309180   1.81419699   0.88173712   0.32487057   1.59592649  -1.45270679
  0.58794832   0.18537805  -1.27484433  -0.22897695   1.80883359   0.88518629   0.32300099   1.59479320  -1.46012773
  0.59166733   0.18106745  -1.27342720  -0.22487319   1.80347493   0.88861163   0.32115176   1.59366314  -1.46759993
  0.59542907   0.17680762  -1.27195758  -0.22078139   1.79812025   0.89202011   0.31931858   1.59252996  -1.47512338
  0.59923233   0.17260155  -1.27043125  -0.21669476   1.79277640   0.89540429   0.31749571   1.59139580  -1.48270217
  0.60307754   0.16845333  -1.26884406  -0.21261211   1.78744306   0.89876710   0.31567813   1.59025889  -1.49033882
  0.60696645   0.16436707  -1.26719534  -0.20853744   1.78212071   0.90210947   0.31386773   1.58911924  -1.49803269
  0.61090166   0.16034642  -1.26548753  -0.20447279   1.77681932   0.90541635   0.31206931   1.58798525  -1.50578231
  0.61488658   0.15639491  -1.26372425  -0.20042430   1.77154326   0.90868200   0.31028766   1.58686155  -1.51358449
  0.61892475   0.15251579  -1.26190887  -0.19639925   1.76629220   0.91190848   0.30852304   1.58574919  -1.52143522
  0.62301934   0.14871173  -1.26004483  -0.19240389   1.76106675   0.91509710   0.30677472   1.58464901  -1.52933075
  0.62717271   0.14498475  -1.25813522  -0.18844134   1.75587038   0.91824521   0.30504284   1.58356296  -1.53726908
  0.63138636   0.14133637  -1.25618245  -0.18451471   1.75070468   0.92135329   0.30332924   1.58249106  -1.54524881
  0.63566072   0.13776751  -1.25418837  -0.18062659   1.74557304   0.92441800   0.30163437   1.58143459  -1.55326736
  0.63999515   0.13427858  -1.25215441  -0.17677934   1.74047880   0.92743554   0.29995879   1.58039474  -1.56132151
  0.64438804   0.13086970  -1.25008136  -0.17297560   1.73542266   0.93040600   0.29830139   1.57937074  -1.56940729
  0.64883689   0.12754069  -1.24796991  -0.16921730   1.73040576   0.93332900   0.29666141   1.57836177  -1.57752050
  0.65333848   0.12429123  -1.24582097  -0.16550574   1.72542996   0.93620338   0.29503941   1.57736737  -1.58565700
  0.65788918   0.12112083  -1.24363575  -0.16184218   1.72049711   0.93902799   0.29343664   1.57638724  -1.59381229
  0.66248505   0.11802897  -1.24141579  -0.15822819   1.71560922   0.94180155   0.29185427   1.57542123  -1.60198114
  0.66712209   0.11501513  -1.23916273  -0.15466543   1.71076781   0.94452352   0.29029344   1.57446906  -1.61015822
  0.67179632   0.11207882  -1.23687821  -0.15115527   1.70597411   0.94719383   0.28875542   1.57353049  -1.61833848
  0.67650395   0.10921960  -1.23456394  -0.14769897   1.70122978   0.94981170   0.28724129   1.57260563  -1.62651707
  0.68124147   0.10643710  -1.23222147  -0.14429776   1.69653665   0.95237613   0.28575194   1.57169472  -1.63468936
  0.68600575   0.10373116  -1.22985232  -0.14095309   1.69189668   0.95488617   0.28428808   1.57079791  -1.64285104
  0.69079405   0.10110171  -1.22745788  -0.13766649   1.68731155   0.95734144   0.28285020   1.56991510  -1.65099816
  0.69560403   0.09854883  -1.22503965  -0.13443961   1.68278355   0.95974078   0.28143861   1.56904656  -1.65912700
  0.70043377   0.09607269  -1.22259907  -0.13127410   1.67831456   0.96208358   0.28005363   1.56819247  -1.66723425
  0.70528167   0.09367356  -1.22013763  -0.12817159   1.67390624   0.96436954   0.27869541   1.56735309  -1.67531694
  0.71014647   0.09135168  -1.21765694  -0.12513362   1.66956072   0.96659765   0.27736383   1.56652899  -1.68337224
  0.71502707   0.08910733  -1.21515867  -0.12216167   1.66527978   0.96876745   0.27605856   1.56572055  -1.69139757
  0.71992256   0.08694072  -1.21264455  -0.11925711   1.66106531   0.97087840   0.27477910   1.56492817  -1.69939046
  0.72483205   0.08485204  -1.21011635  -0.11642113   1.65691910   0.97293003   0.27352492   1.56415234  -1.70734861
  0.72975464   0.08284144  -1.20757582  -0.11365492   1.65284298   0.97492173   0.27229549   1.56339358  -1.71526968
  0.73468934   0.08090907  -1.20502471  -0.11095963   1.64883885   0.97685287   0.27109035   1.56265243  -1.72315136
  0.73963502   0.07905508  -1.20246456  -0.10833622   1.64490786   0.97872390   0.26990909   1.56192899  -1.73099155
  0.74459043   0.07727949  -1.19989688  -0.10578536   1.64105134   0.98053485   0.26875118   1.56122356  -1.73878812
  0.74955411   0.07558223  -1.19732315  -0.10330746   1.63727064   0.98228543   0.26761605   1.56053659  -1.74653896
  0.75452446   0.07396307  -1.19474481  -0.10090280   1.63356712   0.98397530   0.26650314   1.55986850  -1.75424185
  0.75949973   0.07242174  -1.19216338  -0.09857173   1.62994236   0.98560392   0.26541189   1.55921967  -1.76189439
  0.76447802   0.07095789  -1.18958028  -0.09631459   1.62639772   0.98717112   0.26434187   1.55859028  -1.76949420
  0.76945732   0.06957109  -1.18699681  -0.09413139   1.62293385   0.98867766   0.26329275   1.55798019  -1.77703914
  0.77443555   0.06826073  -1.18441427  -0.09202177   1.61955139   0.99012403   0.26226417   1.55738942  -1.78452722
  0.77941054   0.06702608  -1.18183398  -0.08998520   1.61625123   0.99151026   0.26125550   1.55681807  -1.79195634
  0.78438011   0.06586628  -1.17925711  -0.08802100   1.61303381   0.99283687   0.26026614   1.55626601  -1.79932459
  0.78934207   0.06478043  -1.17668478  -0.08612847   1.60989955   0.99410425   0.25929554   1.55573318  -1.80663009
  0.79429426   0.06376753  -1.17411822  -0.08430712   1.60684931   0.99531216   0.25834317   1.55521968  -1.81387074
  0.79923455   0.06282663  -1.17155866  -0.08255663   1.60388393   0.99646051   0.25740859   1.55472554  -1.82104442
  0.80416086   0.06195685  -1.16900722  -0.08087667   1.60100383   0.99754990   0.25649158   1.55425056  -1.82814923
  0.80907116   0.06115738  -1.16646488  -0.07926672   1.59820902   0.99858136   0.25559198   1.55379450  -1.83518358
  0.81396353   0.06042737  -1.16393254  -0.07772601   1.59549965   0.99955534   0.25470955   1.55335746  -1.84214604
  0.81883626   0.05976605  -1.16141114  -0.07625363   1.59287605   1.00047200   0.25384386   1.55293963  -1.84903533
  0.82368774   0.05917259  -1.15890177  -0.07484902   1.59033824   1.00133205   0.25299427   1.55254091  -1.85584996
  0.82851641   0.05864615  -1.15640564  -0.07351181   1.58788624   1.00213623   0.25216025   1.55216126  -1.86258831
  0.83332068   0.05818577  -1.15392395  -0.07224120   1.58552043   1.00288463   0.25134176   1.55180097  -1.86924911
  0.83809887   0.05779042  -1.15145766  -0.07103600   1.58324046   1.00357830   0.25053856   1.55145986  -1.87583140
  0.84284922   0.05745897  -1.14900752  -0.06989482   1.58104557   1.00421868   0.24975011   1.55113740  -1.88233430
  0.84756998   0.05719016  -1.14657430  -0.06881625   1.57893531   1.00480663   0.24897573   1.55083319  -1.88875681
  0.85225935   0.05698264  -1.14415880  -0.06779901   1.57690933   1.00534272   0.24821491   1.55054699  -1.89509782
  0.85691562   0.05683499  -1.14176177  -0.06684190   1.57496702   1.00582787   0.24746735   1.55027845  -1.90135634
  0.86153714   0.05674575  -1.13938395  -0.06594367   1.57310750   1.00626332   0.24673294   1.55002721  -1.90753159
  0.86612244   0.05671345  -1.13702603  -0.06510290   1.57132987   1.00665021   0.24601150   1.54979292  -1.91362302
  0.87067012   0.05673655  -1.13468882  -0.06431834   1.56963311   1.00698980   0.24530267   1.54957513  -1.91962991
  0.87517878   0.05681343  -1.13237321  -0.06358873   1.56801622   1.00728320   0.24460608   1.54937350  -1.92555146
  0.87964697   0.05694242  -1.13008006  -0.06291292   1.56647785   1.00753196   0.24392156   1.54918763  -1.93138684
  0.88407330   0.05712184  -1.12781032  -0.06229036   1.56501578   1.00773874   0.24324944   1.54901713  -1.93713508
  0.88845633   0.05734992  -1.12556508  -0.06171997   1.56362910   1.00790419   0.24259026   1.54886236  -1.94279531
  0.89279454   0.05762488  -1.12334510  -0.06119995   1.56231726   1.00802860   0.24194362   1.54872304  -1.94836691
  0.89708650   0.05794502  -1.12115074  -0.06072839   1.56107883   1.00811351   0.24130866   1.54859812  -1.95384957
  0.90133084   0.05830864  -1.11898236  -0.06030327   1.55991238   1.00816017   0.24068519   1.54848705  -1.95924324
  0.90552617   0.05871397  -1.11684027  -0.05992252   1.55881655   1.00816955   0.24007319   1.54838951  -1.96454793
  0.90967109   0.05915921  -1.11472467  -0.05958407   1.55778962   1.00814304   0.23947246   1.54830491  -1.96976365
  0.91376431   0.05964253  -1.11263578  -0.05928614   1.55682964   1.00808219   0.23888326   1.54823290  -1.97489051
  0.91780462   0.06016207  -1.11057387  -0.05902716   1.55593469   1.00798858   0.23830532   1.54817290  -1.97992831
  0.92179098   0.06071597  -1.10853920  -0.05880539   1.55510324   1.00786323   0.23773824   1.54812430  -1.98487704
  0.92572261   0.06130246  -1.10653192  -0.05861858   1.55433436   1.00770629   0.23718204   1.54808694  -1.98973739
  0.92959896   0.06191984  -1.10455239  -0.05846576   1.55362561   1.00752003   0.23663656   1.54806021  -1.99450947
  0.93341958   0.06256631  -1.10260141  -0.05834626   1.55297495   1.00730598   0.23610234   1.54804437  -1.99919315
  0.93718400   0.06324007  -1.10067976  -0.05825941   1.55238010   1.00706641   0.23557889   1.54803864  -2.00378806
  0.94089167   0.06393932  -1.09878812  -0.05820372   1.55183951   1.00680262   0.23506596   1.54804242  -2.00829431
  0.94454203   0.06466238  -1.09692682  -0.05817756   1.55135150   1.00651611   0.23456282   1.54805472  -2.01271214
  0.94813453   0.06540766  -1.09509602  -0.05817942   1.55091421   1.00620842   0.23406900   1.54807471  -2.01704190
  0.95166854   0.06617357  -1.09329598  -0.05820781   1.55052627   1.00588027   0.23358529   1.54810260  -2.02128410
  0.95514329   0.06695848  -1.09152681  -0.05826154   1.55018593   1.00553304   0.23311149   1.54813771  -2.02543879
  0.95855804   0.06776079  -1.08978862  -0.05833974   1.54989129   1.00516831   0.23264738   1.54817938  -2.02950582
  0.96191206   0.06857886  -1.08808154  -0.05844130   1.54964071   1.00478720   0.23219279   1.54822706  -2.03348515
  0.96520461   0.06941103  -1.08640579  -0.05856482   1.54943270   1.00439058   0.23174797   1.54828058  -2.03737700
  0.96843493   0.07025563  -1.08476139  -0.05870862   1.54926528   1.00397998   0.23131272   1.54833915  -2.04118171
  0.97160233   0.07111104  -1.08314829  -0.05887104   1.54913627   1.00355712   0.23088706   1.54840211  -2.04489981
  0.97470627   0.07197570  -1.08156644  -0.05905030   1.54904409   1.00312272   0.23047083   1.54846910  -2.04853187
  0.97774636   0.07284811  -1.08001584  -0.05924494   1.54898692   1.00267776   0.23006375   1.54853973  -2.05207835
  0.98072236   0.07372679  -1.07849663  -0.05945345   1.54896347   1.00222232   0.22966611   1.54861443  -2.05553988
  0.98363416   0.07461039  -1.07700875  -0.05967417   1.54897224   1.00175693   0.22927728   1.54869274  -2.05891720
  0.98648177   0.07549760  -1.07555212  -0.05990592   1.54901057   1.00128397   0.22889647   1.54877355  -2.06221091
  0.98926519   0.07638710  -1.07412683  -0.06014750   1.54907632   1.00080491   0.22852396   1.54885679  -2.06542185
  0.99198453   0.07727760  -1.07273297  -0.06039791   1.54916744   1.00032121   0.22815980   1.54894223  -2.06855076
  0.99463997   0.07816782  -1.07137074  -0.06065655   1.54928197   0.99983433   0.22780399   1.54902962  -2.07159814
  0.99723172   0.07905648  -1.07004044  -0.06092269   1.54941867   0.99934477   0.22745660   1.54911899  -2.07456450
  0.99975993   0.07994220  -1.06874234  -0.06119562   1.54957607   0.99885349   0.22711746   1.54920997  -2.07745030
  1.00222474   0.08082369  -1.06747645  -0.06147408   1.54975294   0.99836105   0.22678647   1.54930221  -2.08025643
  1.00462635   0.08169970  -1.06624256  -0.06175662   1.54994797   0.99786802   0.22646346   1.54939528  -2.08298404
  1.00696492   0.08256903  -1.06504050  -0.06204252   1.55015882   0.99737633   0.22614817   1.54948848  -2.08563386
  1.00924062   0.08343042  -1.06387031  -0.06233114   1.55038369   0.99688702   0.22584108   1.54958203  -2.08820659
  1.01145350   0.08428258  -1.06273230  -0.06262219   1.55062090   0.99640113   0.22554241   1.54967601  -2.09070244
  1.01360352   0.08512415  -1.06162680  -0.06291520   1.55086895   0.99591967   0.22525214   1.54977017  -2.09312146
  1.01569050   0.08595380  -1.06055401  -0.06320933   1.55112658   0.99544342   0.22497012   1.54986403  -2.09546393
  1.01771423   0.08677025  -1.05951391  -0.06350355   1.55139231   0.99497336   0.22469622   1.54995705  -2.09773030
  1.01967452   0.08757232  -1.05850619  -0.06379653   1.55166492   0.99450993   0.22443048   1.55004897  -2.09992138
  1.02157124   0.08835891  -1.05753043  -0.06408727   1.55194271   0.99405416   0.22417276   1.55013931  -2.10203789
  1.02340440   0.08912903  -1.05658625  -0.06437499   1.55222414   0.99360695   0.22392308   1.55022781  -2.10408058
  1.02517417   0.08988174  -1.05567338  -0.06465911   1.55250793   0.99316897   0.22368152   1.55031430  -2.10605017
  1.02688087   0.09061616  -1.05479157  -0.06493905   1.55279305   0.99274068   0.22344813   1.55039864  -2.10794751
  1.02852498   0.09133151  -1.05394054  -0.06521426   1.55307845   0.99232260   0.22322288   1.55048064  -2.10977358
  1.03010710   0.09202712  -1.05311993  -0.06548415   1.55336312   0.99191517   0.22300580   1.55056019  -2.11152958
  1.03162801   0.09270240  -1.05232930  -0.06574819   1.55364610   0.99151871   0.22279685   1.55063723  -2.11321680
  1.03308860   0.09335686  -1.05156817  -0.06600590   1.55392647   0.99113350   0.22259601   1.55071178  -2.11483665
  1.03448988   0.09399013  -1.05083608  -0.06625702   1.55420342   0.99075981   0.22240313   1.55078379  -2.11639050
  1.03583295   0.09460189  -1.05013267  -0.06650140   1.55447610   0.99039799   0.22221796   1.55085317  -2.11787962
  1.03711895   0.09519187  -1.04945772  -0.06673890   1.55474376   0.99004839   0.22204022   1.55091989  -2.11930521
  1.03834902   0.09575989  -1.04881103  -0.06696928   1.55500575   0.98971119   0.22186976   1.55098403  -2.12066855
  1.03952428   0.09630583  -1.04819240  -0.06719226   1.55526147   0.98938655   0.22170635   1.55104566  -2.12197090
  1.04064584   0.09682963  -1.04760158  -0.06740758   1.55551029   0.98907469   0.22154972   1.55110480  -2.12321350
  1.04171472   0.09733129  -1.04703832  -0.06761500   1.55575164   0.98877580   0.22139956   1.55116145  -2.12439747
  1.04273195   0.09781085  -1.04650239  -0.06781432   1.55598507   0.98848999   0.22125566   1.55121569  -2.12552395
  1.04369845   0.09826838  -1.04599348  -0.06800537   1.55621014   0.98821740   0.22111781   1.55126752  -2.12659403
  1.04461515   0.09870394  -1.04551122  -0.06818803   1.55642645   0.98795816   0.22098580   1.55131692  -2.12760875
  1.04548292   0.09911764  -1.04505520  -0.06836217   1.55663372   0.98771230   0.22085954   1.55136390  -2.12856927
  1.04630263   0.09950959  -1.04462484  -0.06852762   1.55683180   0.98747965   0.22073910   1.55140860  -2.12947685
  1.04707522   0.09987999  -1.04421939  -0.06868426   1.55702056   0.98726000   0.22062445   1.55145105  -2.13033287
  1.04780168   0.10022910  -1.04383800  -0.06883212   1.55719992   0.98705313   0.22051549   1.55149125  -2.13113872
  1.04848312   0.10055723  -1.04347978  -0.06897129   1.55736984   0.98685882   0.22041212   1.55152918  -2.13189590
  1.04912074   0.10086476  -1.04314384  -0.06910191   1.55753036   0.98667680   0.22031429   1.55156489  -2.13260597
  1.04971587   0.10115212  -1.04282937  -0.06922417   1.55768155   0.98650675   0.22022184   1.55159839  -2.13327052
  1.05026993   0.10141978  -1.04253558  -0.06933825   1.55782353   0.98634838   0.22013458   1.55162973  -2.13389115
  1.05078442   0.10166826  -1.04226178  -0.06944435   1.55795644   0.98620131   0.22005231   1.55165898  -2.13446952
  1.05126089   0.10189814  -1.04200730  -0.06954266   1.55808045   0.98606519   0.21997481   1.55168627  -2.13500729
  1.05170095   0.10211004  -1.04177151  -0.06963344   1.55819573   0.98593974   0.21990182   1.55171167  -2.13550608
  1.05210622   0.10230463  -1.04155382  -0.06971698   1.55830242   0.98582469   0.21983304   1.55173527  -2.13596751
  1.05247834   0.10248261  -1.04135363  -0.06979359   1.55840075   0.98571975   0.21976822   1.55175718  -2.13639319
  1.05281895   0.10264475  -1.04117027  -0.06986358   1.55849099   0.98562457   0.21970714   1.55177752  -2.13678481
  1.05312969   0.10279182  -1.04100302  -0.06992725   1.55857346   0.98553875   0.21964958   1.55179644  -2.13714407
  1.05341218   0.10292464  -1.04085105  -0.06998491   1.55864851   0.98546184   0.21959537   1.55181404  -2.13747272
  1.05366805   0.10304405  -1.04071348  -0.07003689   1.55871656   0.98539337   0.21954432   1.55183043  -2.13777259
  1.05389892   0.10315091  -1.04058932  -0.07008354   1.55877805   0.98533280   0.21949626   1.55184571  -2.13804549
  1.05410642   0.10324607  -1.04047755  -0.07012521   1.55883346   0.98527958   0.21945105   1.55185996  -2.13829331
  1.05429219   0.10333040  -1.04037713  -0.07016229   1.55888330   0.98523314   0.21940854   1.55187328  -2.13851794
  1.05445785   0.10340474  -1.04028700  -0.07019516   1.55892809   0.98519285   0.21936862   1.55188574  -2.13872127
  1.05460503   0.10346995  -1.04020613  -0.07022420   1.55896837   0.98515810   0.21933115   1.55189746  -2.13890519
  1.05473535   0.10352683  -1.04013355  -0.07024979   1.55900462   0.98512833   0.21929599   1.55190853  -2.13907151
  1.05485039   0.10357618  -1.04006836  -0.07027232   1.55903732   0.98510300   0.21926297   1.55191903  -2.13922197
  1.05495169   0.10361875  -1.04000978  -0.07029217   1.55906688   0.98508165   0.21923189   1.55192904  -2.13935820
  1.05504071   0.10365526  -1.03995710  -0.07030971   1.55909367   0.98506386   0.21920254   1.55193864  -2.13948171
  1.05511887   0.10368639  -1.03990976  -0.07032527   1.55911805   0.98504925   0.21917471   1.55194793  -2.13959388
  1.05518744   0.10371277  -1.03986725  -0.07033914   1.55914030   0.98503750   0.21914821   1.55195700  -2.13969597
  1.05524761   0.10373499  -1.03982914  -0.07035159   1.55916070   0.98502832   0.21912283   1.55196594  -2.13978912
  1.05530044   0.10375360  -1.03979503  -0.07036283   1.55917947   0.98502144   0.21909838   1.55197486  -2.13987436
  1.05534685   0.10376908  -1.03976458  -0.07037305   1.55919684   0.98501664   0.21907471   1.55198382  -2.13995258
  1.05538764   0.10378188  -1.03973748  -0.07038241   1.55921300   0.98501370   0.21905168   1.55199290  -2.14002459
  1.05542351   0.10379239  -1.03971342  -0.07039103   1.55922810   0.98501246   0.21902917   1.55200215  -2.14009108
  1.05545503   0.10380093  -1.03969211  -0.07039903   1.55924231   0.98501274   0.21900709   1.55201161  -2.14015265
  1.05548268   0.10380780  -1.03967331  -0.07040650   1.55925577   0.98501439   0.21898537   1.55202132  -2.14020983
  1.05550683   0.10381320  -1.03965675  -0.07041351   1.55926858   0.98501729   0.21896398   1.55203128  -2.14026306
  1.05552782   0.10381731  -1.03964221  -0.07042013   1.55928085   0.98502131   0.21894287   1.55204151  -2.14031274
  1.05554590   0.10382028  -1.03962948  -0.07042641   1.55929269   0.98502634   0.21892203   1.55205201  -2.14035921
  1.05556128   0.10382220  -1.03961835  -0.07043239   1.55930415   0.98503228   0.21890146   1.55206276  -2.14040275
  1.05557414   0.10382314  -1.03960865  -0.07043810   1.55931532   0.98503904   0.21888115   1.55207377  -2.14044362
  1.05558463   0.10382316  -1.03960021  -0.07044359   1.55932624   0.98504654   0.21886109   1.55208501  -2.14048206
  1.05559290   0.10382230  -1.03959289  -0.07044887   1.55933698   0.98505470   0.21884130   1.55209648  -2.14051827
  1.05559907   0.10382061  -1.03958654  -0.07045397   1.55934757   0.98506345   0.21882176   1.55210817  -2.14055244
  1.05560327   0.10381813  -1.03958106  -0.07045892   1.55935806   0.98507275   0.21880247   1.55212007  -2.14058474
  1.05560563   0.10381490  -1.03957633  -0.07046374   1.55936848   0.98508252   0.21878343   1.55213216  -2.14061535
  1.05560627   0.10381098  -1.03957228  -0.07046845   1.55937887   0.98509274   0.21876461   1.55214445  -2.14064441
  1.05560532   0.10380641  -1.03956881  -0.07047307   1.55938925   0.98510335   0.21874600   1.55215694  -2.14067208
  1.05560291   0.10380125  -1.03956588  -0.07047763   1.55939965   0.98511433   0.21872757   1.55216962  -2.14069850
  1.05559917   0.10379558  -1.03956343  -0.07048214   1.55941010   0.98512564   0.21870930   1.55218252  -2.14072378
  1.05559423   0.10378945  -1.03956140  -0.07048663   1.55942062   0.98513726   0.21869117   1.55219562  -2.14074807
  1.05558820   0.10378293  -1.03955976  -0.07049110   1.55943122   0.98514916   0.21867313   1.55220894  -2.14077148
  1.05558120   0.10377607  -1.03955848  -0.07049558   1.55944193   0.98516134   0.21865518   1.55222249  -2.14079411
  1.05557335   0.10376895  -1.03955753  -0.07050008   1.55945275   0.98517376   0.21863727   1.55223627  -2.14081607
  1.05556475   0.10376159  -1.03955688  -0.07050461   1.55946371   0.98518642   0.21861938   1.55225029  -2.14083744
  1.05555548   0.10375405  -1.03955651  -0.07050919   1.55947481   0.98519929   0.21860149   1.55226455  -2.14085832
  1.05554562   0.10374636  -1.03955639  -0.07051383   1.55948606   0.98521238   0.21858358   1.55227906  -2.14087876
  1.05553525   0.10373854  -1.03955651  -0.07051853   1.55949747   0.98522566   0.21856563   1.55229382  -2.14089885
  1.05552441   0.10373063  -1.03955685  -0.07052331   1.55950905   0.98523913   0.21854763   1.55230883  -2.14091863
  1.05551316   0.10372262  -1.03955738  -0.07052816   1.55952079   0.98525278   0.21852957   1.55232408  -2.14093814
  1.05550152   0.10371453  -1.03955810  -0.07053310   1.55953271   0.98526660   0.21851144   1.55233957  -2.14095744
  1.05548953   0.10370636  -1.03955897  -0.07053811   1.55954481   0.98528058   0.21849324   1.55235531  -2.14097656
  1.05547721   0.10369812  -1.03955999  -0.07054321   1.55955708   0.98529471   0.21847496   1.55237128  -2.14099552
  1.05546457   0.10368981  -1.03956114  -0.07054840   1.55956953   0.98530899   0.21845660   1.55238748  -2.14101434
  1.05545162   0.10368142  -1.03956240  -0.07055366   1.55958216   0.98532342   0.21843816   1.55240391  -2.14103305
  1.05543837   0.10367295  -1.03956376  -0.07055901   1.55959498   0.98533799   0.21841964   1.55242056  -2.14105167
  1.05542482   0.10366441  -1.03956521  -0.07056443   1.55960797   0.98535269   0.21840103   1.55243743  -2.14107019
  1.05541098   0.10365578  -1.03956673  -0.07056992   1.55962115   0.98536753   0.21838235   1.55245452  -2.14108865
  1.05539685   0.10364708  -1.03956833  -0.07057549   1.55963450   0.98538250   0.21836358   1.55247182  -2.14110705
  1.05538243   0.10363830  -1.03956998  -0.07058112   1.55964804   0.98539760   0.21834472   1.55248933  -2.14112539
  1.05536775   0.10362944  -1.03957168  -0.07058682   1.55966175   0.98541283   0.21832578   1.55250704  -2.14114370
  1.05535279   0.10362051  -1.03957343  -0.07059259   1.55967565   0.98542819   0.21830674   1.55252496  -2.14116198
  1.05533758   0.10361150  -1.03957522  -0.07059842   1.55968972   0.98544367   0.21828762   1.55254309  -2.14118025
  1.05532213   0.10360242  -1.03957705  -0.07060431   1.55970397   0.98545928   0.21826839   1.55256141  -2.14119851
  1.05530643   0.10359327  -1.03957891  -0.07061027   1.55971840   0.98547501   0.21824907   1.55257994  -2.14121678
  1.05529052   0.10358405  -1.03958080  -0.07061629   1.55973301   0.98549087   0.21822964   1.55259866  -2.14123507
  1.05527439   0.10357477  -1.03958272  -0.07062238   1.55974779   0.98550685   0.21821010   1.55261759  -2.14125338
  1.05525806   0.10356543  -1.03958467  -0.07062853   1.55976274   0.98552296   0.21819045   1.55263671  -2.14127173
  1.05524154   0.10355603  -1.03958664  -0.07063474   1.55977787   0.98553919   0.21817069   1.55265603  -2.14129013
  1.05522484   0.10354656  -1.03958864  -0.07064102   1.55979316   0.98555554   0.21815080   1.55267554  -2.14130859
  1.05520797   0.10353705  -1.03959066  -0.07064737   1.55980863   0.98557202   0.21813079   1.55269525  -2.14132711
  1.05519094   0.10352748  -1.03959270  -0.07065377   1.55982427   0.98558862   0.21811066   1.55271516  -2.14134570
  1.05517375   0.10351785  -1.03959477  -0.07066025   1.55984008   0.98560535   0.21809039   1.55273525  -2.14136436
  1.05515641   0.10350817  -1.03959685  -0.07066678   1.55985606   0.98562220   0.21807000   1.55275554  -2.14138310
  1.05513891   0.10349843  -1.03959896  -0.07067338   1.55987220   0.98563917   0.21804948   1.55277602  -2.14140193
  1.05512128   0.10348864  -1.03960108  -0.07068003   1.55988850   0.98565627   0.21802882   1.55279670  -2.14142085
  1.05510349   0.10347879  -1.03960321  -0.07068675   1.55990497   0.98567349   0.21800803   1.55281756  -2.14143985
  1.05508556   0.10346889  -1.03960536  -0.07069353   1.55992161   0.98569085   0.21798710   1.55283860  -2.14145894
  1.05506749   0.10345893  -1.03960753  -0.07070036   1.55993840   0.98570832   0.21796604   1.55285984  -2.14147813
  1.05504928   0.10344891  -1.03960971  -0.07070725   1.55995536   0.98572593   0.21794484   1.55288126  -2.14149741
  1.05503092   0.10343883  -1.03961190  -0.07071419   1.55997247   0.98574365   0.21792351   1.55290286  -2.14151678
  1.05501243   0.10342869  -1.03961410  -0.07072119   1.55998974   0.98576151   0.21790204   1.55292464  -2.14153625
  1.05499378   0.10341849  -1.03961631  -0.07072824   1.56000717   0.98577950   0.21788044   1.55294661  -2.14155581
  1.05497500   0.10340822  -1.03961853  -0.07073534   1.56002476   0.98579761   0.21785870   1.55296876  -2.14157547
  1.05495607   0.10339789  -1.03962075  -0.07074250   1.56004250   0.98581585   0.21783682   1.55299108  -2.14159523
  1.05493700   0.10338749  -1.03962299  -0.07074970   1.56006039   0.98583421   0.21781480   1.55301359  -2.14161509
  1.05491779   0.10337702  -1.03962523  -0.07075696   1.56007844   0.98585271   0.21779265   1.55303627  -2.14163504
  1.05489844   0.10336648  -1.03962748  -0.07076426   1.56009664   0.98587133   0.21777036   1.55305913  -2.14165510
  1.05487896   0.10335588  -1.03962973  -0.07077161   1.56011500   0.98589009   0.21774793   1.55308216  -2.14167525
  1.05485933   0.10334520  -1.03963199  -0.07077901   1.56013350   0.98590897   0.21772536   1.55310537  -2.14169551
  1.05483957   0.10333446  -1.03963426  -0.07078646   1.56015215   0.98592798   0.21770265   1.55312875  -2.14171587
  1.05481968   0.10332365  -1.03963653  -0.07079395   1.56017096   0.98594712   0.21767980   1.55315231  -2.14173633
  1.05479966   0.10331277  -1.03963881  -0.07080149   1.56018991   0.98596639   0.21765681   1.55317604  -2.14175690
  1.05477950   0.10330182  -1.03964110  -0.07080908   1.56020901   0.98598580   0.21763368   1.55319995  -2.14177757
  1.05475921   0.10329080  -1.03964339  -0.07081672   1.56022826   0.98600533   0.21761041   1.55322402  -2.14179835
  1.05473880   0.10327971  -1.03964568  -0.07082439   1.56024765   0.98602499   0.21758700   1.55324827  -2.14181924
  1.05471826   0.10326855  -1.03964798  -0.07083212   1.56026719   0.98604478   0.21756344   1.55327269  -2.14184023
  1.05469759   0.10325732  -1.03965029  -0.07083989   1.56028687   0.98606471   0.21753974   1.55329728  -2.14186133
  1.05467679   0.10324602  -1.03965260  -0.07084770   1.56030670   0.98608476   0.21751590   1.55332205  -2.14188254
  1.05465587   0.10323465  -1.03965492  -0.07085556   1.56032668   0.98610495   0.21749192   1.55334698  -2.14190386
  1.05463483   0.10322321  -1.03965724  -0.07086346   1.56034680   0.98612526   0.21746779   1.55337208  -2.14192528
  1.05461366   0.10321170  -1.03965957  -0.07087141   1.56036706   0.98614571   0.21744352   1.55339734  -2.14194681
  1.05459236   0.10320012  -1.03966190  -0.07087940   1.56038746   0.98616629   0.21741911   1.55342278  -2.14196845
  1.05457095   0.10318847  -1.03966423  -0.07088743   1.56040801   0.98618700   0.21739455   1.55344839  -2.14199020
  1.05454940   0.10317674  -1.03966657  -0.07089550   1.56042870   0.98620785   0.21736985   1.55347416  -2.14201205
  1.05452774   0.10316494  -1.03966892  -0.07090362   1.56044953   0.98622882   0.21734501   1.55350010  -2.14203401
  1.05450595   0.10315307  -1.03967126  -0.07091177   1.56047050   0.98624993   0.21732002   1.55352620  -2.14205608
  1.05448404   0.10314112  -1.03967361  -0.07091997   1.56049161   0.98627117   0.21729490   1.55355247  -2.14207825
  1.05446201   0.10312910  -1.03967596  -0.07092821   1.56051286   0.98629254   0.21726963   1.55357890  -2.14210054
  1.05443985   0.10311701  -1.03967832  -0.07093649   1.56053425   0.98631404   0.21724422   1.55360550  -2.14212292
  1.05441758   0.10310484  -1.03968068  -0.07094481   1.56055578   0.98633567   0.21721867   1.55363226  -2.14214542
  1.05439518   0.10309260  -1.03968304  -0.07095317   1.56057745   0.98635744   0.21719297   1.55365919  -2.14216802
  1.05437266   0.10308028  -1.03968541  -0.07096157   1.56059925   0.98637933   0.21716713   1.55368628  -2.14219073
  1.05435002   0.10306790  -1.03968777  -0.07097001   1.56062119   0.98640136   0.21714116   1.55371353  -2.14221354
  1.05432726   0.10305543  -1.03969014  -0.07097849   1.56064327   0.98642352   0.21711504   1.55374094  -2.14223646
  1.05430438   0.10304289  -1.03969251  -0.07098701   1.56066549   0.98644581   0.21708877   1.55376852  -2.14225948
  1.05428138   0.10303028  -1.03969489  -0.07099557   1.56068785   0.98646824   0.21706237   1.55379626  -2.14228261
  1.05425827   0.10301759  -1.03969726  -0.07100417   1.56071033   0.98649079   0.21703583   1.55382415  -2.14230585
  1.05423504   0.10300483  -1.03969964  -0.07101281   1.56073296   0.98651348   0.21700914   1.55385221  -2.14232919
  1.05421169   0.10299200  -1.03970202  -0.07102148   1.56075572   0.98653630   0.21698232   1.55388043  -2.14235263
  1.05418822   0.10297909  -1.03970440  -0.07103019   1.56077862   0.98655925   0.21695535   1.55390881  -2.14237618
  1.05416463   0.10296610  -1.03970678  -0.07103894   1.56080165   0.98658233   0.21692824   1.55393735  -2.14239983
  1.05414094   0.10295305  -1.03970916  -0.07104773   1.56082481   0.98660554   0.21690100   1.55396604  -2.14242359
  1.05411712   0.10293991  -1.03971155  -0.07105656   1.56084811   0.98662888   0.21687361   1.55399490  -2.14244745
  1.05409319   0.10292670  -1.03971393  -0.07106542   1.56087155   0.98665235   0.21684608   1.55402391  -2.14247141
  1.05406915   0.10291342  -1.03971632  -0.07107433   1.56089511   0.98667596   0.21681842   1.55405308  -2.14249548
  1.05404499   0.10290007  -1.03971871  -0.07108327   1.56091881   0.98669969   0.21679061   1.55408241  -2.14251965
  1.05402072   0.10288663  -1.03972109  -0.07109224   1.56094265   0.98672356   0.21676267   1.55411189  -2.14254392
  1.05399633   0.10287313  -1.03972348  -0.07110125   1.56096661   0.98674755   0.21673459   1.55414153  -2.14256829
  1.05397183   0.10285955  -1.03972587  -0.07111030   1.56099071   0.98677168   0.21670637   1.55417133  -2.14259276
  1.05394722   0.10284589  -1.03972826  -0.07111939   1.56101494   0.98679593   0.21667801   1.55420128  -2.14261734
  1.05392250   0.10283217  -1.03973064  -0.07112851   1.56103930   0.98682032   0.21664951   1.55423138  -2.14264201
  1.05389767   0.10281836  -1.03973303  -0.07113767   1.56106379   0.98684483   0.21662088   1.55426164  -2.14266679
  1.05387272   0.10280449  -1.03973542  -0.07114687   1.56108841   0.98686947   0.21659211   1.55429206  -2.14269166
  1.05384767   0.10279053  -1.03973780  -0.07115610   1.56111316   0.98689425   0.21656320   1.55432263  -2.14271664
  1.05382250   0.10277651  -1.03974019  -0.07116537   1.56113804   0.98691915   0.21653416   1.55435335  -2.14274171
  1.05379723   0.10276241  -1.03974257  -0.07117467   1.56116306   0.98694418   0.21650498   1.55438423  -2.14276688
