  0.41770007   0.46579980  -1.27410005  -0.43299989   2.09289992   0.69139997   0.43859994   1.64320003  -1.13520011
  0.41770063   0.46579840  -1.27410038  -0.43299915   2.09289926   0.69139986   0.43859951   1.64320015  -1.13520092
  0.41770231   0.46579444  -1.27410118  -0.43299738   2.09289710   0.69140006   0.43859831   1.64320009  -1.13520323
  0.41770585   0.46578664  -1.27410262  -0.43299424   2.09289228   0.69140129   0.43859590   1.64319943  -1.13520794
  0.41771203   0.46577388  -1.27410489  -0.43298932   2.09288370   0.69140426   0.43859183   1.64319798  -1.13521603
  0.41772159   0.46575518  -1.27410822  -0.43298209   2.09287045   0.69140952   0.43858568   1.64319574  -1.13522845
  0.41773522   0.46572969  -1.27411289  -0.43297198   2.09285173   0.69141758   0.43857705   1.64319284  -1.13524613
  0.41775356   0.46569670  -1.27411913  -0.43295846   2.09282681   0.69142894   0.43856558   1.64318939  -1.13526992
  0.41777717   0.46565554  -1.27412720  -0.43294104   2.09279496   0.69144414   0.43855094   1.64318548  -1.13530061
  0.41780655   0.46560559  -1.27413729  -0.43291929   2.09275550   0.69146374   0.43853284   1.64318114  -1.13533890
  0.41784214   0.46554625  -1.27414961  -0.43289284   2.09270780   0.69148823   0.43851100   1.64317637  -1.13538540
  0.41788432   0.46547693  -1.27416431  -0.43286132   2.09265125   0.69151809   0.43848516   1.64317113  -1.13544068
  0.41793342   0.46539703  -1.27418156  -0.43282438   2.09258527   0.69155374   0.43845506   1.64316540  -1.13550526
  0.41798976   0.46530592  -1.27420144  -0.43278157   2.09250924   0.69159562   0.43842053   1.64315908  -1.13557977
  0.41805367   0.46520301  -1.27422385  -0.43273200   2.09242244   0.69164438   0.43838164   1.64315201  -1.13566543
  0.41812551   0.46508768  -1.27424850  -0.43267465   2.09232416   0.69170045   0.43833827   1.64314422  -1.13576362
  0.41820571   0.46495936  -1.27427501  -0.43260869   2.09221380   0.69176397   0.43828995   1.64313589  -1.13587550
  0.41829479   0.46481743  -1.27430308  -0.43253361   2.09209076   0.69183505   0.43823608   1.64312717  -1.13600198
  0.41839328   0.46466130  -1.27433253  -0.43244919   2.09195444   0.69191389   0.43817603   1.64311811  -1.13614371
  0.41850176   0.46449033  -1.27436349  -0.43235540   2.09180434   0.69200073   0.43810938   1.64310861  -1.13630115
  0.41862080   0.46430388  -1.27439628  -0.43225233   2.09164009   0.69209578   0.43803596   1.64309848  -1.13647460
  0.41875094   0.46410133  -1.27443137  -0.43214000   2.09146113   0.69219954   0.43795574   1.64308745  -1.13666437
  0.41889272   0.46388194  -1.27446915  -0.43201799   2.09126607   0.69231360   0.43786861   1.64307522  -1.13687132
  0.41904666   0.46364487  -1.27451008  -0.43188565   2.09105324   0.69243946   0.43777376   1.64306217  -1.13709605
  0.41921328   0.46338922  -1.27455484  -0.43174231   2.09082173   0.69257739   0.43767063   1.64304908  -1.13733893
  0.41939308   0.46311389  -1.27460409  -0.43158729   2.09056964   0.69272930   0.43755875   1.64303596  -1.13760069
  0.41958672   0.46281696  -1.27465870  -0.43141905   2.09029027   0.69290462   0.43743656   1.64302058  -1.13788381
  0.41979489   0.46249588  -1.27472041  -0.43123469   2.08997992   0.69310758   0.43730252   1.64300340  -1.13819048
  0.42001829   0.46214785  -1.27479135  -0.43103125   2.08963902   0.69333586   0.43715586   1.64298697  -1.13852186
  0.42025756   0.46177031  -1.27487310  -0.43080706   2.08926879   0.69358618   0.43699636   1.64297277  -1.13887846
  0.42051327   0.46136111  -1.27496615  -0.43056197   2.08886925   0.69385749   0.43682399   1.64296006  -1.13926069
  0.42078587   0.46091867  -1.27507002  -0.43029688   2.08844020   0.69414927   0.43663871   1.64294707  -1.13966870
  0.42107568   0.46044199  -1.27518338  -0.43001294   2.08798182   0.69446060   0.43644070   1.64293174  -1.14010284
  0.42138291   0.45993074  -1.27530439  -0.42971145   2.08749511   0.69478948   0.43623010   1.64291250  -1.14056330
  0.42170769   0.45938518  -1.27543109  -0.42939379   2.08698223   0.69513223   0.43600722   1.64288864  -1.14104988
  0.42205009   0.45880594  -1.27556175  -0.42906114   2.08644480   0.69548619   0.43577243   1.64285959  -1.14156245
  0.42241031   0.45819324  -1.27569511  -0.42871343   2.08587881   0.69585721   0.43552499   1.64282332  -1.14210271
  0.42278866   0.45754687  -1.27583134  -0.42834899   2.08528180   0.69624807   0.43526400   1.64278072  -1.14267212
  0.42318550   0.45686650  -1.27597166  -0.42796571   2.08465441   0.69665679   0.43498925   1.64273487  -1.14327125
  0.42360118   0.45615196  -1.27611743  -0.42756197   2.08399781   0.69708128   0.43470127   1.64268805  -1.14390054
  0.42403600   0.45540334  -1.27626949  -0.42713731   2.08331274   0.69752090   0.43440026   1.64264108  -1.14456012
  0.42449021   0.45462115  -1.27642812  -0.42669254   2.08259994   0.69797538   0.43408648   1.64259370  -1.14524955
  0.42496396   0.45380620  -1.27659279  -0.42622911   2.08185900   0.69844631   0.43376023   1.64254433  -1.14596861
  0.42545731   0.45295966  -1.27676253  -0.42574860   2.08109007   0.69893430   0.43342182   1.64249169  -1.14671696
  0.42597028   0.45208262  -1.27693632  -0.42525239   2.08029278   0.69944056   0.43307125   1.64243462  -1.14749434
  0.42650306   0.45117499  -1.27711389  -0.42473982   2.07946041   0.69997534   0.43270635   1.64237085  -1.14830263
  0.42705588   0.45023548  -1.27729691  -0.42420729   2.07859117   0.70053991   0.43232441   1.64230398  -1.14914311
  0.42762903   0.44926239  -1.27748777  -0.42365084   2.07768475   0.70113421   0.43192526   1.64223657  -1.15001763
  0.42822281   0.44825403  -1.27768883  -0.42306784   2.07674324   0.70175498   0.43151041   1.64217050  -1.15092716
  0.42883748   0.44720903  -1.27790123  -0.42245780   2.07576780   0.70240028   0.43108080   1.64210579  -1.15187177
  0.42947327   0.44612633  -1.27812468  -0.42182203   2.07475707   0.70307174   0.43063589   1.64204045  -1.15285111
  0.43013045   0.44500455  -1.27835801  -0.42116165   2.07370418   0.70377921   0.43017345   1.64196981  -1.15386645
  0.43080927   0.44384213  -1.27860051  -0.42047640   2.07260644   0.70452545   0.42969163   1.64189268  -1.15491866
  0.43150986   0.44263777  -1.27885193  -0.41976497   2.07146687   0.70530447   0.42919061   1.64181083  -1.15600817
  0.43223228   0.44139080  -1.27911170  -0.41902636   2.07029128   0.70610695   0.42867293   1.64172577  -1.15713554
  0.43297653   0.44010119  -1.27937831  -0.41826163   2.06908257   0.70692860   0.42814101   1.64163599  -1.15830099
  0.43374251   0.43876877  -1.27964998  -0.41747277   2.06783744   0.70777351   0.42759445   1.64153835  -1.15950445
  0.43453012   0.43739341  -1.27992547  -0.41666012   2.06655372   0.70864373   0.42703085   1.64143274  -1.16074577
  0.43533926   0.43597528  -1.28020432  -0.41582287   2.06523253   0.70953696   0.42644893   1.64132103  -1.16202497
  0.43616991   0.43451491  -1.28048632  -0.41495998   2.06387554   0.71045134   0.42584934   1.64120399  -1.16334290
  0.43702224   0.43301256  -1.28077153  -0.41407092   2.06248006   0.71139222   0.42523272   1.64107945  -1.16470135
  0.43789645   0.43146835  -1.28106098  -0.41315571   2.06104607   0.71236024   0.42460040   1.64094711  -1.16610030
  0.43879254   0.42988258  -1.28135523  -0.41221423   2.05957463   0.71335366   0.42395085   1.64080902  -1.16753870
  0.43971039   0.42825610  -1.28165422  -0.41124645   2.05806824   0.71436907   0.42328333   1.64066708  -1.16901576
  0.44064984   0.42659026  -1.28195742  -0.41025377   2.05652920   0.71540435   0.42260015   1.64052035  -1.17053085
  0.44161066   0.42488575  -1.28226426  -0.40923803   2.05495440   0.71646437   0.42190199   1.64036616  -1.17208351
  0.44259248   0.42314294  -1.28257434  -0.40819802   2.05334280   0.71755057   0.42118732   1.64020544  -1.17367423
  0.44359497   0.42136220  -1.28288765  -0.40713280   2.05169465   0.71866324   0.42045610   1.64003853  -1.17530358
  0.44461795   0.41954346  -1.28320449  -0.40604218   2.05000789   0.71980643   0.41970945   1.63986328  -1.17697239
  0.44566113   0.41768648  -1.28352527  -0.40492527   2.04828294   0.72097994   0.41894819   1.63967968  -1.17868112
  0.44672418   0.41579124  -1.28385023  -0.40378131   2.04652256   0.72217960   0.41817256   1.63948941  -1.18042931
  0.44780677   0.41385775  -1.28417895  -0.40261012   2.04472716   0.72340428   0.41738103   1.63929346  -1.18221639
  0.44890864   0.41188609  -1.28451035  -0.40141175   2.04289433   0.72465737   0.41657192   1.63909088  -1.18404273
  0.45002957   0.40987621  -1.28484355  -0.40018558   2.04102111   0.72594367   0.41574508   1.63887950  -1.18590995
  0.45116929   0.40782807  -1.28517883  -0.39893179   2.03911051   0.72726000   0.41490636   1.63865716  -1.18781883
  0.45232746   0.40574159  -1.28551565  -0.39765039   2.03716468   0.72860196   0.41405467   1.63842584  -1.18976816
  0.45350371   0.40361695  -1.28585324  -0.39634108   2.03518545   0.72996559   0.41318792   1.63818805  -1.19175693
  0.45469771   0.40145423  -1.28619118  -0.39500343   2.03317415   0.73134859   0.41230579   1.63794476  -1.19378491
  0.45590910   0.39925378  -1.28652872  -0.39363762   2.03113118   0.73275071   0.41140750   1.63769575  -1.19585185
  0.45713750   0.39701641  -1.28686420  -0.39224465   2.02905384   0.73417683   0.41049097   1.63743881  -1.19795799
  0.45838275   0.39474295  -1.28719587  -0.39082473   2.02693531   0.73563949   0.40955625   1.63716792  -1.20010631
  0.45964465   0.39243415  -1.28752455  -0.38937822   2.02478053   0.73713340   0.40861198   1.63688113  -1.20229761
  0.46092290   0.39009089  -1.28784990  -0.38790574   2.02259310   0.73865137   0.40765783   1.63658217  -1.20452951
  0.46221729   0.38771392  -1.28817090  -0.38640695   2.02037255   0.74019161   0.40668812   1.63627538  -1.20680028
  0.46352786   0.38530427  -1.28848639  -0.38487974   2.01811712   0.74175663   0.40569866   1.63596277  -1.20911137
  0.46485482   0.38286295  -1.28879711  -0.38332006   2.01583512   0.74333355   0.40468998   1.63565174  -1.21146365
  0.46619848   0.38039059  -1.28910459  -0.38172997   2.01353022   0.74491648   0.40366929   1.63534222  -1.21385551
  0.46755889   0.37788826  -1.28940780  -0.38011469   2.01119357   0.74652202   0.40264058   1.63502320  -1.21628750
  0.46893596   0.37535697  -1.28970481  -0.37847608   2.00881708   0.74816413   0.40159971   1.63468935  -1.21876053
  0.47032984   0.37279761  -1.28999557  -0.37681039   2.00640774   0.74983233   0.40054366   1.63434756  -1.22127526
  0.47174084   0.37021089  -1.29028106  -0.37511903   2.00397153   0.75151831   0.39947698   1.63399894  -1.22383024
  0.47316898   0.36759762  -1.29056054  -0.37340408   2.00150514   0.75322900   0.39840151   1.63363860  -1.22642607
  0.47461406   0.36495826  -1.29083337  -0.37166532   1.99900885   0.75496333   0.39731461   1.63326825  -1.22906204
  0.47607580   0.36229332  -1.29109880  -0.36990458   1.99647991   0.75672583   0.39621640   1.63288517  -1.23173758
  0.47755375   0.35960296  -1.29135705  -0.36812004   1.99392240   0.75850922   0.39510660   1.63249351  -1.23445205
  0.47904722   0.35688743  -1.29160819  -0.36630921   1.99134181   0.76030398   0.39398461   1.63209860  -1.23720482
  0.48055555   0.35414703  -1.29185180  -0.36447060   1.98873738   0.76211092   0.39285245   1.63170025  -1.23999709
  0.48207825   0.35138286  -1.29208472  -0.36260148   1.98609943   0.76394880   0.39170799   1.63129064  -1.24283544
  0.48361524   0.34859569  -1.29230723  -0.36070429   1.98342766   0.76582575   0.39056350   1.63085797  -1.24572360
  0.48516618   0.34578593  -1.29251916  -0.35878423   1.98072978   0.76772768   0.38941465   1.63040740  -1.24865358
  0.48673054   0.34295435  -1.29271881  -0.35684334   1.97801034   0.76964250   0.38825005   1.62994829  -1.25161845
  0.48830810   0.34010205  -1.29290308  -0.35488050   1.97526063   0.77158172   0.38706123   1.62947997  -1.25461968
  0.48989891   0.33722998  -1.29307199  -0.35289578   1.97247692   0.77355388   0.38585711   1.62899569  -1.25766104
  0.49150290   0.33433843  -1.29322873  -0.35088563   1.96966933   0.77554478   0.38465243   1.62849852  -1.26074502
  0.49311984   0.33142792  -1.29337340  -0.34884493   1.96684544   0.77753892   0.38344178   1.62800041  -1.26387066
  0.49474982   0.32849857  -1.29350720  -0.34677620   1.96400825   0.77952691   0.38222674   1.62750653  -1.26703320
  0.49639251   0.32555077  -1.29362933  -0.34468523   1.96114892   0.78152008   0.38100611   1.62701202  -1.27022892
  0.49804751   0.32258562  -1.29373721  -0.34257349   1.95825481   0.78354244   0.37977764   1.62650537  -1.27346158
  0.49971475   0.31960452  -1.29382905  -0.34043561   1.95533129   0.78558912   0.37853440   1.62599052  -1.27673453
  0.50139457   0.31660928  -1.29390230  -0.33827051   1.95237499   0.78767164   0.37727494   1.62546039  -1.28005297
  0.50308743   0.31360113  -1.29395909  -0.33608638   1.94939588   0.78978173   0.37601671   1.62490698  -1.28341427
  0.50479296   0.31058056  -1.29400040  -0.33388453   1.94640957   0.79189121   0.37475736   1.62434324  -1.28681083
  0.50651043   0.30754815  -1.29402400  -0.33166215   1.94341394   0.79399656   0.37348580   1.62377780  -1.29024056
  0.50823993   0.30450547  -1.29402635  -0.32941539   1.94039377   0.79612161   0.37219944   1.62320376  -1.29371113
  0.50998232   0.30145320  -1.29401011  -0.32713731   1.93736192   0.79824447   0.37090858   1.62263197  -1.29722593
  0.51173817   0.29839152  -1.29397893  -0.32483144   1.93432611   0.80035011   0.36962476   1.62206704  -1.30078042
  0.51350723   0.29532034  -1.29393414  -0.32250778   1.93127752   0.80244971   0.36835306   1.62150189  -1.30436793
  0.51528866   0.29224034  -1.29387325  -0.32017452   1.92819935   0.80456951   0.36708552   1.62092525  -1.30798432
  0.51708141   0.28915280  -1.29379264  -0.31783492   1.92507923   0.80673474   0.36581151   1.62032518  -1.31163023
  0.51888404   0.28605859  -1.29369261  -0.31548501   1.92192855   0.80893619   0.36453336   1.61970159  -1.31530815
  0.52069571   0.28295917  -1.29357126  -0.31311696   1.91876189   0.81115377   0.36324264   1.61906503  -1.31901999
  0.52251678   0.27985670  -1.29342634  -0.31073357   1.91557913   0.81339017   0.36194054   1.61841175  -1.32276619
  0.52434796   0.27675245  -1.29325848  -0.30833603   1.91238086   0.81564318   0.36063948   1.61774099  -1.32654835
  0.52618974   0.27364718  -1.29306774  -0.30592352   1.90916546   0.81790893   0.35934176   1.61705831  -1.33036593
  0.52804247   0.27054172  -1.29285312  -0.30349483   1.90592733   0.82019384   0.35804283   1.61636453  -1.33421975
  0.52990652   0.26743673  -1.29261677  -0.30104953   1.90267396   0.82249002   0.35674838   1.61566082  -1.33811014
  0.53178210   0.26433254  -1.29236046  -0.29858114   1.89942498   0.82476453   0.35545243   1.61496519  -1.34203458
  0.53367021   0.26123054  -1.29208344  -0.29609786   1.89617385   0.82702657   0.35415453   1.61427248  -1.34598885
  0.53557142   0.25813178  -1.29178411  -0.29360361   1.89291280   0.82928555   0.35284909   1.61358050  -1.34997051
  0.53748576   0.25503674  -1.29146412  -0.29109183   1.88965267   0.83152577   0.35154145   1.61289665  -1.35398296
  0.53941318   0.25194561  -1.29112628  -0.28855966   1.88639605   0.83374626   0.35025046   1.61221833  -1.35803180
  0.54135375   0.24885958  -1.29076807  -0.28601541   1.88312156   0.83598560   0.34897907   1.61152472  -1.36211903
  0.54330750   0.24577967  -1.29038742  -0.28346515   1.87982410   0.83825138   0.34771864   1.61081249  -1.36623981
  0.54527445   0.24270643  -1.28998353  -0.28091009   1.87651145   0.84052686   0.34645663   1.61009220  -1.37038723
  0.54725464   0.23964075  -1.28955494  -0.27835315   1.87318343   0.84281068   0.34518422   1.60936563  -1.37455700
  0.54924783   0.23658356  -1.28910030  -0.27579336   1.86983585   0.84511254   0.34390178   1.60862759  -1.37875230
  0.55125380   0.23353532  -1.28862220  -0.27322568   1.86647722   0.84742521   0.34262826   1.60787709  -1.38298019
  0.55327238   0.23049643  -1.28812096  -0.27063890   1.86311913   0.84972704   0.34136574   1.60712799  -1.38724573
  0.55530437   0.22746864  -1.28759208  -0.26802844   1.85975418   0.85202540   0.34009984   1.60638309  -1.39155206
  0.55735147   0.22445267  -1.28703919  -0.26539339   1.85640061   0.85429133   0.33884060   1.60565389  -1.39589789
  0.55941580   0.22145041  -1.28645982  -0.26275187   1.85303337   0.85656351   0.33758357   1.60492133  -1.40027630
  0.56149834   0.21846278  -1.28585348  -0.26011321   1.84964697   0.85885148   0.33631888   1.60418021  -1.40468009
  0.56359956   0.21549047  -1.28522118  -0.25746550   1.84626162   0.86112492   0.33504192   1.60344628  -1.40911319
  0.56572047   0.21253306  -1.28457023  -0.25480876   1.84289685   0.86335476   0.33378015   1.60272844  -1.41357575
  0.56786092   0.20959038  -1.28390205  -0.25215491   1.83953778   0.86556257   0.33253980   1.60201586  -1.41806163
  0.57001986   0.20666322  -1.28321118  -0.24950668   1.83616142   0.86778384   0.33129849   1.60129632  -1.42256946
  0.57219676   0.20375203  -1.28249853  -0.24685846   1.83278137   0.87000015   0.33005505   1.60057748  -1.42710027
  0.57439137   0.20085688  -1.28176663  -0.24420850   1.82940711   0.87219777   0.32882196   1.59986384  -1.43165529
  0.57660311   0.19797818  -1.28101524  -0.24156012   1.82603326   0.87438500   0.32760324   1.59915105  -1.43623360
  0.57883128   0.19511709  -1.28024106  -0.23891764   1.82264377   0.87659118   0.32639522   1.59842433  -1.44083659
  0.58107521   0.19227435  -1.27944325  -0.23627998   1.81924000   0.87881670   0.32519847   1.59768248  -1.44546549
  0.58333418   0.18945034  -1.27862142  -0.23364687   1.81582828   0.88105083   0.32400881   1.59693034  -1.45011740
  0.58560779   0.18664561  -1.27777528  -0.23101477   1.81241944   0.88327405   0.32282278   1.59617807  -1.45479083
  0.58789623   0.18386143  -1.27690191  -0.22838059   1.80901067   0.88548960   0.32163243   1.59542624  -1.45948796
  0.59020054   0.18109854  -1.27600454  -0.22574500   1.80561003   0.88768657   0.32045569   1.59467795  -1.46421091
  0.59252157   0.17835771  -1.27508322  -0.22311231   1.80221335   0.88986946   0.31928978   1.59393242  -1.46895649
  0.59485990   0.17563947  -1.27413860  -0.22048472   1.79881819   0.89204103   0.31813342   1.59318967  -1.47372283
  0.59721570   0.17294449  -1.27316930  -0.21785911   1.79542294   0.89420479   0.31697539   1.59244965  -1.47851073
  0.59958918   0.17027341  -1.27217549  -0.21522603   1.79204146   0.89634196   0.31581091   1.59172100  -1.48332426
  0.60198100   0.16762798  -1.27115390  -0.21257930   1.78866973   0.89846290   0.31463442   1.59099908  -1.48817092
  0.60439292   0.16500920  -1.27010852  -0.20992369   1.78532133   0.90055060   0.31346245   1.59028736  -1.49304943
  0.60682666   0.16241908  -1.26903740  -0.20727126   1.78197676   0.90263755   0.31229589   1.58956977  -1.49795783
  0.60928389   0.15985831  -1.26794399  -0.20462913   1.77863902   0.90471804   0.31114959   1.58884837  -1.50289330
  0.61176572   0.15732692  -1.26683073  -0.20200831   1.77530316   0.90679424   0.31002435   1.58812422  -1.50784657
  0.61427222   0.15482482  -1.26569698  -0.19941426   1.77196096   0.90887259   0.30890334   1.58739823  -1.51280893
  0.61680274   0.15235152  -1.26454326  -0.19684304   1.76861270   0.91095094   0.30777945   1.58667378  -1.51777986
  0.61935606   0.14990648  -1.26337079  -0.19428071   1.76527238   0.91301035   0.30665407   1.58595997  -1.52276653
  0.62193117   0.14749003  -1.26217853  -0.19171943   1.76194064   0.91505582   0.30552882   1.58525306  -1.52777649
  0.62452742   0.14510224  -1.26096852  -0.18915535   1.75863188   0.91706976   0.30441348   1.58455796  -1.53281228
  0.62714444   0.14274400  -1.25973858  -0.18659480   1.75533673   0.91906858   0.30330405   1.58386548  -1.53787120
  0.62978216   0.14041632  -1.25848725  -0.18404816   1.75204275   0.92107300   0.30219977   1.58316457  -1.54294867
  0.63244041   0.13811926  -1.25721549  -0.18151981   1.74875305   0.92307598   0.30110274   1.58245837  -1.54804006
  0.63511886   0.13585260  -1.25592525  -0.17901018   1.74547625   0.92506158   0.30001656   1.58175480  -1.55314230
  0.63781704   0.13361604  -1.25461744  -0.17651769   1.74221717   0.92701957   0.29893977   1.58105993  -1.55825356
  0.64053445   0.13140952  -1.25329222  -0.17404103   1.73897570   0.92894916   0.29786924   1.58037515  -1.56337309
  0.64327066   0.12923306  -1.25194962  -0.17157922   1.73574816   0.93085710   0.29680412   1.57969789  -1.56850183
  0.64602532   0.12708672  -1.25059055  -0.16913179   1.73253466   0.93274518   0.29574625   1.57902706  -1.57364028
  0.64879812   0.12497057  -1.24921576  -0.16669963   1.72933413   0.93461677   0.29469719   1.57836078  -1.57878817
  0.65158877   0.12288470  -1.24782618  -0.16428453   1.72614791   0.93647103   0.29365779   1.57769889  -1.58394368
  0.65439696   0.12082918  -1.24642252  -0.16188843   1.72297663   0.93830759   0.29262886   1.57704121  -1.58910499
  0.65722235   0.11880411  -1.24500554  -0.15951327   1.71982221   0.94012391   0.29161103   1.57638855  -1.59426990
  0.66006456   0.11680957  -1.24357561  -0.15716057   1.71668467   0.94192029   0.29060490   1.57574071  -1.59943700
  0.66292316   0.11484568  -1.24213321  -0.15483148   1.71356508   0.94369541   0.28961093   1.57509818  -1.60460488
  0.66579770   0.11291248  -1.24067852  -0.15252653   1.71046303   0.94545026   0.28862949   1.57446067  -1.60977289
  0.66868771   0.11101003  -1.23921195  -0.15024602   1.70737954   0.94718372   0.28766057   1.57382869  -1.61494016
  0.67159270   0.10913833  -1.23773372  -0.14798988   1.70431436   0.94889663   0.28670404   1.57320203  -1.62010629
  0.67451218   0.10729739  -1.23624431  -0.14575819   1.70126863   0.95058778   0.28575960   1.57258122  -1.62527043
  0.67744567   0.10548721  -1.23474394  -0.14355079   1.69824217   0.95225803   0.28482699   1.57196600  -1.63043225
  0.68039268   0.10370784  -1.23323319  -0.14136793   1.69523691   0.95390510   0.28390592   1.57135719  -1.63559060
  0.68335274   0.10195950  -1.23171261  -0.13921067   1.69225478   0.95552683   0.28299640   1.57075552  -1.64074389
  0.68632536   0.10024243  -1.23018221  -0.13707986   1.68929405   0.95712665   0.28209875   1.57015959  -1.64589167
  0.68931009   0.09855679  -1.22864237  -0.13497589   1.68635540   0.95870430   0.28121316   1.56956950  -1.65103317
  0.69230643   0.09690277  -1.22709369  -0.13289925   1.68344072   0.96025753   0.28033971   1.56898626  -1.65616720
  0.69531393   0.09528047  -1.22553625  -0.13084994   1.68054863   0.96178892   0.27947837   1.56840907  -1.66129363
  0.69833213   0.09368991  -1.22397057  -0.12882782   1.67768008   0.96329753   0.27862874   1.56783847  -1.66641175
  0.70136058   0.09213114  -1.22239750  -0.12683328   1.67483747   0.96478038   0.27779038   1.56727573  -1.67152010
  0.70439886   0.09060420  -1.22081729  -0.12486647   1.67201962   0.96623990   0.27696311   1.56671999  -1.67661836
  0.70744655   0.08910915  -1.21923042  -0.12292759   1.66922682   0.96767640   0.27614666   1.56617117  -1.68170586
  0.71050324   0.08764603  -1.21763743  -0.12101685   1.66646012   0.96908893   0.27534089   1.56562971  -1.68678177
  0.71356851   0.08621485  -1.21603830  -0.11913382   1.66371792   0.97048040   0.27454605   1.56509468  -1.69184652
  0.71664195   0.08481548  -1.21443330  -0.11727797   1.66100080   0.97185024   0.27376198   1.56456644  -1.69689998
  0.71972316   0.08344783  -1.21282288  -0.11544934   1.65831068   0.97319572   0.27298839   1.56404614  -1.70194125
  0.72281176   0.08211185  -1.21120717  -0.11364824   1.65564728   0.97451736   0.27222512   1.56353373  -1.70696978
  0.72590738   0.08080753  -1.20958658  -0.11187538   1.65301172   0.97581413   0.27147182   1.56302943  -1.71198447
  0.72900962   0.07953493  -1.20796160  -0.11013180   1.65040514   0.97708524   0.27072823   1.56253327  -1.71698400
  0.73211810   0.07829411  -1.20633224  -0.10841788   1.64782618   0.97833366   0.26999465   1.56204395  -1.72196837
  0.73523241   0.07708502  -1.20469882  -0.10673357   1.64527580   0.97955891   0.26927151   1.56156146  -1.72693738
  0.73835217   0.07590762  -1.20306162  -0.10507879   1.64275479   0.98076010   0.26855868   1.56108631  -1.73189056
  0.74147698   0.07476181  -1.20142105  -0.10345367   1.64026390   0.98193602   0.26785562   1.56061924  -1.73682703
  0.74460641   0.07364755  -1.19977777  -0.10185865   1.63780443   0.98308510   0.26716165   1.56016094  -1.74174545
  0.74774000   0.07256483  -1.19813215  -0.10029407   1.63537570   0.98420880   0.26647637   1.55971100  -1.74664510
  0.75087727   0.07151361  -1.19648476  -0.09876009   1.63297798   0.98530748   0.26579973   1.55926934  -1.75152530
  0.75401771   0.07049394  -1.19483628  -0.09725694   1.63061261   0.98638013   0.26513186   1.55883631  -1.75638519
  0.75716080   0.06950595  -1.19318736  -0.09578515   1.62828115   0.98742538   0.26447285   1.55841241  -1.76122362
  0.76030599   0.06854983  -1.19153836  -0.09434517   1.62598416   0.98844322   0.26382284   1.55799768  -1.76603983
  0.76345274   0.06762564  -1.18988909  -0.09293650   1.62371933   0.98943768   0.26318192   1.55759071  -1.77083431
  0.76660054   0.06673324  -1.18823958  -0.09155789   1.62148637   0.99040965   0.26254958   1.55719112  -1.77560750
  0.76974887   0.06587240  -1.18659003  -0.09020825   1.61928561   0.99135858   0.26192494   1.55679927  -1.78035931
  0.77289724   0.06504289  -1.18494097  -0.08888721   1.61711854   0.99228235   0.26130710   1.55641598  -1.78508885
  0.77604517   0.06424457  -1.18329286  -0.08759498   1.61498612   0.99317983   0.26069585   1.55604166  -1.78979523
  0.77919218   0.06347723  -1.18164569  -0.08633155   1.61288614   0.99405447   0.26009147   1.55567526  -1.79447852
  0.78233782   0.06274053  -1.17999974  -0.08509664   1.61081786   0.99490755   0.25949426   1.55531645  -1.79913868
  0.78548165   0.06203411  -1.17835560  -0.08389019   1.60878259   0.99573735   0.25890424   1.55496592  -1.80377500
  0.78862325   0.06135765  -1.17671394  -0.08271268   1.60678206   0.99654178   0.25832110   1.55462429  -1.80838627
  0.79176217   0.06071088  -1.17507480  -0.08156407   1.60481508   0.99732291   0.25774501   1.55429077  -1.81297245
  0.79489795   0.06009348  -1.17343831  -0.08044394   1.60288196   0.99808075   0.25717599   1.55396514  -1.81753355
  0.79803011   0.05950515  -1.17180460  -0.07935213   1.60098340   0.99881452   0.25661344   1.55364741  -1.82206902
  0.80115814   0.05894574  -1.17017385  -0.07828909   1.59911985   0.99952380   0.25605682   1.55333755  -1.82657793
  0.80428156   0.05841513  -1.16854632  -0.07725542   1.59729174   1.00020828   0.25550624   1.55303570  -1.83105940
  0.80739986   0.05791322  -1.16692217  -0.07625135   1.59549858   1.00086891   0.25496210   1.55274175  -1.83551303
  0.81051252   0.05743986  -1.16530185  -0.07527685   1.59374096   1.00150515   0.25442458   1.55245602  -1.83993824
  0.81361900   0.05699490  -1.16368603  -0.07433199   1.59202036   1.00211541   0.25389350   1.55217911  -1.84433403
  0.81671874   0.05657829  -1.16207533  -0.07341706   1.59033766   1.00269898   0.25336857   1.55191128  -1.84869932
  0.81981116   0.05618999  -1.16047022  -0.07253231   1.58869279   1.00325642   0.25284977   1.55165247  -1.85303331
  0.82289568   0.05582991  -1.15887056  -0.07167687   1.58708342   1.00379126   0.25233752   1.55140177  -1.85733660
  0.82597174   0.05549782  -1.15727638  -0.07084938   1.58550888   1.00430461   0.25183193   1.55115893  -1.86160977
  0.82903880   0.05519340  -1.15568804  -0.07004892   1.58396978   1.00479553   0.25133210   1.55092419  -1.86585242
  0.83209632   0.05491631  -1.15410616  -0.06927520   1.58246716   1.00526256   0.25083707   1.55069798  -1.87006351
  0.83514387   0.05466629  -1.15253128  -0.06852834   1.58100124   1.00570559   0.25034692   1.55048055  -1.87424236
  0.83818099   0.05444316  -1.15096361  -0.06780826   1.57957121   1.00612609   0.24986212   1.55027152  -1.87838887
  0.84120717   0.05424672  -1.14940317  -0.06711436   1.57817689   1.00652468   0.24938277   1.55007056  -1.88250314
  0.84422189   0.05407677  -1.14784973  -0.06644593   1.57681778   1.00690210   0.24890856   1.54987723  -1.88658531
  0.84722461   0.05393304  -1.14630296  -0.06580229   1.57549345   1.00725872   0.24843916   1.54969132  -1.89063548
  0.85021486   0.05381518  -1.14476277  -0.06518295   1.57420388   1.00759397   0.24797446   1.54951317  -1.89465354
  0.85319227   0.05372273  -1.14322933  -0.06458758   1.57294894   1.00790766   0.24751459   1.54934309  -1.89863928
  0.85615649   0.05365519  -1.14170283  -0.06401575   1.57172757   1.00820129   0.24705948   1.54918051  -1.90259273
  0.85910717   0.05361199  -1.14018353  -0.06346700   1.57053864   1.00847660   0.24660899   1.54902471  -1.90651395
  0.86204398   0.05359250  -1.13867179  -0.06294069   1.56938195   1.00873366   0.24616300   1.54887566  -1.91040285
  0.86496661   0.05359606  -1.13716805  -0.06243638   1.56825788   1.00897165   0.24572146   1.54873372  -1.91425916
  0.86787476   0.05362205  -1.13567275  -0.06195398   1.56716630   1.00919055   0.24528424   1.54859892  -1.91808243
  0.87076817   0.05366989  -1.13418632  -0.06149379   1.56610675   1.00939090   0.24485147   1.54847119  -1.92187212
  0.87364650   0.05373905  -1.13270916  -0.06105583   1.56507906   1.00957295   0.24442287   1.54835033  -1.92562769
  0.87650932   0.05382900  -1.13124153  -0.06063981   1.56408357   1.00973637   0.24399811   1.54823611  -1.92934878
  0.87935618   0.05393940  -1.12978361  -0.06024571   1.56312073   1.00988083   0.24357712   1.54812837  -1.93303491
  0.88218673   0.05406998  -1.12833570  -0.05987443   1.56219019   1.01000707   0.24316055   1.54802710  -1.93668539
  0.88500057   0.05422048  -1.12689808  -0.05952573   1.56129268   1.01011404   0.24274945   1.54793308  -1.94030017
  0.88779726   0.05439063  -1.12547072  -0.05919910   1.56042801   1.01020211   0.24234406   1.54784619  -1.94387933
  0.89057630   0.05458018  -1.12405338  -0.05889345   1.55959641   1.01027122   0.24194341   1.54776565  -1.94742306
  0.89333717   0.05478887  -1.12264565  -0.05860770   1.55879742   1.01032214   0.24154630   1.54769042  -1.95093147
  0.89607933   0.05501646  -1.12124702  -0.05834063   1.55802976   1.01035643   0.24115229   1.54761965  -1.95440514
  0.89880237   0.05526267  -1.11985713  -0.05809156   1.55729169   1.01037597   0.24076177   1.54755301  -1.95784455
  0.90150612   0.05552717  -1.11847632  -0.05786141   1.55658169   1.01038229   0.24037557   1.54749093  -1.96124909
  0.90419035   0.05580944  -1.11710554  -0.05764969   1.55590184   1.01037189   0.23999456   1.54743540  -1.96461832
  0.90685481   0.05610899  -1.11574543  -0.05745625   1.55525228   1.01034449   0.23961829   1.54738649  -1.96795158
  0.90949941   0.05642553  -1.11439630  -0.05728246   1.55462912   1.01030582   0.23924591   1.54734217  -1.97124794
  0.91212394   0.05675845  -1.11305897  -0.05712767   1.55403307   1.01025427   0.23887835   1.54730383  -1.97450732
  0.91472810   0.05710712  -1.11173405  -0.05699040   1.55346536   1.01018750   0.23851600   1.54727263  -1.97772993
  0.91731166   0.05747108  -1.11042141  -0.05686992   1.55292409   1.01010834   0.23815695   1.54724656  -1.98091575
  0.91987428   0.05784976  -1.10912122  -0.05676484   1.55240949   1.01001606   0.23780125   1.54722583  -1.98406518
  0.92241547   0.05824250  -1.10783349  -0.05667313   1.55192268   1.00990854   0.23744919   1.54721103  -1.98717897
  0.92493461   0.05864874  -1.10655767  -0.05659328   1.55146305   1.00978636   0.23710006   1.54720118  -1.99025763
  0.92743112   0.05906802  -1.10529297  -0.05652449   1.55102886   1.00965169   0.23675302   1.54719474  -1.99330148
  0.92990453   0.05949996  -1.10403879  -0.05646671   1.55061861   1.00950600   0.23640895   1.54719155  -1.99631082
  0.93235478   0.05994427  -1.10279507  -0.05642074   1.55023142   1.00934921   0.23607133   1.54719399  -1.99928620
  0.93478203   0.06040071  -1.10156170  -0.05638792   1.54986611   1.00918259   0.23573875   1.54720126  -2.00222662
  0.93718642   0.06086887  -1.10033915  -0.05636969   1.54952145   1.00900816   0.23540911   1.54721176  -2.00513051
  0.93956801   0.06134822  -1.09912819  -0.05636697   1.54919650   1.00882771   0.23508221   1.54722476  -2.00799714
  0.94192684   0.06183813  -1.09792989  -0.05637957   1.54889242   1.00863957   0.23475945   1.54724161  -2.01082644
  0.94426276   0.06233786  -1.09674516  -0.05640580   1.54861175   1.00844006   0.23444231   1.54726407  -2.01361911
  0.94657543   0.06284675  -1.09557411  -0.05644289   1.54835641   1.00822646   0.23413074   1.54729237  -2.01637632
  0.94886472   0.06336458  -1.09441563  -0.05648837   1.54812548   1.00800006   0.23382285   1.54732436  -2.01909965
  0.95113075   0.06389125  -1.09326894  -0.05654454   1.54791181   1.00777078   0.23351624   1.54735593  -2.02178812
  0.95337340   0.06442622  -1.09213453  -0.05661161   1.54771542   1.00753727   0.23321291   1.54738926  -2.02444165
  0.95559237   0.06496887  -1.09101298  -0.05668802   1.54753938   1.00729381   0.23291637   1.54742846  -2.02706124
  0.95778746   0.06551883  -1.08990373  -0.05677174   1.54738571   1.00703698   0.23262527   1.54747357  -2.02964756
  0.95995867   0.06607601  -1.08880587  -0.05686206   1.54725330   1.00676854   0.23233589   1.54752153  -2.03220051
  0.96210597   0.06664012  -1.08771928  -0.05696038   1.54713868   1.00649391   0.23204619   1.54756933  -2.03471899
  0.96422914   0.06721074  -1.08664432  -0.05706638   1.54704165   1.00621320   0.23175839   1.54761800  -2.03720362
  0.96632785   0.06778723  -1.08558183  -0.05717962   1.54696382   1.00592336   0.23147719   1.54767135  -2.03965521
  0.96840159   0.06836904  -1.08453198  -0.05730122   1.54690305   1.00562737   0.23120088   1.54772752  -2.04207215
  0.97045001   0.06895576  -1.08349421  -0.05742929   1.54686044   1.00532359   0.23092755   1.54778539  -2.04445483
  0.97247312   0.06954736  -1.08246757  -0.05756447   1.54683191   1.00501793   0.23065346   1.54784081  -2.04680262
  0.97447115   0.07014365  -1.08145222  -0.05770787   1.54681457   1.00471395   0.23037954   1.54789368  -2.04911543
  0.97644431   0.07074419  -1.08044907  -0.05785797   1.54681176   1.00440567   0.23011033   1.54794891  -2.05139493
  0.97839284   0.07134859  -1.07945884  -0.05801415   1.54682539   1.00408977   0.22984726   1.54800877  -2.05364148
  0.98031697   0.07195652  -1.07848175  -0.05817528   1.54685705   1.00376352   0.22958919   1.54807351  -2.05585527
  0.98221700   0.07256786  -1.07751728  -0.05833932   1.54690707   1.00342655   0.22933427   1.54814167  -2.05803750
  0.98409327   0.07318255  -1.07656487  -0.05850693   1.54697150   1.00308442   0.22907961   1.54820987  -2.06018782
  0.98594598   0.07380021  -1.07562548  -0.05868167   1.54704378   1.00274615   0.22882769   1.54827770  -2.06230513
  0.98777490   0.07442010  -1.07470034  -0.05886398   1.54712413   1.00241068   0.22858133   1.54834769  -2.06438911
  0.98957945   0.07504126  -1.07379027  -0.05905214   1.54721644   1.00207154   0.22834125   1.54842237  -2.06643950
  0.99135904   0.07566306  -1.07289462  -0.05924584   1.54731920   1.00173112   0.22810216   1.54849730  -2.06845470
  0.99311320   0.07628507  -1.07201259  -0.05944459   1.54743014   1.00139265   0.22786226   1.54856981  -2.07043468
  0.99484151   0.07690679  -1.07114378  -0.05964659   1.54755009   1.00105421   0.22762405   1.54864156  -2.07238109
  0.99654364   0.07752780  -1.07028790  -0.05985070   1.54767924   1.00071471   0.22739104   1.54871479  -2.07429563
  0.99821930   0.07814758  -1.06944498  -0.06005608   1.54781857   1.00037210   0.22716584   1.54879158  -2.07617923
  0.99986828   0.07876584  -1.06861423  -0.06026059   1.54796986   1.00002409   0.22694749   1.54887109  -2.07803309
  1.00149067   0.07938244  -1.06779511  -0.06046626   1.54812909   0.99967659   0.22673351   1.54894997  -2.07985595
  1.00308645   0.07999700  -1.06698751  -0.06067314   1.54829713   0.99932797   0.22652204   1.54902767  -2.08164707
  1.00465558   0.08060900  -1.06619204  -0.06088290   1.54847280   0.99897896   0.22631305   1.54910482  -2.08340499
  1.00619802   0.08121799  -1.06540895  -0.06109646   1.54865434   0.99863149   0.22610642   1.54918116  -2.08512898
  1.00771368   0.08182343  -1.06463866  -0.06131306   1.54884230   0.99828414   0.22590358   1.54925812  -2.08681955
  1.00920245   0.08242488  -1.06388091  -0.06152989   1.54903864   0.99793402   0.22570332   1.54933513  -2.08847788
  1.01066430   0.08302200  -1.06313545  -0.06174715   1.54923939   0.99758714   0.22550339   1.54940861  -2.09010366
  1.01209925   0.08361457  -1.06240169  -0.06196290   1.54944402   0.99724393   0.22530389   1.54947797  -2.09169848
  1.01350754   0.08420241  -1.06167938  -0.06217585   1.54965292   0.99690272   0.22510656   1.54954503  -2.09326390
  1.01488963   0.08478553  -1.06096820  -0.06238654   1.54986399   0.99656579   0.22491094   1.54960927  -2.09480014
  1.01624610   0.08536385  -1.06026839  -0.06259591   1.55007636   0.99623342   0.22471730   1.54967157  -2.09630702
  1.01757749   0.08593722  -1.05958056  -0.06280482   1.55029023   0.99590464   0.22452644   1.54973352  -2.09778431
  1.01888426   0.08650538  -1.05890561  -0.06301355   1.55050732   0.99557651   0.22433930   1.54979715  -2.09923183
  1.02016675   0.08706798  -1.05824475  -0.06322199   1.55072955   0.99524635   0.22415856   1.54986512  -2.10065006
  1.02142505   0.08762446  -1.05759952  -0.06343291   1.55095393   0.99491910   0.22398386   1.54993615  -2.10203683
  1.02265885   0.08817422  -1.05697035  -0.06364383   1.55118343   0.99459078   0.22381531   1.55001076  -2.10339293
  1.02386784   0.08871705  -1.05635582  -0.06385351   1.55141544   0.99426588   0.22364656   1.55008237  -2.10471785
  1.02505179   0.08925281  -1.05575468  -0.06406000   1.55164862   0.99394572   0.22347888   1.55015075  -2.10601380
  1.02621065   0.08978146  -1.05516628  -0.06426372   1.55188031   0.99363298   0.22331676   1.55021824  -2.10728256
  1.02734436   0.09030282  -1.05459019  -0.06446659   1.55210888   0.99332940   0.22315969   1.55028443  -2.10852307
  1.02845286   0.09081657  -1.05402621  -0.06466894   1.55233673   0.99303134   0.22300489   1.55034863  -2.10973395
  1.02953615   0.09132242  -1.05347408  -0.06487041   1.55256480   0.99273721   0.22285240   1.55041117  -2.11091552
  1.03059427   0.09181998  -1.05293399  -0.06506971   1.55279489   0.99244368   0.22270517   1.55047494  -2.11206925
  1.03162730   0.09230906  -1.05240519  -0.06526473   1.55302747   0.99214986   0.22256203   1.55053883  -2.11319648
  1.03263556   0.09278965  -1.05188681  -0.06545400   1.55326082   0.99185825   0.22242149   1.55060053  -2.11429861
  1.03361948   0.09326178  -1.05137845  -0.06563886   1.55349116   0.99157362   0.22228111   1.55065762  -2.11537482
  1.03457940   0.09372519  -1.05088087  -0.06582033   1.55371784   0.99129594   0.22214230   1.55071199  -2.11642479
  1.03551555   0.09417956  -1.05039505  -0.06599829   1.55394261   0.99102197   0.22200815   1.55076721  -2.11744902
  1.03642819   0.09462467  -1.04992152  -0.06617241   1.55416712   0.99074914   0.22187943   1.55082471  -2.11844772
  1.03731752   0.09506057  -1.04945973  -0.06634335   1.55438890   0.99048179   0.22175157   1.55087975  -2.11941981
  1.03818385   0.09548739  -1.04900934  -0.06651288   1.55460336   0.99022717   0.22162235   1.55092860  -2.12036448
  1.03902745   0.09590510  -1.04857063  -0.06668096   1.55481105   0.98998388   0.22149456   1.55097387  -2.12128270
  1.03984851   0.09631350  -1.04814430  -0.06684729   1.55501424   0.98974791   0.22137054   1.55101887  -2.12217489
  1.04064705   0.09671228  -1.04773112  -0.06701060   1.55521655   0.98951352   0.22125362   1.55106767  -2.12304214
  1.04142313   0.09710131  -1.04733100  -0.06716974   1.55541953   0.98927856   0.22114325   1.55112019  -2.12388492
  1.04217679   0.09748059  -1.04694334  -0.06732506   1.55562137   0.98904606   0.22103516   1.55117241  -2.12470217
  1.04290812   0.09785007  -1.04656797  -0.06747709   1.55581957   0.98881965   0.22092896   1.55122294  -2.12549386
  1.04361714   0.09820965  -1.04620525  -0.06762771   1.55601013   0.98860497   0.22082609   1.55127151  -2.12625959
  1.04430364   0.09855911  -1.04585490  -0.06777589   1.55619335   0.98840235   0.22072524   1.55131626  -2.12699960
  1.04496747   0.09889829  -1.04551661  -0.06792028   1.55637128   0.98820813   0.22062802   1.55135924  -2.12771504
  1.04560858   0.09922695  -1.04519033  -0.06806129   1.55654446   0.98802058   0.22053499   1.55140192  -2.12840562
  1.04622696   0.09954489  -1.04487600  -0.06819977   1.55671261   0.98783960   0.22044567   1.55144436  -2.12907063
  1.04682262   0.09985192  -1.04457366  -0.06833610   1.55687566   0.98766497   0.22036056   1.55148713  -2.12970999
  1.04739564   0.10014789  -1.04428324  -0.06847008   1.55703364   0.98749668   0.22027995   1.55153025  -2.13032408
  1.04794610   0.10043276  -1.04400419  -0.06860048   1.55718732   0.98733380   0.22020405   1.55157350  -2.13091412
  1.04847421   0.10070669  -1.04373557  -0.06872647   1.55733646   0.98717692   0.22013216   1.55161560  -2.13148122
  1.04898031   0.10096984  -1.04347652  -0.06884775   1.55748060   0.98702676   0.22006329   1.55165534  -2.13202613
  1.04946484   0.10122239  -1.04322650  -0.06896422   1.55761970   0.98688318   0.21999670   1.55169227  -2.13254933
  1.04992829   0.10146446  -1.04298535  -0.06907591   1.55775399   0.98674556   0.21993218   1.55172663  -2.13305125
  1.05037120   0.10169622  -1.04275292  -0.06918274   1.55788380   0.98661317   0.21987032   1.55175919  -2.13353268
  1.05079417   0.10191781  -1.04252916  -0.06928493   1.55800905   0.98648603   0.21981140   1.55179030  -2.13399418
  1.05119778   0.10212939  -1.04231414  -0.06938288   1.55812946   0.98636453   0.21975514   1.55181986  -2.13443594
  1.05158259   0.10233104  -1.04210810  -0.06947698   1.55824479   0.98624901   0.21970106   1.55184769  -2.13485796
  1.05194909   0.10252280  -1.04191135  -0.06956736   1.55835512   0.98613936   0.21964893   1.55187389  -2.13526036
  1.05229777   0.10270481  -1.04172382  -0.06965361   1.55846098   0.98603472   0.21959943   1.55189914  -2.13564406
  1.05262908   0.10287732  -1.04154504  -0.06973549   1.55856248   0.98593492   0.21955279   1.55192358  -2.13601001
  1.05294349   0.10304063  -1.04137444  -0.06981300   1.55865936   0.98584030   0.21950860   1.55194675  -2.13635887
  1.05324148   0.10319503  -1.04121151  -0.06988635   1.55875149   0.98575098   0.21946638   1.55196834  -2.13669110
  1.05352351   0.10334077  -1.04105598  -0.06995579   1.55883898   0.98566684   0.21942581   1.55198823  -2.13700702
  1.05379002   0.10347805  -1.04090779  -0.07002163   1.55892196   0.98558769   0.21938675   1.55200652  -2.13730684
  1.05404141   0.10360700  -1.04076705  -0.07008409   1.55900052   0.98551347   0.21934924   1.55202339  -2.13759074
  1.05427801   0.10372767  -1.04063406  -0.07014329   1.55907465   0.98544422   0.21931339   1.55203904  -2.13785885
  1.05450013   0.10384011  -1.04050908  -0.07019925   1.55914441   0.98537986   0.21927935   1.55205377  -2.13811131
  1.05470806   0.10394442  -1.04039202  -0.07025168   1.55921021   0.98531960   0.21924769   1.55206826  -2.13834877
  1.05490213   0.10404086  -1.04028247  -0.07030051   1.55927208   0.98526324   0.21921836   1.55208257  -2.13857178
  1.05508271   0.10412973  -1.04017980  -0.07034590   1.55932982   0.98521105   0.21919088   1.55209629  -2.13878080
  1.05525021   0.10421140  -1.04008343  -0.07038803   1.55938336   0.98516318   0.21916494   1.55210911  -2.13897636
  1.05540510   0.10428624  -1.03999285  -0.07042706   1.55943290   0.98511945   0.21914051   1.55212098  -2.13915911
  1.05554785   0.10435461  -1.03990769  -0.07046313   1.55947878   0.98507957   0.21911770   1.55213203  -2.13932967
  1.05567896   0.10441679  -1.03982775  -0.07049641   1.55952130   0.98504326   0.21909660   1.55214238  -2.13948857
  1.05579890   0.10447304  -1.03975295  -0.07052708   1.55956066   0.98501039   0.21907718   1.55215210  -2.13963617
  1.05590814   0.10452353  -1.03968337  -0.07055535   1.55959692   0.98498097   0.21905920   1.55216115  -2.13977268
  1.05600714   0.10456839  -1.03961918  -0.07058143   1.55963000   0.98495517   0.21904227   1.55216936  -2.13989816
  1.05609632   0.10460772  -1.03956060  -0.07060545   1.55965984   0.98493310   0.21902608   1.55217669  -2.14001270
  1.05617608   0.10464160  -1.03950779  -0.07062738   1.55968639   0.98491475   0.21901051   1.55218321  -2.14011654
  1.05624677   0.10467013  -1.03946084  -0.07064711   1.55970969   0.98489998   0.21899562   1.55218912  -2.14021004
  1.05630876   0.10469346  -1.03941970  -0.07066452   1.55972983   0.98488861   0.21898147   1.55219463  -2.14029363
  1.05636239   0.10471178  -1.03938415  -0.07067956   1.55974691   0.98488042   0.21896807   1.55219985  -2.14036776
  1.05640799   0.10472532  -1.03935388  -0.07069224   1.55976106   0.98487518   0.21895539   1.55220484  -2.14043292
  1.05644593   0.10473440  -1.03932846  -0.07070265   1.55977249   0.98487270   0.21894341   1.55220959  -2.14048963
  1.05647660   0.10473933  -1.03930740  -0.07071094   1.55978144   0.98487273   0.21893209   1.55221409  -2.14053844
  1.05650040   0.10474049  -1.03929021  -0.07071730   1.55978815   0.98487505   0.21892145   1.55221830  -2.14057995
  1.05651779   0.10473823  -1.03927639  -0.07072194   1.55979292   0.98487947   0.21891149   1.55222221  -2.14061475
  1.05652926   0.10473294  -1.03926547  -0.07072510   1.55979601   0.98488577   0.21890221   1.55222580  -2.14064345
  1.05653532   0.10472497  -1.03925706  -0.07072698   1.55979766   0.98489377   0.21889359   1.55222909  -2.14066668
  1.05653654   0.10471467  -1.03925077  -0.07072778   1.55979810   0.98490326   0.21888560   1.55223209  -2.14068503
  1.05653348   0.10470237  -1.03924631  -0.07072768   1.55979755   0.98491404   0.21887819   1.55223485  -2.14069911
  1.05652670   0.10468839  -1.03924337  -0.07072682   1.55979617   0.98492592   0.21887126   1.55223741  -2.14070951
  1.05651679   0.10467302  -1.03924171  -0.07072530   1.55979414   0.98493869   0.21886476   1.55223984  -2.14071682
  1.05650426   0.10465655  -1.03924105  -0.07072323   1.55979163   0.98495215   0.21885861   1.55224219  -2.14072162
  1.05648964   0.10463925  -1.03924117  -0.07072070   1.55978879   0.98496611   0.21885276   1.55224455  -2.14072443
  1.05647338   0.10462135  -1.03924181  -0.07071780   1.55978579   0.98498036   0.21884717   1.55224695  -2.14072576
  1.05645587   0.10460309  -1.03924275  -0.07071461   1.55978278   0.98499471   0.21884182   1.55224948  -2.14072608
  1.05643748   0.10458464  -1.03924379  -0.07071121   1.55977990   0.98500903   0.21883670   1.55225215  -2.14072577
  1.05641849   0.10456616  -1.03924477  -0.07070772   1.55977724   0.98502323   0.21883175   1.55225497  -2.14072513
  1.05639916   0.10454777  -1.03924558  -0.07070423   1.55977484   0.98503730   0.21882691   1.55225790  -2.14072437
  1.05637966   0.10452954  -1.03924615  -0.07070084   1.55977272   0.98505123   0.21882212   1.55226093  -2.14072365
  1.05636016   0.10451152  -1.03924647  -0.07069761   1.55977090   0.98506502   0.21881733   1.55226404  -2.14072307
  1.05634077   0.10449372  -1.03924657  -0.07069458   1.55976937   0.98507869   0.21881251   1.55226725  -2.14072267
  1.05632155   0.10447613  -1.03924652  -0.07069177   1.55976811   0.98509223   0.21880764   1.55227055  -2.14072248
  1.05630257   0.10445872  -1.03924637  -0.07068917   1.55976712   0.98510564   0.21880270   1.55227399  -2.14072252
  1.05628385   0.10444148  -1.03924618  -0.07068674   1.55976636   0.98511893   0.21879768   1.55227758  -2.14072278
  1.05626541   0.10442438  -1.03924601  -0.07068447   1.55976581   0.98513210   0.21879256   1.55228132  -2.14072324
  1.05624723   0.10440741  -1.03924589  -0.07068232   1.55976545   0.98514517   0.21878734   1.55228524  -2.14072390
  1.05622933   0.10439055  -1.03924584  -0.07068028   1.55976526   0.98515812   0.21878200   1.55228934  -2.14072475
  1.05621169   0.10437381  -1.03924587  -0.07067833   1.55976524   0.98517098   0.21877654   1.55229362  -2.14072577
  1.05619429   0.10435720  -1.03924596  -0.07067647   1.55976539   0.98518374   0.21877097   1.55229807  -2.14072698
  1.05617714   0.10434074  -1.03924609  -0.07067470   1.55976571   0.98519640   0.21876528   1.55230269  -2.14072837
  1.05616021   0.10432444  -1.03924624  -0.07067304   1.55976621   0.98520897   0.21875947   1.55230747  -2.14072994
  1.05614352   0.10430833  -1.03924641  -0.07067148   1.55976691   0.98522146   0.21875356   1.55231240  -2.14073170
  1.05612705   0.10429243  -1.03924656  -0.07067003   1.55976780   0.98523387   0.21874754   1.55231748  -2.14073364
  1.05611080   0.10427676  -1.03924669  -0.07066872   1.55976890   0.98524621   0.21874141   1.55232272  -2.14073578
  1.05609478   0.10426133  -1.03924679  -0.07066753   1.55977021   0.98525849   0.21873517   1.55232809  -2.14073811
  1.05607899   0.10424615  -1.03924688  -0.07066646   1.55977172   0.98527070   0.21872882   1.55233362  -2.14074062
  1.05606343   0.10423122  -1.03924696  -0.07066553   1.55977344   0.98528285   0.21872236   1.55233929  -2.14074333
  1.05604811   0.10421654  -1.03924704  -0.07066470   1.55977536   0.98529495   0.21871579   1.55234512  -2.14074621
  1.05603301   0.10420212  -1.03924712  -0.07066398   1.55977746   0.98530700   0.21870909   1.55235110  -2.14074928
  1.05601814   0.10418795  -1.03924722  -0.07066336   1.55977975   0.98531900   0.21870227   1.55235724  -2.14075253
  1.05600350   0.10417402  -1.03924735  -0.07066283   1.55978222   0.98533095   0.21869532   1.55236353  -2.14075594
  1.05598907   0.10416033  -1.03924751  -0.07066237   1.55978486   0.98534287   0.21868825   1.55236999  -2.14075953
  1.05597485   0.10414686  -1.03924769  -0.07066200   1.55978766   0.98535474   0.21868106   1.55237660  -2.14076327
  1.05596083   0.10413361  -1.03924791  -0.07066171   1.55979063   0.98536657   0.21867374   1.55238337  -2.14076718
  1.05594701   0.10412058  -1.03924815  -0.07066149   1.55979376   0.98537837   0.21866631   1.55239029  -2.14077124
  1.05593337   0.10410775  -1.03924841  -0.07066135   1.55979706   0.98539014   0.21865877   1.55239735  -2.14077544
  1.05591989   0.10409512  -1.03924868  -0.07066128   1.55980051   0.98540187   0.21865112   1.55240455  -2.14077979
  1.05590659   0.10408267  -1.03924897  -0.07066130   1.55980413   0.98541356   0.21864336   1.55241189  -2.14078428
  1.05589344   0.10407041  -1.03924927  -0.07066140   1.55980791   0.98542523   0.21863551   1.55241936  -2.14078891
  1.05588043   0.10405833  -1.03924956  -0.07066157   1.55981184   0.98543687   0.21862755   1.55242696  -2.14079368
  1.05586756   0.10404641  -1.03924986  -0.07066182   1.55981593   0.98544849   0.21861950   1.55243469  -2.14079858
  1.05585483   0.10403465  -1.03925016  -0.07066215   1.55982017   0.98546007   0.21861135   1.55244253  -2.14080360
  1.05584222   0.10402304  -1.03925045  -0.07066255   1.55982455   0.98547164   0.21860311   1.55245050  -2.14080876
  1.05582974   0.10401158  -1.03925075  -0.07066302   1.55982909   0.98548318   0.21859479   1.55245859  -2.14081403
  1.05581737   0.10400026  -1.03925104  -0.07066356   1.55983376   0.98549469   0.21858637   1.55246680  -2.14081942
  1.05580511   0.10398907  -1.03925134  -0.07066416   1.55983858   0.98550619   0.21857786   1.55247512  -2.14082493
  1.05579296   0.10397800  -1.03925165  -0.07066483   1.55984353   0.98551767   0.21856927   1.55248356  -2.14083055
  1.05578091   0.10396706  -1.03925195  -0.07066557   1.55984862   0.98552913   0.21856059   1.55249211  -2.14083629
  1.05576896   0.10395624  -1.03925226  -0.07066636   1.55985384   0.98554058   0.21855182   1.55250078  -2.14084213
  1.05575710   0.10394553  -1.03925257  -0.07066721   1.55985919   0.98555201   0.21854297   1.55250955  -2.14084807
  1.05574534   0.10393494  -1.03925288  -0.07066813   1.55986467   0.98556343   0.21853404   1.55251844  -2.14085412
  1.05573365   0.10392445  -1.03925320  -0.07066910   1.55987027   0.98557484   0.21852503   1.55252743  -2.14086027
  1.05572205   0.10391406  -1.03925351  -0.07067013   1.55987601   0.98558623   0.21851594   1.55253653  -2.14086652
  1.05571053   0.10390378  -1.03925382  -0.07067122   1.55988187   0.98559762   0.21850677   1.55254573  -2.14087287
  1.05569907   0.10389359  -1.03925413  -0.07067236   1.55988785   0.98560901   0.21849752   1.55255504  -2.14087931
  1.05568769   0.10388350  -1.03925444  -0.07067355   1.55989396   0.98562039   0.21848820   1.55256444  -2.14088584
  1.05567637   0.10387351  -1.03925475  -0.07067480   1.55990018   0.98563176   0.21847880   1.55257395  -2.14089247
  1.05566511   0.10386360  -1.03925505  -0.07067610   1.55990653   0.98564313   0.21846933   1.55258355  -2.14089918
  1.05565390   0.10385377  -1.03925535  -0.07067745   1.55991299   0.98565450   0.21845978   1.55259326  -2.14090598
  1.05564275   0.10384403  -1.03925565  -0.07067885   1.55991957   0.98566587   0.21845016   1.55260306  -2.14091286
  1.05563165   0.10383438  -1.03925594  -0.07068030   1.55992626   0.98567724   0.21844047   1.55261295  -2.14091982
  1.05562060   0.10382479  -1.03925624  -0.07068179   1.55993306   0.98568861   0.21843070   1.55262295  -2.14092687
  1.05560959   0.10381529  -1.03925653  -0.07068333   1.55993997   0.98569998   0.21842087   1.55263303  -2.14093399
  1.05559863   0.10380585  -1.03925682  -0.07068492   1.55994700   0.98571136   0.21841097   1.55264321  -2.14094119
  1.05558770   0.10379649  -1.03925710  -0.07068654   1.55995413   0.98572274   0.21840100   1.55265348  -2.14094846
  1.05557681   0.10378719  -1.03925739  -0.07068821   1.55996137   0.98573413   0.21839096   1.55266385  -2.14095581
  1.05556595   0.10377796  -1.03925767  -0.07068992   1.55996871   0.98574553   0.21838085   1.55267430  -2.14096324
  1.05555513   0.10376879  -1.03925795  -0.07069168   1.55997616   0.98575693   0.21837068   1.55268484  -2.14097073
  1.05554433   0.10375968  -1.03925822  -0.07069347   1.55998371   0.98576835   0.21836043   1.55269547  -2.14097830
  1.05553357   0.10375062  -1.03925849  -0.07069530   1.55999137   0.98577977   0.21835013   1.55270619  -2.14098593
  1.05552282   0.10374163  -1.03925876  -0.07069717   1.55999912   0.98579121   0.21833975   1.55271700  -2.14099364
  1.05551211   0.10373269  -1.03925903  -0.07069908   1.56000697   0.98580266   0.21832931   1.55272789  -2.14100141
  1.05550141   0.10372380  -1.03925929  -0.07070103   1.56001492   0.98581412   0.21831881   1.55273887  -2.14100924
  1.05549073   0.10371496  -1.03925955  -0.07070301   1.56002297   0.98582559   0.21830825   1.55274993  -2.14101715
  1.05548007   0.10370617  -1.03925980  -0.07070503   1.56003112   0.98583708   0.21829762   1.55276107  -2.14102511
  1.05546943   0.10369742  -1.03926005  -0.07070709   1.56003936   0.98584859   0.21828692   1.55277230  -2.14103314
  1.05545881   0.10368872  -1.03926030  -0.07070918   1.56004769   0.98586011   0.21827617   1.55278361  -2.14104124
  1.05544819   0.10368006  -1.03926054  -0.07071131   1.56005612   0.98587165   0.21826535   1.55279500  -2.14104939
  1.05543759   0.10367144  -1.03926078  -0.07071346   1.56006464   0.98588320   0.21825447   1.55280648  -2.14105761
  1.05542700   0.10366287  -1.03926102  -0.07071566   1.56007325   0.98589478   0.21824352   1.55281803  -2.14106588
  1.05541642   0.10365432  -1.03926125  -0.07071788   1.56008195   0.98590637   0.21823252   1.55282967  -2.14107422
  1.05540584   0.10364582  -1.03926148  -0.07072014   1.56009073   0.98591798   0.21822146   1.55284138  -2.14108261
  1.05539527   0.10363734  -1.03926171  -0.07072243   1.56009961   0.98592961   0.21821033   1.55285317  -2.14109106
  1.05538471   0.10362890  -1.03926193  -0.07072475   1.56010858   0.98594127   0.21819915   1.55286504  -2.14109956
  1.05537415   0.10362050  -1.03926215  -0.07072711   1.56011763   0.98595294   0.21818790   1.55287699  -2.14110812
  1.05536359   0.10361212  -1.03926237  -0.07072949   1.56012676   0.98596464   0.21817660   1.55288902  -2.14111674
  1.05535304   0.10360377  -1.03926258  -0.07073190   1.56013599   0.98597636   0.21816523   1.55290112  -2.14112542
  1.05534248   0.10359544  -1.03926279  -0.07073434   1.56014529   0.98598811   0.21815381   1.55291329  -2.14113415
  1.05533193   0.10358715  -1.03926300  -0.07073681   1.56015468   0.98599988   0.21814233   1.55292555  -2.14114293
  1.05532137   0.10357887  -1.03926320  -0.07073931   1.56016415   0.98601167   0.21813079   1.55293788  -2.14115176
  1.05531081   0.10357062  -1.03926340  -0.07074183   1.56017370   0.98602349   0.21811919   1.55295028  -2.14116065
  1.05530025   0.10356240  -1.03926360  -0.07074439   1.56018333   0.98603534   0.21810753   1.55296276  -2.14116959
  1.05528968   0.10355419  -1.03926379  -0.07074697   1.56019304   0.98604721   0.21809582   1.55297531  -2.14117858
  1.05527910   0.10354600  -1.03926398  -0.07074957   1.56020283   0.98605911   0.21808404   1.55298793  -2.14118763
  1.05526852   0.10353783  -1.03926416  -0.07075221   1.56021270   0.98607103   0.21807221   1.55300063  -2.14119672
  1.05525794   0.10352968  -1.03926434  -0.07075487   1.56022265   0.98608299   0.21806032   1.55301340  -2.14120586
  1.05524734   0.10352155  -1.03926452  -0.07075755   1.56023267   0.98609497   0.21804838   1.55302624  -2.14121505
  1.05523674   0.10351343  -1.03926470  -0.07076026   1.56024278   0.98610698   0.21803638   1.55303915  -2.14122430
  1.05522612   0.10350532  -1.03926487  -0.07076300   1.56025295   0.98611902   0.21802432   1.55305214  -2.14123358
  1.05521550   0.10349723  -1.03926505  -0.07076576   1.56026321   0.98613109   0.21801221   1.55306519  -2.14124292
  1.05520486   0.10348915  -1.03926521  -0.07076854   1.56027354   0.98614319   0.21800004   1.55307832  -2.14125231
  1.05519421   0.10348109  -1.03926538  -0.07077135   1.56028394   0.98615532   0.21798781   1.55309152  -2.14126174
  1.05518355   0.10347303  -1.03926554  -0.07077418   1.56029441   0.98616748   0.21797553   1.55310478  -2.14127122
  1.05517288   0.10346498  -1.03926570  -0.07077704   1.56030496   0.98617968   0.21796319   1.55311812  -2.14128075
  1.05516219   0.10345694  -1.03926585  -0.07077991   1.56031558   0.98619190   0.21795080   1.55313153  -2.14129032
  1.05515149   0.10344891  -1.03926600  -0.07078282   1.56032627   0.98620416   0.21793835   1.55314500  -2.14129994
  1.05514077   0.10344089  -1.03926615  -0.07078574   1.56033703   0.98621645   0.21792584   1.55315855  -2.14130960
  1.05513004   0.10343287  -1.03926630  -0.07078868   1.56034787   0.98622878   0.21791329   1.55317216  -2.14131931
  1.05511929   0.10342486  -1.03926644  -0.07079165   1.56035877   0.98624113   0.21790067   1.55318584  -2.14132907
  1.05510852   0.10341686  -1.03926658  -0.07079464   1.56036974   0.98625352   0.21788800   1.55319958  -2.14133887
  1.05509774   0.10340885  -1.03926672  -0.07079765   1.56038079   0.98626595   0.21787528   1.55321340  -2.14134871
  1.05508694   0.10340086  -1.03926685  -0.07080068   1.56039190   0.98627841   0.21786250   1.55322728  -2.14135859
  1.05507612   0.10339286  -1.03926698  -0.07080373   1.56040308   0.98629090   0.21784967   1.55324123  -2.14136852
  1.05506528   0.10338486  -1.03926711  -0.07080681   1.56041432   0.98630343   0.21783678   1.55325525  -2.14137850
  1.05505443   0.10337687  -1.03926723  -0.07080990   1.56042564   0.98631600   0.21782384   1.55326933  -2.14138851
  1.05504355   0.10336888  -1.03926736  -0.07081301   1.56043702   0.98632860   0.21781085   1.55328348  -2.14139857
  1.05503265   0.10336088  -1.03926748  -0.07081614   1.56044846   0.98634123   0.21779780   1.55329769  -2.14140867
  1.05502174   0.10335289  -1.03926759  -0.07081929   1.56045998   0.98635391   0.21778470   1.55331197  -2.14141882
  1.05501080   0.10334489  -1.03926771  -0.07082246   1.56047155   0.98636662   0.21777154   1.55332632  -2.14142900
  1.05499984   0.10333689  -1.03926782  -0.07082566   1.56048320   0.98637936   0.21775833   1.55334073  -2.14143923
  1.05498886   0.10332889  -1.03926793  -0.07082887   1.56049490   0.98639214   0.21774507   1.55335520  -2.14144950
  1.05497785   0.10332089  -1.03926803  -0.07083209   1.56050668   0.98640496   0.21773176   1.55336974  -2.14145981
  1.05496683   0.10331288  -1.03926813  -0.07083534   1.56051851   0.98641782   0.21771839   1.55338435  -2.14147016
  1.05495578   0.10330487  -1.03926823  -0.07083861   1.56053041   0.98643072   0.21770497   1.55339902  -2.14148055
  1.05494471   0.10329685  -1.03926833  -0.07084189   1.56054237   0.98644365   0.21769149   1.55341375  -2.14149098
  1.05493361   0.10328883  -1.03926843  -0.07084519   1.56055440   0.98645662   0.21767796   1.55342855  -2.14150145
  1.05492249   0.10328080  -1.03926852  -0.07084851   1.56056649   0.98646963   0.21766438   1.55344341  -2.14151196
  1.05491135   0.10327277  -1.03926861  -0.07085185   1.56057863   0.98648268   0.21765075   1.55345833  -2.14152252
  1.05490018   0.10326473  -1.03926869  -0.07085520   1.56059085   0.98649577   0.21763707   1.55347332  -2.14153311
  1.05488898   0.10325668  -1.03926878  -0.07085857   1.56060312   0.98650889   0.21762333   1.55348837  -2.14154374
  1.05487777   0.10324862  -1.03926886  -0.07086196   1.56061545   0.98652206   0.21760954   1.55350348  -2.14155441
  1.05486652   0.10324055  -1.03926893  -0.07086536   1.56062784   0.98653526   0.21759570   1.55351866  -2.14156512
  1.05485525   0.10323248  -1.03926901  -0.07086878   1.56064030   0.98654851   0.21758180   1.55353390  -2.14157587
  1.05484396   0.10322440  -1.03926908  -0.07087222   1.56065281   0.98656179   0.21756786   1.55354920  -2.14158666
  1.05483264   0.10321630  -1.03926915  -0.07087568   1.56066539   0.98657512   0.21755386   1.55356456  -2.14159748
  1.05482129   0.10320820  -1.03926922  -0.07087915   1.56067802   0.98658848   0.21753981   1.55357999  -2.14160835
  1.05480991   0.10320009  -1.03926928  -0.07088263   1.56069071   0.98660189   0.21752571   1.55359548  -2.14161925
  1.05479851   0.10319196  -1.03926934  -0.07088614   1.56070346   0.98661533   0.21751156   1.55361103  -2.14163019
  1.05478708   0.10318382  -1.03926940  -0.07088966   1.56071627   0.98662882   0.21749735   1.55362664  -2.14164117
  1.05477562   0.10317568  -1.03926946  -0.07089319   1.56072914   0.98664235   0.21748310   1.55364231  -2.14165218
  1.05476414   0.10316752  -1.03926951  -0.07089674   1.56074207   0.98665592   0.21746879   1.55365804  -2.14166324
  1.05475263   0.10315935  -1.03926956  -0.07090031   1.56075505   0.98666953   0.21745443   1.55367384  -2.14167433
  1.05474109   0.10315116  -1.03926961  -0.07090389   1.56076809   0.98668318   0.21744002   1.55368969  -2.14168546
  1.05472952   0.10314296  -1.03926965  -0.07090749   1.56078119   0.98669687   0.21742556   1.55370561  -2.14169662
  1.05471793   0.10313475  -1.03926970  -0.07091110   1.56079435   0.98671060   0.21741105   1.55372159  -2.14170782
  1.05470630   0.10312653  -1.03926974  -0.07091473   1.56080756   0.98672438   0.21739649   1.55373762  -2.14171906
  1.05469465   0.10311829  -1.03926977  -0.07091837   1.56082083   0.98673819   0.21738188   1.55375372  -2.14173034
  1.05468297   0.10311003  -1.03926981  -0.07092202   1.56083415   0.98675205   0.21736721   1.55376988  -2.14174165
  1.05467125   0.10310176  -1.03926984  -0.07092569   1.56084754   0.98676595   0.21735250   1.55378610  -2.14175300
  1.05465951   0.10309348  -1.03926987  -0.07092938   1.56086097   0.98677989   0.21733773   1.55380238  -2.14176438
  1.05464774   0.10308518  -1.03926989  -0.07093308   1.56087447   0.98679388   0.21732292   1.55381872  -2.14177581
  1.05463595   0.10307687  -1.03926991  -0.07093679   1.56088801   0.98680791   0.21730805   1.55383511  -2.14178726
  1.05462412   0.10306854  -1.03926993  -0.07094052   1.56090162   0.98682197   0.21729314   1.55385157  -2.14179876
  1.05461226   0.10306019  -1.03926995  -0.07094426   1.56091528   0.98683609   0.21727817   1.55386809  -2.14181029
  1.05460037   0.10305183  -1.03926997  -0.07094801   1.56092899   0.98685024   0.21726315   1.55388467  -2.14182185
  1.05458845   0.10304345  -1.03926998  -0.07095178   1.56094276   0.98686444   0.21724809   1.55390130  -2.14183345
  1.05457650   0.10303506  -1.03926999  -0.07095557   1.56095658   0.98687868   0.21723297   1.55391800  -2.14184509
  1.05456452   0.10302664  -1.03926999  -0.07095936   1.56097046   0.98689296   0.21721780   1.55393475  -2.14185676
  1.05455251   0.10301821  -1.03927000  -0.07096317   1.56098439   0.98690729   0.21720259   1.55395156  -2.14186846
  1.05454048   0.10300976  -1.03927000  -0.07096700   1.56099837   0.98692166   0.21718732   1.55396844  -2.14188020
  1.05452841   0.10300130  -1.03926999  -0.07097084   1.56101241   0.98693607   0.21717201   1.55398537  -2.14189198
  1.05451630   0.10299281  -1.03926999  -0.07097469   1.56102650   0.98695053   0.21715664   1.55400235  -2.14190379
  1.05450417   0.10298431  -1.03926998  -0.07097855   1.56104064   0.98696503   0.21714123   1.55401940  -2.14191564
  1.05449201   0.10297579  -1.03926997  -0.07098243   1.56105484   0.98697957   0.21712576   1.55403651  -2.14192752
  1.05447982   0.10296725  -1.03926995  -0.07098632   1.56106909   0.98699415   0.21711025   1.55405367  -2.14193943
  1.05446759   0.10295869  -1.03926994  -0.07099022   1.56108340   0.98700878   0.21709468   1.55407089  -2.14195138
  1.05445534   0.10295012  -1.03926992  -0.07099413   1.56109775   0.98702346   0.21707907   1.55408817  -2.14196337
  1.05444305   0.10294152  -1.03926989  -0.07099806   1.56111216   0.98703817   0.21706341   1.55410551  -2.14197539
  1.05443073   0.10293290  -1.03926987  -0.07100200   1.56112662   0.98705293   0.21704770   1.55412291  -2.14198744
  1.05441838   0.10292427  -1.03926984  -0.07100596   1.56114113   0.98706774   0.21703194   1.55414036  -2.14199952
  1.05440600   0.10291561  -1.03926981  -0.07100992   1.56115570   0.98708258   0.21701613   1.55415787  -2.14201164
  1.05439359   0.10290694  -1.03926977  -0.07101390   1.56117032   0.98709747   0.21700027   1.55417544  -2.14202380
  1.05438115   0.10289824  -1.03926973  -0.07101789   1.56118498   0.98711241   0.21698436   1.55419307  -2.14203599
  1.05436867   0.10288953  -1.03926969  -0.07102190   1.56119971   0.98712739   0.21696841   1.55421075  -2.14204821
  1.05435616   0.10288079  -1.03926965  -0.07102591   1.56121448   0.98714241   0.21695240   1.55422849  -2.14206046
  1.05434363   0.10287203  -1.03926960  -0.07102994   1.56122930   0.98715748   0.21693635   1.55424629  -2.14207275
  1.05433105   0.10286325  -1.03926955  -0.07103398   1.56124417   0.98717259   0.21692025   1.55426415  -2.14208507
  1.05431845   0.10285445  -1.03926950  -0.07103804   1.56125910   0.98718775   0.21690410   1.55428206  -2.14209743
  1.05430582   0.10284563  -1.03926944  -0.07104210   1.56127408   0.98720295   0.21688790   1.55430003  -2.14210982
  1.05429315   0.10283679  -1.03926938  -0.07104618   1.56128910   0.98721819   0.21687165   1.55431805  -2.14212224
  1.05428046   0.10282793  -1.03926932  -0.07105026   1.56130418   0.98723348   0.21685536   1.55433613  -2.14213470
  1.05426773   0.10281905  -1.03926926  -0.07105436   1.56131931   0.98724882   0.21683901   1.55435427  -2.14214719
  1.05425496   0.10281014  -1.03926919  -0.07105848   1.56133448   0.98726419   0.21682262   1.55437247  -2.14215971
  1.05424217   0.10280121  -1.03926911  -0.07106260   1.56134971   0.98727961   0.21680618   1.55439072  -2.14217226
  1.05422935   0.10279226  -1.03926904  -0.07106673   1.56136499   0.98729508   0.21678969   1.55440903  -2.14218485
  1.05421649   0.10278329  -1.03926896  -0.07107088   1.56138032   0.98731059   0.21677316   1.55442739  -2.14219747
  1.05420360   0.10277430  -1.03926888  -0.07107504   1.56139570   0.98732614   0.21675657   1.55444581  -2.14221012
  1.05419068   0.10276528  -1.03926879  -0.07107921   1.56141113   0.98734174   0.21673994   1.55446429  -2.14222281
  1.05417772   0.10275625  -1.03926871  -0.07108339   1.56142660   0.98735739   0.21672326   1.55448282  -2.14223552
  1.05416474   0.10274719  -1.03926861  -0.07108758   1.56144213   0.98737308   0.21670653   1.55450141  -2.14224827
  1.05415172   0.10273810  -1.03926852  -0.07109179   1.56145771   0.98738881   0.21668976   1.55452005  -2.14226105
  1.05413867   0.10272900  -1.03926842  -0.07109600   1.56147333   0.98740459   0.21667293   1.55453875  -2.14227387
  1.05412558   0.10271987  -1.03926832  -0.07110023   1.56148901   0.98742041   0.21665606   1.55455751  -2.14228671
  1.05411247   0.10271072  -1.03926821  -0.07110447   1.56150473   0.98743628   0.21663915   1.55457632  -2.14229959
  1.05409932   0.10270154  -1.03926811  -0.07110872   1.56152051   0.98745219   0.21662218   1.55459519  -2.14231250
  1.05408614   0.10269235  -1.03926799  -0.07111298   1.56153633   0.98746814   0.21660517   1.55461411  -2.14232544
  1.05407293   0.10268313  -1.03926788  -0.07111725   1.56155220   0.98748414   0.21658811   1.55463308  -2.14233841
  1.05405968   0.10267388  -1.03926776  -0.07112153   1.56156812   0.98750019   0.21657100   1.55465212  -2.14235142
  1.05404641   0.10266462  -1.03926764  -0.07112583   1.56158409   0.98751628   0.21655385   1.55467120  -2.14236446
  1.05403310   0.10265532  -1.03926751  -0.07113013   1.56160011   0.98753241   0.21653665   1.55469035  -2.14237752
  1.05401976   0.10264601  -1.03926739  -0.07113445   1.56161617   0.98754859   0.21651940   1.55470954  -2.14239062
  1.05400639   0.10263667  -1.03926725  -0.07113877   1.56163229   0.98756481   0.21650210   1.55472880  -2.14240375
  1.05399298   0.10262731  -1.03926712  -0.07114311   1.56164845   0.98758108   0.21648476   1.55474810  -2.14241692
  1.05397954   0.10261793  -1.03926698  -0.07114746   1.56166466   0.98759740   0.21646737   1.55476747  -2.14243011
  1.05396607   0.10260852  -1.03926683  -0.07115182   1.56168092   0.98761375   0.21644994   1.55478688  -2.14244334
