  0.56543406   0.03862046  -0.45118249   0.57096239   0.70151516   1.04719543   0.59045373   1.84932578  -2.00266933
  0.56543391   0.03862113  -0.45118088   0.57096391   0.70151663   1.04718619   0.59045699   1.84933199  -2.00266579
  0.56543373   0.03862230  -0.45117926   0.57096566   0.70151684   1.04717921   0.59045871   1.84933714  -2.00266274
  0.56543364   0.03862345  -0.45117768   0.57096768   0.70151858   1.04716971   0.59046133   1.84934338  -2.00265925
  0.56543379   0.03862421  -0.45117573   0.57096932   0.70151949   1.04716129   0.59046279   1.84934838  -2.00265628
  0.56543434   0.03862425  -0.45117377   0.57097089   0.70152141   1.04715120   0.59046452   1.84935333  -2.00265336
  0.56543538   0.03862345  -0.45117153   0.57097202   0.70152288   1.04714170   0.59046518   1.84935684  -2.00265110
  0.56543699   0.03862167  -0.45116924   0.57097290   0.70152506   1.04713114   0.59046557   1.84935962  -2.00264927
  0.56543926   0.03861883  -0.45116671   0.57097327   0.70152710   1.04712088   0.59046486   1.84936079  -2.00264824
  0.56544224   0.03861481  -0.45116407   0.57097323   0.70152969   1.04710995   0.59046353   1.84936071  -2.00264789
  0.56544600   0.03860949  -0.45116122   0.57097260   0.70153231   1.04709917   0.59046102   1.84935878  -2.00264849
  0.56545058   0.03860278  -0.45115823   0.57097143   0.70153539   1.04708800   0.59045760   1.84935518  -2.00264999
  0.56545605   0.03859459  -0.45115505   0.57096960   0.70153862   1.04707690   0.59045293   1.84934951  -2.00265255
  0.56546245   0.03858481  -0.45115170   0.57096713   0.70154230   1.04706547   0.59044716   1.84934186  -2.00265616
  0.56546983   0.03857337  -0.45114816   0.57096399   0.70154636   1.04705381   0.59044015   1.84933206  -2.00266090
  0.56547824   0.03856020  -0.45114443   0.57096005   0.70155054   1.04704249   0.59043172   1.84931978  -2.00266696
  0.56548772   0.03854522  -0.45114051   0.57095537   0.70155532   1.04703064   0.59042194   1.84930525  -2.00267417
  0.56549834   0.03852833  -0.45113632   0.57094994   0.70156086   1.04701787   0.59041078   1.84928848  -2.00268253
  0.56551012   0.03850954  -0.45113197   0.57094357   0.70156607   1.04700641   0.59039784   1.84926857  -2.00269261
  0.56552483   0.03848936  -0.45112548   0.57093435   0.70157711   1.04699559   0.59037938   1.84923921  -2.00271009
  0.56555036   0.03846977  -0.45110846   0.57091481   0.70160633   1.04699029   0.59034505   1.84918026  -2.00275619
  0.56559106   0.03844884  -0.45108117   0.57088870   0.70163897   1.04697366   0.59031739   1.84912300  -2.00281801
  0.56564451   0.03842476  -0.45105471   0.57085918   0.70166715   1.04696058   0.59027975   1.84906082  -2.00289095
  0.56570559   0.03839786  -0.45102955   0.57083072   0.70169704   1.04694238   0.59024360   1.84899996  -2.00296914
  0.56577033   0.03836882  -0.45100353   0.57080061   0.70172572   1.04692628   0.59020143   1.84893360  -2.00305164
  0.56583689   0.03833763  -0.45097653   0.57076957   0.70175794   1.04690656   0.59015984   1.84886508  -2.00313646
  0.56590464   0.03830433  -0.45094776   0.57073613   0.70179035   1.04688884   0.59011358   1.84879020  -2.00322436
  0.56597425   0.03826592  -0.45091599   0.57070199   0.70183085   1.04686989   0.59006594   1.84870258  -2.00331984
  0.56604932   0.03821146  -0.45087464   0.57066569   0.70188764   1.04685997   0.59000509   1.84856796  -2.00344075
  0.56613217   0.03814130  -0.45082354   0.57062300   0.70194786   1.04683937   0.58993405   1.84841399  -2.00357006
  0.56622163   0.03806189  -0.45077304   0.57057899   0.70200572   1.04681390   0.58986802   1.84826006  -2.00370185
  0.56631407   0.03797858  -0.45072553   0.57053463   0.70205990   1.04679182   0.58979691   1.84810292  -2.00383476
  0.56640648   0.03789340  -0.45068002   0.57049156   0.70211317   1.04677215   0.58972691   1.84794457  -2.00396769
  0.56649759   0.03780587  -0.45063498   0.57044839   0.70216759   1.04675158   0.58965434   1.84778307  -2.00409917
  0.56658707   0.03771533  -0.45059016   0.57040427   0.70221858   1.04673916   0.58957886   1.84761435  -2.00423157
  0.56667627   0.03761149  -0.45054670   0.57035863   0.70227817   1.04672544   0.58949000   1.84742328  -2.00436704
  0.56677002   0.03745850  -0.45050401   0.57030096   0.70234541   1.04673790   0.58934452   1.84713989  -2.00452482
  0.56687049   0.03726126  -0.45045334   0.57023364   0.70242502   1.04671539   0.58922922   1.84684277  -2.00468250
  0.56697612   0.03704409  -0.45039850   0.57015215   0.70248674   1.04670841   0.58909937   1.84652361  -2.00484482
  0.56708597   0.03682281  -0.45034090   0.57006761   0.70255131   1.04670842   0.58896556   1.84619010  -2.00501827
  0.56720405   0.03659380  -0.45028433   0.56998367   0.70264284   1.04668579   0.58881502   1.84583922  -2.00520157
  0.56733119   0.03635581  -0.45022452   0.56989641   0.70272151   1.04667447   0.58867032   1.84548225  -2.00539502
  0.56746428   0.03610796  -0.45016821   0.56980163   0.70280503   1.04665634   0.58852074   1.84512057  -2.00559069
  0.56760626   0.03579173  -0.45015028   0.56966807   0.70288986   1.04662016   0.58827845   1.84470949  -2.00575910
  0.56778318   0.03518746  -0.45028401   0.56935998   0.70299316   1.04649888   0.58768530   1.84410090  -2.00581835
  0.56800766   0.03435992  -0.45043440   0.56888302   0.70302812   1.04647165   0.58710905   1.84334057  -2.00592260
  0.56827986   0.03344068  -0.45056699   0.56831768   0.70298363   1.04649289   0.58651658   1.84252593  -2.00605954
  0.56859143   0.03251088  -0.45070316   0.56774356   0.70294188   1.04650979   0.58591078   1.84170260  -2.00623196
  0.56893348   0.03159239  -0.45084126   0.56717339   0.70294187   1.04649366   0.58529050   1.84087708  -2.00643825
  0.56929886   0.03067772  -0.45097820   0.56658734   0.70293757   1.04648798   0.58465759   1.84004918  -2.00666965
  0.56967552   0.02974040  -0.45112841   0.56598911   0.70291906   1.04647213   0.58398737   1.83921682  -2.00688882
  0.57005364   0.02875259  -0.45130231   0.56538530   0.70290910   1.04646648   0.58326637   1.83832117  -2.00710648
  0.57042915   0.02774008  -0.45146374   0.56476257   0.70289980   1.04645322   0.58252662   1.83739589  -2.00732232
  0.57079909   0.02674283  -0.45160147   0.56415201   0.70289532   1.04643602   0.58182664   1.83647940  -2.00754852
  0.57116549   0.02576905  -0.45170859   0.56355797   0.70291920   1.04642126   0.58110689   1.83552251  -2.00780516
  0.57153887   0.02481315  -0.45178122   0.56298343   0.70297365   1.04641316   0.58040807   1.83452926  -2.00811122
  0.57192120   0.02388041  -0.45182975   0.56242837   0.70303318   1.04638871   0.57975165   1.83355981  -2.00843595
  0.57231173   0.02292769  -0.45190099   0.56186302   0.70308455   1.04636292   0.57903124   1.83257170  -2.00874711
  0.57273024   0.02176530  -0.45207671   0.56116387   0.70312101   1.04629462   0.57801381   1.83142599  -2.00897503
  0.57317595   0.02043377  -0.45226928   0.56037298   0.70307967   1.04632558   0.57706807   1.83018314  -2.00923544
  0.57363693   0.01904020  -0.45245571   0.55953006   0.70303588   1.04631847   0.57612836   1.82892935  -2.00948892
  0.57410551   0.01766202  -0.45263324   0.55869353   0.70300782   1.04632385   0.57520613   1.82766718  -2.00977203
  0.57458617   0.01630882  -0.45279057   0.55786313   0.70301325   1.04631717   0.57423913   1.82637345  -2.01008712
  0.57508824   0.01496387  -0.45292403   0.55703768   0.70303868   1.04631780   0.57326857   1.82504419  -2.01045189
  0.57561064   0.01361854  -0.45304714   0.55620824   0.70305586   1.04629174   0.57230925   1.82374010  -2.01082284
  0.57614936   0.01223294  -0.45319731   0.55534225   0.70307828   1.04626252   0.57125378   1.82238727  -2.01118846
  0.57672973   0.01064849  -0.45340659   0.55428879   0.70315735   1.04620521   0.56980995   1.82076067  -2.01154501
  0.57737266   0.00892610  -0.45360595   0.55310038   0.70319584   1.04622967   0.56852691   1.81908548  -2.01199760
  0.57805176   0.00716498  -0.45376108   0.55190393   0.70313599   1.04622137   0.56724555   1.81744512  -2.01243671
  0.57872282   0.00542101  -0.45396543   0.55080914   0.70306924   1.04618401   0.56605867   1.81589791  -2.01283585
  0.57934642   0.00370384  -0.45418641   0.54978034   0.70299650   1.04618690   0.56481876   1.81431613  -2.01319823
  0.57993392   0.00202660  -0.45437747   0.54875718   0.70295544   1.04622383   0.56361885   1.81271309  -2.01357925
  0.58050938   0.00036827  -0.45453916   0.54772662   0.70294791   1.04624738   0.56241813   1.81109088  -2.01397359
  0.58108801  -0.00132845  -0.45471949   0.54668957   0.70294446   1.04622658   0.56118668   1.80946816  -2.01433688
  0.58166541  -0.00324891  -0.45503486   0.54555699   0.70293409   1.04615101   0.55964977   1.80768715  -2.01456867
  0.58223569  -0.00531264  -0.45531521   0.54431616   0.70281862   1.04617479   0.55815004   1.80580512  -2.01480968
  0.58282314  -0.00738390  -0.45554991   0.54301994   0.70269974   1.04622100   0.55670874   1.80391159  -2.01510397
  0.58344773  -0.00938034  -0.45574869   0.54174304   0.70260000   1.04627982   0.55530525   1.80204522  -2.01547385
  0.58411290  -0.01130306  -0.45591294   0.54050317   0.70252245   1.04633940   0.55388836   1.80018289  -2.01591374
  0.58481280  -0.01318691  -0.45604956   0.53927839   0.70248085   1.04638325   0.55245578   1.79830638  -2.01641209
  0.58553511  -0.01505849  -0.45617074   0.53805103   0.70245278   1.04641792   0.55103330   1.79643153  -2.01694343
  0.58626491  -0.01691416  -0.45628164   0.53683420   0.70243156   1.04642700   0.54964097   1.79458898  -2.01747995
  0.58699288  -0.01874635  -0.45637975   0.53561823   0.70244256   1.04645868   0.54818282   1.79268364  -2.01804374
  0.58771706  -0.02057817  -0.45644078   0.53442084   0.70247280   1.04644522   0.54673888   1.79076992  -2.01861137
  0.58847303  -0.02260473  -0.45647712   0.53311514   0.70248214   1.04636694   0.54489686   1.78857646  -2.01913803
  0.58931692  -0.02477451  -0.45647230   0.53163035   0.70245037   1.04631496   0.54313601   1.78633137  -2.01977038
  0.59023208  -0.02697065  -0.45652873   0.53007825   0.70239502   1.04632569   0.54146095   1.78414516  -2.02046848
  0.59115739  -0.02911542  -0.45662988   0.52854649   0.70228560   1.04637212   0.53977064   1.78204402  -2.02113997
  0.59204842  -0.03120349  -0.45677336   0.52708887   0.70218074   1.04642130   0.53813901   1.78002598  -2.02176608
  0.59288017  -0.03324557  -0.45692018   0.52568394   0.70205104   1.04650627   0.53654253   1.77804309  -2.02234120
  0.59366368  -0.03527483  -0.45705268   0.52429065   0.70195345   1.04653430   0.53491156   1.77606094  -2.02285808
  0.59443524  -0.03732294  -0.45718615   0.52287011   0.70187341   1.04656957   0.53325191   1.77403928  -2.02337170
  0.59523215  -0.03956834  -0.45735525   0.52132300   0.70173675   1.04651078   0.53123568   1.77186365  -2.02377168
  0.59604613  -0.04196339  -0.45752881   0.51967433   0.70149738   1.04644867   0.52929370   1.76971374  -2.02414149
  0.59685522  -0.04434328  -0.45774143   0.51802115   0.70126415   1.04651760   0.52751641   1.76758019  -2.02457806
  0.59766408  -0.04660896  -0.45790684   0.51637810   0.70106074   1.04659423   0.52573435   1.76547885  -2.02505451
  0.59849425  -0.04874473  -0.45800798   0.51479176   0.70089818   1.04668254   0.52399814   1.76340461  -2.02561633
  0.59935378  -0.05077330  -0.45806847   0.51325090   0.70079162   1.04672049   0.52231194   1.76139986  -2.02623533
  0.60023332  -0.05273277  -0.45811685   0.51175969   0.70069977   1.04676942   0.52064711   1.75942071  -2.02689528
  0.60112669  -0.05468217  -0.45815827   0.51025414   0.70061416   1.04677541   0.51889010   1.75743713  -2.02754012
  0.60204579  -0.05681635  -0.45828415   0.50858741   0.70056020   1.04666164   0.51678963   1.75532003  -2.02807701
  0.60300386  -0.05905172  -0.45837610   0.50678390   0.70044878   1.04664218   0.51484744   1.75318121  -2.02871364
  0.60398799  -0.06126517  -0.45839093   0.50497888   0.70021433   1.04670478   0.51291540   1.75104061  -2.02939662
  0.60498049  -0.06338955  -0.45841818   0.50326021   0.69999192   1.04675436   0.51107921   1.74900852  -2.03009272
  0.60596737  -0.06540819  -0.45843360   0.50160057   0.69980782   1.04680806   0.50923887   1.74700595  -2.03080694
  0.60694645  -0.06733865  -0.45841831   0.49999399   0.69964272   1.04685876   0.50747936   1.74506664  -2.03154665
  0.60791648  -0.06920405  -0.45839786   0.49842387   0.69948341   1.04690802   0.50573864   1.74317568  -2.03228247
  0.60888074  -0.07101420  -0.45837267   0.49687872   0.69933936   1.04696987   0.50401356   1.74130754  -2.03302918
  0.60984250  -0.07280123  -0.45833959   0.49532785   0.69919872   1.04700149   0.50222018   1.73944614  -2.03375215
  0.61082426  -0.07471677  -0.45829810   0.49365094   0.69902266   1.04696231   0.50011204   1.73744349  -2.03440166
  0.61181534  -0.07674641  -0.45828160   0.49192469   0.69872648   1.04691505   0.49821821   1.73559026  -2.03502263
  0.61276089  -0.07879157  -0.45837192   0.49024243   0.69840203   1.04696796   0.49642601   1.73378501  -2.03559531
  0.61364116  -0.08076816  -0.45843057   0.48858091   0.69806199   1.04698278   0.49459882   1.73203838  -2.03608470
  0.61448945  -0.08263641  -0.45846778   0.48699437   0.69777842   1.04706413   0.49290599   1.73030898  -2.03663203
  0.61534808  -0.08439844  -0.45845765   0.48543018   0.69752021   1.04711622   0.49121436   1.72863466  -2.03720848
  0.61626591  -0.08607407  -0.45839142   0.48385403   0.69729818   1.04715624   0.48943996   1.72693784  -2.03786801
  0.61727717  -0.08769613  -0.45826333   0.48224942   0.69712825   1.04712389   0.48765319   1.72526262  -2.03863971
  0.61837405  -0.08939701  -0.45817983   0.48059464   0.69695705   1.04703888   0.48569133   1.72353109  -2.03942154
  0.61952889  -0.09113349  -0.45810111   0.47883862   0.69671451   1.04702842   0.48374254   1.72181657  -2.04026623
  0.62070586  -0.09282819  -0.45803214   0.47703618   0.69639875   1.04706608   0.48184449   1.72021529  -2.04112411
  0.62187763  -0.09443610  -0.45797410   0.47529769   0.69607850   1.04712407   0.48001948   1.71870148  -2.04198730
  0.62302730  -0.09594889  -0.45791441   0.47363567   0.69577719   1.04715762   0.47825055   1.71727687  -2.04283151
  0.62416081  -0.09737638  -0.45784199   0.47200476   0.69549855   1.04718878   0.47650395   1.71590254  -2.04367597
  0.62529245  -0.09873022  -0.45774574   0.47039430   0.69525742   1.04719581   0.47480458   1.71458132  -2.04454282
  0.62642439  -0.10001597  -0.45763936   0.46882030   0.69501864   1.04719598   0.47315647   1.71333011  -2.04541910
  0.62755860  -0.10122408  -0.45752922   0.46726631   0.69479507   1.04719589   0.47149869   1.71212186  -2.04630123
  0.62870232  -0.10237220  -0.45740124   0.46571894   0.69457108   1.04718882   0.46983226   1.71095391  -2.04719456
  0.62988313  -0.10356697  -0.45725874   0.46407867   0.69431443   1.04716840   0.46794034   1.70969526  -2.04807365
  0.63111212  -0.10480109  -0.45713528   0.46237177   0.69399475   1.04719147   0.46616411   1.70852147  -2.04900870
  0.63235916  -0.10602970  -0.45705391   0.46067235   0.69362719   1.04719584   0.46441697   1.70745789  -2.04991467
  0.63359102  -0.10720200  -0.45699635   0.45905154   0.69326613   1.04719606   0.46275769   1.70647702  -2.05080682
  0.63480177  -0.10829089  -0.45693450   0.45746503   0.69292485   1.04719607   0.46113259   1.70555638  -2.05169165
  0.63599712  -0.10929835  -0.45686263   0.45591043   0.69259220   1.04719610   0.45955288   1.70470547  -2.05257510
  0.63719507  -0.11023556  -0.45679567   0.45434266   0.69224809   1.04719605   0.45794112   1.70392280  -2.05344497
  0.63839760  -0.11110935  -0.45674013   0.45280631   0.69191042   1.04719606   0.45637400   1.70321260  -2.05432192
  0.63960426  -0.11191320  -0.45668558   0.45128571   0.69156682   1.04719606   0.45480903   1.70256747  -2.05519703
  0.64080624  -0.11263364  -0.45662454   0.44982379   0.69123808   1.04719613   0.45333009   1.70200054  -2.05608920
  0.64200457  -0.11326158  -0.45655727   0.44839399   0.69090751   1.04719617   0.45189610   1.70152475  -2.05698403
  0.64319590  -0.11379938  -0.45649662   0.44702316   0.69059904   1.04719630   0.45053369   1.70112980  -2.05788662
  0.64439443  -0.11424631  -0.45643326   0.44565413   0.69029833   1.04719626   0.44917920   1.70081267  -2.05879899
  0.64561294  -0.11461102  -0.45637169   0.44430106   0.69000695   1.04719621   0.44786473   1.70057832  -2.05973861
  0.64683946  -0.11490873  -0.45631868   0.44300965   0.68972372   1.04719635   0.44660811   1.70040868  -2.06069174
  0.64805747  -0.11514800  -0.45627644   0.44176756   0.68943990   1.04719652   0.44539722   1.70030451  -2.06163517
  0.64927754  -0.11532535  -0.45624433   0.44050015   0.68914140   1.04719647   0.44418632   1.70028952  -2.06256737
  0.65050132  -0.11544415  -0.45621734   0.43926081   0.68885693   1.04719650   0.44301461   1.70032836  -2.06351122
  0.65173955  -0.11550494  -0.45618652   0.43800552   0.68856296   1.04719648   0.44182472   1.70042285  -2.06446197
  0.65300229  -0.11551043  -0.45615686   0.43674666   0.68827693   1.04719641   0.44066209   1.70057806  -2.06544369
  0.65428042  -0.11547130  -0.45613414   0.43551649   0.68798642   1.04719652   0.43951798   1.70078066  -2.06643597
  0.65556997  -0.11539395  -0.45612860   0.43427618   0.68766465   1.04719654   0.43836736   1.70106090  -2.06741461
  0.65685874  -0.11528126  -0.45613903   0.43307757   0.68735288   1.04719663   0.43727071   1.70138805  -2.06839634
  0.65814861  -0.11512418  -0.45614236   0.43187649   0.68704297   1.04719662   0.43616819   1.70174627  -2.06938083
  0.65943896  -0.11492734  -0.45614977   0.43068731   0.68673089   1.04719662   0.43510024   1.70215930  -2.07036770
  0.66073428  -0.11469229  -0.45617600   0.42948033   0.68638904   1.04719664   0.43402542   1.70265311  -2.07133468
  0.66202823  -0.11442092  -0.45621671   0.42830918   0.68605869   1.04719682   0.43299309   1.70318840  -2.07230335
  0.66332759  -0.11410372  -0.45624531   0.42712771   0.68573257   1.04719713   0.43194767   1.70374917  -2.07328163
  0.66463381  -0.11374688  -0.45627306   0.42597345   0.68541380   1.04719644   0.43094640   1.70435127  -2.07427601
  0.66594533  -0.11335337  -0.45632437   0.42482195   0.68507635   1.04719502   0.42995914   1.70502941  -2.07525616
  0.66724992  -0.11293148  -0.45639530   0.42369828   0.68472101   1.04719755   0.42899165   1.70575961  -2.07621462
  0.66854800  -0.11247665  -0.45647109   0.42257758   0.68436580   1.04718378   0.42803263   1.70654114  -2.07715726
  0.66983658  -0.11199315  -0.45654985   0.42148794   0.68401624   1.04717070   0.42711109   1.70735163  -2.07809654
  0.67112328  -0.11147468  -0.45663010   0.42038826   0.68365992   1.04712714   0.42619294   1.70823424  -2.07901684
  0.67240521  -0.11092616  -0.45671792   0.41932485   0.68331676   1.04707490   0.42531032   1.70914887  -2.07993450
  0.67368875  -0.11033980  -0.45680671   0.41825276   0.68296478   1.04698925   0.42443116   1.71014151  -2.08083463
  0.67497829  -0.10971354  -0.45690572   0.41719268   0.68261772   1.04688967   0.42357979   1.71119607  -2.08173474
  0.67626898  -0.10905479  -0.45700400   0.41615982   0.68228562   1.04676727   0.42274988   1.71228523  -2.08263465
  0.67754934  -0.10837626  -0.45710174   0.41516589   0.68196178   1.04662981   0.42195033   1.71339617  -2.08352512
  0.67882287  -0.10766787  -0.45720475   0.41416448   0.68162769   1.04645031   0.42116641   1.71459641  -2.08438584
  0.68008511  -0.10693221  -0.45731922   0.41320051   0.68130366   1.04627730   0.42040724   1.71581180  -2.08523829
  0.68133935  -0.10616475  -0.45743100   0.41224709   0.68098973   1.04604734   0.41967755   1.71710609  -2.08606812
  0.68258165  -0.10537519  -0.45755334   0.41133141   0.68068638   1.04581088   0.41897855   1.71842415  -2.08688553
  0.68381624  -0.10455393  -0.45767001   0.41041059   0.68037863   1.04554180   0.41828957   1.71980650  -2.08768325
  0.68503998  -0.10370822  -0.45778997   0.40952422   0.68008827   1.04526684   0.41763081   1.72120346  -2.08847648
  0.68625630  -0.10283297  -0.45790634   0.40864647   0.67980237   1.04493882   0.41700011   1.72267812  -2.08924722
  0.68746185  -0.10193527  -0.45802880   0.40780394   0.67952690   1.04461793   0.41638457   1.72415354  -2.09001181
  0.68866527  -0.10100344  -0.45813550   0.40695584   0.67926027   1.04425012   0.41578103   1.72568938  -2.09076731
  0.68986247  -0.10005271  -0.45825695   0.40614413   0.67899949   1.04387870   0.41520744   1.72725095  -2.09151301
  0.69104733  -0.09908381  -0.45839042   0.40534966   0.67873671   1.04345669   0.41466388   1.72889296  -2.09222190
  0.69221380  -0.09809858  -0.45852571   0.40458230   0.67847701   1.04306263   0.41412187   1.73051093  -2.09292297
  0.69337889  -0.09707748  -0.45862980   0.40379405   0.67824245   1.04260755   0.41360322   1.73219024  -2.09362724
  0.69453401  -0.09604053  -0.45875336   0.40305913   0.67802068   1.04212418   0.41314685   1.73392184  -2.09431316
  0.69566706  -0.09498332  -0.45889126   0.40235424   0.67779835   1.04159120   0.41270825   1.73572198  -2.09494934
  0.69676409  -0.09392094  -0.45904381   0.40170575   0.67758220   1.04107993   0.41230371   1.73750507  -2.09555719
  0.69781895  -0.09286494  -0.45919324   0.40108968   0.67738470   1.04053486   0.41193083   1.73929477  -2.09612300
  0.69885602  -0.09178180  -0.45933192   0.40043940   0.67718249   1.03993977   0.41158349   1.74117884  -2.09665761
  0.69989016  -0.09066942  -0.45947680   0.39979827   0.67698184   1.03937129   0.41124341   1.74306806  -2.09719683
  0.70093511  -0.08951423  -0.45959621   0.39916190   0.67680195   1.03874849   0.41093205   1.74501768  -2.09774843
  0.70197445  -0.08834351  -0.45974070   0.39858717   0.67664708   1.03807174   0.41066590   1.74702109  -2.09827360
  0.70298671  -0.08715527  -0.45990305   0.39805849   0.67650178   1.03732507   0.41044671   1.74911043  -2.09874208
  0.70395527  -0.08596494  -0.46007646   0.39758038   0.67634712   1.03663734   0.41023474   1.75114502  -2.09918100
  0.70487553  -0.08477445  -0.46022869   0.39713693   0.67623811   1.03588972   0.41007708   1.75318828  -2.09958449
  0.70577355  -0.08350863  -0.46030659   0.39668148   0.67620634   1.03496760   0.41003745   1.75539697  -2.09997890
  0.70668714  -0.08218031  -0.46038609   0.39626086   0.67623739   1.03399093   0.41004167   1.75766168  -2.10039301
  0.70760122  -0.08082514  -0.46049577   0.39591678   0.67621505   1.03303819   0.41004872   1.75996206  -2.10077534
  0.70847567  -0.07947570  -0.46065643   0.39563552   0.67619792   1.03206145   0.41007275   1.76229126  -2.10108358
  0.70929347  -0.07812764  -0.46083089   0.39537652   0.67616778   1.03106219   0.41014640   1.76467728  -2.10131898
  0.71005164  -0.07679274  -0.46100833   0.39515172   0.67614120   1.03011889   0.41021578   1.76698098  -2.10151660
  0.71075664  -0.07547959  -0.46117697   0.39495582   0.67613371   1.02914915   0.41033837   1.76927969  -2.10167025
  0.71143515  -0.07415211  -0.46134274   0.39473469   0.67613260   1.02808649   0.41051970   1.77170933  -2.10176935
  0.71210579  -0.07281110  -0.46150947   0.39452984   0.67616444   1.02706345   0.41067912   1.77406607  -2.10188498
  0.71277743  -0.07146337  -0.46163539   0.39434647   0.67618193   1.02606954   0.41086480   1.77638650  -2.10203145
  0.71346808  -0.07004106  -0.46167941   0.39412708   0.67626906   1.02493843   0.41110497   1.77881481  -2.10221453
  0.71418314  -0.06857396  -0.46174772   0.39394182   0.67645019   1.02369120   0.41139879   1.78133297  -2.10240206
  0.71488767  -0.06709064  -0.46182619   0.39386696   0.67663918   1.02243418   0.41174366   1.78384709  -2.10257594
  0.71554616  -0.06562082  -0.46192671   0.39385159   0.67682314   1.02117608   0.41209120   1.78634170  -2.10268833
  0.71614912  -0.06415124  -0.46202981   0.39383745   0.67696068   1.01995473   0.41247291   1.78886381  -2.10274205
  0.71669598  -0.06269318  -0.46215921   0.39384492   0.67709077   1.01875049   0.41288262   1.79139143  -2.10273161
  0.71718855  -0.06124079  -0.46230060   0.39389281   0.67721637   1.01751919   0.41333301   1.79395177  -2.10265023
  0.71762006  -0.05980252  -0.46248982   0.39401744   0.67735617   1.01620997   0.41387842   1.79660597  -2.10246479
  0.71797739  -0.05833216  -0.46268945   0.39424201   0.67750203   1.01477851   0.41457712   1.79943186  -2.10216360
  0.71827137  -0.05683280  -0.46289833   0.39450065   0.67764253   1.01347238   0.41518432   1.80211446  -2.10183002
  0.71853627  -0.05533248  -0.46307758   0.39472883   0.67780465   1.01218247   0.41579648   1.80475803  -2.10149705
  0.71877313  -0.05387384  -0.46328201   0.39497730   0.67793727   1.01089947   0.41644790   1.80741414  -2.10111719
  0.71898477  -0.05242922  -0.46349801   0.39523433   0.67809007   1.00953330   0.41713411   1.81013434  -2.10068079
  0.71918857  -0.05097467  -0.46369165   0.39549253   0.67831862   1.00813230   0.41783604   1.81281654  -2.10026428
  0.71937963  -0.04948344  -0.46384669   0.39579661   0.67852407   1.00667485   0.41867085   1.81561910  -2.09983016
  0.71953337  -0.04798709  -0.46404945   0.39616973   0.67869520   1.00531854   0.41942706   1.81832353  -2.09935128
  0.71963274  -0.04651350  -0.46428125   0.39657453   0.67884628   1.00396452   0.42024066   1.82105973  -2.09879849
  0.71968274  -0.04506957  -0.46450901   0.39695521   0.67898232   1.00269630   0.42099145   1.82368040  -2.09822189
  0.71971230  -0.04361383  -0.46468643   0.39729820   0.67916579   1.00133294   0.42184979   1.82639046  -2.09763634
  0.71972395  -0.04217248  -0.46489242   0.39772623   0.67937607   0.99994587   0.42270749   1.82906167  -2.09701825
  0.71970750  -0.04075804  -0.46511719   0.39819812   0.67953893   0.99862923   0.42354483   1.83166816  -2.09636966
  0.71966560  -0.03936447  -0.46532765   0.39865245   0.67969797   0.99734597   0.42436896   1.83421916  -2.09571320
  0.71962579  -0.03792498  -0.46544921   0.39907851   0.67992492   0.99596928   0.42528122   1.83682456  -2.09509632
  0.71960075  -0.03647605  -0.46559558   0.39955231   0.68019940   0.99451384   0.42626274   1.83949604  -2.09446936
  0.71954914  -0.03505608  -0.46579232   0.40009682   0.68040955   0.99314356   0.42720508   1.84210338  -2.09379511
  0.71945009  -0.03366839  -0.46600452   0.40064434   0.68061571   0.99177785   0.42814027   1.84468580  -2.09306349
  0.71930497  -0.03225960  -0.46618119   0.40117444   0.68089215   0.99026372   0.42918146   1.84739031  -2.09227229
  0.71914462  -0.03083259  -0.46632345   0.40175259   0.68120286   0.98884150   0.43021125   1.84994467  -2.09153651
  0.71899108  -0.02942644  -0.46643985   0.40235704   0.68145367   0.98751991   0.43123181   1.85240592  -2.09083815
  0.71881163  -0.02807497  -0.46663084   0.40296822   0.68167977   0.98613278   0.43225825   1.85495002  -2.09003369
  0.71857234  -0.02671582  -0.46683285   0.40362156   0.68193124   0.98463658   0.43339239   1.85761534  -2.08912934
  0.71826099  -0.02535730  -0.46705869   0.40435009   0.68219909   0.98317677   0.43452144   1.86021096  -2.08816231
  0.71790219  -0.02401527  -0.46725182   0.40506974   0.68247122   0.98180379   0.43560980   1.86267002  -2.08720156
  0.71753122  -0.02269628  -0.46740968   0.40575425   0.68271955   0.98046809   0.43673255   1.86510437  -2.08625211
  0.71716307  -0.02136701  -0.46752814   0.40644817   0.68300739   0.97906122   0.43790624   1.86756467  -2.08531152
  0.71679057  -0.02005060  -0.46767964   0.40720185   0.68330023   0.97764591   0.43909205   1.87001634  -2.08434733
  0.71639626  -0.01876739  -0.46786374   0.40798363   0.68355163   0.97629113   0.44025346   1.87241831  -2.08335102
  0.71597519  -0.01751891  -0.46804600   0.40875129   0.68380200   0.97497495   0.44138648   1.87474634  -2.08234318
  0.71552816  -0.01627127  -0.46819727   0.40950691   0.68410270   0.97354760   0.44263018   1.87716365  -2.08129820
  0.71505263  -0.01504473  -0.46837357   0.41032559   0.68438184   0.97217210   0.44385011   1.87951033  -2.08022531
  0.71454896  -0.01384968  -0.46855799   0.41116307   0.68462654   0.97087383   0.44504580   1.88177553  -2.07913822
  0.71402544  -0.01268336  -0.46872777   0.41196734   0.68488301   0.96959239   0.44622355   1.88398501  -2.07804875
  0.71348048  -0.01149959  -0.46885514   0.41276755   0.68518994   0.96816974   0.44755595   1.88633430  -2.07691795
  0.71289952  -0.01032215  -0.46900665   0.41369032   0.68549497   0.96678179   0.44889658   1.88861192  -2.07575722
  0.71228552  -0.00917148  -0.46917289   0.41462370   0.68576004   0.96548912   0.45017182   1.89078929  -2.07457846
  0.71165013  -0.00806284  -0.46933972   0.41553658   0.68602437   0.96422780   0.45143771   1.89290787  -2.07339019
  0.71099865  -0.00699996  -0.46950361   0.41644162   0.68627819   0.96298886   0.45271494   1.89498220  -2.07219250
  0.71033301  -0.00597877  -0.46966833   0.41734098   0.68651889   0.96179217   0.45396863   1.89698514  -2.07099292
  0.70966059  -0.00499908  -0.46982823   0.41822120   0.68674394   0.96066348   0.45518539   1.89889312  -2.06981194
  0.70898682  -0.00406040  -0.46997900   0.41908355   0.68696192   0.95956120   0.45640867   1.90075260  -2.06864249
  0.70830549  -0.00315886  -0.47013674   0.41993859   0.68717626   0.95844658   0.45764271   1.90260521  -2.06745338
  0.70758489  -0.00224571  -0.47029471   0.42082143   0.68743690   0.95716345   0.45904313   1.90463849  -2.06616529
  0.70676948  -0.00135509  -0.47054473   0.42185104   0.68774191   0.95579453   0.46046021   1.90669239  -2.06472044
  0.70583968  -0.00050873  -0.47083738   0.42303163   0.68797415   0.95454095   0.46189815   1.90864272  -2.06316814
  0.70482835   0.00028727  -0.47111597   0.42424461   0.68812570   0.95346220   0.46323075   1.91039133  -2.06159067
  0.70382094   0.00105832  -0.47132140   0.42534050   0.68832528   0.95243381   0.46453107   1.91201951  -2.06009484
  0.70288889   0.00181523  -0.47142343   0.42631809   0.68857132   0.95148975   0.46573810   1.91345752  -2.05878504
  0.70207440   0.00254665  -0.47146800   0.42719511   0.68882223   0.95055650   0.46696940   1.91487462  -2.05762369
  0.70133736   0.00323271  -0.47154133   0.42808135   0.68904806   0.94959742   0.46820178   1.91631016  -2.05650145
  0.70058874   0.00389861  -0.47164033   0.42907260   0.68925539   0.94856022   0.46955226   1.91783518  -2.05531276
  0.69977442   0.00455116  -0.47176208   0.43013740   0.68948848   0.94754590   0.47085310   1.91926618  -2.05407466
  0.69890949   0.00518560  -0.47185299   0.43115861   0.68972474   0.94662256   0.47208456   1.92056596  -2.05284522
  0.69802855   0.00577501  -0.47192855   0.43212419   0.68993602   0.94578162   0.47330621   1.92178788  -2.05163264
  0.69714385   0.00630154  -0.47202131   0.43308256   0.69013926   0.94496066   0.47450026   1.92294704  -2.05041526
  0.69624510   0.00677218  -0.47212388   0.43407788   0.69033533   0.94415122   0.47571658   1.92405476  -2.04918538
  0.69533270   0.00719955  -0.47222515   0.43505720   0.69051378   0.94340333   0.47687153   1.92506466  -2.04796575
  0.69440680   0.00758901  -0.47231256   0.43603834   0.69070673   0.94266665   0.47806640   1.92602824  -2.04675300
  0.69345969   0.00793251  -0.47240682   0.43703856   0.69090511   0.94192281   0.47928016   1.92695824  -2.04551735
  0.69249031   0.00822854  -0.47251412   0.43803900   0.69107266   0.94125192   0.48044021   1.92779582  -2.04427639
  0.69149982   0.00847695  -0.47262285   0.43902837   0.69120167   0.94064744   0.48158341   1.92856674  -2.04302880
  0.69049626   0.00867548  -0.47274292   0.44000310   0.69132612   0.94007437   0.48268812   1.92926852  -2.04177736
  0.68947746   0.00882758  -0.47285450   0.44101403   0.69146835   0.93950588   0.48382248   1.92990334  -2.04053100
  0.68844690   0.00893706  -0.47295846   0.44202172   0.69160132   0.93898167   0.48490813   1.93044496  -2.03929805
  0.68739832   0.00900224  -0.47306347   0.44305084   0.69170374   0.93850274   0.48602555   1.93094233  -2.03805680
  0.68633693   0.00902720  -0.47317294   0.44406008   0.69181499   0.93804936   0.48707968   1.93135876  -2.03681988
  0.68526461   0.00901500  -0.47326759   0.44507231   0.69192852   0.93763476   0.48815735   1.93170841  -2.03560191
  0.68418817   0.00896293  -0.47335885   0.44606888   0.69205011   0.93722694   0.48919159   1.93199498  -2.03439164
  0.68310096   0.00886788  -0.47344866   0.44709211   0.69216385   0.93685906   0.49025191   1.93221786  -2.03319127
  0.68200353   0.00873215  -0.47353912   0.44810748   0.69228041   0.93650082   0.49126966   1.93237909  -2.03198999
  0.68088813   0.00855522  -0.47362437   0.44915777   0.69240745   0.93616200   0.49232380   1.93247848  -2.03079281
  0.67975542   0.00833908  -0.47370604   0.45021154   0.69253212   0.93583589   0.49334000   1.93251348  -2.02958990
  0.67860223   0.00808250  -0.47378637   0.45128191   0.69264177   0.93555790   0.49438739   1.93249313  -2.02838649
  0.67742329   0.00778365  -0.47386396   0.45236537   0.69276096   0.93528651   0.49542326   1.93241005  -2.02717141
  0.67622377   0.00745018  -0.47393128   0.45345221   0.69287730   0.93504529   0.49645395   1.93226339  -2.02595796
  0.67501933   0.00709035  -0.47399116   0.45451219   0.69298676   0.93484263   0.49743691   1.93205230  -2.02476079
  0.67381025   0.00669846  -0.47404150   0.45559941   0.69310138   0.93466735   0.49844551   1.93178037  -2.02358431
  0.67258821   0.00626816  -0.47408777   0.45671795   0.69324358   0.93445836   0.49946666   1.93146933  -2.02239916
  0.67135910   0.00581025  -0.47412276   0.45783083   0.69338557   0.93427908   0.50046335   1.93109345  -2.02123053
  0.67012163   0.00531957  -0.47415785   0.45894241   0.69350046   0.93415357   0.50145795   1.93066743  -2.02006910
  0.66887679   0.00479888  -0.47419982   0.46004601   0.69362128   0.93402924   0.50242288   1.93020464  -2.01890259
  0.66762141   0.00424895  -0.47423292   0.46117216   0.69374618   0.93393660   0.50339916   1.92967697  -2.01775234
  0.66636246   0.00367442  -0.47425665   0.46227783   0.69387290   0.93384830   0.50434221   1.92910943  -2.01660811
  0.66508774   0.00306006  -0.47428448   0.46342037   0.69399096   0.93380140   0.50532390   1.92848639  -2.01546710
  0.66378532   0.00239957  -0.47431467   0.46457863   0.69410894   0.93377002   0.50628554   1.92779720  -2.01431051
  0.66246559   0.00171027  -0.47433970   0.46571044   0.69421844   0.93376428   0.50722792   1.92706762  -2.01314865
  0.66113110   0.00099070  -0.47435660   0.46686681   0.69434437   0.93377374   0.50817903   1.92627425  -2.01199687
  0.65978361   0.00023907  -0.47436180   0.46803941   0.69447203   0.93380064   0.50911418   1.92541513  -2.01085297
  0.65842752  -0.00054164  -0.47436205   0.46920510   0.69459716   0.93384906   0.51004412   1.92451237  -2.00971466
  0.65707331  -0.00134073  -0.47436064   0.47034305   0.69471992   0.93391141   0.51094824   1.92358296  -2.00858492
  0.65571062  -0.00217207  -0.47436440   0.47151463   0.69483740   0.93401051   0.51187454   1.92260053  -2.00746452
  0.65432802  -0.00304238  -0.47437375   0.47270083   0.69494716   0.93412319   0.51278862   1.92157238  -2.00632873
  0.65293352  -0.00393363  -0.47437980   0.47386075   0.69504517   0.93426481   0.51367521   1.92050832  -2.00519194
  0.65152573  -0.00485184  -0.47437320   0.47504874   0.69516090   0.93442991   0.51457708   1.91937388  -2.00407419
  0.65010325  -0.00580401  -0.47435578   0.47625387   0.69528960   0.93458979   0.51547491   1.91818679  -2.00295596
  0.64866733  -0.00678733  -0.47433712   0.47745613   0.69540828   0.93478006   0.51636537   1.91695328  -2.00183784
  0.64722066  -0.00779485  -0.47432147   0.47864495   0.69552217   0.93498021   0.51725245   1.91570071  -2.00071064
  0.64577412  -0.00881189  -0.47430555   0.47980988   0.69562962   0.93519389   0.51810883   1.91443010  -1.99958708
  0.64432479  -0.00984867  -0.47428761   0.48100531   0.69574964   0.93543498   0.51897919   1.91310295  -1.99848630
  0.64287710  -0.01090112  -0.47426012   0.48218126   0.69586176   0.93568031   0.51981308   1.91174959  -1.99739122
  0.64142337  -0.01197971  -0.47422886   0.48338663   0.69598338   0.93594853   0.52067143   1.91034373  -1.99631278
  0.63995513  -0.01309036  -0.47419730   0.48459819   0.69609760   0.93623085   0.52151753   1.90889649  -1.99522663
  0.63847014  -0.01422936  -0.47415887   0.48581525   0.69621436   0.93654578   0.52235478   1.90738529  -1.99414866
  0.63697319  -0.01538951  -0.47410819   0.48702184   0.69632958   0.93687145   0.52318946   1.90584176  -1.99307115
  0.63546531  -0.01657204  -0.47406271   0.48822970   0.69644749   0.93719972   0.52403291   1.90428154  -1.99198408
  0.63395181  -0.01776870  -0.47401231   0.48943321   0.69657354   0.93753291   0.52484926   1.90268482  -1.99090227
  0.63244775  -0.01896387  -0.47395565   0.49060926   0.69669478   0.93787391   0.52565433   1.90108793  -1.98983302
  0.63094313  -0.02017590  -0.47390106   0.49181586   0.69681602   0.93824850   0.52647024   1.89944395  -1.98878306
  0.62942169  -0.02142087  -0.47384089   0.49304896   0.69693870   0.93863558   0.52728881   1.89774650  -1.98773098
  0.62788343  -0.02269194  -0.47377137   0.49427709   0.69707033   0.93902112   0.52809903   1.89601123  -1.98667276
  0.62634546  -0.02396398  -0.47369427   0.49547424   0.69720210   0.93939683   0.52889644   1.89428320  -1.98561190
  0.62481169  -0.02523652  -0.47361521   0.49668447   0.69733693   0.93979726   0.52969044   1.89252470  -1.98457203
  0.62328168  -0.02651135  -0.47353428   0.49788761   0.69746600   0.94019528   0.53047510   1.89076787  -1.98353233
  0.62174963  -0.02779723  -0.47344889   0.49910262   0.69760681   0.94060494   0.53126733   1.88897785  -1.98250696
  0.62021322  -0.02909736  -0.47335528   0.50031622   0.69774725   0.94100939   0.53205273   1.88717083  -1.98147968
  0.61867083  -0.03040827  -0.47327575   0.50152056   0.69785940   0.94143732   0.53284018   1.88537324  -1.98043608
  0.61712798  -0.03171153  -0.47320389   0.50270344   0.69796896   0.94186676   0.53360216   1.88358654  -1.97938528
  0.61557815  -0.03301989  -0.47311164   0.50392829   0.69810810   0.94231041   0.53439395   1.88174139  -1.97836510
  0.61402218  -0.03433929  -0.47300266   0.50514275   0.69825078   0.94272535   0.53517362   1.87989208  -1.97733459
  0.61247228  -0.03565502  -0.47289812   0.50632772   0.69838767   0.94314109   0.53595314   1.87806412  -1.97630292
  0.61091702  -0.03698260  -0.47278786   0.50755808   0.69854305   0.94357336   0.53674860   1.87618311  -1.97529130
  0.60935073  -0.03832558  -0.47266728   0.50879351   0.69869281   0.94399243   0.53754568   1.87429395  -1.97426549
  0.60778487  -0.03966398  -0.47254836   0.50999449   0.69884071   0.94440517   0.53833197   1.87242465  -1.97323237
  0.60621258  -0.04100835  -0.47241953   0.51122911   0.69900291   0.94483655   0.53914178   1.87051335  -1.97221840
  0.60462704  -0.04236886  -0.47227738   0.51247424   0.69916501   0.94526145   0.53995442   1.86857958  -1.97119659
  0.60303733  -0.04373295  -0.47213450   0.51370863   0.69933565   0.94567361   0.54075498   1.86664419  -1.97016813
  0.60144734  -0.04509528  -0.47198270   0.51494686   0.69950639   0.94610258   0.54155960   1.86469001  -1.96915347
  0.59985949  -0.04645301  -0.47182628   0.51617740   0.69967684   0.94650862   0.54235777   1.86275470  -1.96813001
  0.59828299  -0.04779616  -0.47167655   0.51738826   0.69984624   0.94690839   0.54316349   1.86085338  -1.96710839
  0.59670453  -0.04914505  -0.47151844   0.51864355   0.70003410   0.94731466   0.54398566   1.85891115  -1.96610565
  0.59511354  -0.05050804  -0.47134056   0.51991407   0.70021924   0.94770461   0.54481824   1.85695443  -1.96509261
  0.59351057  -0.05188097  -0.47115697   0.52118529   0.70041567   0.94809555   0.54565557   1.85497601  -1.96407804
  0.59190300  -0.05325160  -0.47096559   0.52244624   0.70060931   0.94848086   0.54648946   1.85300222  -1.96305773
  0.59029419  -0.05461613  -0.47076906   0.52371392   0.70081056   0.94884928   0.54733690   1.85104005  -1.96203407
  0.58868277  -0.05597750  -0.47057085   0.52498825   0.70100803   0.94921845   0.54818791   1.84908069  -1.96100708
  0.58707028  -0.05733435  -0.47036653   0.52626087   0.70121199   0.94957652   0.54903682   1.84712377  -1.95997927
  0.58545964  -0.05868422  -0.47015977   0.52752762   0.70140998   0.94992297   0.54989707   1.84519150  -1.95894459
  0.58386202  -0.06001414  -0.46995758   0.52876919   0.70160875   0.95026234   0.55073843   1.84328686  -1.95791400
  0.58226984  -0.06133616  -0.46974007   0.53005009   0.70182585   0.95059787   0.55160804   1.84136300  -1.95690694
  0.58068137  -0.06265341  -0.46950528   0.53133135   0.70204854   0.95089454   0.55247416   1.83945441  -1.95589412
  0.57910784  -0.06395098  -0.46927343   0.53257865   0.70226414   0.95117866   0.55333577   1.83759119  -1.95488120
  0.57753897  -0.06524030  -0.46903729   0.53385698   0.70248525   0.95146643   0.55421886   1.83572236  -1.95388149
  0.57596594  -0.06652886  -0.46878717   0.53515173   0.70271207   0.95172995   0.55510504   1.83385323  -1.95287537
  0.57438683  -0.06781518  -0.46853190   0.53644682   0.70293682   0.95198108   0.55600912   1.83200023  -1.95185850
  0.57280232  -0.06909492  -0.46827867   0.53773471   0.70315661   0.95222005   0.55691879   1.83017286  -1.95082515
  0.57122363  -0.07035388  -0.46802563   0.53900051   0.70337637   0.95244257   0.55781522   1.82837962  -1.94978570
  0.56964792  -0.07160207  -0.46776023   0.54029810   0.70361874   0.95265807   0.55874687   1.82657662  -1.94876635
  0.56808280  -0.07283489  -0.46748401   0.54157704   0.70385387   0.95284774   0.55964260   1.82479730  -1.94774158
  0.56652322  -0.07405967  -0.46720468   0.54287844   0.70408956   0.95302323   0.56058805   1.82304512  -1.94671902
  0.56496581  -0.07527673  -0.46693015   0.54417222   0.70431478   0.95318924   0.56150925   1.82131273  -1.94568266
  0.56341972  -0.07647064  -0.46666057   0.54544020   0.70453745   0.95334415   0.56243334   1.81962562  -1.94464549
  0.56187989  -0.07764906  -0.46637515   0.54673784   0.70477989   0.95346982   0.56338622   1.81794844  -1.94361889
  0.56035343  -0.07880760  -0.46608058   0.54801322   0.70501671   0.95357252   0.56431938   1.81630423  -1.94259166
  0.55883488  -0.07995505  -0.46578282   0.54930581   0.70525018   0.95366851   0.56528297   1.81468132  -1.94156971
  0.55732844  -0.08108504  -0.46548817   0.55057409   0.70547984   0.95374707   0.56621905   1.81309099  -1.94054289
  0.55582365  -0.08220662  -0.46518453   0.55187625   0.70571335   0.95381135   0.56720204   1.81151597  -1.93951950
  0.55431247  -0.08332489  -0.46488038   0.55318421   0.70593768   0.95384902   0.56818284   1.80996915  -1.93846931
  0.55280391  -0.08442409  -0.46458125   0.55446275   0.70615076   0.95389295   0.56914954   1.80845173  -1.93741359
  0.55129613  -0.08550796  -0.46426043   0.55576808   0.70639492   0.95389924   0.57015594   1.80694204  -1.93636846
  0.54978862  -0.08658273  -0.46392490   0.55709131   0.70663396   0.95386914   0.57118019   1.80546245  -1.93530868
  0.54828240  -0.08764621  -0.46359873   0.55840837   0.70685762   0.95382969   0.57221070   1.80402453  -1.93423064
  0.54678727  -0.08868482  -0.46328241   0.55969729   0.70708196   0.95377294   0.57322848   1.80263449  -1.93314618
  0.54530195  -0.08970249  -0.46295270   0.56101094   0.70731255   0.95369596   0.57426972   1.80126444  -1.93207109
  0.54383451  -0.09069705  -0.46262087   0.56230515   0.70753845   0.95359851   0.57528953   1.79993172  -1.93099734
  0.54237610  -0.09167849  -0.46228150   0.56363158   0.70776309   0.95347828   0.57635442   1.79863027  -1.92992544
  0.54092107  -0.09264793  -0.46194057   0.56496062   0.70797882   0.95332288   0.57740505   1.79736723  -1.92883036
  0.53947832  -0.09359282  -0.46160823   0.56626089   0.70818784   0.95316806   0.57846114   1.79614927  -1.92773817
  0.53804345  -0.09451813  -0.46125652   0.56758605   0.70840666   0.95298023   0.57955025   1.79495592  -1.92665203
  0.53661230  -0.09542759  -0.46088810   0.56893207   0.70863025   0.95273487   0.58065522   1.79380430  -1.92554819
  0.53518655  -0.09631642  -0.46051514   0.57027807   0.70884820   0.95246863   0.58177072   1.79269242  -1.92443616
  0.53377887  -0.09717532  -0.46015086   0.57158856   0.70906044   0.95220508   0.58285936   1.79161832  -1.92333148
  0.53238687  -0.09801087  -0.45977378   0.57292251   0.70927041   0.95191424   0.58398998   1.79058621  -1.92223392
  0.53100386  -0.09882968  -0.45938948   0.57427995   0.70949673   0.95155045   0.58513218   1.78960504  -1.92111581
  0.52963655  -0.09962133  -0.45900337   0.57562230   0.70972245   0.95117631   0.58626366   1.78865632  -1.92000503
  0.52827894  -0.10039299  -0.45861344   0.57696780   0.70991760   0.95079728   0.58742083   1.78775872  -1.91888595
  0.52692416  -0.10114908  -0.45822655   0.57833145   0.71012062   0.95036820   0.58859872   1.78691282  -1.91774369
  0.52558089  -0.10187779  -0.45784388   0.57966473   0.71031538   0.94994644   0.58974639   1.78609419  -1.91660543
  0.52424814  -0.10258165  -0.45745120   0.58100707   0.71050566   0.94948742   0.59093717   1.78533525  -1.91546046
  0.52292290  -0.10326648  -0.45705444   0.58237048   0.71068219   0.94897901   0.59214800   1.78464056  -1.91428806
  0.52161269  -0.10392865  -0.45668025   0.58371542   0.71084498   0.94847079   0.59334275   1.78399528  -1.91310737
  0.52031205  -0.10456444  -0.45629319   0.58507484   0.71100696   0.94793050   0.59456444   1.78339417  -1.91192373
  0.51901515  -0.10516855  -0.45586362   0.58647578   0.71119164   0.94729132   0.59583993   1.78285312  -1.91072336
  0.51772816  -0.10574722  -0.45545296   0.58786881   0.71136346   0.94662828   0.59711131   1.78238018  -1.90949849
  0.51645848  -0.10629395  -0.45504860   0.58924289   0.71150229   0.94599321   0.59837080   1.78194646  -1.90828080
  0.51522213  -0.10680423  -0.45464584   0.59058012   0.71164387   0.94534576   0.59960014   1.78155474  -1.90708450
  0.51401620  -0.10728752  -0.45424102   0.59191760   0.71176873   0.94468318   0.60085234   1.78121824  -1.90590042
  0.51283347  -0.10774884  -0.45385628   0.59323321   0.71188109   0.94398827   0.60209600   1.78095633  -1.90469963
  0.51164401  -0.10818675  -0.45346213   0.59459946   0.71199275   0.94314372   0.60350316   1.78086637  -1.90342041
  0.51041408  -0.10860178  -0.45304280   0.59607336   0.71211811   0.94219242   0.60494521   1.78082945  -1.90205662
  0.50917077  -0.10897642  -0.45260864   0.59754968   0.71220947   0.94129924   0.60635086   1.78078429  -1.90069362
  0.50796596  -0.10930222  -0.45218764   0.59894028   0.71232974   0.94040289   0.60769688   1.78077793  -1.89936908
  0.50681518  -0.10959093  -0.45176108   0.60030535   0.71241834   0.93952091   0.60905151   1.78082361  -1.89808879
  0.50571916  -0.10985124  -0.45134189   0.60165161   0.71250950   0.93859162   0.61038787   1.78093445  -1.89682792
  0.50465851  -0.11006440  -0.45085053   0.60304529   0.71257654   0.93757645   0.61184520   1.78114034  -1.89558071
  0.50361551  -0.11024337  -0.45033848   0.60451501   0.71262504   0.93646517   0.61331589   1.78143149  -1.89428823
  0.50258518  -0.11039295  -0.44986650   0.60597848   0.71269758   0.93532643   0.61477499   1.78178177  -1.89297990
  0.50157222  -0.11051290  -0.44941579   0.60738271   0.71276168   0.93421449   0.61619015   1.78216307  -1.89168191
  0.50057582  -0.11061252  -0.44897949   0.60876296   0.71277470   0.93311706   0.61761401   1.78261128  -1.89036862
  0.49959815  -0.11069123  -0.44857799   0.61009182   0.71278464   0.93203655   0.61898513   1.78309219  -1.88905679
  0.49863965  -0.11072980  -0.44816780   0.61139873   0.71282404   0.93081964   0.62047779   1.78372943  -1.88771141
  0.49771315  -0.11071984  -0.44770925   0.61279387   0.71289209   0.92949453   0.62201227   1.78442006  -1.88637089
  0.49681687  -0.11067050  -0.44721289   0.61425377   0.71291113   0.92817363   0.62351155   1.78511891  -1.88504250
  0.49594671  -0.11058973  -0.44671571   0.61570600   0.71289384   0.92686514   0.62499669   1.78585988  -1.88371987
  0.49510172  -0.11045117  -0.44617084   0.61712684   0.71284737   0.92549037   0.62654021   1.78671313  -1.88238908
  0.49427617  -0.11028302  -0.44568174   0.61855599   0.71279706   0.92406673   0.62811028   1.78768406  -1.88101268
  0.49345210  -0.11009995  -0.44525596   0.61997789   0.71270983   0.92267255   0.62965196   1.78871719  -1.87959251
  0.49262040  -0.10990064  -0.44487221   0.62136255   0.71257325   0.92129412   0.63120246   1.78983598  -1.87811891
  0.49177614  -0.10966872  -0.44450441   0.62272955   0.71241373   0.91981113   0.63286097   1.79113139  -1.87654984
  0.49091137  -0.10940986  -0.44413075   0.62417438   0.71227427   0.91827680   0.63451214   1.79244411  -1.87493469
  0.49005555  -0.10911611  -0.44374397   0.62561621   0.71215285   0.91674110   0.63615650   1.79376054  -1.87333850
  0.48923755  -0.10879063  -0.44335775   0.62700181   0.71201569   0.91524489   0.63774338   1.79508256  -1.87178517
  0.48847019  -0.10843673  -0.44298070   0.62832119   0.71183887   0.91381483   0.63928769   1.79641956  -1.87028664
  0.48774427  -0.10804367  -0.44260163   0.62963101   0.71159598   0.91227519   0.64095198   1.79796037  -1.86872444
  0.48704020  -0.10761541  -0.44221113   0.63101896   0.71136701   0.91070810   0.64257269   1.79949686  -1.86716870
  0.48636444  -0.10715201  -0.44181339   0.63238312   0.71118089   0.90912805   0.64416822   1.80103194  -1.86565551
  0.48572876  -0.10666151  -0.44141690   0.63369255   0.71100557   0.90752892   0.64576220   1.80260961  -1.86417175
  0.48513769  -0.10611920  -0.44098463   0.63499532   0.71080885   0.90583080   0.64743809   1.80431890  -1.86267416
  0.48459257  -0.10553457  -0.44055223   0.63629819   0.71062437   0.90415189   0.64903546   1.80601605  -1.86122892
  0.48408222  -0.10493206  -0.44014460   0.63757319   0.71040040   0.90252182   0.65061945   1.80774237  -1.85980472
  0.48359114  -0.10432673  -0.43977237   0.63881720   0.71013775   0.90091733   0.65216451   1.80950324  -1.85836575
  0.48311417  -0.10371075  -0.43942198   0.64002216   0.70989443   0.89931612   0.65370564   1.81128008  -1.85693883
  0.48265844  -0.10303789  -0.43902965   0.64119598   0.70965689   0.89759596   0.65535385   1.81319481  -1.85548286
  0.48222563  -0.10232516  -0.43862783   0.64241843   0.70937440   0.89587702   0.65698067   1.81514809  -1.85401624
  0.48181164  -0.10159832  -0.43826154   0.64365156   0.70908477   0.89417684   0.65856432   1.81711533  -1.85254730
  0.48141462  -0.10086213  -0.43791312   0.64484878   0.70879011   0.89248773   0.66014432   1.81910525  -1.85108432
  0.48103248  -0.10008857  -0.43754520   0.64605576   0.70843865   0.89067260   0.66186001   1.82128123  -1.84952866
  0.48064698  -0.09929774  -0.43721156   0.64731138   0.70807093   0.88890566   0.66349922   1.82343850  -1.84795896
  0.48027256  -0.09848802  -0.43689639   0.64850443   0.70773922   0.88719355   0.66508776   1.82555781  -1.84644063
  0.47992959  -0.09765292  -0.43656595   0.64962320   0.70740843   0.88549176   0.66664660   1.82768596  -1.84496244
  0.47962912  -0.09679976  -0.43624464   0.65070418   0.70709754   0.88378194   0.66818813   1.82982983  -1.84352294
  0.47936789  -0.09590530  -0.43590910   0.65178615   0.70677206   0.88195091   0.66981446   1.83211890  -1.84203764
  0.47912328  -0.09498999  -0.43559690   0.65291281   0.70638686   0.88017117   0.67141520   1.83442916  -1.84054124
  0.47889805  -0.09403049  -0.43525311   0.65401327   0.70602194   0.87837517   0.67302208   1.83675444  -1.83907559
  0.47870557  -0.09304545  -0.43491144   0.65506921   0.70567082   0.87659653   0.67458250   1.83907598  -1.83765345
  0.47854711  -0.09205798  -0.43459331   0.65609114   0.70530622   0.87485827   0.67610924   1.84139409  -1.83626365
  0.47841398  -0.09104338  -0.43426444   0.65710948   0.70486479   0.87307051   0.67772094   1.84383972  -1.83481725
  0.47830392  -0.09000723  -0.43396853   0.65811187   0.70445785   0.87134743   0.67922031   1.84622888  -1.83343065
  0.47823002  -0.08895473  -0.43367583   0.65904048   0.70408814   0.86964716   0.68068444   1.84859650  -1.83211148
  0.47818585  -0.08790164  -0.43339050   0.65993332   0.70371444   0.86793432   0.68215065   1.85098790  -1.83080228
  0.47815454  -0.08681953  -0.43309956   0.66085331   0.70332730   0.86605346   0.68376496   1.85356036  -1.82938404
  0.47809003  -0.08573023  -0.43285513   0.66185070   0.70302898   0.86409588   0.68535792   1.85613799  -1.82790660
  0.47803321  -0.08460150  -0.43254319   0.66278652   0.70275043   0.86228010   0.68683529   1.85856011  -1.82657061
  0.47802798  -0.08345667  -0.43222511   0.66361757   0.70240482   0.86057571   0.68826300   1.86096922  -1.82531313
  0.47808487  -0.08229601  -0.43195958   0.66437698   0.70199155   0.85886906   0.68967623   1.86349661  -1.82403706
  0.47819062  -0.08111932  -0.43173257   0.66510116   0.70155669   0.85726395   0.69101511   1.86599805  -1.82283535
  0.47835503  -0.07988935  -0.43146064   0.66574762   0.70115252   0.85560104   0.69239082   1.86855597  -1.82169079
  0.47856509  -0.07864593  -0.43120117   0.66642656   0.70076549   0.85387653   0.69378482   1.87116024  -1.82054856
  0.47878192  -0.07742312  -0.43096961   0.66713868   0.70034453   0.85221220   0.69512853   1.87372402  -1.81941089
  0.47898678  -0.07621859  -0.43075959   0.66782071   0.69994165   0.85056743   0.69645089   1.87625952  -1.81827091
  0.47919371  -0.07495975  -0.43050819   0.66846871   0.69953810   0.84876792   0.69792624   1.87896436  -1.81704136
  0.47942908  -0.07364719  -0.43024017   0.66912504   0.69919981   0.84700105   0.69929466   1.88160185  -1.81590634
  0.47969576  -0.07232119  -0.42995404   0.66978847   0.69876157   0.84536008   0.70063300   1.88420465  -1.81482355
  0.47994331  -0.07103604  -0.42974339   0.67044182   0.69828016   0.84381734   0.70187680   1.88676758  -1.81371645
  0.48015757  -0.06979518  -0.42959600   0.67102532   0.69784578   0.84233092   0.70306741   1.88926866  -1.81261065
  0.48038131  -0.06853708  -0.42946231   0.67146616   0.69748471   0.84080214   0.70421243   1.89179665  -1.81152332
  0.48065742  -0.06723475  -0.42929565   0.67182671   0.69708395   0.83940329   0.70532641   1.89428387  -1.81056075
  0.48104718  -0.06582640  -0.42901198   0.67207428   0.69667193   0.83797444   0.70647451   1.89683630  -1.80973532
  0.48155432  -0.06437628  -0.42876525   0.67229268   0.69637807   0.83640465   0.70760119   1.89947192  -1.80898415
  0.48213254  -0.06294762  -0.42857556   0.67254469   0.69615810   0.83473807   0.70874605   1.90214231  -1.80825308
  0.48273191  -0.06153885  -0.42840979   0.67280845   0.69595107   0.83299954   0.70985951   1.90484193  -1.80748745
  0.48331535  -0.06014647  -0.42825991   0.67309394   0.69576979   0.83133130   0.71091942   1.90745005  -1.80676103
  0.48386338  -0.05876026  -0.42810911   0.67338681   0.69549183   0.82974158   0.71194975   1.91005267  -1.80598461
  0.48436392  -0.05737736  -0.42796918   0.67370443   0.69510931   0.82830793   0.71292760   1.91260313  -1.80518835
  0.48479934  -0.05597230  -0.42787880   0.67401547   0.69467725   0.82676377   0.71404699   1.91535687  -1.80417768
  0.48512373  -0.05457511  -0.42788362   0.67440662   0.69428528   0.82520661   0.71516000   1.91813494  -1.80301871
  0.48535338  -0.05320217  -0.42788915   0.67484420   0.69382290   0.82383997   0.71620314   1.92077574  -1.80184836
  0.48555320  -0.05184288  -0.42791833   0.67520341   0.69338322   0.82250769   0.71715492   1.92337974  -1.80067524
  0.48577137  -0.05050110  -0.42799433   0.67548245   0.69296302   0.82124320   0.71803268   1.92594556  -1.79955522
  0.48604339  -0.04915339  -0.42807831   0.67566683   0.69254661   0.82004131   0.71885705   1.92848673  -1.79852824
  0.48640530  -0.04779014  -0.42815851   0.67572907   0.69225764   0.81879590   0.71958436   1.93098816  -1.79765072
  0.48690166  -0.04636607  -0.42810304   0.67568481   0.69195301   0.81770026   0.72021418   1.93334682  -1.79707273
  0.48757795  -0.04490136  -0.42796397   0.67548739   0.69164941   0.81673388   0.72070678   1.93559277  -1.79681182
  0.48845021  -0.04340990  -0.42783212   0.67508371   0.69148343   0.81566640   0.72114717   1.93788404  -1.79676286
  0.48946557  -0.04193979  -0.42774477   0.67461319   0.69140725   0.81449267   0.72164037   1.94023052  -1.79681463
  0.49052751  -0.04052030  -0.42767032   0.67419301   0.69134325   0.81328761   0.72208027   1.94252916  -1.79689926
  0.49154316  -0.03913844  -0.42766126   0.67384112   0.69117123   0.81209279   0.72252634   1.94489627  -1.79683519
  0.49242579  -0.03779218  -0.42772050   0.67358600   0.69080650   0.81118575   0.72287282   1.94717150  -1.79667653
  0.49314624  -0.03646267  -0.42783695   0.67331140   0.69030530   0.81051402   0.72308504   1.94938364  -1.79640184
  0.49374485  -0.03515725  -0.42806612   0.67296462   0.68989662   0.80981510   0.72333704   1.95164481  -1.79598199
  0.49432897  -0.03381673  -0.42824389   0.67250972   0.68961509   0.80910054   0.72351002   1.95383047  -1.79565300
  0.49498259  -0.03245350  -0.42835542   0.67201179   0.68937697   0.80838488   0.72369293   1.95596751  -1.79545456
  0.49573658  -0.03108516  -0.42847002   0.67148058   0.68916067   0.80758482   0.72384747   1.95815690  -1.79531122
  0.49657450  -0.02971752  -0.42859229   0.67092316   0.68900339   0.80679498   0.72396279   1.96030160  -1.79529665
  0.49747502  -0.02833779  -0.42869263   0.67030780   0.68888374   0.80595349   0.72404756   1.96245787  -1.79534583
  0.49840451  -0.02696549  -0.42879944   0.66969729   0.68876633   0.80512426   0.72414599   1.96460357  -1.79542846
  0.49934762  -0.02559183  -0.42890430   0.66905570   0.68864102   0.80431226   0.72418943   1.96673868  -1.79553509
  0.50029380  -0.02422556  -0.42900610   0.66841056   0.68852412   0.80355483   0.72421853   1.96881870  -1.79569069
  0.50124732  -0.02285679  -0.42909305   0.66773037   0.68842350   0.80279166   0.72420129   1.97088124  -1.79587134
  0.50221001  -0.02149747  -0.42919006   0.66704008   0.68833161   0.80205123   0.72419676   1.97292657  -1.79607500
  0.50318294  -0.02014379  -0.42929504   0.66632109   0.68824431   0.80130889   0.72414580   1.97496885  -1.79628938
  0.50415714  -0.01880672  -0.42940332   0.66560838   0.68814495   0.80063635   0.72408073   1.97695405  -1.79654517
  0.50512584  -0.01748425  -0.42951027   0.66487880   0.68800973   0.80000943   0.72396439   1.97891190  -1.79680826
  0.50608645  -0.01618380  -0.42963346   0.66414495   0.68790313   0.79940683   0.72383161   1.98082374  -1.79709320
  0.50705804  -0.01488061  -0.42975304   0.66335286   0.68786482   0.79875058   0.72365485   1.98273148  -1.79740243
  0.50805566  -0.01356870  -0.42985959   0.66253773   0.68783243   0.79811410   0.72348081   1.98462593  -1.79775970
  0.50907274  -0.01227361  -0.42996622   0.66172808   0.68780904   0.79749560   0.72328508   1.98648061  -1.79815858
  0.51010181  -0.01099774  -0.43007917   0.66089797   0.68777844   0.79689193   0.72306236   1.98831761  -1.79857413
  0.51113768  -0.00973556  -0.43019761   0.66005148   0.68776210   0.79630246   0.72281284   1.99012586  -1.79901584
  0.51217386  -0.00849392  -0.43031022   0.65920186   0.68774649   0.79575718   0.72254541   1.99187738  -1.79949530
  0.51321367  -0.00726836  -0.43042881   0.65832344   0.68774644   0.79520948   0.72222980   1.99360788  -1.79998926
  0.51425109  -0.00606666  -0.43055285   0.65745357   0.68773871   0.79471081   0.72191372   1.99529049  -1.80050823
  0.51529255  -0.00487820  -0.43068138   0.65654631   0.68773286   0.79422804   0.72152604   1.99694771  -1.80104868
  0.51634215  -0.00369971  -0.43081398   0.65561986   0.68774482   0.79377218   0.72113135   1.99857240  -1.80162574
  0.51739293  -0.00254692  -0.43093755   0.65470109   0.68775833   0.79334539   0.72071877   2.00014027  -1.80223494
  0.51844785  -0.00141796  -0.43106537   0.65375644   0.68778088   0.79293349   0.72025880   2.00167095  -1.80286874
  0.51950229  -0.00031785  -0.43119498   0.65281440   0.68780707   0.79255623   0.71979692   2.00315002  -1.80352989
  0.52055981   0.00076089  -0.43132920   0.65184164   0.68784123   0.79219460   0.71927452   2.00459316  -1.80421558
  0.52161681   0.00181363  -0.43146454   0.65087475   0.68788146   0.79186280   0.71876057   2.00598972  -1.80492589
  0.52267677   0.00284513  -0.43160390   0.64987739   0.68792718   0.79155441   0.71817391   2.00734366  -1.80566646
  0.52373565   0.00384857  -0.43174431   0.64889044   0.68797124   0.79127414   0.71761215   2.00865792  -1.80642285
  0.52479492   0.00482550  -0.43189213   0.64788232   0.68800495   0.79102262   0.71697348   2.00993112  -1.80719974
  0.52585082   0.00577373  -0.43204325   0.64687791   0.68805344   0.79079924   0.71634875   2.01115405  -1.80800121
  0.52691134   0.00670068  -0.43219802   0.64583206   0.68811705   0.79059068   0.71563625   2.01233307  -1.80883727
  0.52798405   0.00761080  -0.43235614   0.64476202   0.68818755   0.79042739   0.71490817   2.01346755  -1.80972086
  0.52906811   0.00849675  -0.43251710   0.64367299   0.68826006   0.79029087   0.71413171   2.01455788  -1.81064156
  0.53015823   0.00935124  -0.43268067   0.64258050   0.68833098   0.79018967   0.71334158   2.01559722  -1.81159415
  0.53124677   0.01016892  -0.43284572   0.64148461   0.68840557   0.79011000   0.71252242   2.01658235  -1.81256874
  0.53232378   0.01094604  -0.43300570   0.64040796   0.68847802   0.79005420   0.71171386   2.01750960  -1.81355288
  0.53339229   0.01168957  -0.43316747   0.63931815   0.68856947   0.79000818   0.71084847   2.01837985  -1.81455757
  0.53445356   0.01240282  -0.43332551   0.63822313   0.68865675   0.79000245   0.70999528   2.01919993  -1.81558182
  0.53551297   0.01308697  -0.43350099   0.63708805   0.68875282   0.79002908   0.70905487   2.01997136  -1.81663469
  0.53656595   0.01373885  -0.43367501   0.63596329   0.68884039   0.79009428   0.70814316   2.02069590  -1.81770126
  0.53761627   0.01435396  -0.43385679   0.63481967   0.68893594   0.79018336   0.70714092   2.02135684  -1.81879796
  0.53866632   0.01492807  -0.43405273   0.63365823   0.68900665   0.79034533   0.70612278   2.02196077  -1.81992292
  0.53970968   0.01544418  -0.43426675   0.63250496   0.68911158   0.79050644   0.70506902   2.02249345  -1.82106447
  0.54076184   0.01586504  -0.43452236   0.63131917   0.68932759   0.79071937   0.70382269   2.02282630  -1.82233621
  0.54182087   0.01620378  -0.43471676   0.63012829   0.68934771   0.79115908   0.70258251   2.02302099  -1.82367636
  0.54284995   0.01646123  -0.43501409   0.62890530   0.68931711   0.79161623   0.70126785   2.02323682  -1.82492047
  0.54382422   0.01667998  -0.43536994   0.62764603   0.68933194   0.79211234   0.69996555   2.02341794  -1.82612985
  0.54476994   0.01688615  -0.43568647   0.62634879   0.68936146   0.79264213   0.69862875   2.02352716  -1.82736828
  0.54571520   0.01706203  -0.43598891   0.62505946   0.68942332   0.79317683   0.69729189   2.02356995  -1.82864176
  0.54668708   0.01717816  -0.43631294   0.62374081   0.68957607   0.79372659   0.69578867   2.02347141  -1.83002829
  0.54769290   0.01724046  -0.43662492   0.62236368   0.68969259   0.79433202   0.69432900   2.02332959  -1.83145990
  0.54870433   0.01724738  -0.43697123   0.62097990   0.68972406   0.79500304   0.69283644   2.02317142  -1.83287258
  0.54968515   0.01722149  -0.43731575   0.61965483   0.68972646   0.79571439   0.69136948   2.02296240  -1.83426598
  0.55062700   0.01717817  -0.43763143   0.61835885   0.68975154   0.79642307   0.68988718   2.02268846  -1.83565567
  0.55153768   0.01710339  -0.43792773   0.61710329   0.68977021   0.79718467   0.68841744   2.02232921  -1.83705918
  0.55244393   0.01693970  -0.43824781   0.61584394   0.68977921   0.79813723   0.68671107   2.02172491  -1.83860747
  0.55339153   0.01671626  -0.43849288   0.61447491   0.68977132   0.79918631   0.68501125   2.02098864  -1.84028495
  0.55439161   0.01644969  -0.43873372   0.61301258   0.68982963   0.80015817   0.68333126   2.02025011  -1.84199984
  0.55541322   0.01614382  -0.43902719   0.61155949   0.68990107   0.80098269   0.68176278   2.01963387  -1.84360246
  0.55639568   0.01580877  -0.43935173   0.61020111   0.68987439   0.80194967   0.68012832   2.01893696  -1.84519634
  0.55732640   0.01544581  -0.43967220   0.60884040   0.68985717   0.80302385   0.67843295   2.01811422  -1.84682648
  0.55820837   0.01497267  -0.44009128   0.60743287   0.68985566   0.80421598   0.67652672   2.01713402  -1.84847323
  0.55904869   0.01441328  -0.44051251   0.60599660   0.68978489   0.80550715   0.67466363   2.01607589  -1.85009162
  0.55985519   0.01381072  -0.44094223   0.60455744   0.68984409   0.80665641   0.67279890   2.01499206  -1.85166395
  0.56065331   0.01321280  -0.44130713   0.60312419   0.68993210   0.80777179   0.67104019   2.01388959  -1.85324291
  0.56144500   0.01261244  -0.44162809   0.60177187   0.69000190   0.80887163   0.66929971   2.01275201  -1.85482057
  0.56221428   0.01198457  -0.44195622   0.60048215   0.69005294   0.81004070   0.66752851   2.01152951  -1.85641360
  0.56296790   0.01125405  -0.44233243   0.59917541   0.69011926   0.81141688   0.66549960   2.01002969  -1.85814799
  0.56373997   0.01044901  -0.44266767   0.59774795   0.69015686   0.81283857   0.66349442   2.00846200  -1.85992320
  0.56451967   0.00960475  -0.44302067   0.59630578   0.69011438   0.81427894   0.66156523   2.00693786  -1.86164291
  0.56526960   0.00875040  -0.44341535   0.59494299   0.69010949   0.81560565   0.65966916   2.00547066  -1.86325903
  0.56596634   0.00791878  -0.44377402   0.59366044   0.69008105   0.81694590   0.65785540   2.00399667  -1.86482566
  0.56661683   0.00709744  -0.44411067   0.59244835   0.69007496   0.81823041   0.65609322   2.00252716  -1.86633161
  0.56722753   0.00624792  -0.44447742   0.59129183   0.69008277   0.81950915   0.65431789   2.00102529  -1.86779073
  0.56777224   0.00521908  -0.44507051   0.59020655   0.69004523   0.82096413   0.65228770   1.99934700  -1.86918839
  0.56820821   0.00398479  -0.44586913   0.58916860   0.69002329   0.82246941   0.65011391   1.99753776  -1.87043656
  0.56851578   0.00279187  -0.44641409   0.58807727   0.68975551   0.82419065   0.64817937   1.99567352  -1.87163788
  0.56876546   0.00170197  -0.44682421   0.58692563   0.68948195   0.82602143   0.64620552   1.99372673  -1.87290989
  0.56908878   0.00069390  -0.44720640   0.58560239   0.68949733   0.82762433   0.64427827   1.99185095  -1.87427789
  0.56953415  -0.00036409  -0.44755671   0.58433471   0.68942218   0.82937326   0.64226653   1.98981969  -1.87583458
  0.57011007  -0.00148638  -0.44788106   0.58300815   0.68937780   0.83106514   0.64021314   1.98773293  -1.87752035
  0.57077837  -0.00263607  -0.44820881   0.58161586   0.68934676   0.83267542   0.63826765   1.98572161  -1.87923217
  0.57146234  -0.00378943  -0.44856283   0.58024794   0.68931115   0.83429288   0.63627117   1.98369788  -1.88094903
  0.57211088  -0.00492033  -0.44888609   0.57893304   0.68928693   0.83589905   0.63435419   1.98167205  -1.88263565
  0.57271693  -0.00603475  -0.44917144   0.57764594   0.68933388   0.83743568   0.63248954   1.97963259  -1.88429177
  0.57332310  -0.00720929  -0.44947988   0.57631524   0.68958793   0.83892320   0.63048181   1.97740984  -1.88604476
  0.57395523  -0.00843628  -0.44974525   0.57493263   0.68976821   0.84040063   0.62857782   1.97521256  -1.88777989
  0.57457269  -0.00969753  -0.45006668   0.57363282   0.68967124   0.84209829   0.62665515   1.97303223  -1.88943831
  0.57514468  -0.01092353  -0.45039292   0.57235425   0.68955657   0.84384086   0.62470087   1.97084575  -1.89106160
  0.57566234  -0.01209864  -0.45067407   0.57112797   0.68948075   0.84551073   0.62287151   1.96871076  -1.89261652
  0.57613502  -0.01325116  -0.45094402   0.56993351   0.68945852   0.84715508   0.62102737   1.96654693  -1.89414626
  0.57659766  -0.01445987  -0.45123584   0.56870846   0.68956782   0.84886423   0.61904671   1.96416898  -1.89578310
  0.57707674  -0.01570948  -0.45145695   0.56742601   0.68959557   0.85059745   0.61716855   1.96178902  -1.89742497
  0.57756233  -0.01696612  -0.45168946   0.56616901   0.68952649   0.85235430   0.61527192   1.95944641  -1.89902016
  0.57803556  -0.01819383  -0.45194346   0.56494647   0.68943789   0.85411206   0.61340426   1.95715254  -1.90057091
  0.57847884  -0.01943894  -0.45225881   0.56375386   0.68934722   0.85589096   0.61151187   1.95485385  -1.90206789
  0.57888583  -0.02068775  -0.45254919   0.56259210   0.68924255   0.85764519   0.60969299   1.95256984  -1.90350946
  0.57926777  -0.02191975  -0.45280757   0.56144803   0.68915401   0.85936501   0.60789748   1.95028664  -1.90492509
  0.57963564  -0.02313467  -0.45305760   0.56033816   0.68904357   0.86109473   0.60615192   1.94802121  -1.90631524
  0.57999151  -0.02438705  -0.45336870   0.55924749   0.68891472   0.86291825   0.60428918   1.94566457  -1.90771130
  0.58033573  -0.02563724  -0.45363650   0.55813391   0.68883113   0.86467551   0.60251387   1.94332384  -1.90909365
  0.58067710  -0.02685601  -0.45385000   0.55702577   0.68876998   0.86634041   0.60081424   1.94103978  -1.91044873
  0.58101380  -0.02805269  -0.45407566   0.55596939   0.68870596   0.86796873   0.59917004   1.93881085  -1.91176082
  0.58131974  -0.02929858  -0.45440009   0.55495921   0.68862908   0.86966817   0.59744864   1.93652578  -1.91302726
  0.58158766  -0.03054949  -0.45467796   0.55390837   0.68851791   0.87141884   0.59571658   1.93419370  -1.91428529
  0.58185073  -0.03176823  -0.45489675   0.55284789   0.68842111   0.87309510   0.59407742   1.93191978  -1.91552199
  0.58213590  -0.03294169  -0.45508423   0.55181547   0.68840872   0.87466767   0.59248813   1.92967931  -1.91677679
  0.58246826  -0.03409494  -0.45523639   0.55078987   0.68848765   0.87625698   0.59082302   1.92731540  -1.91815994
  0.58284751  -0.03523893  -0.45534226   0.54973635   0.68851825   0.87779688   0.58927252   1.92504236  -1.91954523
  0.58324697  -0.03637120  -0.45546307   0.54870096   0.68851832   0.87927816   0.58775794   1.92286131  -1.92088348
  0.58362372  -0.03747337  -0.45560401   0.54773751   0.68842762   0.88078066   0.58630061   1.92076712  -1.92214103
  0.58395058  -0.03854882  -0.45578560   0.54683234   0.68834932   0.88225299   0.58484753   1.91872004  -1.92331180
  0.58421264  -0.03966491  -0.45602595   0.54597815   0.68824283   0.88384003   0.58334853   1.91658009  -1.92443812
  0.58443332  -0.04078421  -0.45620476   0.54507564   0.68814927   0.88540379   0.58187761   1.91442055  -1.92554394
  0.58464152  -0.04186993  -0.45633852   0.54416418   0.68809122   0.88688551   0.58049721   1.91232276  -1.92662459
  0.58485774  -0.04290699  -0.45645281   0.54328218   0.68805239   0.88831190   0.57914131   1.91027590  -1.92769589
  0.58508388  -0.04390443  -0.45656116   0.54245441   0.68800685   0.88969842   0.57784976   1.90829626  -1.92874673
  0.58531788  -0.04492293  -0.45670362   0.54164891   0.68789765   0.89123547   0.57647166   1.90621662  -1.92983773
  0.58557945  -0.04593668  -0.45679762   0.54074682   0.68782836   0.89271670   0.57506328   1.90413562  -1.93096715
  0.58586046  -0.04692577  -0.45686520   0.53985317   0.68774422   0.89414437   0.57377543   1.90214561  -1.93208256
  0.58613153  -0.04789199  -0.45697517   0.53903712   0.68767441   0.89545247   0.57253871   1.90027889  -1.93310055
  0.58637121  -0.04882471  -0.45710520   0.53828069   0.68759267   0.89674117   0.57134060   1.89847254  -1.93405359
  0.58657132  -0.04976058  -0.45726349   0.53753663   0.68745026   0.89815799   0.57008161   1.89660488  -1.93498849
  0.58671071  -0.05070594  -0.45743858   0.53681406   0.68726297   0.89955216   0.56887965   1.89480528  -1.93581198
  0.58680435  -0.05163044  -0.45762926   0.53609843   0.68714589   0.90080825   0.56775157   1.89311146  -1.93653690
  0.58688127  -0.05250797  -0.45778767   0.53542568   0.68705445   0.90201596   0.56667977   1.89145520  -1.93724438
  0.58697430  -0.05331983  -0.45789497   0.53477682   0.68698428   0.90315361   0.56567123   1.88986801  -1.93796130
  0.58710620  -0.05406014  -0.45795314   0.53413725   0.68698314   0.90416767   0.56471495   1.88836250  -1.93870572
  0.58729298  -0.05474173  -0.45795862   0.53352355   0.68701783   0.90512681   0.56378594   1.88688194  -1.93951757
  0.58752822  -0.05537749  -0.45793177   0.53293768   0.68705518   0.90601046   0.56291706   1.88548444  -1.94034985
  0.58777943  -0.05599745  -0.45794052   0.53240295   0.68709005   0.90683297   0.56208555   1.88417320  -1.94114093
  0.58799585  -0.05667311  -0.45805140   0.53191725   0.68707815   0.90774928   0.56118513   1.88281221  -1.94187113
  0.58816386  -0.05736430  -0.45814265   0.53136688   0.68699583   0.90874305   0.56029335   1.88144168  -1.94256534
  0.58829950  -0.05803513  -0.45821578   0.53079054   0.68693421   0.90966483   0.55947821   1.88015189  -1.94320446
  0.58841857  -0.05866584  -0.45826988   0.53025579   0.68691259   0.91050609   0.55870771   1.87891545  -1.94381147
  0.58853342  -0.05925812  -0.45831063   0.52975887   0.68691387   0.91129800   0.55796701   1.87772026  -1.94440368
  0.58865456  -0.05981598  -0.45833813   0.52928047   0.68690470   0.91206583   0.55726235   1.87657849  -1.94498702
  0.58878280  -0.06034495  -0.45836500   0.52882001   0.68689178   0.91279355   0.55658905   1.87550108  -1.94555069
  0.58891298  -0.06085286  -0.45840205   0.52838575   0.68687750   0.91348922   0.55594708   1.87447856  -1.94609027
  0.58904080  -0.06135625  -0.45845430   0.52797296   0.68685378   0.91421045   0.55527219   1.87343877  -1.94662699
  0.58916319  -0.06183955  -0.45848150   0.52757330   0.68684234   0.91487971   0.55465968   1.87244663  -1.94714831
  0.58928084  -0.06228892  -0.45848628   0.52719033   0.68683714   0.91548845   0.55409725   1.87152225  -1.94764454
  0.58939438  -0.06270032  -0.45848545   0.52683822   0.68683939   0.91604318   0.55358333   1.87067089  -1.94811156
  0.58950259  -0.06307505  -0.45848276   0.52651712   0.68684530   0.91655251   0.55310397   1.86988535  -1.94854888
  0.58960535  -0.06341743  -0.45847381   0.52622508   0.68685949   0.91702077   0.55265892   1.86915195  -1.94896411
  0.58970808  -0.06373373  -0.45844448   0.52595380   0.68689883   0.91746293   0.55222111   1.86842148  -1.94938806
  0.58981611  -0.06402761  -0.45839487   0.52569743   0.68694079   0.91786622   0.55182435   1.86773368  -1.94980715
  0.58992696  -0.06430189  -0.45834969   0.52546428   0.68698994   0.91821389   0.55146486   1.86711085  -1.95019898
  0.59003432  -0.06455293  -0.45830732   0.52525725   0.68703147   0.91853117   0.55113846   1.86654418  -1.95056372
  0.59013341  -0.06479413  -0.45827291   0.52506749   0.68707626   0.91886695   0.55079537   1.86596272  -1.95092678
  0.59022955  -0.06508039  -0.45825738   0.52483769   0.68712472   0.91939256   0.55029196   1.86515585  -1.95138257
  0.59035702  -0.06540213  -0.45820894   0.52448812   0.68717806   0.91986898   0.54982058   1.86438167  -1.95186384
  0.59051648  -0.06574506  -0.45817980   0.52414243   0.68724295   0.92023195   0.54941674   1.86370884  -1.95231255
  0.59068406  -0.06608095  -0.45816475   0.52382777   0.68732104   0.92057107   0.54899638   1.86304415  -1.95275503
  0.59083569  -0.06640013  -0.45815300   0.52354040   0.68737594   0.92090799   0.54862720   1.86242690  -1.95316553
  0.59095640  -0.06670869  -0.45816036   0.52326465   0.68741442   0.92125303   0.54824391   1.86183117  -1.95352880
  0.59103982  -0.06700841  -0.45817603   0.52299729   0.68741573   0.92165464   0.54786010   1.86123127  -1.95385988
  0.59108970  -0.06730304  -0.45819816   0.52274133   0.68735212   0.92212482   0.54748415   1.86063700  -1.95415537
  0.59111872  -0.06759577  -0.45824672   0.52250493   0.68729234   0.92257370   0.54711418   1.86007442  -1.95440574
  0.59113654  -0.06787408  -0.45829409   0.52229048   0.68722967   0.92299199   0.54678256   1.85955719  -1.95462693
  0.59114951  -0.06812916  -0.45833338   0.52209371   0.68717641   0.92336644   0.54648025   1.85908652  -1.95482775
  0.59116195  -0.06835831  -0.45836528   0.52191445   0.68712928   0.92370657   0.54620869   1.85866107  -1.95501549
  0.59117590  -0.06856324  -0.45839205   0.52175166   0.68709054   0.92401032   0.54596122   1.85827878  -1.95519102
  0.59119173  -0.06874643  -0.45841364   0.52160432   0.68705716   0.92428417   0.54573803   1.85793511  -1.95535687
  0.59120890  -0.06891040  -0.45843017   0.52147019   0.68703074   0.92452795   0.54553546   1.85762622  -1.95551328
  0.59122644  -0.06905697  -0.45844166   0.52134816   0.68701012   0.92474599   0.54535343   1.85734837  -1.95566114
  0.59124328  -0.06918785  -0.45844974   0.52123756   0.68699502   0.92493992   0.54518830   1.85709908  -1.95579927
  0.59125850  -0.06930449  -0.45845546   0.52113989   0.68698210   0.92511155   0.54504079   1.85687888  -1.95592547
  0.59127169  -0.06940796  -0.45846024   0.52105697   0.68697087   0.92526299   0.54490370   1.85668316  -1.95603940
  0.59128261  -0.06949912  -0.45846445   0.52098687   0.68696070   0.92539607   0.54478376   1.85651386  -1.95614146
  0.59129094  -0.06957918  -0.45846828   0.52092627   0.68695159   0.92551331   0.54467566   1.85636718  -1.95623253
  0.59129664  -0.06964932  -0.45847146   0.52087490   0.68694388   0.92561547   0.54458125   1.85624182  -1.95631343
  0.59129983  -0.06971057  -0.45847404   0.52083163   0.68693709   0.92570447   0.54449724   1.85613485  -1.95638503
  0.59130076  -0.06976380  -0.45847611   0.52079605   0.68693136   0.92578115   0.54442398   1.85604509  -1.95644813
  0.59129969  -0.06980978  -0.45847769   0.52076726   0.68692635   0.92584705   0.54435931   1.85597042  -1.95650361
  0.59129684  -0.06984919  -0.45847880   0.52074482   0.68692210   0.92590307   0.54430310   1.85590957  -1.95655224
  0.59129239  -0.06988274  -0.45847948   0.52072777   0.68691835   0.92595053   0.54425372   1.85586084  -1.95659473
  0.59128647  -0.06991105  -0.45847980   0.52071548   0.68691540   0.92598962   0.54421217   1.85582393  -1.95663151
  0.59127919  -0.06993472  -0.45847974   0.52070706   0.68691248   0.92602234   0.54417684   1.85579703  -1.95666337
  0.59127066  -0.06995431  -0.45847942   0.52070224   0.68691045   0.92604806   0.54414792   1.85577971  -1.95669050
  0.59126102  -0.06997031  -0.45847884   0.52070054   0.68690902   0.92606787   0.54412436   1.85577067  -1.95671347
  0.59125040  -0.06998313  -0.45847802   0.52070160   0.68690814   0.92608245   0.54410566   1.85576898  -1.95673275
  0.59123893  -0.06999319  -0.45847694   0.52070503   0.68690752   0.92609279   0.54409107   1.85577355  -1.95674886
  0.59122674  -0.07000085  -0.45847566   0.52071055   0.68690731   0.92609914   0.54408024   1.85578373  -1.95676215
  0.59121395  -0.07000645  -0.45847415   0.52071783   0.68690731   0.92610229   0.54407254   1.85579861  -1.95677304
  0.59120066  -0.07001031  -0.45847245   0.52072662   0.68690753   0.92610264   0.54406763   1.85581756  -1.95678186
  0.59118698  -0.07001272  -0.45847059   0.52073666   0.68690810   0.92610040   0.54406514   1.85584001  -1.95678887
  0.59117298  -0.07001397  -0.45846856   0.52074772   0.68690884   0.92609623   0.54406464   1.85586526  -1.95679443
  0.59115877  -0.07001431  -0.45846638   0.52075955   0.68690968   0.92609060   0.54406569   1.85589266  -1.95679884
  0.59114441  -0.07001399  -0.45846410   0.52077197   0.68691089   0.92608347   0.54406813   1.85592185  -1.95680227
  0.59113000  -0.07001329  -0.45846172   0.52078472   0.68691224   0.92607554   0.54407144   1.85595211  -1.95680508
  0.59111562  -0.07001245  -0.45845924   0.52079760   0.68691377   0.92606712   0.54407534   1.85598290  -1.95680752
  0.59110133  -0.07001173  -0.45845667   0.52081036   0.68691539   0.92605870   0.54407941   1.85601361  -1.95680988
  0.59108723  -0.07001136  -0.45845401   0.52082280   0.68691709   0.92605062   0.54408336   1.85604370  -1.95681244
  0.59107335  -0.07001153  -0.45845130   0.52083472   0.68691889   0.92604326   0.54408681   1.85607267  -1.95681541
  0.59105973  -0.07001234  -0.45844856   0.52084606   0.68692081   0.92603671   0.54408965   1.85610031  -1.95681890
  0.59104640  -0.07001380  -0.45844576   0.52085681   0.68692286   0.92603089   0.54409194   1.85612668  -1.95682288
  0.59103334  -0.07001588  -0.45844292   0.52086702   0.68692499   0.92602579   0.54409371   1.85615185  -1.95682731
  0.59102056  -0.07001852  -0.45844002   0.52087673   0.68692720   0.92602135   0.54409499   1.85617592  -1.95683216
  0.59100803  -0.07002165  -0.45843708   0.52088598   0.68692947   0.92601757   0.54409581   1.85619894  -1.95683738
  0.59099574  -0.07002524  -0.45843410   0.52089481   0.68693185   0.92601432   0.54409624   1.85622104  -1.95684291
  0.59098370  -0.07002925  -0.45843107   0.52090324   0.68693427   0.92601165   0.54409626   1.85624225  -1.95684873
  0.59097188  -0.07003364  -0.45842799   0.52091131   0.68693675   0.92600952   0.54409592   1.85626261  -1.95685482
  0.59096029  -0.07003837  -0.45842486   0.52091904   0.68693929   0.92600788   0.54409525   1.85628221  -1.95686112
  0.59094892  -0.07004342  -0.45842170   0.52092647   0.68694197   0.92600654   0.54409435   1.85630116  -1.95686759
  0.59093777  -0.07004877  -0.45841849   0.52093360   0.68694471   0.92600563   0.54409317   1.85631944  -1.95687422
  0.59092683  -0.07005438  -0.45841525   0.52094047   0.68694754   0.92600506   0.54409176   1.85633714  -1.95688098
  0.59091610  -0.07006023  -0.45841196   0.52094708   0.68695041   0.92600486   0.54409012   1.85635425  -1.95688786
  0.59090558  -0.07006629  -0.45840863   0.52095347   0.68695336   0.92600496   0.54408829   1.85637083  -1.95689482
  0.59089527  -0.07007256  -0.45840525   0.52095964   0.68695636   0.92600538   0.54408627   1.85638692  -1.95690186
  0.59088516  -0.07007900  -0.45840184   0.52096560   0.68695945   0.92600605   0.54408409   1.85640256  -1.95690894
  0.59087525  -0.07008560  -0.45839838   0.52097138   0.68696258   0.92600701   0.54408175   1.85641775  -1.95691605
  0.59086555  -0.07009235  -0.45839488   0.52097698   0.68696578   0.92600819   0.54407928   1.85643255  -1.95692318
  0.59085604  -0.07009922  -0.45839134   0.52098242   0.68696903   0.92600960   0.54407668   1.85644697  -1.95693031
  0.59084673  -0.07010621  -0.45838776   0.52098770   0.68697235   0.92601122   0.54407397   1.85646103  -1.95693742
  0.59083762  -0.07011329  -0.45838414   0.52099285   0.68697571   0.92601304   0.54407116   1.85647476  -1.95694450
  0.59082870  -0.07012047  -0.45838047   0.52099785   0.68697914   0.92601505   0.54406827   1.85648817  -1.95695154
  0.59081999  -0.07012772  -0.45837677   0.52100273   0.68698263   0.92601722   0.54406530   1.85650129  -1.95695853
  0.59081147  -0.07013503  -0.45837302   0.52100749   0.68698617   0.92601956   0.54406226   1.85651413  -1.95696544
  0.59080315  -0.07014240  -0.45836924   0.52101214   0.68698976   0.92602204   0.54405916   1.85652671  -1.95697229
  0.59079503  -0.07014982  -0.45836541   0.52101669   0.68699340   0.92602468   0.54405600   1.85653902  -1.95697904
  0.59078711  -0.07015728  -0.45836154   0.52102113   0.68699709   0.92602747   0.54405280   1.85655110  -1.95698571
  0.59077939  -0.07016476  -0.45835764   0.52102548   0.68700085   0.92603036   0.54404956   1.85656296  -1.95699226
  0.59077187  -0.07017227  -0.45835369   0.52102974   0.68700465   0.92603338   0.54404629   1.85657460  -1.95699871
  0.59076455  -0.07017979  -0.45834970   0.52103392   0.68700850   0.92603650   0.54404300   1.85658603  -1.95700503
  0.59075744  -0.07018731  -0.45834567   0.52103801   0.68701240   0.92603975   0.54403968   1.85659726  -1.95701123
  0.59075053  -0.07019484  -0.45834160   0.52104203   0.68701635   0.92604309   0.54403634   1.85660830  -1.95701729
  0.59074382  -0.07020237  -0.45833749   0.52104597   0.68702035   0.92604654   0.54403300   1.85661915  -1.95702321
  0.59073732  -0.07020988  -0.45833334   0.52104984   0.68702439   0.92605008   0.54402964   1.85662982  -1.95702899
  0.59073103  -0.07021738  -0.45832915   0.52105364   0.68702848   0.92605371   0.54402629   1.85664032  -1.95703461
  0.59072495  -0.07022486  -0.45832492   0.52105738   0.68703262   0.92605743   0.54402293   1.85665066  -1.95704007
  0.59071908  -0.07023232  -0.45832064   0.52106105   0.68703681   0.92606121   0.54401958   1.85666083  -1.95704536
  0.59071342  -0.07023974  -0.45831633   0.52106466   0.68704104   0.92606509   0.54401624   1.85667084  -1.95705048
  0.59070798  -0.07024713  -0.45831198   0.52106821   0.68704532   0.92606903   0.54401291   1.85668071  -1.95705543
  0.59070275  -0.07025449  -0.45830759   0.52107171   0.68704965   0.92607305   0.54400960   1.85669041  -1.95706020
  0.59069774  -0.07026180  -0.45830316   0.52107514   0.68705402   0.92607714   0.54400630   1.85669997  -1.95706479
  0.59069296  -0.07026907  -0.45829868   0.52107853   0.68705843   0.92608130   0.54400302   1.85670939  -1.95706918
  0.59068839  -0.07027630  -0.45829417   0.52108185   0.68706289   0.92608552   0.54399977   1.85671866  -1.95707339
  0.59068405  -0.07028347  -0.45828962   0.52108513   0.68706739   0.92608981   0.54399653   1.85672779  -1.95707739
  0.59067993  -0.07029059  -0.45828502   0.52108835   0.68707194   0.92609416   0.54399333   1.85673677  -1.95708120
  0.59067604  -0.07029765  -0.45828039   0.52109152   0.68707653   0.92609857   0.54399015   1.85674562  -1.95708480
  0.59067238  -0.07030465  -0.45827571   0.52109465   0.68708116   0.92610303   0.54398701   1.85675434  -1.95708819
  0.59066895  -0.07031159  -0.45827100   0.52109772   0.68708583   0.92610755   0.54398390   1.85676291  -1.95709136
  0.59066575  -0.07031846  -0.45826624   0.52110074   0.68709055   0.92611213   0.54398082   1.85677135  -1.95709433
  0.59066279  -0.07032527  -0.45826145   0.52110371   0.68709531   0.92611677   0.54397778   1.85677966  -1.95709707
  0.59066007  -0.07033200  -0.45825661   0.52110664   0.68710011   0.92612145   0.54397477   1.85678783  -1.95709959
  0.59065758  -0.07033867  -0.45825174   0.52110951   0.68710496   0.92612619   0.54397181   1.85679587  -1.95710189
  0.59065534  -0.07034526  -0.45824682   0.52111234   0.68710985   0.92613098   0.54396889   1.85680377  -1.95710395
  0.59065334  -0.07035177  -0.45824187   0.52111512   0.68711478   0.92613581   0.54396601   1.85681154  -1.95710579
  0.59065159  -0.07035821  -0.45823687   0.52111786   0.68711975   0.92614070   0.54396317   1.85681917  -1.95710739
  0.59065008  -0.07036456  -0.45823184   0.52112054   0.68712476   0.92614563   0.54396038   1.85682668  -1.95710875
  0.59064882  -0.07037084  -0.45822676   0.52112318   0.68712981   0.92615062   0.54395763   1.85683404  -1.95710987
  0.59064782  -0.07037703  -0.45822164   0.52112577   0.68713490   0.92615565   0.54395493   1.85684127  -1.95711075
  0.59064707  -0.07038313  -0.45821649   0.52112831   0.68714004   0.92616072   0.54395228   1.85684837  -1.95711139
  0.59064657  -0.07038915  -0.45821129   0.52113081   0.68714521   0.92616584   0.54394968   1.85685533  -1.95711177
  0.59064634  -0.07039508  -0.45820606   0.52113325   0.68715043   0.92617101   0.54394713   1.85686215  -1.95711190
  0.59064636  -0.07040091  -0.45820078   0.52113565   0.68715569   0.92617622   0.54394463   1.85686884  -1.95711178
  0.59064665  -0.07040666  -0.45819546   0.52113800   0.68716099   0.92618148   0.54394219   1.85687539  -1.95711140
  0.59064720  -0.07041231  -0.45819011   0.52114031   0.68716633   0.92618677   0.54393979   1.85688180  -1.95711077
  0.59064801  -0.07041786  -0.45818471   0.52114256   0.68717170   0.92619212   0.54393746   1.85688807  -1.95710987
  0.59064910  -0.07042332  -0.45817928   0.52114477   0.68717712   0.92619750   0.54393517   1.85689420  -1.95710871
  0.59065045  -0.07042868  -0.45817380   0.52114693   0.68718258   0.92620293   0.54393295   1.85690019  -1.95710728
  0.59065208  -0.07043393  -0.45816829   0.52114903   0.68718808   0.92620840   0.54393078   1.85690603  -1.95710558
  0.59065398  -0.07043909  -0.45816273   0.52115109   0.68719362   0.92621391   0.54392867   1.85691174  -1.95710361
  0.59065616  -0.07044414  -0.45815714   0.52115310   0.68719920   0.92621947   0.54392662   1.85691730  -1.95710137
  0.59065862  -0.07044909  -0.45815150   0.52115506   0.68720482   0.92622506   0.54392463   1.85692271  -1.95709886
  0.59066136  -0.07045393  -0.45814583   0.52115697   0.68721047   0.92623070   0.54392269   1.85692798  -1.95709606
  0.59066438  -0.07045867  -0.45814011   0.52115882   0.68721617   0.92623638   0.54392082   1.85693309  -1.95709299
  0.59066769  -0.07046330  -0.45813436   0.52116063   0.68722191   0.92624210   0.54391902   1.85693807  -1.95708963
  0.59067128  -0.07046782  -0.45812857   0.52116238   0.68722768   0.92624786   0.54391727   1.85694289  -1.95708599
  0.59067516  -0.07047222  -0.45812273   0.52116409   0.68723350   0.92625366   0.54391559   1.85694756  -1.95708206
  0.59067933  -0.07047652  -0.45811686   0.52116574   0.68723936   0.92625950   0.54391397   1.85695207  -1.95707785
  0.59068379  -0.07048070  -0.45811095   0.52116733   0.68724525   0.92626538   0.54391242   1.85695644  -1.95707334
  0.59068855  -0.07048476  -0.45810500   0.52116888   0.68725118   0.92627130   0.54391093   1.85696065  -1.95706854
  0.59069361  -0.07048871  -0.45809901   0.52117037   0.68725716   0.92627726   0.54390951   1.85696471  -1.95706345
  0.59069896  -0.07049255  -0.45809298   0.52117181   0.68726317   0.92628326   0.54390815   1.85696860  -1.95705806
  0.59070461  -0.07049626  -0.45808691   0.52117319   0.68726922   0.92628930   0.54390687   1.85697234  -1.95705237
  0.59071057  -0.07049986  -0.45808080   0.52117452   0.68727531   0.92629538   0.54390565   1.85697593  -1.95704638
  0.59071683  -0.07050333  -0.45807465   0.52117580   0.68728144   0.92630150   0.54390450   1.85697935  -1.95704009
  0.59072339  -0.07050669  -0.45806846   0.52117702   0.68728760   0.92630765   0.54390342   1.85698261  -1.95703350
  0.59073026  -0.07050992  -0.45806224   0.52117818   0.68729381   0.92631385   0.54390241   1.85698571  -1.95702660
  0.59073744  -0.07051302  -0.45805597   0.52117929   0.68730005   0.92632009   0.54390146   1.85698864  -1.95701939
  0.59074493  -0.07051601  -0.45804967   0.52118035   0.68730634   0.92632636   0.54390060   1.85699141  -1.95701187
  0.59075274  -0.07051886  -0.45804332   0.52118134   0.68731266   0.92633268   0.54389980   1.85699401  -1.95700403
  0.59076086  -0.07052159  -0.45803694   0.52118228   0.68731902   0.92633903   0.54389907   1.85699645  -1.95699589
  0.59076929  -0.07052419  -0.45803052   0.52118316   0.68732542   0.92634542   0.54389842   1.85699872  -1.95698743
  0.59077805  -0.07052666  -0.45802406   0.52118399   0.68733185   0.92635185   0.54389784   1.85700082  -1.95697865
  0.59078712  -0.07052900  -0.45801756   0.52118475   0.68733833   0.92635832   0.54389733   1.85700275  -1.95696956
  0.59079651  -0.07053121  -0.45801102   0.52118546   0.68734484   0.92636483   0.54389690   1.85700450  -1.95696014
  0.59080623  -0.07053329  -0.45800444   0.52118611   0.68735140   0.92637138   0.54389655   1.85700609  -1.95695040
  0.59081627  -0.07053524  -0.45799782   0.52118670   0.68735799   0.92637796   0.54389627   1.85700750  -1.95694034
  0.59082664  -0.07053705  -0.45799117   0.52118723   0.68736461   0.92638458   0.54389606   1.85700873  -1.95692995
  0.59083733  -0.07053872  -0.45798447   0.52118770   0.68737128   0.92639124   0.54389593   1.85700979  -1.95691924
  0.59084836  -0.07054026  -0.45797774   0.52118811   0.68737798   0.92639794   0.54389588   1.85701067  -1.95690820
  0.59085971  -0.07054167  -0.45797097   0.52118846   0.68738473   0.92640468   0.54389591   1.85701138  -1.95689682
  0.59087140  -0.07054293  -0.45796416   0.52118875   0.68739151   0.92641145   0.54389601   1.85701190  -1.95688512
  0.59088342  -0.07054406  -0.45795731   0.52118898   0.68739833   0.92641827   0.54389619   1.85701225  -1.95687308
  0.59089578  -0.07054505  -0.45795042   0.52118914   0.68740518   0.92642512   0.54389646   1.85701241  -1.95686071
  0.59090847  -0.07054590  -0.45794349   0.52118925   0.68741208   0.92643200   0.54389680   1.85701239  -1.95684800
  0.59092151  -0.07054660  -0.45793653   0.52118929   0.68741901   0.92643893   0.54389722   1.85701219  -1.95683496
  0.59093488  -0.07054717  -0.45792952   0.52118927   0.68742598   0.92644589   0.54389772   1.85701180  -1.95682157
  0.59094859  -0.07054759  -0.45792248   0.52118919   0.68743298   0.92645290   0.54389830   1.85701123  -1.95680785
  0.59096265  -0.07054787  -0.45791540   0.52118904   0.68744003   0.92645994   0.54389896   1.85701047  -1.95679378
  0.59097704  -0.07054800  -0.45790828   0.52118883   0.68744711   0.92646701   0.54389970   1.85700953  -1.95677938
  0.59099179  -0.07054799  -0.45790112   0.52118856   0.68745423   0.92647413   0.54390053   1.85700840  -1.95676462
  0.59100688  -0.07054784  -0.45789393   0.52118822   0.68746139   0.92648128   0.54390143   1.85700707  -1.95674952
  0.59102232  -0.07054753  -0.45788670   0.52118782   0.68746858   0.92648847   0.54390242   1.85700556  -1.95673408
  0.59103810  -0.07054708  -0.45787942   0.52118735   0.68747581   0.92649569   0.54390350   1.85700386  -1.95671828
  0.59105424  -0.07054648  -0.45787211   0.52118682   0.68748308   0.92650296   0.54390465   1.85700197  -1.95670214
  0.59107073  -0.07054574  -0.45786477   0.52118623   0.68749039   0.92651026   0.54390589   1.85699988  -1.95668565
  0.59108757  -0.07054484  -0.45785738   0.52118556   0.68749773   0.92651760   0.54390722   1.85699760  -1.95666880
  0.59110476  -0.07054379  -0.45784996   0.52118484   0.68750511   0.92652497   0.54390863   1.85699513  -1.95665161
  0.59112231  -0.07054260  -0.45784249   0.52118404   0.68751253   0.92653239   0.54391012   1.85699246  -1.95663406
  0.59114021  -0.07054125  -0.45783499   0.52118319   0.68751999   0.92653984   0.54391170   1.85698959  -1.95661615
  0.59115847  -0.07053975  -0.45782745   0.52118226   0.68752748   0.92654732   0.54391336   1.85698653  -1.95659789
  0.59117709  -0.07053809  -0.45781988   0.52118127   0.68753501   0.92655485   0.54391511   1.85698328  -1.95657927
  0.59119607  -0.07053629  -0.45781226   0.52118021   0.68754258   0.92656241   0.54391695   1.85697982  -1.95656030
  0.59121540  -0.07053433  -0.45780461   0.52117909   0.68755018   0.92657000   0.54391887   1.85697617  -1.95654096
  0.59123510  -0.07053222  -0.45779692   0.52117789   0.68755782   0.92657764   0.54392088   1.85697232  -1.95652127
  0.59125515  -0.07052995  -0.45778920   0.52117664   0.68756550   0.92658531   0.54392297   1.85696827  -1.95650122
  0.59127557  -0.07052753  -0.45778143   0.52117531   0.68757321   0.92659302   0.54392515   1.85696402  -1.95648081
  0.59129635  -0.07052495  -0.45777363   0.52117392   0.68758096   0.92660076   0.54392742   1.85695956  -1.95646003
  0.59131749  -0.07052221  -0.45776579   0.52117245   0.68758875   0.92660854   0.54392978   1.85695491  -1.95643889
  0.59133900  -0.07051932  -0.45775791   0.52117092   0.68759657   0.92661636   0.54393222   1.85695006  -1.95641739
  0.59136087  -0.07051627  -0.45774999   0.52116933   0.68760443   0.92662421   0.54393475   1.85694500  -1.95639553
  0.59138311  -0.07051307  -0.45774204   0.52116766   0.68761233   0.92663210   0.54393737   1.85693974  -1.95637330
  0.59140571  -0.07050971  -0.45773405   0.52116593   0.68762026   0.92664003   0.54394008   1.85693428  -1.95635071
  0.59142868  -0.07050619  -0.45772602   0.52116412   0.68762823   0.92664799   0.54394288   1.85692861  -1.95632775
  0.59145201  -0.07050251  -0.45771796   0.52116225   0.68763624   0.92665599   0.54394576   1.85692274  -1.95630442
  0.59147572  -0.07049867  -0.45770985   0.52116031   0.68764428   0.92666403   0.54394874   1.85691667  -1.95628073
  0.59149979  -0.07049468  -0.45770171   0.52115831   0.68765236   0.92667210   0.54395180   1.85691039  -1.95625668
  0.59152423  -0.07049052  -0.45769354   0.52115623   0.68766048   0.92668021   0.54395495   1.85690390  -1.95623225
  0.59154904  -0.07048621  -0.45768532   0.52115408   0.68766863   0.92668836   0.54395819   1.85689721  -1.95620746
