  0.41770000   0.46580000  -1.27409998  -0.43300002   2.09289988   0.69140020   0.43859999   1.64319991  -1.13520003
  0.41770001   0.46580001  -1.27409986  -0.43300016   2.09289897   0.69140172   0.43859993   1.64319921  -1.13520026
  0.41770002   0.46580004  -1.27409949  -0.43300059   2.09289617   0.69140637   0.43859973   1.64319712  -1.13520095
  0.41770005   0.46580009  -1.27409870  -0.43300144   2.09289019   0.69141628   0.43859921   1.64319275  -1.13520244
  0.41770010   0.46580017  -1.27409732  -0.43300281   2.09287964   0.69143368   0.43859815   1.64318521  -1.13520508
  0.41770017   0.46580026  -1.27409519  -0.43300478   2.09286305   0.69146096   0.43859631   1.64317364  -1.13520927
  0.41770027   0.46580035  -1.27409215  -0.43300737   2.09283892   0.69150049   0.43859338   1.64315721  -1.13521543
  0.41770040   0.46580041  -1.27408807  -0.43301053   2.09280580   0.69155453   0.43858907   1.64313519  -1.13522397
  0.41770057   0.46580042  -1.27408282  -0.43301414   2.09276224   0.69162541   0.43858307   1.64310690  -1.13523536
  0.41770077   0.46580033  -1.27407632  -0.43301798   2.09270680   0.69171532   0.43857508   1.64307175  -1.13525013
  0.41770100   0.46580008  -1.27406850  -0.43302178   2.09263813   0.69182638   0.43856481   1.64302923  -1.13526879
  0.41770127   0.46579960  -1.27405933  -0.43302514   2.09255491   0.69196060   0.43855194   1.64297895  -1.13529191
  0.41770157   0.46579882  -1.27404881  -0.43302761   2.09245591   0.69211984   0.43853619   1.64292064  -1.13532006
  0.41770190   0.46579764  -1.27403697  -0.43302862   2.09234000   0.69230577   0.43851726   1.64285417  -1.13535384
  0.41770225   0.46579597  -1.27402387  -0.43302752   2.09220605   0.69252003   0.43849485   1.64277948  -1.13539388
  0.41770263   0.46579368  -1.27400958  -0.43302360   2.09205291   0.69276434   0.43846869   1.64269651  -1.13544087
  0.41770303   0.46579066  -1.27399420  -0.43301608   2.09187940   0.69304039   0.43843852   1.64260527  -1.13549554
  0.41770343   0.46578676  -1.27397785  -0.43300409   2.09168440   0.69334983   0.43840408   1.64250583  -1.13555866
  0.41770385   0.46578184  -1.27396068  -0.43298669   2.09146673   0.69369434   0.43836513   1.64239826  -1.13563107
  0.41770428   0.46577573  -1.27394285  -0.43296285   2.09122525   0.69407556   0.43832147   1.64228274  -1.13571361
  0.41770470   0.46576827  -1.27392458  -0.43293147   2.09095895   0.69449491   0.43827290   1.64215955  -1.13580718
  0.41770512   0.46575925  -1.27390610  -0.43289135   2.09066677   0.69495385   0.43821924   1.64202901  -1.13591269
  0.41770553   0.46574849  -1.27388765  -0.43284127   2.09034763   0.69545386   0.43816035   1.64189147  -1.13603112
  0.41770592   0.46573577  -1.27386950  -0.43277990   2.09000047   0.69599641   0.43809607   1.64174731  -1.13616347
  0.41770630   0.46572086  -1.27385195  -0.43270590   2.08962422   0.69658293   0.43802626   1.64159697  -1.13631077
  0.41770666   0.46570353  -1.27383530  -0.43261782   2.08921782   0.69721487   0.43795083   1.64144090  -1.13647410
  0.41770699   0.46568352  -1.27381988  -0.43251418   2.08878017   0.69789370   0.43786969   1.64127960  -1.13665459
  0.41770730   0.46566059  -1.27380604  -0.43239344   2.08831018   0.69862087   0.43778278   1.64111353  -1.13685339
  0.41770759   0.46563444  -1.27379414  -0.43225401   2.08780678   0.69939784   0.43769007   1.64094323  -1.13707170
  0.41770784   0.46560481  -1.27378456  -0.43209424   2.08726889   0.70022602   0.43759155   1.64076926  -1.13731073
  0.41770808   0.46557138  -1.27377771  -0.43191243   2.08669553   0.70110665   0.43748723   1.64059226  -1.13757171
  0.41770828   0.46553384  -1.27377402  -0.43170686   2.08608570   0.70204098   0.43737714   1.64041291  -1.13785588
  0.41770847   0.46549188  -1.27377392  -0.43147575   2.08543841   0.70303026   0.43726133   1.64023187  -1.13816451
  0.41770864   0.46544515  -1.27377785  -0.43121731   2.08475262   0.70407579   0.43713989   1.64004980  -1.13849891
  0.41770879   0.46539332  -1.27378627  -0.43092974   2.08402734   0.70517881   0.43701291   1.63986736  -1.13886038
  0.41770894   0.46533602  -1.27379965  -0.43061120   2.08326157   0.70634053   0.43688052   1.63968525  -1.13925026
  0.41770910   0.46527288  -1.27381845  -0.43025982   2.08245434   0.70756209   0.43674284   1.63950419  -1.13966986
  0.41770927   0.46520352  -1.27384317  -0.42987373   2.08160475   0.70884453   0.43660004   1.63932493  -1.14012052
  0.41770946   0.46512756  -1.27387430  -0.42945105   2.08071192   0.71018884   0.43645229   1.63914824  -1.14060357
  0.41770970   0.46504458  -1.27391234  -0.42898987   2.07977499   0.71159594   0.43629981   1.63897490  -1.14112033
  0.41770998   0.46495419  -1.27395780  -0.42848831   2.07879314   0.71306672   0.43614282   1.63880566  -1.14167214
  0.41771034   0.46485594  -1.27401117  -0.42794449   2.07776555   0.71460201   0.43598157   1.63864131  -1.14226033
  0.41771079   0.46474942  -1.27407296  -0.42735653   2.07669146   0.71620257   0.43581634   1.63848261  -1.14288620
  0.41771135   0.46463418  -1.27414368  -0.42672259   2.07557011   0.71786912   0.43564744   1.63833031  -1.14355107
  0.41771205   0.46450976  -1.27422382  -0.42604082   2.07440078   0.71960232   0.43547520   1.63818514  -1.14425625
  0.41771291   0.46437572  -1.27431388  -0.42530942   2.07318278   0.72140278   0.43529995   1.63804783  -1.14500301
  0.41771396   0.46423157  -1.27441433  -0.42452662   2.07191543   0.72327108   0.43512206   1.63791907  -1.14579262
  0.41771522   0.46407685  -1.27452565  -0.42369068   2.07059809   0.72520771   0.43494190   1.63779953  -1.14662634
  0.41771674   0.46391106  -1.27464830  -0.42279988   2.06923017   0.72721307   0.43475982   1.63768991  -1.14750538
  0.41771854   0.46373372  -1.27478272  -0.42185256   2.06781113   0.72928746   0.43457622   1.63759088  -1.14843092
  0.41772067   0.46354433  -1.27492935  -0.42084712   2.06634043   0.73143120   0.43439149   1.63750304  -1.14940414
  0.41772315   0.46334236  -1.27508858  -0.41978200   2.06481754   0.73364453   0.43420604   1.63742698  -1.15042617
  0.41772603   0.46312732  -1.27526081  -0.41865572   2.06324196   0.73592768   0.43402030   1.63736322  -1.15149812
  0.41772936   0.46289867  -1.27544641  -0.41746683   2.06161326   0.73828075   0.43383471   1.63731227  -1.15262107
  0.41773318   0.46265590  -1.27564572  -0.41621396   2.05993102   0.74070381   0.43364972   1.63727457  -1.15379604
  0.41773754   0.46239845  -1.27585906  -0.41489583   2.05819485   0.74319688   0.43346580   1.63725055  -1.15502404
  0.41774249   0.46212580  -1.27608671  -0.41351119   2.05640438   0.74575989   0.43328342   1.63724056  -1.15630604
  0.41774808   0.46183739  -1.27632895  -0.41205888   2.05455932   0.74839271   0.43310307   1.63724493  -1.15764296
  0.41775436   0.46153267  -1.27658600  -0.41053782   2.05265939   0.75109514   0.43292525   1.63726393  -1.15903570
  0.41776140   0.46121108  -1.27685807  -0.40894701   2.05070436   0.75386691   0.43275049   1.63729779  -1.16048508
  0.41776925   0.46087205  -1.27714532  -0.40728550   2.04869407   0.75670761   0.43257929   1.63734670  -1.16199190
  0.41777797   0.46051501  -1.27744791  -0.40555245   2.04662842   0.75961673   0.43241218   1.63741086  -1.16355688
  0.41778762   0.46013938  -1.27776593  -0.40374711   2.04450731   0.76259372   0.43224966   1.63749038  -1.16518069
  0.41779828   0.45974457  -1.27809944  -0.40186879   2.04233072   0.76563794   0.43209222   1.63758535  -1.16686395
  0.41781000   0.45932999  -1.27844847  -0.39991693   2.04009866   0.76874860   0.43194035   1.63769583  -1.16860720
  0.41782285   0.45889504  -1.27881302  -0.39789102   2.03781123   0.77192484   0.43179454   1.63782189  -1.17041091
  0.41783691   0.45843912  -1.27919302  -0.39579066   2.03546854   0.77516567   0.43165528   1.63796349  -1.17227553
  0.41785224   0.45796162  -1.27958839  -0.39361553   2.03307076   0.77847011   0.43152306   1.63812058  -1.17420143
  0.41786893   0.45746191  -1.27999900  -0.39136540   2.03061808   0.78183706   0.43139840   1.63829302  -1.17618894
  0.41788704   0.45693937  -1.28042465  -0.38904013   2.02811069   0.78526546   0.43128180   1.63848060  -1.17823836
  0.41790665   0.45639339  -1.28086511  -0.38663970   2.02554876   0.78875423   0.43117375   1.63868301  -1.18034990
  0.41792784   0.45582332  -1.28132011  -0.38416419   2.02293250   0.79230224   0.43107475   1.63889992  -1.18252375
  0.41795069   0.45522851  -1.28178930  -0.38161375   2.02026216   0.79590827   0.43098529   1.63913093  -1.18476000
  0.41797529   0.45460833  -1.28227232  -0.37898866   2.01753800   0.79957106   0.43090588   1.63937559  -1.18705871
  0.41800172   0.45396211  -1.28276876  -0.37628923   2.01476040   0.80328916   0.43083701   1.63963347  -1.18941985
  0.41803005   0.45328918  -1.28327817  -0.37351590   2.01192978   0.80706102   0.43077918   1.63990410  -1.19184334
  0.41806039   0.45258887  -1.28380006  -0.37066911   2.00904668   0.81088488   0.43073290   1.64018705  -1.19432902
  0.41809281   0.45186049  -1.28433389  -0.36774947   2.00611160   0.81475905   0.43069867   1.64048177  -1.19687669
  0.41812740   0.45110336  -1.28487907  -0.36475762   2.00312509   0.81868170   0.43067699   1.64078773  -1.19948609
  0.41816426   0.45031675  -1.28543500  -0.36169430   2.00008783   0.82265080   0.43066840   1.64110439  -1.20215685
  0.41820347   0.44949996  -1.28600100  -0.35856035   1.99700041   0.82666443   0.43067338   1.64143113  -1.20488859
  0.41824513   0.44865227  -1.28657632  -0.35535665   1.99386344   0.83072063   0.43069239   1.64176728  -1.20768087
  0.41828933   0.44777295  -1.28716020  -0.35208422   1.99067751   0.83481743   0.43072588   1.64211214  -1.21053320
  0.41833616   0.44686124  -1.28775181  -0.34874410   1.98744324   0.83895282   0.43077431   1.64246494  -1.21344501
  0.41838573   0.44591640  -1.28835028  -0.34533743   1.98416130   0.84312465   0.43083811   1.64282495  -1.21641568
  0.41843812   0.44493766  -1.28895470  -0.34186543   1.98083234   0.84733081   0.43091775   1.64319136  -1.21944456
  0.41849345   0.44392424  -1.28956412  -0.33832937   1.97745704   0.85156909   0.43101370   1.64356334  -1.22253091
  0.41855180   0.44287534  -1.29017753  -0.33473058   1.97403605   0.85583733   0.43112637   1.64394002  -1.22567400
  0.41861329   0.44179016  -1.29079390  -0.33107044   1.97057006   0.86013331   0.43125621   1.64432051  -1.22887305
  0.41867801   0.44066788  -1.29141215  -0.32735040   1.96705970   0.86445485   0.43140367   1.64470385  -1.23212722
  0.41874608   0.43950767  -1.29203113  -0.32357195   1.96350562   0.86879976   0.43156918   1.64508905  -1.23543566
  0.41881759   0.43830868  -1.29264971  -0.31973666   1.95990847   0.87316576   0.43175318   1.64547513  -1.23879746
  0.41889266   0.43707005  -1.29326668  -0.31584611   1.95626897   0.87755052   0.43195613   1.64586111  -1.24221166
  0.41897140   0.43579088  -1.29388082  -0.31190196   1.95258783   0.88195157   0.43217841   1.64624606  -1.24567724
  0.41905392   0.43447028  -1.29449090  -0.30790585   1.94886585   0.88636635   0.43242040   1.64662907  -1.24919312
  0.41914034   0.43310732  -1.29509563  -0.30385949   1.94510385   0.89079221   0.43268251   1.64700925  -1.25275820
  0.41923079   0.43170107  -1.29569374  -0.29976460   1.94130266   0.89522643   0.43296511   1.64738573  -1.25637133
  0.41932537   0.43025054  -1.29628391  -0.29562291   1.93746317   0.89966624   0.43326861   1.64775764  -1.26003136
  0.41942422   0.42875476  -1.29686481  -0.29143613   1.93358634   0.90410868   0.43359337   1.64812421  -1.26373709
  0.41952746   0.42721272  -1.29743508  -0.28720602   1.92967300   0.90855104   0.43393974   1.64848451  -1.26748737
  0.41963522   0.42562339  -1.29799332  -0.28293438   1.92572386   0.91299078   0.43430808   1.64883753  -1.27128102
  0.41974763   0.42398574  -1.29853809  -0.27862307   1.92173958   0.91742542   0.43469873   1.64918222  -1.27511685
  0.41986484   0.42229870  -1.29906794  -0.27427396   1.91772078   0.92185249   0.43511199   1.64951754  -1.27899366
  0.41998698   0.42056117  -1.29958142  -0.26988889   1.91366817   0.92626936   0.43554814   1.64984251  -1.28291021
  0.42011420   0.41877203  -1.30007705  -0.26546973   1.90958242   0.93067348   0.43600746   1.65015612  -1.28686528
  0.42024666   0.41693015  -1.30055336  -0.26101838   1.90546411   0.93506242   0.43649024   1.65045728  -1.29085764
  0.42038450   0.41503436  -1.30100884  -0.25653673   1.90131379   0.93943374   0.43699677   1.65074491  -1.29488608
  0.42052791   0.41308346  -1.30144201  -0.25202665   1.89713207   0.94378503   0.43752735   1.65101791  -1.29894942
  0.42067704   0.41107622  -1.30185141  -0.24748999   1.89291961   0.94811368   0.43808231   1.65127528  -1.30304644
  0.42083206   0.40901138  -1.30223558  -0.24292859   1.88867710   0.95241705   0.43866190   1.65151603  -1.30717593
  0.42099316   0.40688767  -1.30259302  -0.23834428   1.88440515   0.95669261   0.43926628   1.65173916  -1.31133668
  0.42116052   0.40470375  -1.30292228  -0.23373891   1.88010435   0.96093784   0.43989557   1.65194369  -1.31552747
  0.42133434   0.40245827  -1.30322187  -0.22911430   1.87577530   0.96515023   0.44054983   1.65212863  -1.31974710
  0.42151481   0.40014986  -1.30349037  -0.22447228   1.87141857   0.96932727   0.44122909   1.65229299  -1.32399437
  0.42170215   0.39777710  -1.30372632  -0.21981466   1.86703476   0.97346645   0.44193335   1.65243581  -1.32826807
  0.42189656   0.39533851  -1.30392833  -0.21514323   1.86262443   0.97756527   0.44266261   1.65255611  -1.33256705
  0.42209828   0.39283263  -1.30409502  -0.21045977   1.85818815   0.98162126   0.44341684   1.65265290  -1.33689014
  0.42230754   0.39025790  -1.30422504  -0.20576604   1.85372662   0.98563175   0.44419600   1.65272528  -1.34123618
  0.42252458   0.38761276  -1.30431713  -0.20106369   1.84924063   0.98959391   0.44499997   1.65277247  -1.34560403
  0.42274965   0.38489558  -1.30437000  -0.19635439   1.84473090   0.99350512   0.44582859   1.65279358  -1.34999260
  0.42298302   0.38210471  -1.30438243  -0.19163982   1.84019802   0.99736292   0.44668166   1.65278762  -1.35440085
  0.42322495   0.37923848  -1.30435317  -0.18692173   1.83564239   1.00116526   0.44755900   1.65275342  -1.35882776
  0.42347573   0.37629515  -1.30428106  -0.18220182   1.83106441   1.00491008   0.44846036   1.65268981  -1.36327238
  0.42373567   0.37327294  -1.30416497  -0.17748180   1.82646458   1.00859517   0.44938550   1.65259569  -1.36773371
  0.42400507   0.37017004  -1.30400386  -0.17276332   1.82184345   1.01221829   0.45033412   1.65246997  -1.37221081
  0.42428426   0.36698456  -1.30379676  -0.16804804   1.81720160   1.01577718   0.45130600   1.65231154  -1.37670275
  0.42457357   0.36371459  -1.30354273  -0.16333755   1.81253967   1.01926957   0.45230082   1.65211932  -1.38120865
  0.42487335   0.36035816  -1.30324093  -0.15863348   1.80785818   1.02269342   0.45331820   1.65189210  -1.38572770
  0.42518396   0.35691325  -1.30289051  -0.15393749   1.80315753   1.02604694   0.45435778   1.65162855  -1.39025909
  0.42550578   0.35337782  -1.30249076  -0.14925122   1.79843814   1.02932835   0.45541918   1.65132728  -1.39480208
  0.42583920   0.34974974  -1.30204103  -0.14457631   1.79370057   1.03253569   0.45650211   1.65098703  -1.39935592
  0.42618464   0.34602682  -1.30154077  -0.13991433   1.78894547   1.03566694   0.45760613   1.65060652  -1.40391988
  0.42654252   0.34220685  -1.30098951  -0.13526689   1.78417340   1.03872026   0.45873074   1.65018440  -1.40849331
  0.42691326   0.33828753  -1.30038684  -0.13063557   1.77938492   1.04169391   0.45987539   1.64971927  -1.41307553
  0.42729734   0.33426654  -1.29973244  -0.12602205   1.77458052   1.04458629   0.46103952   1.64920961  -1.41766593
  0.42769522   0.33014145  -1.29902610  -0.12142798   1.76976076   1.04739572   0.46222255   1.64865395  -1.42226385
  0.42810739   0.32590982  -1.29826775  -0.11685498   1.76492642   1.05012029   0.46342389   1.64805091  -1.42686866
  0.42853436   0.32156910  -1.29745740  -0.11230467   1.76007831   1.05275806   0.46464292   1.64739911  -1.43147973
  0.42897666   0.31711669  -1.29659520  -0.10777867   1.75521729   1.05530707   0.46587897   1.64669713  -1.43609645
  0.42943482   0.31254994  -1.29568139  -0.10327865   1.75034425   1.05776539   0.46713137   1.64594356  -1.44071820
  0.42990942   0.30786610  -1.29471634  -0.09880626   1.74546009   1.06013117   0.46839944   1.64513691  -1.44534440
  0.43040103   0.30306240  -1.29370051  -0.09436323   1.74056566   1.06240266   0.46968246   1.64427563  -1.44997449
  0.43091025   0.29813596  -1.29263451  -0.08995132   1.73566185   1.06457814   0.47097973   1.64335815  -1.45460788
  0.43143772   0.29308384  -1.29151906  -0.08557231   1.73074963   1.06665579   0.47229056   1.64238292  -1.45924399
  0.43198408   0.28790305  -1.29035502  -0.08122804   1.72582989   1.06863398   0.47361427   1.64134827  -1.46388225
  0.43254998   0.28259050  -1.28914337  -0.07692038   1.72090357   1.07051113   0.47495013   1.64025252  -1.46852212
  0.43313612   0.27714304  -1.28788521  -0.07265123   1.71597158   1.07228571   0.47629742   1.63909395  -1.47316307
  0.43374320   0.27155745  -1.28658177  -0.06842255   1.71103479   1.07395636   0.47765540   1.63787075  -1.47780460
  0.43437194   0.26583044  -1.28523442  -0.06423633   1.70609406   1.07552179   0.47902336   1.63658107  -1.48244622
  0.43502310   0.25995863  -1.28384464  -0.06009466   1.70115016   1.07698092   0.48040059   1.63522295  -1.48708748
  0.43569743   0.25393856  -1.28241410  -0.05599958   1.69620406   1.07833242   0.48178644   1.63379459  -1.49172793
  0.43639571   0.24776668  -1.28094465  -0.05195305   1.69125711   1.07957435   0.48318039   1.63229442  -1.49636710
  0.43711876   0.24143936  -1.27943825  -0.04795717   1.68631039   1.08070527   0.48458182   1.63072071  -1.50100454
  0.43786740   0.23495291  -1.27789695  -0.04401419   1.68136470   1.08172421   0.48599005   1.62907149  -1.50563985
  0.43864247   0.22830355  -1.27632292  -0.04012644   1.67642075   1.08263035   0.48740440   1.62734477  -1.51027262
  0.43944482   0.22148742  -1.27471849  -0.03629626   1.67147931   1.08342281   0.48882423   1.62553861  -1.51490247
  0.44027535   0.21450058  -1.27308611  -0.03252603   1.66654111   1.08410082   0.49024889   1.62365106  -1.51952907
  0.44113484   0.20733959  -1.27142700  -0.02881938   1.66160359   1.08466784   0.49167749   1.62167843  -1.52415238
  0.44202352   0.20000446  -1.26973464  -0.02518566   1.65664838   1.08514690   0.49310898   1.61960894  -1.52877414
  0.44294040   0.19250105  -1.26799030  -0.02164050   1.65164082   1.08557775   0.49454599   1.61742440  -1.53339907
  0.44388367   0.18483951  -1.26616660  -0.01820543   1.64653455   1.08601157   0.49599675   1.61510221  -1.53803369
  0.44485080   0.17703248  -1.26423138  -0.01490207   1.64128412   1.08649354   0.49747133   1.61262345  -1.54268533
  0.44583887   0.16909376  -1.26215009  -0.01175195   1.63584524   1.08706390   0.49897943   1.60997254  -1.54736127
  0.44684470   0.16103758  -1.25988769  -0.00877508   1.63017981   1.08775076   0.50053197   1.60714035  -1.55206816
  0.44786497   0.15287790  -1.25741009  -0.00598894   1.62425709   1.08856995   0.50213972   1.60412414  -1.55681216
  0.44889633   0.14462794  -1.25468505  -0.00340762   1.61805560   1.08952309   0.50381334   1.60092825  -1.56159902
  0.44993543   0.13629994  -1.25168302  -0.00104216   1.61156336   1.09059826   0.50556325   1.59756339  -1.56643379
  0.45097915   0.12790496  -1.24837756   0.00109776   1.60477600   1.09177377   0.50739957   1.59404444  -1.57132034
  0.45202443   0.11945358  -1.24474370   0.00300332   1.59769282   1.09302366   0.50933225   1.59038837  -1.57626270
  0.45306841   0.11095677  -1.24075611   0.00466103   1.59030437   1.09433688   0.51137016   1.58660549  -1.58126569
  0.45410830   0.10242670  -1.23638744   0.00605167   1.58258970   1.09572011   0.51352194   1.58269873  -1.58633552
  0.45514125   0.09387770  -1.23160605   0.00714774   1.57451036   1.09720496   0.51579421   1.57866096  -1.59147984
  0.45616466   0.08532619  -1.22637851   0.00791053   1.56600816   1.09885699   0.51819356   1.57446974  -1.59670866
  0.45717773   0.07678196  -1.22069729   0.00831078   1.55707023   1.10070353   0.52074406   1.57011340  -1.60203301
  0.45818125   0.06824752  -1.21457963   0.00833235   1.54773423   1.10272034   0.52348025   1.56559837  -1.60746183
  0.45917724   0.05972040  -1.20805914   0.00796749   1.53806297   1.10486329   0.52643332   1.56093756  -1.61300281
  0.46016857   0.05119634  -1.20117687   0.00720671   1.52811917   1.10710001   0.52962742   1.55613715  -1.61866314
  0.46115834   0.04267108  -1.19397694   0.00604201   1.51796814   1.10939970   0.53308106   1.55120297  -1.62445006
  0.46214956   0.03414119  -1.18650274   0.00446753   1.50766989   1.11173775   0.53680912   1.54614174  -1.63037247
  0.46314577   0.02560520  -1.17879206   0.00246223   1.49724080   1.11415217   0.54080436   1.54093528  -1.63643777
  0.46415057   0.01706259  -1.17087870   0.00000107   1.48667480   1.11670752   0.54504394   1.53555819  -1.64265195
  0.46516690   0.00851333  -1.16279373  -0.00293394   1.47597752   1.11944261   0.54950468   1.52999893  -1.64901995
  0.46619692  -0.00003955  -1.15455933  -0.00636122   1.46514294   1.12240386   0.55416305   1.52424658  -1.65555000
  0.46724201  -0.00859019  -1.14618925  -0.01030150   1.45415354   1.12564606   0.55899415   1.51828943  -1.66225264
  0.46830355  -0.01713601  -1.13770152  -0.01475992   1.44302107   1.12917298   0.56398541   1.51214172  -1.66913774
  0.46938352  -0.02567726  -1.12911954  -0.01972412   1.43175391   1.13300356   0.56914788   1.50581799  -1.67623579
  0.47048422  -0.03421552  -1.12046799  -0.02517024   1.42034922   1.13717741   0.57450793   1.49933120  -1.68359269
  0.47160816  -0.04275227  -1.11177003  -0.03107144   1.40878917   1.14175157   0.58009964   1.49269453  -1.69126064
  0.47275775  -0.05128977  -1.10305284  -0.03738816   1.39708098   1.14674682   0.58597607   1.48594035  -1.69929495
  0.47393590  -0.05983018  -1.09435406  -0.04406666   1.38523977   1.15220859   0.59223042   1.47909101  -1.70778051
  0.47514517  -0.06837508  -1.08570922  -0.05103107   1.37328096   1.15817385   0.59899964   1.47219152  -1.71682493
  0.47638887  -0.07692466  -1.07716194  -0.05821892   1.36121286   1.16472092   0.60639989   1.46525914  -1.72653256
  0.47766952  -0.08547715  -1.06875113  -0.06557380   1.34906637   1.17188792   0.61452030   1.45832227  -1.73698675
  0.47898908  -0.09402845  -1.06050958  -0.07305237   1.33686902   1.17969825   0.62340957   1.45141526  -1.74824196
  0.48035129  -0.10257717  -1.05249091  -0.08060291   1.32465419   1.18816963   0.63314548   1.44459069  -1.76035092
  0.48175971  -0.11112342  -1.04474161  -0.08818826   1.31244547   1.19729678   0.64373148   1.43790774  -1.77331643
  0.48321744  -0.11966810  -1.03730680  -0.09577425   1.30025446   1.20703775   0.65510352   1.43144965  -1.78708150
  0.48472626  -0.12821292  -1.03023379  -0.10328237   1.28808130   1.21729218   0.66717243   1.42536143  -1.80154445
  0.48628894  -0.13675905  -1.02357205  -0.11066481   1.27591560   1.22799605   0.67981902   1.41974260  -1.81658276
  0.48790855  -0.14530796  -1.01736622  -0.11790456   1.26376653   1.23903774   0.69291189   1.41468909  -1.83203669
  0.48958613  -0.15385986  -1.01164318  -0.12496997   1.25166081   1.25020772   0.70632627   1.41034878  -1.84771133
  0.49132411  -0.16241176  -1.00642773  -0.13188257   1.23952779   1.26150747   0.71987237   1.40673225  -1.86342513
  0.49312492  -0.17096304  -1.00174889  -0.13858038   1.22733255   1.27296379   0.73353832   1.40386547  -1.87913218
  0.49499148  -0.17951532  -0.99764561  -0.14499008   1.21511728   1.28454150   0.74735114   1.40177333  -1.89480615
  0.49692574  -0.18806700  -0.99414179  -0.15105997   1.20291831   1.29620303   0.76131911   1.40046957  -1.91041031
  0.49892926  -0.19661710  -0.99125001  -0.15675505   1.19076145   1.30791546   0.77541062   1.39994781  -1.92589047
  0.50100374  -0.20516632  -0.98897903  -0.16205081   1.17867608   1.31962684   0.78959535   1.40020513  -1.94118456
  0.50315060  -0.21371588  -0.98733093  -0.16693407   1.16668178   1.33129645   0.80381838   1.40121909  -1.95622311
  0.50537112  -0.22226683  -0.98630250  -0.17138488   1.15478879   1.34290419   0.81805778   1.40296860  -1.97096679
  0.50766645  -0.23081917  -0.98588819  -0.17538869   1.14300964   1.35441222   0.83232423   1.40545363  -1.98538267
  0.51003730  -0.23937084  -0.98607771  -0.17894432   1.13134978   1.36578056   0.84662946   1.40867749  -1.99943247
  0.51248405  -0.24792082  -0.98685884  -0.18206791   1.11981687   1.37695745   0.86093194   1.41262052  -2.01304476
  0.51500730  -0.25646925  -0.98821944  -0.18478528   1.10840173   1.38792196   0.87516687   1.41723599  -2.02614626
  0.51760776  -0.26501696  -0.99014741  -0.18710623   1.09709246   1.39866961   0.88931482   1.42248910  -2.03870036
  0.52028647  -0.27356533  -0.99263429  -0.18904102   1.08588175   1.40918802   0.90338624   1.42836043  -2.05068065
  0.52304415  -0.28211580  -0.99567074  -0.19059342   1.07477672   1.41945256   0.91740214   1.43483614  -2.06207001
  0.52588137  -0.29066815  -0.99924654  -0.19177186   1.06377972   1.42943952   0.93140122   1.44191417  -2.07285595
  0.52879816  -0.29921969  -1.00334725  -0.19259753   1.05287963   1.43913731   0.94540508   1.44958249  -2.08301664
  0.53179427  -0.30776886  -1.00795685  -0.19310370   1.04206543   1.44852697   0.95938952   1.45780468  -2.09250389
  0.53486858  -0.31631416  -1.01305028  -0.19332445   1.03131878   1.45758456   0.97331597   1.46654161  -2.10126287
  0.53801937  -0.32485228  -1.01859363  -0.19328692   1.02060422   1.46629919   0.98719744   1.47578644  -2.10926784
  0.54124398  -0.33338027  -1.02454658  -0.19302389   1.00989494   1.47463744   1.00102477   1.48552487  -2.11647712
  0.54453889  -0.34189536  -1.03086501  -0.19258865   0.99916723   1.48255492   1.01474928   1.49571548  -2.12282521
  0.54790070  -0.35039409  -1.03750504  -0.19202185   0.98839519   1.49005599   1.02834172   1.50630171  -2.12829477
  0.55132627  -0.35887441  -1.04442640  -0.19135969   0.97756273   1.49712072   1.04179137   1.51724585  -2.13286385
  0.55481275  -0.36733330  -1.05159106  -0.19064433   0.96663970   1.50376086   1.05510874   1.52851171  -2.13653102
  0.55835735  -0.37576682  -1.05896604  -0.18992563   0.95560656   1.51000187   1.06833312   1.54006594  -2.13932045
  0.56195730  -0.38417231  -1.06652409  -0.18926355   0.94445980   1.51584578   1.08149537   1.55187108  -2.14124093
  0.56560928  -0.39254688  -1.07424717  -0.18876183   0.93320427   1.52128227   1.09461461   1.56386978  -2.14227809
  0.56931013  -0.40088870  -1.08211898  -0.18851958   0.92184910   1.52632202   1.10767265   1.57596977  -2.14242755
  0.57305754  -0.40919475  -1.09012245  -0.18859989   0.91039134   1.53101507   1.12071969   1.58812336  -2.14174162
  0.57684949  -0.41746264  -1.09824048  -0.18904201   0.89883657   1.53540269   1.13383389   1.60031180  -2.14028715
  0.58068437  -0.42569073  -1.10645828  -0.18987823   0.88718945   1.53952239   1.14709946   1.61252739  -2.13812757
  0.58456078  -0.43387833  -1.11476682  -0.19115972   0.87544848   1.54341648   1.16056830   1.62473765  -2.13530659
  0.58847646  -0.44202517  -1.12315604  -0.19294560   0.86363174   1.54709804   1.17428060   1.63690568  -2.13185593
  0.59242539  -0.45013166  -1.13161441  -0.19529798   0.85175148   1.55058184   1.18826670   1.64898708  -2.12780216
  0.59638665  -0.45820407  -1.14012980  -0.19824887   0.83981516   1.55385858   1.20255298   1.66093832  -2.12314924
  0.60032842  -0.46625494  -1.14869019  -0.20179764   0.82782955   1.55689256   1.21714749   1.67271067  -2.11787788
  0.60420493  -0.47430485  -1.15728439  -0.20592088   0.81579755   1.55963812   1.23204315   1.68424064  -2.11195920
  0.60796394  -0.48237525  -1.16590187  -0.21058069   0.80372568   1.56203305   1.24721733   1.69545532  -2.10535213
  0.61155893  -0.49048244  -1.17452961  -0.21573080   0.79162398   1.56400725   1.26263924   1.70628755  -2.09801480
