  0.41770043   0.46579927  -1.27410017  -0.43299994   2.09290046   0.69139863   0.43859993   1.64320030  -1.13520013
  0.41770347   0.46579438  -1.27410115  -0.43299966   2.09290215   0.69139161   0.43859930   1.64320146  -1.13520143
  0.41771164   0.46578212  -1.27410307  -0.43299928   2.09290057   0.69138341   0.43859690   1.64320090  -1.13520672
  0.41772709   0.46576008  -1.27410641  -0.43299737   2.09289097   0.69137931   0.43859113   1.64319756  -1.13521932
  0.41775150   0.46572617  -1.27411219  -0.43299110   2.09287065   0.69138153   0.43858053   1.64319273  -1.13524238
  0.41778634   0.46567834  -1.27412132  -0.43297727   2.09283735   0.69139185   0.43856417   1.64318764  -1.13527922
  0.41783313   0.46561445  -1.27413378  -0.43295217   2.09278821   0.69141283   0.43854172   1.64318252  -1.13533461
  0.41789366   0.46553210  -1.27414883  -0.43291279   2.09272051   0.69144603   0.43851190   1.64317762  -1.13541296
  0.41796998   0.46542857  -1.27416579  -0.43285740   2.09263181   0.69149219   0.43847254   1.64317318  -1.13551754
  0.41806437   0.46530094  -1.27418452  -0.43278530   2.09251996   0.69155184   0.43842189   1.64316882  -1.13565084
  0.41817912   0.46514621  -1.27420557  -0.43269628   2.09238308   0.69162548   0.43835901   1.64316374  -1.13581483
  0.41831636   0.46496159  -1.27422993  -0.43259031   2.09221952   0.69171363   0.43828331   1.64315724  -1.13601103
  0.41847815   0.46474385  -1.27425894  -0.43246626   2.09202336   0.69182302   0.43819324   1.64314767  -1.13624216
  0.41866716   0.46448623  -1.27429549  -0.43231787   2.09177497   0.69197845   0.43808346   1.64313149  -1.13651628
  0.41888656   0.46417896  -1.27434559  -0.43213445   2.09146620   0.69218373   0.43794976   1.64311509  -1.13684007
  0.41913979   0.46381149  -1.27441457  -0.43190802   2.09109702   0.69243086   0.43779046   1.64310435  -1.13721810
  0.41943027   0.46337435  -1.27450441  -0.43163705   2.09066600   0.69271594   0.43760456   1.64309740  -1.13765334
  0.41976105   0.46286018  -1.27461404  -0.43132331   2.09016982   0.69303928   0.43739117   1.64308828  -1.13814851
  0.42013450   0.46226460  -1.27474119  -0.43096914   2.08960708   0.69339917   0.43714871   1.64307314  -1.13870513
  0.42055225   0.46158592  -1.27488353  -0.43057589   2.08897321   0.69380069   0.43687483   1.64304838  -1.13932545
  0.42101588   0.46082203  -1.27504029  -0.43014016   2.08824984   0.69427073   0.43656447   1.64300757  -1.14001718
  0.42152669   0.45997062  -1.27521463  -0.42965450   2.08743677   0.69480777   0.43621617   1.64295697  -1.14078462
  0.42208565   0.45903046  -1.27540998  -0.42911433   2.08654795   0.69539022   0.43583343   1.64290582  -1.14162775
  0.42269350   0.45800177  -1.27562622  -0.42852200   2.08559005   0.69600949   0.43541916   1.64285341  -1.14254543
  0.42335075   0.45688547  -1.27586119  -0.42788302   2.08456040   0.69667066   0.43497240   1.64279430  -1.14353599
  0.42405824   0.45568021  -1.27611387  -0.42719753   2.08344390   0.69739588   0.43448823   1.64272198  -1.14460299
  0.42481688   0.45438312  -1.27638660  -0.42645951   2.08223716   0.69818715   0.43396337   1.64264127  -1.14574963
  0.42562754   0.45299153  -1.27668087  -0.42566336   2.08093945   0.69904371   0.43339768   1.64255499  -1.14698006
  0.42649144   0.45150185  -1.27699650  -0.42480547   2.07954067   0.69998004   0.43278946   1.64245791  -1.14830075
  0.42740965   0.44991087  -1.27733396  -0.42388233   2.07805007   0.70098035   0.43214064   1.64235412  -1.14971360
  0.42838297   0.44821725  -1.27769157  -0.42289599   2.07647728   0.70202911   0.43145279   1.64224457  -1.15121720
  0.42941228   0.44641980  -1.27806588  -0.42185010   2.07481170   0.70314130   0.43072252   1.64212094  -1.15281333
  0.43049819   0.44451790  -1.27845566  -0.42074481   2.07305041   0.70431914   0.42994773   1.64198306  -1.15450268
  0.43164090   0.44251240  -1.27886052  -0.41957933   2.07119592   0.70555818   0.42912950   1.64183315  -1.15628552
  0.43284048   0.44040435  -1.27928017  -0.41835165   2.06924684   0.70686191   0.42826960   1.64167023  -1.15816479
  0.43409683   0.43819535  -1.27971416  -0.41706026   2.06720536   0.70822822   0.42736928   1.64149565  -1.16014179
  0.43540984   0.43588679  -1.28016137  -0.41570599   2.06506729   0.70966347   0.42642723   1.64130795  -1.16221680
  0.43677905   0.43348008  -1.28062193  -0.41429095   2.06283679   0.71116162   0.42544818   1.64110709  -1.16438765
  0.43820346   0.43097536  -1.28109588  -0.41281455   2.06051525   0.71271911   0.42442935   1.64089664  -1.16665207
  0.43968197   0.42837288  -1.28158209  -0.41127534   2.05810119   0.71433972   0.42336906   1.64067521  -1.16901137
  0.44121382   0.42567225  -1.28207997  -0.40967180   2.05559149   0.71603186   0.42227054   1.64043637  -1.17146945
  0.44279804   0.42287324  -1.28258846  -0.40800233   2.05299203   0.71778745   0.42113193   1.64018250  -1.17402598
  0.44443362   0.41997475  -1.28310655  -0.40626726   2.05030195   0.71960830   0.41995182   1.63991124  -1.17668062
  0.44611946   0.41697655  -1.28363184  -0.40446649   2.04751693   0.72150141   0.41872776   1.63961886  -1.17943456
  0.44785440   0.41387880  -1.28416215  -0.40259856   2.04463371   0.72347157   0.41746058   1.63930275  -1.18229005
  0.44963722   0.41068277  -1.28469702  -0.40066211   2.04166222   0.72550122   0.41615494   1.63896938  -1.18524484
  0.45146662   0.40739030  -1.28523499  -0.39865619   2.03860429   0.72758840   0.41481365   1.63861872  -1.18829956
  0.45334101   0.40400459  -1.28577339  -0.39657956   2.03546575   0.72972804   0.41343369   1.63825279  -1.19145421
  0.45525906   0.40052834  -1.28631017  -0.39443183   2.03224457   0.73192403   0.41201455   1.63787116  -1.19470909
  0.45722026   0.39696452  -1.28684024  -0.39221473   2.02892163   0.73421008   0.41055143   1.63746011  -1.19806994
  0.45922386   0.39331525  -1.28736482  -0.38993274   2.02550587   0.73657262   0.40905782   1.63701913  -1.20153252
  0.46126908   0.38958134  -1.28788529  -0.38758397   2.02200888   0.73898903   0.40753676   1.63655972  -1.20509249
  0.46335511   0.38576298  -1.28840095  -0.38516672   2.01843418   0.74145295   0.40598317   1.63608678  -1.20874830
  0.46548128   0.38185978  -1.28891033  -0.38267810   2.01477903   0.74397190   0.40439328   1.63559700  -1.21250352
  0.46764785   0.37787223  -1.28940744  -0.38011276   2.01102523   0.74657948   0.40275666   1.63507827  -1.21637011
  0.46985529   0.37379993  -1.28989549  -0.37747455   2.00718456   0.74926376   0.40110217   1.63451967  -1.22035041
  0.47210360   0.36964391  -1.29036890  -0.37476708   2.00326447   0.75200257   0.39940233   1.63393984  -1.22443229
  0.47439322   0.36540830  -1.29082265  -0.37197965   1.99927922   0.75477290   0.39764666   1.63335561  -1.22862082
  0.47672515   0.36109913  -1.29125435  -0.36913035   1.99521933   0.75760476   0.39586658   1.63273138  -1.23291914
  0.47909844   0.35672285  -1.29165956  -0.36622926   1.99107750   0.76050802   0.39405860   1.63206372  -1.23732011
  0.48151145   0.35228459  -1.29203987  -0.36327521   1.98685818   0.76347137   0.39223607   1.63136069  -1.24182111
  0.48396183   0.34778838  -1.29239700  -0.36026185   1.98256761   0.76648200   0.39040571   1.63063395  -1.24642152
  0.48644723   0.34323846  -1.29272662  -0.35718345   1.97819865   0.76955097   0.38855273   1.62988821  -1.25112313
  0.48896561   0.33863688  -1.29303321  -0.35402910   1.97379161   0.77261629   0.38668358   1.62915128  -1.25592180
  0.49151435   0.33398412  -1.29331738  -0.35080903   1.96933829   0.77569324   0.38481329   1.62840743  -1.26081289
  0.49408945   0.32928059  -1.29357296  -0.34752717   1.96484017   0.77878563   0.38291153   1.62765534  -1.26578781
  0.49668781   0.32452822  -1.29379143  -0.34419062   1.96028438   0.78192726   0.38096341   1.62687206  -1.27084759
  0.49930804   0.31973125  -1.29396071  -0.34081044   1.95560823   0.78522962   0.37898739   1.62599574  -1.27601269
  0.50194649   0.31488875  -1.29408548  -0.33737822   1.95083269   0.78863828   0.37700463   1.62505699  -1.28127508
  0.50460334   0.31000329  -1.29417242  -0.33386388   1.94603087   0.79202955   0.37502498   1.62412031  -1.28663600
  0.50728420   0.30508451  -1.29420870  -0.33027023   1.94116943   0.79546699   0.37303410   1.62315974  -1.29211317
  0.50999387   0.30013926  -1.29419642  -0.32662635   1.93625386   0.79895291   0.37105127   1.62215696  -1.29769361
  0.51273455   0.29517359  -1.29412940  -0.32295435   1.93127700   0.80248653   0.36903245   1.62112311  -1.30335097
  0.51550786   0.29019037  -1.29401451  -0.31925249   1.92624487   0.80604401   0.36700067   1.62007619  -1.30908189
  0.51831380   0.28519120  -1.29386163  -0.31550237   1.92118213   0.80958767   0.36499019   1.61903506  -1.31489709
  0.52115073   0.28018013  -1.29366824  -0.31169735   1.91611047   0.81310659   0.36297878   1.61800004  -1.32079903
  0.52401990   0.27516552  -1.29341948  -0.30784349   1.91099537   0.81667920   0.36094564   1.61692929  -1.32680316
  0.52692438   0.27015265  -1.29311443  -0.30393067   1.90588722   0.82021523   0.35888106   1.61587010  -1.33290256
  0.52986880   0.26514837  -1.29274364  -0.29999585   1.90073331   0.82378413   0.35678041   1.61479104  -1.33908323
  0.53285633   0.26015682  -1.29231439  -0.29601186   1.89556707   0.82732960   0.35468429   1.61372281  -1.34536525
  0.53588717   0.25517748  -1.29184404  -0.29198013   1.89039391   0.83084235   0.35267801   1.61265995  -1.35175650
  0.53895690   0.25021065  -1.29132623  -0.28791228   1.88519402   0.83433583   0.35069583   1.61161512  -1.35822862
  0.54206474   0.24526337  -1.29074040  -0.28384357   1.87989364   0.83795089   0.34866659   1.61051864  -1.36477151
  0.54521264   0.24033845  -1.29009513  -0.27976252   1.87456637   0.84158410   0.34661599   1.60940508  -1.37138529
  0.54840053   0.23543749  -1.28939558  -0.27566952   1.86923901   0.84519490   0.34457924   1.60828420  -1.37806990
  0.55162592   0.23056321  -1.28863286  -0.27154041   1.86391611   0.84878088   0.34253453   1.60716347  -1.38484152
  0.55489068   0.22572255  -1.28779162  -0.26738603   1.85852063   0.85248042   0.34048774   1.60597457  -1.39172515
  0.55819689   0.22091457  -1.28689159  -0.26321995   1.85310530   0.85620908   0.33851154   1.60474115  -1.39870721
  0.56154390   0.21613738  -1.28592943  -0.25905930   1.84765461   0.85994538   0.33653712   1.60350055  -1.40574578
  0.56492954   0.21139208  -1.28489575  -0.25490090   1.84215045   0.86371015   0.33449837   1.60225697  -1.41283041
  0.56835311   0.20667892  -1.28380555  -0.25073289   1.83663982   0.86745761   0.33246192   1.60101178  -1.41997693
  0.57181156   0.20199788  -1.28266818  -0.24649175   1.83122546   0.87103188   0.33045919   1.59983876  -1.42721423
  0.57529823   0.19734939  -1.28147864  -0.24216461   1.82589067   0.87444564   0.32850224   1.59874086  -1.43455053
  0.57881686   0.19275072  -1.28018620  -0.23778719   1.82044964   0.87800766   0.32648012   1.59758424  -1.44200417
  0.58237699   0.18820852  -1.27881792  -0.23346029   1.81494391   0.88170182   0.32447643   1.59632100  -1.44951974
  0.58598316   0.18372209  -1.27739819  -0.22921533   1.80944410   0.88539175   0.32252324   1.59501465  -1.45704878
  0.58964076   0.17929330  -1.27593018  -0.22501801   1.80397215   0.88900118   0.32060842   1.59373483  -1.46459910
  0.59335654   0.17492846  -1.27440350  -0.22083415   1.79848711   0.89258910   0.31870762   1.59247762  -1.47220806
  0.59713514   0.17063236  -1.27281539  -0.21665759   1.79296618   0.89621238   0.31681000   1.59121587  -1.47989370
  0.60097872   0.16640356  -1.27118015  -0.21252270   1.78741900   0.89985671   0.31493528   1.58994899  -1.48762711
  0.60488389   0.16223907  -1.26950230  -0.20841767   1.78187346   0.90347016   0.31307434   1.58870500  -1.49540111
  0.60884872   0.15813586  -1.26778951  -0.20428021   1.77640777   0.90691379   0.31124657   1.58756211  -1.50324173
  0.61286879   0.15408833  -1.26606066  -0.20012091   1.77107772   0.91010297   0.30949541   1.58654908  -1.51112856
  0.61692844   0.15008953  -1.26431856  -0.19599667   1.76583794   0.91312573   0.30781688   1.58560511  -1.51901612
  0.62101917   0.14614736  -1.26253266  -0.19194331   1.76056302   0.91622879   0.30617476   1.58459356  -1.52691620
  0.62513844   0.14227209  -1.26067304  -0.18793937   1.75524699   0.91943964   0.30450870   1.58349262  -1.53484972
  0.62928466   0.13846914  -1.25873101  -0.18395512   1.74992815   0.92269643   0.30281991   1.58233138  -1.54283441
  0.63346173   0.13474691  -1.25669424  -0.17991517   1.74468172   0.92586195   0.30108991   1.58118827  -1.55091132
  0.63768440   0.13111934  -1.25455942  -0.17586823   1.73944302   0.92903234   0.29931993   1.58002676  -1.55906866
  0.64196662   0.12759076  -1.25235682  -0.17186536   1.73421953   0.93219084   0.29757414   1.57886236  -1.56727751
  0.64631857   0.12416052  -1.25011728  -0.16789099   1.72910685   0.93517824   0.29588347   1.57777938  -1.57552889
  0.65075087   0.12083135  -1.24785475  -0.16398791   1.72405868   0.93807291   0.29425281   1.57674821  -1.58380412
  0.65526827   0.11760371  -1.24557043  -0.16017381   1.71903266   0.94094679   0.29264145   1.57573800  -1.59209180
  0.65987061   0.11447519  -1.24326846  -0.15644566   1.71403776   0.94379461   0.29103985   1.57474736  -1.60039046
  0.66455305   0.11144195  -1.24094868  -0.15277838   1.70910298   0.94657828   0.28945590   1.57378846  -1.60871411
  0.66930926   0.10850094  -1.23860755  -0.14917504   1.70421342   0.94932601   0.28790684   1.57284402  -1.61706640
  0.67412994   0.10564772  -1.23624161  -0.14563347   1.69938828   0.95200033   0.28638062   1.57192637  -1.62543428
  0.67900505   0.10287827  -1.23384883  -0.14215414   1.69463066   0.95459338   0.28487853   1.57103610  -1.63380886
  0.68392406   0.10018974  -1.23142387  -0.13874189   1.68991735   0.95714017   0.28338481   1.57015471  -1.64217926
  0.68887646   0.09757966  -1.22896684  -0.13539259   1.68525369   0.95963603   0.28190153   1.56928108  -1.65053938
  0.69385286   0.09504604  -1.22648053  -0.13210174   1.68064771   0.96207283   0.28044143   1.56841776  -1.65888555
  0.69884545   0.09258720  -1.22396883  -0.12887008   1.67610147   0.96444946   0.27901174   1.56756605  -1.66720990
  0.70384793   0.09020222  -1.22143612  -0.12570229   1.67161818   0.96676353   0.27761293   1.56672715  -1.67550083
  0.70885541   0.08789063  -1.21888513  -0.12260058   1.66719521   0.96902126   0.27624595   1.56589952  -1.68375187
  0.71386437   0.08565206  -1.21631762  -0.11956388   1.66283074   0.97122667   0.27491324   1.56508335  -1.69196088
  0.71887261   0.08348654  -1.21373544  -0.11659223   1.65853081   0.97337248   0.27361412   1.56428194  -1.70012430
  0.72387920   0.08139467  -1.21113930  -0.11368690   1.65429855   0.97545599   0.27234778   1.56349652  -1.70824001
  0.72888426   0.07937765  -1.20852995  -0.11085100   1.65013694   0.97747656   0.27111340   1.56272658  -1.71630616
  0.73388871   0.07743668  -1.20590793  -0.10808716   1.64604539   0.97943885   0.26990925   1.56196987  -1.72432228
  0.73889387   0.07557287  -1.20327552  -0.10539763   1.64203147   0.98133484   0.26873430   1.56122964  -1.73228654
  0.74390138   0.07378750  -1.20063389  -0.10278454   1.63809368   0.98316882   0.26758884   1.56050571  -1.74019944
  0.74891285   0.07208133  -1.19798465  -0.10024896   1.63423137   0.98494321   0.26647141   1.55979864  -1.74806121
  0.75392960   0.07045481  -1.19533078  -0.09779191   1.63045102   0.98665055   0.26537958   1.55911208  -1.75586995
  0.75895255   0.06890816  -1.19267419  -0.09541415   1.62675130   0.98829565   0.26431116   1.55844455  -1.76362554
  0.76398196   0.06744128  -1.19001749  -0.09311602   1.62313514   0.98987699   0.26326396   1.55779680  -1.77132649
  0.76901745   0.06605392  -1.18736252  -0.09089736   1.61960322   0.99139467   0.26223731   1.55716984  -1.77897188
  0.77405792   0.06474600  -1.18471109  -0.08875899   1.61615789   0.99284704   0.26123061   1.55656477  -1.78655939
  0.77910161   0.06351776  -1.18206470  -0.08670201   1.61280170   0.99423311   0.26024412   1.55598204  -1.79408648
  0.78414622   0.06236912  -1.17942321  -0.08472559   1.60952894   0.99556323   0.25927774   1.55541806  -1.80155318
  0.78918906   0.06129922  -1.17678780  -0.08282764   1.60634259   0.99683339   0.25832992   1.55487471  -1.80895728
  0.79422720   0.06030684  -1.17415952  -0.08100628   1.60324433   0.99804067   0.25739993   1.55435385  -1.81629651
  0.79925763   0.05939070  -1.17153981  -0.07926091   1.60023553   0.99918409   0.25648691   1.55385570  -1.82356783
  0.80427717   0.05854975  -1.16893045  -0.07759212   1.59731946   1.00026151   0.25559065   1.55338024  -1.83076734
  0.80928264   0.05778326  -1.16633241  -0.07600032   1.59449599   1.00127593   0.25471172   1.55292572  -1.83789241
  0.81427104   0.05708988  -1.16374557  -0.07448255   1.59175900   1.00223654   0.25385066   1.55248934  -1.84494366
  0.81923958   0.05646750  -1.16117141  -0.07303525   1.58910926   1.00314136   0.25300692   1.55207256  -1.85191991
  0.82418548   0.05591417  -1.15861138  -0.07165608   1.58654983   1.00398633   0.25217748   1.55167590  -1.85881842
  0.82910625   0.05542816  -1.15606525  -0.07034314   1.58407703   1.00477636   0.25136186   1.55129748  -1.86563886
  0.83399973   0.05500774  -1.15353383  -0.06909574   1.58169122   1.00551064   0.25056018   1.55093769  -1.87237955
  0.83886397   0.05465143  -1.15101917  -0.06791497   1.57939714   1.00618334   0.24977183   1.55059821  -1.87903659
  0.84369715   0.05435853  -1.14852261  -0.06680216   1.57719545   1.00679570   0.24899741   1.55027829  -1.88560753
  0.84849759   0.05412887  -1.14604429  -0.06575703   1.57508295   1.00735444   0.24823847   1.54997572  -1.89209254
  0.85326384   0.05396208  -1.14358376  -0.06477720   1.57305575   1.00786442   0.24749562   1.54968999  -1.89849277
  0.85799492   0.05385734  -1.14114149  -0.06385961   1.57111533   1.00832122   0.24676760   1.54942406  -1.90480819
  0.86269086   0.05381414  -1.13871858  -0.06300226   1.56926360   1.00872196   0.24605264   1.54917918  -1.91103893
  0.86735101   0.05383149  -1.13631742  -0.06220745   1.56749798   1.00907250   0.24534799   1.54895245  -1.91718162
  0.87197444   0.05390815  -1.13394046  -0.06147696   1.56581827   1.00937379   0.24465410   1.54874438  -1.92323341
  0.87655911   0.05404234  -1.13158880  -0.06080568   1.56422811   1.00962025   0.24397531   1.54855841  -1.92919630
  0.88110255   0.05423230  -1.12926103  -0.06018919   1.56272068   1.00982133   0.24330979   1.54838984  -1.93507205
  0.88560245   0.05447592  -1.12695629  -0.05962422   1.56129163   1.00998208   0.24265404   1.54823521  -1.94086043
  0.89005674   0.05477085  -1.12467532  -0.05910914   1.55994292   1.01009818   0.24200637   1.54809535  -1.94655935
  0.89446373   0.05511493  -1.12241924  -0.05864386   1.55867549   1.01016750   0.24136747   1.54797117  -1.95216690
  0.89882205   0.05550615  -1.12018855  -0.05822792   1.55748628   1.01019424   0.24073929   1.54786164  -1.95768305
  0.90313078   0.05594259  -1.11798357  -0.05785955   1.55637178   1.01018242   0.24012326   1.54776606  -1.96310886
  0.90739012   0.05642275  -1.11580475  -0.05753598   1.55533120   1.01013218   0.23951859   1.54768427  -1.96844589
  0.91159930   0.05694448  -1.11365395  -0.05725735   1.55436228   1.01004608   0.23892316   1.54761505  -1.97369191
  0.91575671   0.05750535  -1.11153268  -0.05702225   1.55346423   1.00992388   0.23833678   1.54755879  -1.97884537
  0.91986070   0.05810330  -1.10944169  -0.05683056   1.55263255   1.00977073   0.23776084   1.54751478  -1.98390527
  0.92391027   0.05873664  -1.10738268  -0.05668732   1.55185712   1.00959980   0.23720038   1.54748262  -1.98886925
  0.92790356   0.05940267  -1.10535793  -0.05658652   1.55114902   1.00939328   0.23665762   1.54746941  -1.99373738
  0.93183840   0.06009949  -1.10336526  -0.05651973   1.55051068   1.00914825   0.23612388   1.54746922  -1.99851135
  0.93571419   0.06082631  -1.10140154  -0.05648434   1.54993289   1.00887768   0.23559400   1.54747384  -2.00319345
  0.93952993   0.06158124  -1.09946688  -0.05647725   1.54941440   1.00858007   0.23507402   1.54748746  -2.00778627
  0.94328409   0.06236194  -1.09756145  -0.05649573   1.54895408   1.00825400   0.23456521   1.54751163  -2.01229014
  0.94697536   0.06316632  -1.09568429  -0.05653808   1.54854723   1.00790441   0.23406583   1.54754344  -2.01670519
  0.95060327   0.06399240  -1.09383579  -0.05660469   1.54818984   1.00753461   0.23358048   1.54758487  -2.02103226
  0.95416750   0.06483795  -1.09201666  -0.05669640   1.54788007   1.00714610   0.23310389   1.54763287  -2.02526848
  0.95766821   0.06570104  -1.09022716  -0.05680942   1.54762023   1.00673501   0.23263445   1.54768688  -2.02941557
  0.96110724   0.06658091  -1.08846645  -0.05693732   1.54741449   1.00629388   0.23217623   1.54775068  -2.03348061
  0.96448612   0.06747626  -1.08673663  -0.05709035   1.54724686   1.00584364   0.23172724   1.54781972  -2.03745820
  0.96780514   0.06838454  -1.08504254  -0.05727082   1.54711895   1.00537958   0.23129443   1.54790180  -2.04134628
  0.97106379   0.06930391  -1.08338490  -0.05747771   1.54702646   1.00491024   0.23086780   1.54798700  -2.04514220
  0.97426070   0.07023258  -1.08176338  -0.05770256   1.54697425   1.00442857   0.23044960   1.54807651  -2.04885052
  0.97739528   0.07116992  -1.08017510  -0.05794207   1.54695935   1.00393751   0.23003452   1.54816540  -2.05247269
  0.98046702   0.07211521  -1.07861880  -0.05819619   1.54697861   1.00343921   0.22962462   1.54825458  -2.05600965
  0.98347460   0.07306672  -1.07709563  -0.05846328   1.54703483   1.00292686   0.22923196   1.54835360  -2.05946399
  0.98641610   0.07402269  -1.07560434  -0.05874514   1.54712289   1.00240801   0.22884722   1.54845371  -2.06283099
  0.98929079   0.07498154  -1.07414490  -0.05904350   1.54723946   1.00188573   0.22847044   1.54855444  -2.06610910
  0.99209819   0.07594149  -1.07271783  -0.05935534   1.54738557   1.00135725   0.22810146   1.54865623  -2.06929912
  0.99483758   0.07690055  -1.07132397  -0.05967652   1.54756057   1.00082101   0.22774456   1.54876224  -2.07240364
  0.99750782   0.07785701  -1.06996180  -0.06000285   1.54775854   1.00028454   0.22739547   1.54886627  -2.07542409
  1.00010895   0.07880976  -1.06863041  -0.06033280   1.54797519   0.99975138   0.22705617   1.54896875  -2.07836273
  1.00264172   0.07975765  -1.06732983  -0.06066365   1.54821446   0.99921307   0.22672475   1.54907198  -2.08122036
  1.00510722   0.08069981  -1.06606042  -0.06099665   1.54847241   0.99867319   0.22639999   1.54917540  -2.08399670
  1.00750631   0.08163492  -1.06482377  -0.06133007   1.54875239   0.99812329   0.22608736   1.54928677  -2.08669365
  1.00984041   0.08256276  -1.06361780  -0.06166061   1.54905111   0.99756849   0.22577784   1.54939753  -2.08931311
  1.01211022   0.08348250  -1.06244240  -0.06199172   1.54935559   0.99702732   0.22546918   1.54950083  -2.09185430
  1.01431599   0.08439258  -1.06129924  -0.06232170   1.54966810   0.99649340   0.22517132   1.54960590  -2.09432033
  1.01645856   0.08529208  -1.06018829  -0.06265162   1.54998751   0.99596791   0.22488239   1.54971118  -2.09671089
  1.01853891   0.08617989  -1.05911067  -0.06298429   1.55031270   0.99545235   0.22460172   1.54981617  -2.09902454
  1.02055746   0.08705433  -1.05806774  -0.06331798   1.55064898   0.99493875   0.22433009   1.54992330  -2.10126180
  1.02251385   0.08791374  -1.05705939  -0.06365193   1.55099269   0.99443200   0.22406519   1.55002881  -2.10342253
  1.02440808   0.08875706  -1.05608349  -0.06398024   1.55134480   0.99392910   0.22380755   1.55013237  -2.10551153
  1.02624079   0.08958382  -1.05513756  -0.06429948   1.55170324   0.99343068   0.22355643   1.55023291  -2.10753255
  1.02801207   0.09039296  -1.05422193  -0.06461561   1.55205643   0.99295118   0.22331052   1.55032725  -2.10948225
  1.02972188   0.09118298  -1.05333862  -0.06492877   1.55240758   0.99248318   0.22307727   1.55042401  -2.11136119
  1.03136947   0.09195199  -1.05249013  -0.06524155   1.55275574   0.99202816   0.22285438   1.55052180  -2.11316504
  1.03295363   0.09269827  -1.05167730  -0.06555229   1.55310137   0.99158648   0.22263970   1.55061760  -2.11489267
  1.03447332   0.09342064  -1.05089894  -0.06585650   1.55344523   0.99115719   0.22243190   1.55070877  -2.11654613
  1.03592786   0.09411833  -1.05015298  -0.06615155   1.55378397   0.99074281   0.22223115   1.55079430  -2.11812767
  1.03731710   0.09479092  -1.04943675  -0.06643340   1.55411834   0.99033911   0.22203878   1.55087620  -2.11964106
  1.03864169   0.09543827  -1.04874862  -0.06670386   1.55444289   0.98995215   0.22185330   1.55095241  -2.12108653
  1.03990286   0.09606011  -1.04808862  -0.06696455   1.55475694   0.98958213   0.22167601   1.55102426  -2.12246475
  1.04110212   0.09665606  -1.04745749  -0.06721616   1.55506208   0.98922709   0.22150749   1.55109274  -2.12377652
  1.04224119   0.09722594  -1.04685528  -0.06745852   1.55535912   0.98888606   0.22134756   1.55115773  -2.12502357
  1.04332191   0.09776973  -1.04628132  -0.06769114   1.55564707   0.98855992   0.22119568   1.55121864  -2.12620822
  1.04434624   0.09828761  -1.04573444  -0.06791320   1.55592518   0.98824826   0.22105204   1.55127611  -2.12733350
  1.04531619   0.09877987  -1.04521363  -0.06812447   1.55619284   0.98795062   0.22091635   1.55133064  -2.12840181
  1.04623389   0.09924702  -1.04471801  -0.06832536   1.55644987   0.98766658   0.22078841   1.55138268  -2.12941533
  1.04710141   0.09968953  -1.04424727  -0.06851712   1.55669589   0.98739659   0.22066719   1.55143185  -2.13037515
  1.04792061   0.10010772  -1.04380198  -0.06870078   1.55693029   0.98714161   0.22055141   1.55147764  -2.13128169
  1.04869295   0.10050177  -1.04338311  -0.06887640   1.55715269   0.98690201   0.22044061   1.55152033  -2.13213554
  1.04941963   0.10087207  -1.04299086  -0.06904272   1.55736369   0.98667636   0.22033558   1.55156128  -2.13293856
  1.05010165   0.10121924  -1.04262470  -0.06919910   1.55756288   0.98646482   0.22023572   1.55160035  -2.13369210
  1.05073980   0.10154383  -1.04228417  -0.06934543   1.55774966   0.98626792   0.22014004   1.55163706  -2.13439684
  1.05133471   0.10184626  -1.04196907  -0.06948182   1.55792385   0.98608580   0.22004812   1.55167133  -2.13505325
  1.05188693   0.10212691  -1.04167900  -0.06960816   1.55808591   0.98591774   0.21996057   1.55170381  -2.13566229
  1.05239700   0.10238609  -1.04141324  -0.06972481   1.55823573   0.98576409   0.21987712   1.55173400  -2.13622466
  1.05286543   0.10262403  -1.04117094  -0.06983200   1.55837330   0.98562498   0.21979769   1.55176150  -2.13674129
  1.05329283   0.10284089  -1.04095101  -0.06992945   1.55849915   0.98549959   0.21972328   1.55178677  -2.13721390
  1.05368009   0.10303716  -1.04075157  -0.07001659   1.55861447   0.98538579   0.21965512   1.55181084  -2.13764515
  1.05402852   0.10321359  -1.04057037  -0.07009404   1.55871944   0.98528308   0.21959258   1.55183315  -2.13803703
  1.05433983   0.10337105  -1.04040552  -0.07016287   1.55881416   0.98519135   0.21953481   1.55185302  -2.13839140
  1.05461603   0.10351042  -1.04025577  -0.07022385   1.55889915   0.98511006   0.21948185   1.55187060  -2.13871051
  1.05485934   0.10363257  -1.04012041  -0.07027752   1.55897503   0.98503854   0.21943375   1.55188623  -2.13899659
  1.05507206   0.10373835  -1.03999906  -0.07032445   1.55904226   0.98497639   0.21938980   1.55189990  -2.13925144
  1.05525647   0.10382870  -1.03989151  -0.07036498   1.55910128   0.98492300   0.21934928   1.55191175  -2.13947687
  1.05541479   0.10390458  -1.03979755  -0.07039922   1.55915263   0.98487768   0.21931189   1.55192228  -2.13967485
  1.05554913   0.10396704  -1.03971695  -0.07042747   1.55919661   0.98484011   0.21927734   1.55193186  -2.13984718
  1.05566146   0.10401713  -1.03964945  -0.07045045   1.55923318   0.98481067   0.21924487   1.55194030  -2.13999520
  1.05575365   0.10405593  -1.03959464  -0.07046886   1.55926266   0.98478929   0.21921403   1.55194767  -2.14012035
  1.05582744   0.10408451  -1.03955186  -0.07048311   1.55928573   0.98477530   0.21918483   1.55195434  -2.14022439
  1.05588447   0.10410398  -1.03952003  -0.07049348   1.55930315   0.98476791   0.21915738   1.55196064  -2.14030935
  1.05592633   0.10411546  -1.03949775  -0.07050027   1.55931565   0.98476633   0.21913162   1.55196667  -2.14037738
  1.05595460   0.10412003  -1.03948339  -0.07050386   1.55932400   0.98476969   0.21910747   1.55197246  -2.14043064
  1.05597087   0.10411875  -1.03947530  -0.07050470   1.55932899   0.98477710   0.21908486   1.55197798  -2.14047133
  1.05597677   0.10411261  -1.03947188  -0.07050333   1.55933145   0.98478770   0.21906375   1.55198322  -2.14050164
  1.05597395   0.10410252  -1.03947167  -0.07050028   1.55933216   0.98480065   0.21904412   1.55198822  -2.14052371
  1.05596408   0.10408934  -1.03947335  -0.07049603   1.55933186   0.98481511   0.21902597   1.55199307  -2.14053960
  1.05594880   0.10407386  -1.03947583  -0.07049099   1.55933124   0.98483024   0.21900929   1.55199793  -2.14055127
  1.05592968   0.10405679  -1.03947832  -0.07048553   1.55933084   0.98484542   0.21899393   1.55200296  -2.14056043
  1.05590822   0.10403876  -1.03948031  -0.07048009   1.55933092   0.98486037   0.21897957   1.55200816  -2.14056840
  1.05588573   0.10402031  -1.03948166  -0.07047508   1.55933159   0.98487505   0.21896577   1.55201352  -2.14057612
  1.05586335   0.10400189  -1.03948249  -0.07047084   1.55933289   0.98488949   0.21895215   1.55201910  -2.14058426
  1.05584198   0.10398387  -1.03948307  -0.07046755   1.55933484   0.98490373   0.21893840   1.55202505  -2.14059326
  1.05582227   0.10396655  -1.03948370  -0.07046529   1.55933741   0.98491780   0.21892430   1.55203151  -2.14060339
  1.05580461   0.10395019  -1.03948466  -0.07046401   1.55934057   0.98493176   0.21890967   1.55203863  -2.14061480
  1.05578915   0.10393498  -1.03948609  -0.07046363   1.55934427   0.98494566   0.21889438   1.55204648  -2.14062752
  1.05577586   0.10392104  -1.03948807  -0.07046401   1.55934848   0.98495953   0.21887838   1.55205510  -2.14064149
  1.05576452   0.10390842  -1.03949057  -0.07046504   1.55935318   0.98497340   0.21886169   1.55206449  -2.14065659
  1.05575481   0.10389709  -1.03949353  -0.07046662   1.55935838   0.98498730   0.21884438   1.55207461  -2.14067265
  1.05574635   0.10388696  -1.03949684  -0.07046864   1.55936406   0.98500125   0.21882656   1.55208540  -2.14068946
  1.05573871   0.10387785  -1.03950038  -0.07047103   1.55937021   0.98501524   0.21880837   1.55209677  -2.14070679
  1.05573147   0.10386955  -1.03950405  -0.07047371   1.55937683   0.98502928   0.21878994   1.55210865  -2.14072443
  1.05572425   0.10386181  -1.03950774  -0.07047663   1.55938388   0.98504336   0.21877141   1.55212095  -2.14074219
  1.05571671   0.10385436  -1.03951138  -0.07047971   1.55939134   0.98505748   0.21875290   1.55213357  -2.14075988
  1.05570859   0.10384698  -1.03951489  -0.07048291   1.55939917   0.98507161   0.21873451   1.55214647  -2.14077739
  1.05569968   0.10383944  -1.03951822  -0.07048620   1.55940734   0.98508576   0.21871630   1.55215957  -2.14079461
  1.05568986   0.10383160  -1.03952135  -0.07048954   1.55941582   0.98509989   0.21869833   1.55217283  -2.14081148
  1.05567907   0.10382334  -1.03952426  -0.07049294   1.55942458   0.98511402   0.21868061   1.55218622  -2.14082799
  1.05566730   0.10381461  -1.03952695  -0.07049639   1.55943361   0.98512814   0.21866315   1.55219973  -2.14084414
  1.05565461   0.10380542  -1.03952942  -0.07049989   1.55944291   0.98514226   0.21864592   1.55221336  -2.14085995
  1.05564109   0.10379580  -1.03953169  -0.07050346   1.55945246   0.98515638   0.21862889   1.55222711  -2.14087549
  1.05562686   0.10378584  -1.03953380  -0.07050710   1.55946228   0.98517051   0.21861201   1.55224100  -2.14089082
  1.05561204   0.10377563  -1.03953578  -0.07051084   1.55947235   0.98518466   0.21859523   1.55225507  -2.14090600
  1.05559679   0.10376527  -1.03953767  -0.07051469   1.55948268   0.98519886   0.21857849   1.55226933  -2.14092110
  1.05558123   0.10375487  -1.03953951  -0.07051866   1.55949327   0.98521311   0.21856173   1.55228381  -2.14093621
  1.05556550   0.10374451  -1.03954133  -0.07052275   1.55950413   0.98522743   0.21854490   1.55229855  -2.14095138
  1.05554971   0.10373429  -1.03954316  -0.07052699   1.55951526   0.98524183   0.21852795   1.55231355  -2.14096667
  1.05553394   0.10372424  -1.03954503  -0.07053137   1.55952664   0.98525632   0.21851084   1.55232884  -2.14098213
  1.05551826   0.10371440  -1.03954696  -0.07053589   1.55953828   0.98527089   0.21849355   1.55234442  -2.14099780
  1.05550271   0.10370479  -1.03954896  -0.07054058   1.55955018   0.98528556   0.21847607   1.55236030  -2.14101369
  1.05548731   0.10369539  -1.03955102  -0.07054542   1.55956232   0.98530033   0.21845837   1.55237647  -2.14102982
  1.05547205   0.10368619  -1.03955316  -0.07055042   1.55957471   0.98531520   0.21844048   1.55239292  -2.14104619
  1.05545692   0.10367714  -1.03955535  -0.07055556   1.55958733   0.98533016   0.21842238   1.55240965  -2.14106279
  1.05544188   0.10366821  -1.03955760  -0.07056086   1.55960017   0.98534521   0.21840410   1.55242664  -2.14107961
  1.05542688   0.10365936  -1.03955988  -0.07056629   1.55961323   0.98536037   0.21838564   1.55244387  -2.14109662
  1.05541187   0.10365054  -1.03956219  -0.07057184   1.55962651   0.98537561   0.21836704   1.55246134  -2.14111381
  1.05539681   0.10364172  -1.03956451  -0.07057750   1.55963998   0.98539095   0.21834829   1.55247902  -2.14113114
  1.05538164   0.10363287  -1.03956684  -0.07058327   1.55965366   0.98540638   0.21832942   1.55249692  -2.14114860
  1.05536631   0.10362396  -1.03956916  -0.07058912   1.55966754   0.98542191   0.21831044   1.55251501  -2.14116614
  1.05535080   0.10361498  -1.03957146  -0.07059505   1.55968160   0.98543754   0.21829137   1.55253330  -2.14118376
  1.05533506   0.10360591  -1.03957374  -0.07060104   1.55969586   0.98545327   0.21827220   1.55255177  -2.14120145
  1.05531909   0.10359675  -1.03957601  -0.07060710   1.55971029   0.98546910   0.21825294   1.55257043  -2.14121917
  1.05530287   0.10358751  -1.03957825  -0.07061321   1.55972492   0.98548503   0.21823360   1.55258928  -2.14123694
  1.05528639   0.10357817  -1.03958046  -0.07061937   1.55973972   0.98550108   0.21821416   1.55260830  -2.14125475
  1.05526968   0.10356876  -1.03958266  -0.07062557   1.55975470   0.98551724   0.21819464   1.55262751  -2.14127261
  1.05525273   0.10355927  -1.03958485  -0.07063183   1.55976986   0.98553351   0.21817501   1.55264690  -2.14129052
  1.05523557   0.10354971  -1.03958701  -0.07063813   1.55978519   0.98554989   0.21815528   1.55266648  -2.14130848
  1.05521821   0.10354009  -1.03958918  -0.07064449   1.55980070   0.98556640   0.21813544   1.55268624  -2.14132652
  1.05520069   0.10353042  -1.03959133  -0.07065090   1.55981638   0.98558302   0.21811547   1.55270620  -2.14134465
  1.05518301   0.10352069  -1.03959349  -0.07065737   1.55983224   0.98559975   0.21809538   1.55272634  -2.14136287
  1.05516520   0.10351092  -1.03959566  -0.07066390   1.55984826   0.98561661   0.21807515   1.55274667  -2.14138120
  1.05514727   0.10350110  -1.03959783  -0.07067049   1.55986445   0.98563359   0.21805478   1.55276719  -2.14139964
  1.05512923   0.10349124  -1.03960001  -0.07067715   1.55988080   0.98565069   0.21803427   1.55278790  -2.14141821
  1.05511110   0.10348135  -1.03960220  -0.07068388   1.55989732   0.98566791   0.21801360   1.55280880  -2.14143691
  1.05509287   0.10347140  -1.03960440  -0.07069067   1.55991401   0.98568525   0.21799279   1.55282989  -2.14145573
  1.05507456   0.10346142  -1.03960662  -0.07069753   1.55993085   0.98570272   0.21797183   1.55285117  -2.14147469
  1.05505615   0.10345140  -1.03960885  -0.07070446   1.55994786   0.98572031   0.21795071   1.55287264  -2.14149378
  1.05503764   0.10344132  -1.03961109  -0.07071144   1.55996503   0.98573803   0.21792944   1.55289429  -2.14151299
  1.05501904   0.10343120  -1.03961335  -0.07071849   1.55998235   0.98575588   0.21790803   1.55291613  -2.14153234
  1.05500032   0.10342103  -1.03961561  -0.07072559   1.55999983   0.98577385   0.21788646   1.55293815  -2.14155180
  1.05498148   0.10341081  -1.03961788  -0.07073274   1.56001747   0.98579194   0.21786475   1.55296035  -2.14157138
  1.05496253   0.10340052  -1.03962016  -0.07073995   1.56003526   0.98581017   0.21784290   1.55298274  -2.14159107
  1.05494344   0.10339018  -1.03962244  -0.07074720   1.56005321   0.98582852   0.21782090   1.55300530  -2.14161088
  1.05492422   0.10337977  -1.03962473  -0.07075451   1.56007130   0.98584700   0.21779876   1.55302803  -2.14163079
  1.05490486   0.10336929  -1.03962702  -0.07076186   1.56008955   0.98586561   0.21777649   1.55305094  -2.14165080
  1.05488536   0.10335874  -1.03962931  -0.07076925   1.56010795   0.98588435   0.21775407   1.55307403  -2.14167092
  1.05486572   0.10334812  -1.03963160  -0.07077669   1.56012650   0.98590322   0.21773152   1.55309728  -2.14169114
  1.05484593   0.10333742  -1.03963390  -0.07078417   1.56014520   0.98592222   0.21770882   1.55312071  -2.14171146
  1.05482600   0.10332665  -1.03963620  -0.07079170   1.56016404   0.98594135   0.21768599   1.55314431  -2.14173189
  1.05480593   0.10331580  -1.03963850  -0.07079927   1.56018303   0.98596061   0.21766302   1.55316808  -2.14175242
  1.05478573   0.10330488  -1.03964080  -0.07080688   1.56020217   0.98598000   0.21763992   1.55319202  -2.14177305
  1.05476538   0.10329388  -1.03964310  -0.07081454   1.56022145   0.98599952   0.21761667   1.55321613  -2.14179379
  1.05474491   0.10328281  -1.03964540  -0.07082224   1.56024088   0.98601917   0.21759327   1.55324040  -2.14181463
  1.05472431   0.10327166  -1.03964771  -0.07082999   1.56026045   0.98603895   0.21756974   1.55326485  -2.14183559
  1.05470358   0.10326044  -1.03965003  -0.07083777   1.56028017   0.98605887   0.21754606   1.55328947  -2.14185665
  1.05468272   0.10324914  -1.03965234  -0.07084561   1.56030003   0.98607891   0.21752224   1.55331425  -2.14187782
  1.05466174   0.10323778  -1.03965466  -0.07085348   1.56032004   0.98609909   0.21749828   1.55333921  -2.14189911
  1.05464065   0.10322634  -1.03965699  -0.07086140   1.56034018   0.98611940   0.21747417   1.55336433  -2.14192051
  1.05461943   0.10321484  -1.03965932  -0.07086937   1.56036047   0.98613984   0.21744991   1.55338963  -2.14194201
  1.05459809   0.10320326  -1.03966166  -0.07087737   1.56038091   0.98616041   0.21742551   1.55341509  -2.14196364
  1.05457664   0.10319162  -1.03966400  -0.07088542   1.56040148   0.98618111   0.21740096   1.55344071  -2.14198537
  1.05455507   0.10317991  -1.03966634  -0.07089351   1.56042219   0.98620195   0.21737627   1.55346651  -2.14200721
  1.05453338   0.10316812  -1.03966870  -0.07090164   1.56044305   0.98622292   0.21735143   1.55349247  -2.14202917
  1.05451157   0.10315626  -1.03967105  -0.07090981   1.56046404   0.98624402   0.21732645   1.55351860  -2.14205123
  1.05448964   0.10314433  -1.03967341  -0.07091803   1.56048518   0.98626526   0.21730132   1.55354489  -2.14207341
  1.05446759   0.10313233  -1.03967577  -0.07092629   1.56050645   0.98628662   0.21727605   1.55357135  -2.14209570
  1.05444542   0.10312025  -1.03967814  -0.07093458   1.56052786   0.98630812   0.21725064   1.55359798  -2.14211809
  1.05442313   0.10310810  -1.03968050  -0.07094292   1.56054942   0.98632975   0.21722508   1.55362476  -2.14214059
  1.05440072   0.10309588  -1.03968288  -0.07095129   1.56057110   0.98635151   0.21719939   1.55365171  -2.14216320
  1.05437819   0.10308357  -1.03968525  -0.07095971   1.56059293   0.98637341   0.21717354   1.55367883  -2.14218591
  1.05435553   0.10307120  -1.03968762  -0.07096816   1.56061490   0.98639544   0.21714756   1.55370610  -2.14220873
  1.05433276   0.10305874  -1.03969000  -0.07097666   1.56063700   0.98641760   0.21712144   1.55373354  -2.14223166
  1.05430986   0.10304621  -1.03969238  -0.07098519   1.56065923   0.98643989   0.21709517   1.55376113  -2.14225469
  1.05428684   0.10303361  -1.03969476  -0.07099376   1.56068161   0.98646231   0.21706876   1.55378889  -2.14227783
  1.05426371   0.10302093  -1.03969714  -0.07100237   1.56070411   0.98648487   0.21704221   1.55381681  -2.14230107
  1.05424046   0.10300817  -1.03969953  -0.07101101   1.56072676   0.98650755   0.21701552   1.55384489  -2.14232442
  1.05421708   0.10299534  -1.03970191  -0.07101970   1.56074954   0.98653037   0.21698869   1.55387313  -2.14234787
  1.05419359   0.10298243  -1.03970430  -0.07102842   1.56077245   0.98655332   0.21696172   1.55390152  -2.14237143
  1.05416999   0.10296945  -1.03970669  -0.07103718   1.56079550   0.98657641   0.21693460   1.55393008  -2.14239509
  1.05414626   0.10295639  -1.03970907  -0.07104598   1.56081868   0.98659962   0.21690735   1.55395880  -2.14241886
  1.05412243   0.10294326  -1.03971146  -0.07105481   1.56084200   0.98662296   0.21687996   1.55398767  -2.14244273
  1.05409848   0.10293005  -1.03971386  -0.07106369   1.56086545   0.98664644   0.21685242   1.55401670  -2.14246670
  1.05407441   0.10291677  -1.03971625  -0.07107260   1.56088903   0.98667005   0.21682475   1.55404589  -2.14249078
  1.05405023   0.10290341  -1.03971864  -0.07108154   1.56091274   0.98669379   0.21679693   1.55407524  -2.14251496
  1.05402594   0.10288998  -1.03972104  -0.07109053   1.56093659   0.98671766   0.21676898   1.55410474  -2.14253924
  1.05400153   0.10287648  -1.03972343  -0.07109955   1.56096057   0.98674166   0.21674089   1.55413440  -2.14256363
  1.05397701   0.10286290  -1.03972582  -0.07110861   1.56098468   0.98676579   0.21671265   1.55416421  -2.14258812
  1.05395238   0.10284925  -1.03972822  -0.07111770   1.56100893   0.98679005   0.21668428   1.55419418  -2.14261271
  1.05392764   0.10283552  -1.03973061  -0.07112683   1.56103330   0.98681444   0.21665578   1.55422431  -2.14263740
  1.05390279   0.10282171  -1.03973301  -0.07113600   1.56105781   0.98683896   0.21662713   1.55425459  -2.14266219
  1.05387782   0.10280784  -1.03973540  -0.07114521   1.56108244   0.98686361   0.21659835   1.55428502  -2.14268708
  1.05385275   0.10279388  -1.03973780  -0.07115444   1.56110721   0.98688839   0.21656943   1.55431561  -2.14271207
  1.05382757   0.10277986  -1.03974019  -0.07116372   1.56113211   0.98691330   0.21654037   1.55434635  -2.14273716
  1.05380227   0.10276575  -1.03974258  -0.07117303   1.56115714   0.98693834   0.21651118   1.55437724  -2.14276235
  1.05377687   0.10275158  -1.03974497  -0.07118237   1.56118229   0.98696351   0.21648185   1.55440829  -2.14278764
  1.05375135   0.10273733  -1.03974736  -0.07119175   1.56120758   0.98698880   0.21645238   1.55443949  -2.14281303
  1.05372573   0.10272301  -1.03974975  -0.07120117   1.56123299   0.98701423   0.21642278   1.55447084  -2.14283851
  1.05370000   0.10270861  -1.03975213  -0.07121062   1.56125853   0.98703978   0.21639305   1.55450234  -2.14286409
  1.05367417   0.10269414  -1.03975452  -0.07122010   1.56128421   0.98706546   0.21636318   1.55453399  -2.14288977
  1.05364822   0.10267959  -1.03975690  -0.07122962   1.56131001   0.98709127   0.21633318   1.55456579  -2.14291554
  1.05362217   0.10266497  -1.03975928  -0.07123918   1.56133593   0.98711720   0.21630304   1.55459775  -2.14294141
  1.05359602   0.10265028  -1.03976166  -0.07124876   1.56136199   0.98714326   0.21627278   1.55462985  -2.14296738
  1.05356976   0.10263551  -1.03976403  -0.07125838   1.56138817   0.98716945   0.21624238   1.55466210  -2.14299344
