  0.73477535  -0.05397822  -0.45318142   0.43252928   0.64517731   1.04711539   0.45082745   1.79823829  -2.12713686
  0.73482122  -0.05400062  -0.45320994   0.43240339   0.64520765   1.04672297   0.45080614   1.79859922  -2.12700004
  0.73486490  -0.05406201  -0.45346839   0.43236532   0.64536818   1.04628425   0.45091311   1.79906553  -2.12679164
  0.73488704  -0.05413240  -0.45372782   0.43236918   0.64549902   1.04586428   0.45087284   1.79942207  -2.12653979
  0.73491761  -0.05433249  -0.45365455   0.43241943   0.64527808   1.04592039   0.45040450   1.79901773  -2.12649383
  0.73512068  -0.05503075  -0.45320232   0.43191564   0.64513241   1.04582804   0.44958895   1.79803010  -2.12678448
  0.73564956  -0.05568073  -0.45273893   0.43128521   0.64511043   1.04594733   0.44900855   1.79700495  -2.12758532
  0.73645921  -0.05589288  -0.45230437   0.43075418   0.64512095   1.04619670   0.44828098   1.79610601  -2.12868193
  0.73748422  -0.05568825  -0.45202861   0.43008037   0.64535109   1.04619496   0.44754918   1.79579587  -2.12986765
  0.73861513  -0.05526775  -0.45187684   0.42920801   0.64579191   1.04597855   0.44661475   1.79575754  -2.13105349
  0.73986444  -0.05470157  -0.45143942   0.42832419   0.64609728   1.04617827   0.44566077   1.79538197  -2.13262954
  0.74127019  -0.05413499  -0.45093419   0.42732176   0.64634829   1.04625881   0.44474388   1.79518698  -2.13432464
  0.74275141  -0.05364387  -0.45056256   0.42631828   0.64652095   1.04633555   0.44380209   1.79508476  -2.13598668
  0.74423138  -0.05319993  -0.45022519   0.42528051   0.64663410   1.04643787   0.44279788   1.79497714  -2.13760882
  0.74567049  -0.05278574  -0.44988663   0.42426374   0.64674045   1.04653030   0.44186730   1.79489123  -2.13919361
  0.74706590  -0.05239765  -0.44954653   0.42323101   0.64683721   1.04663133   0.44088013   1.79475616  -2.14072970
  0.74843233  -0.05203692  -0.44920417   0.42219747   0.64693838   1.04671118   0.43992102   1.79462805  -2.14223547
  0.74978168  -0.05170271  -0.44885839   0.42116450   0.64703591   1.04679917   0.43894348   1.79445895  -2.14372729
  0.75110892  -0.05139443  -0.44851921   0.42017406   0.64714205   1.04684523   0.43802936   1.79431723  -2.14518755
  0.75240331  -0.05110638  -0.44819132   0.41920949   0.64723620   1.04689935   0.43710542   1.79414982  -2.14660686
  0.75367321  -0.05083112  -0.44786468   0.41823836   0.64731990   1.04695310   0.43618111   1.79398532  -2.14799691
  0.75492199  -0.05057026  -0.44754316   0.41728607   0.64740513   1.04699383   0.43527799   1.79382527  -2.14936132
  0.75615890  -0.05032141  -0.44721631   0.41632366   0.64748095   1.04704656   0.43434314   1.79363444  -2.15071476
  0.75738676  -0.05008415  -0.44688254   0.41537406   0.64756200   1.04708987   0.43344070   1.79344561  -2.15206576
  0.75860624  -0.04986184  -0.44655743   0.41442116   0.64763695   1.04712027   0.43251578   1.79325451  -2.15339337
  0.75980655  -0.04965528  -0.44624884   0.41351234   0.64771421   1.04712402   0.43164891   1.79309579  -2.15469008
  0.76098038  -0.04946338  -0.44595502   0.41262605   0.64778236   1.04712688   0.43077512   1.79292735  -2.15594775
  0.76213431  -0.04927700  -0.44565485   0.41173167   0.64784400   1.04714318   0.42989828   1.79274645  -2.15719214
  0.76328398  -0.04909624  -0.44534815   0.41081307   0.64791007   1.04716000   0.42900028   1.79255207  -2.15843596
  0.76443035  -0.04892479  -0.44504298   0.40991335   0.64797289   1.04717158   0.42813583   1.79236937  -2.15967673
  0.76557373  -0.04876473  -0.44474642   0.40901374   0.64803411   1.04717024   0.42724804   1.79218095  -2.16090126
  0.76670934  -0.04861100  -0.44444558   0.40812328   0.64807946   1.04719042   0.42637262   1.79198218  -2.16212484
  0.76784326  -0.04846548  -0.44413802   0.40720735   0.64812994   1.04719364   0.42545683   1.79176995  -2.16334090
  0.76898423  -0.04833581  -0.44382580   0.40627212   0.64816818   1.04719617   0.42453247   1.79155746  -2.16456110
  0.77013342  -0.04823207  -0.44351802   0.40531912   0.64819305   1.04719655   0.42357514   1.79132823  -2.16577801
  0.77127909  -0.04814880  -0.44321638   0.40438659   0.64821466   1.04719699   0.42265434   1.79110128  -2.16699266
  0.77241971  -0.04807625  -0.44291285   0.40344751   0.64823253   1.04719679   0.42170795   1.79085469  -2.16819893
  0.77356131  -0.04800635  -0.44260119   0.40250865   0.64826024   1.04719610   0.42077506   1.79060091  -2.16941680
  0.77469978  -0.04794053  -0.44229021   0.40157942   0.64828656   1.04719642   0.41986000   1.79035109  -2.17063366
  0.77583508  -0.04787636  -0.44197764   0.40064465   0.64831340   1.04719668   0.41892746   1.79009038  -2.17184643
  0.77696203  -0.04781400  -0.44166781   0.39972597   0.64833874   1.04719633   0.41802126   1.78984054  -2.17305205
  0.77808186  -0.04775242  -0.44135777   0.39879787   0.64835701   1.04719662   0.41708275   1.78957980  -2.17424389
  0.77919140  -0.04768912  -0.44104489   0.39789040   0.64838112   1.04719658   0.41617874   1.78932498  -2.17543376
  0.78029328  -0.04762419  -0.44073536   0.39698686   0.64840281   1.04719755   0.41527668   1.78907478  -2.17661381
  0.78138327  -0.04755736  -0.44043434   0.39610818   0.64842709   1.04719650   0.41440618   1.78883911  -2.17778153
  0.78246418  -0.04748464  -0.44012941   0.39522607   0.64845414   1.04719755   0.41350999   1.78858649  -2.17894070
  0.78353491  -0.04740688  -0.43982676   0.39436991   0.64848746   1.04719400   0.41267121   1.78836229  -2.18009645
  0.78459990  -0.04732324  -0.43952133   0.39350410   0.64852303   1.04719516   0.41179275   1.78811439  -2.18124541
  0.78565746  -0.04723591  -0.43921951   0.39266531   0.64856632   1.04718824   0.41097447   1.78789784  -2.18239259
  0.78670820  -0.04714843  -0.43892516   0.39183524   0.64859537   1.04718863   0.41014268   1.78767895  -2.18352406
  0.78775087  -0.04705775  -0.43863391   0.39101139   0.64862523   1.04719385   0.40931929   1.78746281  -2.18464915
  0.78879409  -0.04696157  -0.43833201   0.39016759   0.64866158   1.04719560   0.40847283   1.78723747  -2.18577882
  0.78984911  -0.04685735  -0.43801045   0.38931638   0.64871943   1.04719625   0.40763360   1.78699652  -2.18694042
  0.79090886  -0.04675112  -0.43768981   0.38848906   0.64877637   1.04719626   0.40682111   1.78676350  -2.18810892
  0.79195843  -0.04664444  -0.43738336   0.38768842   0.64882741   1.04719627   0.40602249   1.78654032  -2.18925853
  0.79300400  -0.04652905  -0.43707051   0.38686465   0.64887871   1.04719647   0.40518646   1.78630820  -2.19040255
  0.79405731  -0.04640440  -0.43674522   0.38603406   0.64894266   1.04719634   0.40436527   1.78607893  -2.19156807
  0.79511548  -0.04627696  -0.43642039   0.38521769   0.64900900   1.04719637   0.40355926   1.78585239  -2.19274105
  0.79617656  -0.04614454  -0.43609201   0.38440110   0.64908212   1.04719639   0.40274830   1.78561870  -2.19392080
  0.79723454  -0.04600932  -0.43576816   0.38360029   0.64915254   1.04719432   0.40196001   1.78540146  -2.19509582
  0.79829081  -0.04587504  -0.43545517   0.38278774   0.64921106   1.04718870   0.40114742   1.78519573  -2.19625372
  0.79934028  -0.04574046  -0.43514503   0.38199543   0.64926274   1.04719637   0.40035653   1.78498981  -2.19740870
  0.80038467  -0.04560363  -0.43482876   0.38120003   0.64932396   1.04719293   0.39955206   1.78477524  -2.19855935
  0.80142154  -0.04546635  -0.43451430   0.38041583   0.64938028   1.04719658   0.39877364   1.78457228  -2.19970599
  0.80245585  -0.04532745  -0.43419612   0.37961546   0.64943915   1.04719704   0.39796092   1.78435474  -2.20084720
  0.80349413  -0.04518686  -0.43387240   0.37881696   0.64950005   1.04719652   0.39717112   1.78414907  -2.20199917
  0.80453057  -0.04504820  -0.43355647   0.37803585   0.64955897   1.04719701   0.39638908   1.78394330  -2.20314557
  0.80556443  -0.04490719  -0.43323950   0.37725463   0.64961854   1.04719668   0.39560172   1.78373554  -2.20428905
  0.80659088  -0.04476556  -0.43292803   0.37649013   0.64967699   1.04719529   0.39484327   1.78354477  -2.20542515
  0.80761375  -0.04462228  -0.43261706   0.37571710   0.64973412   1.04719161   0.39406992   1.78335411  -2.20655392
  0.80864164  -0.04447453  -0.43229515   0.37493018   0.64979430   1.04719680   0.39327685   1.78314382  -2.20769576
  0.80967979  -0.04432159  -0.43196182   0.37414821   0.64987025   1.04719606   0.39249277   1.78292443  -2.20885910
  0.81072071  -0.04416745  -0.43163162   0.37338357   0.64994377   1.04719249   0.39172696   1.78271530  -2.21002364
  0.81175956  -0.04401013  -0.43130285   0.37261463   0.65001265   1.04719515   0.39094364   1.78249907  -2.21118331
  0.81279056  -0.04384915  -0.43097128   0.37186066   0.65009309   1.04718859   0.39018593   1.78229101  -2.21234090
  0.81381998  -0.04368387  -0.43063443   0.37109709   0.65017467   1.04717458   0.38941842   1.78208756  -2.21349582
  0.81484683  -0.04351713  -0.43030252   0.37035217   0.65026043   1.04715379   0.38867971   1.78190056  -2.21464827
  0.81587253  -0.04334529  -0.42996638   0.36960484   0.65035022   1.04713241   0.38792028   1.78169845  -2.21579992
  0.81689311  -0.04316997  -0.42963148   0.36887639   0.65044457   1.04710319   0.38719548   1.78151646  -2.21694906
  0.81791290  -0.04298710  -0.42928945   0.36813855   0.65054378   1.04707707   0.38644229   1.78131424  -2.21809998
  0.81894006  -0.04279453  -0.42893361   0.36740543   0.65066720   1.04702859   0.38571313   1.78112318  -2.21926963
  0.81997099  -0.04259842  -0.42857774   0.36668236   0.65079187   1.04697945   0.38499270   1.78093472  -2.22044420
  0.82100186  -0.04239999  -0.42822871   0.36596026   0.65090131   1.04694027   0.38426796   1.78075457  -2.22161206
  0.82202386  -0.04220054  -0.42789022   0.36525892   0.65101438   1.04689254   0.38356216   1.78058806  -2.22276564
  0.82304089  -0.04199392  -0.42754447   0.36454768   0.65112675   1.04685392   0.38283869   1.78040867  -2.22391868
  0.82406144  -0.04178108  -0.42719199   0.36382821   0.65124579   1.04681335   0.38212237   1.78023664  -2.22508187
  0.82508153  -0.04156776  -0.42684388   0.36312570   0.65136553   1.04677078   0.38142025   1.78006896  -2.22624338
  0.82610006  -0.04135046  -0.42649241   0.36242641   0.65149352   1.04672013   0.38071191   1.77989545  -2.22740394
  0.82711202  -0.04113068  -0.42614279   0.36174358   0.65162172   1.04666901   0.38002599   1.77973169  -2.22855971
  0.82811963  -0.04090531  -0.42578905   0.36106002   0.65175951   1.04660832   0.37933342   1.77956534  -2.22971203
  0.82912136  -0.04067746  -0.42543846   0.36039276   0.65189705   1.04654509   0.37866957   1.77941685  -2.23085959
  0.83012207  -0.04044596  -0.42508891   0.35972137   0.65203735   1.04647510   0.37799744   1.77927262  -2.23200261
  0.83112088  -0.04020983  -0.42473631   0.35905386   0.65217820   1.04641409   0.37732671   1.77912043  -2.23314896
  0.83212087  -0.03996703  -0.42437440   0.35838247   0.65232896   1.04634652   0.37664756   1.77896055  -2.23430129
  0.83311865  -0.03972160  -0.42401336   0.35773011   0.65248557   1.04626868   0.37599837   1.77881747  -2.23545325
  0.83411585  -0.03947066  -0.42364778   0.35707301   0.65264596   1.04619057   0.37532854   1.77866036  -2.23660498
  0.83510913  -0.03921661  -0.42328273   0.35643113   0.65280895   1.04610954   0.37468895   1.77851952  -2.23775658
  0.83610272  -0.03895748  -0.42291402   0.35577929   0.65297815   1.04601988   0.37403030   1.77837491  -2.23890651
  0.83710589  -0.03868922  -0.42252879   0.35512675   0.65316830   1.04592023   0.37338103   1.77822407  -2.24008036
  0.83811511  -0.03841848  -0.42214170   0.35448644   0.65336464   1.04580959   0.37274319   1.77807872  -2.24126071
  0.83912642  -0.03814447  -0.42175487   0.35385051   0.65356255   1.04569376   0.37210341   1.77793525  -2.24244095
  0.84013193  -0.03786975  -0.42137435   0.35323342   0.65376417   1.04556805   0.37148619   1.77780708  -2.24361253
  0.84113300  -0.03759063  -0.42099031   0.35261678   0.65397527   1.04543056   0.37086557   1.77767933  -2.24477989
  0.84212905  -0.03730722  -0.42060191   0.35200597   0.65418530   1.04530240   0.37025145   1.77754596  -2.24594838
  0.84312491  -0.03701809  -0.42020961   0.35138408   0.65439610   1.04516943   0.36962889   1.77741961  -2.24711596
  0.84411779  -0.03672740  -0.41982409   0.35077746   0.65461020   1.04502921   0.36902920   1.77731055  -2.24827847
  0.84510870  -0.03643360  -0.41943949   0.35017049   0.65482839   1.04487987   0.36841722   1.77720008  -2.24943436
  0.84609393  -0.03613749  -0.41905518   0.34957881   0.65504058   1.04474149   0.36782312   1.77709091  -2.25058855
  0.84707661  -0.03583701  -0.41866593   0.34898069   0.65526119   1.04459298   0.36721602   1.77697782  -2.25174005
  0.84805506  -0.03553583  -0.41828015   0.34839505   0.65547752   1.04444840   0.36663303   1.77687865  -2.25288882
  0.84903208  -0.03523167  -0.41789250   0.34780164   0.65569882   1.04429843   0.36602804   1.77676937  -2.25403343
  0.85000616  -0.03492640  -0.41750672   0.34721878   0.65591983   1.04414835   0.36544579   1.77667353  -2.25517728
  0.85098272  -0.03461727  -0.41711622   0.34662309   0.65613936   1.04399859   0.36484482   1.77657304  -2.25632289
  0.85195987  -0.03430828  -0.41673087   0.34604174   0.65636057   1.04384341   0.36426987   1.77649027  -2.25746871
  0.85293776  -0.03399819  -0.41634607   0.34545971   0.65658589   1.04367937   0.36367992   1.77640171  -2.25861057
  0.85391197  -0.03368775  -0.41596254   0.34489040   0.65680569   1.04352442   0.36310726   1.77631617  -2.25975179
  0.85488470  -0.03337382  -0.41557299   0.34431369   0.65703561   1.04335910   0.36251954   1.77622278  -2.26089224
  0.85585467  -0.03305918  -0.41518417   0.34374720   0.65726304   1.04319710   0.36195502   1.77614129  -2.26203336
  0.85682729  -0.03274020  -0.41478874   0.34316720   0.65749842   1.04302783   0.36136717   1.77604922  -2.26317729
  0.85780106  -0.03242010  -0.41439451   0.34259971   0.65773333   1.04285856   0.36080643   1.77597244  -2.26432562
  0.85877617  -0.03209709  -0.41399669   0.34202854   0.65797552   1.04268290   0.36022306   1.77587920  -2.26547362
  0.85974835  -0.03177332  -0.41359969   0.34147151   0.65821752   1.04250763   0.35966525   1.77579763  -2.26662207
  0.86071905  -0.03144695  -0.41319986   0.34091069   0.65846735   1.04232008   0.35909569   1.77571346  -2.26776685
  0.86168613  -0.03112036  -0.41280339   0.34036237   0.65871315   1.04213651   0.35854851   1.77564130  -2.26890947
  0.86265464  -0.03078908  -0.41240058   0.33980245   0.65896684   1.04194512   0.35798102   1.77556052  -2.27005368
  0.86362334  -0.03045612  -0.41199844   0.33925396   0.65922182   1.04175286   0.35743744   1.77549265  -2.27120142
  0.86459287  -0.03011991  -0.41159245   0.33870268   0.65948462   1.04155227   0.35687600   1.77541267  -2.27234867
  0.86555919  -0.02978381  -0.41119036   0.33816705   0.65974504   1.04135081   0.35634265   1.77535002  -2.27349356
  0.86652336  -0.02944544  -0.41078727   0.33762869   0.66001339   1.04113772   0.35579610   1.77528311  -2.27463310
  0.86748334  -0.02910565  -0.41038420   0.33710044   0.66027820   1.04093255   0.35526550   1.77521940  -2.27577228
  0.86844491  -0.02876037  -0.40997280   0.33656046   0.66055564   1.04071263   0.35472137   1.77515378  -2.27691461
  0.86940706  -0.02841303  -0.40956158   0.33603040   0.66083120   1.04049890   0.35419475   1.77509357  -2.27806149
  0.87037044  -0.02806235  -0.40914664   0.33549870   0.66111679   1.04027219   0.35365464   1.77502614  -2.27920798
  0.87133076  -0.02771152  -0.40873528   0.33498130   0.66139534   1.04005304   0.35313680   1.77496900  -2.28035286
  0.87228897  -0.02735778  -0.40832128   0.33446093   0.66168049   1.03982563   0.35260563   1.77490506  -2.28149398
  0.87324315  -0.02700332  -0.40790965   0.33395187   0.66196789   1.03959456   0.35209638   1.77485468  -2.28263254
  0.87419856  -0.02664362  -0.40749080   0.33343273   0.66226065   1.03935924   0.35157202   1.77479756  -2.28377409
  0.87515410  -0.02628199  -0.40707283   0.33292288   0.66255940   1.03911768   0.35106458   1.77475028  -2.28491763
  0.87611065  -0.02591632  -0.40664932   0.33241057   0.66286535   1.03886951   0.35054357   1.77469236  -2.28606276
  0.87706435  -0.02555014  -0.40622819   0.33191096   0.66316816   1.03862590   0.35004191   1.77464215  -2.28720702
  0.87801635  -0.02518123  -0.40580479   0.33140908   0.66348224   1.03836484   0.34953240   1.77459321  -2.28834703
  0.87896449  -0.02481176  -0.40538441   0.33091771   0.66378932   1.03811366   0.34903988   1.77455094  -2.28948501
  0.87991378  -0.02443677  -0.40495659   0.33041660   0.66411155   1.03784427   0.34853353   1.77450642  -2.29062468
  0.88086322  -0.02405972  -0.40452959   0.32992529   0.66442735   1.03758619   0.34804595   1.77446855  -2.29176853
  0.88181333  -0.02367960  -0.40410017   0.32943313   0.66475648   1.03730990   0.34754608   1.77442604  -2.29291013
  0.88276002  -0.02329941  -0.40367445   0.32895421   0.66507521   1.03704673   0.34706543   1.77439022  -2.29405000
  0.88370432  -0.02291649  -0.40324658   0.32847284   0.66540495   1.03676869   0.34657337   1.77435069  -2.29518502
  0.88464447  -0.02253302  -0.40282119   0.32800251   0.66573244   1.03649240   0.34610460   1.77432549  -2.29631793
  0.88558558  -0.02214484  -0.40239055   0.32752426   0.66607284   1.03619780   0.34562804   1.77430480  -2.29745134
  0.88652649  -0.02175365  -0.40195829   0.32705297   0.66641376   1.03591242   0.34515550   1.77427496  -2.29858904
  0.88746856  -0.02135810  -0.40151960   0.32658004   0.66676450   1.03561377   0.34467837   1.77424451  -2.29972905
  0.88840794  -0.02096252  -0.40108512   0.32611875   0.66711226   1.03532002   0.34421574   1.77421900  -2.30086670
  0.88934557  -0.02056396  -0.40064758   0.32565549   0.66746598   1.03501704   0.34374482   1.77419104  -2.30200136
  0.89027938  -0.02016509  -0.40021373   0.32520219   0.66781643   1.03471854   0.34329050   1.77417171  -2.30313301
  0.89121420  -0.01976070  -0.39977283   0.32474080   0.66817744   1.03440649   0.34282730   1.77415326  -2.30426680
  0.89214890  -0.01935416  -0.39933321   0.32428776   0.66853364   1.03410563   0.34237491   1.77413485  -2.30540337
  0.89308419  -0.01894402  -0.39888993   0.32383466   0.66890386   1.03378540   0.34191582   1.77411572  -2.30653901
  0.89401615  -0.01853386  -0.39845058   0.32339295   0.66926377   1.03347942   0.34147112   1.77409962  -2.30767249
  0.89494592  -0.01812046  -0.39800746   0.32294957   0.66964430   1.03314666   0.34101964   1.77408429  -2.30880212
  0.89587213  -0.01770503  -0.39756224   0.32251298   0.67002576   1.03282035   0.34058090   1.77406854  -2.30993373
  0.89680026  -0.01728421  -0.39710967   0.32206752   0.67040816   1.03248986   0.34013689   1.77405736  -2.31106920
  0.89772866  -0.01686275  -0.39666362   0.32163250   0.67078517   1.03216722   0.33970387   1.77405075  -2.31220352
  0.89865719  -0.01643771  -0.39621473   0.32119917   0.67117679   1.03182430   0.33926415   1.77404274  -2.31333574
  0.89958197  -0.01601190  -0.39576780   0.32077629   0.67156611   1.03148765   0.33883852   1.77403744  -2.31446642
  0.90050448  -0.01558317  -0.39531760   0.32035100   0.67195864   1.03114470   0.33840775   1.77403232  -2.31559434
  0.90142281  -0.01515503  -0.39487341   0.31993523   0.67234155   1.03081434   0.33798906   1.77403157  -2.31671743
  0.90234123  -0.01472205  -0.39442466   0.31951392   0.67273350   1.03047179   0.33756138   1.77403085  -2.31784011
  0.90325892  -0.01428615  -0.39397516   0.31910085   0.67313210   1.03012449   0.33714917   1.77403757  -2.31896531
  0.90417737  -0.01384538  -0.39351891   0.31868556   0.67354290   1.02976450   0.33672826   1.77403781  -2.32009278
  0.90509330  -0.01340455  -0.39306624   0.31828029   0.67394813   1.02941320   0.33632074   1.77404185  -2.32121864
  0.90600770  -0.01296091  -0.39261087   0.31787432   0.67436376   1.02904595   0.33590969   1.77404856  -2.32234148
  0.90691778  -0.01251772  -0.39216115   0.31747720   0.67476422   1.02869977   0.33550881   1.77405573  -2.32346021
  0.90782566  -0.01207089  -0.39171063   0.31707680   0.67517198   1.02834167   0.33510069   1.77406556  -2.32457391
  0.90873189  -0.01162036  -0.39125640   0.31668361   0.67559310   1.02797075   0.33470889   1.77408424  -2.32569052
  0.90964004  -0.01116411  -0.39079295   0.31628680   0.67602433   1.02759140   0.33431098   1.77409690  -2.32681319
  0.91054736  -0.01070811  -0.39033436   0.31589922   0.67644884   1.02722149   0.33392342   1.77411228  -2.32793455
  0.91145425  -0.01024918  -0.38987344   0.31551186   0.67688511   1.02683444   0.33353153   1.77412895  -2.32905362
  0.91235803  -0.00978986  -0.38941611   0.31513260   0.67731189   1.02646083   0.33315154   1.77414925  -2.33017054
  0.91326264  -0.00932477  -0.38895278   0.31474850   0.67775666   1.02606282   0.33276983   1.77417817  -2.33128876
  0.91416677  -0.00885618  -0.38848780   0.31436986   0.67820343   1.02567222   0.33239039   1.77419796  -2.33241034
  0.91507167  -0.00838319  -0.38801728   0.31399112   0.67865834   1.02526920   0.33201193   1.77422213  -2.33353396
  0.91597356  -0.00791119  -0.38755367   0.31362179   0.67910102   1.02488309   0.33163997   1.77424440  -2.33465285
  0.91687311  -0.00743660  -0.38708816   0.31325386   0.67955851   1.02447435   0.33126869   1.77427371  -2.33576738
  0.91776760  -0.00696225  -0.38662738   0.31289296   0.67999940   1.02409055   0.33090258   1.77429768  -2.33687741
  0.91865901  -0.00648455  -0.38616690   0.31253047   0.68044845   1.02369140   0.33053507   1.77433099  -2.33798106
  0.91954832  -0.00600253  -0.38570129   0.31217378   0.68091203   1.02328167   0.33017769   1.77436519  -2.33908793
  0.92043990  -0.00551379  -0.38522390   0.31181333   0.68139166   1.02285705   0.32981819   1.77439660  -2.34020313
  0.92133155  -0.00502484  -0.38474978   0.31146015   0.68186657   1.02244167   0.32946653   1.77442763  -2.34131895
  0.92222361  -0.00453326  -0.38427403   0.31110767   0.68234734   1.02201480   0.32911393   1.77446308  -2.34243347
  0.92311288  -0.00404170  -0.38380346   0.31076317   0.68282111   1.02159840   0.32876906   1.77449955  -2.34354425
  0.92400308  -0.00354311  -0.38332402   0.31041459   0.68331623   1.02115437   0.32842676   1.77454696  -2.34465880
  0.92489384  -0.00304039  -0.38284104   0.31006956   0.68381524   1.02071646   0.32808920   1.77458777  -2.34577949
  0.92578561  -0.00253460  -0.38235694   0.30972495   0.68431109   1.02027902   0.32774699   1.77462785  -2.34689942
  0.92667345  -0.00203087  -0.38188346   0.30939206   0.68479606   1.01985294   0.32741165   1.77466962  -2.34801011
  0.92755760  -0.00152394  -0.38140703   0.30906101   0.68529643   1.01940522   0.32707646   1.77471586  -2.34911597
  0.92843672  -0.00101682  -0.38093414   0.30873555   0.68577995   1.01898294   0.32674972   1.77476032  -2.35021878
  0.92931676  -0.00050440  -0.38045650   0.30840769   0.68628787   1.01852514   0.32643175   1.77482610  -2.35132268
  0.93020129   0.00001375  -0.37996902   0.30808072   0.68681399   1.01805710   0.32611620   1.77488401  -2.35243901
  0.93108817   0.00053607  -0.37947823   0.30775302   0.68732781   1.01760711   0.32578969   1.77492781  -2.35355869
  0.93196989   0.00105600  -0.37900014   0.30743838   0.68783540   1.01715938   0.32547249   1.77497960  -2.35466560
  0.93284593   0.00157953  -0.37851886   0.30712572   0.68835437   1.01669719   0.32515375   1.77503134  -2.35576650
  0.93371560   0.00210374  -0.37803935   0.30681796   0.68886434   1.01625081   0.32484427   1.77508340  -2.35686352
  0.93458460   0.00263520  -0.37754971   0.30650591   0.68940360   1.01576987   0.32453554   1.77514329  -2.35796336
  0.93545353   0.00317018  -0.37705802   0.30619685   0.68993223   1.01531429   0.32422829   1.77519025  -2.35906877
  0.93632409   0.00370782  -0.37656564   0.30588978   0.69047382   1.01483339   0.32392727   1.77525405  -2.36017264
  0.93719154   0.00424197  -0.37608492   0.30559003   0.69098571   1.01439086   0.32362331   1.77530597  -2.36126853
  0.93805286   0.00477276  -0.37561316   0.30529308   0.69149694   1.01393915   0.32331701   1.77536518  -2.36234909
  0.93891162   0.00530244  -0.37513652   0.30499451   0.69201588   1.01348301   0.32301235   1.77541991  -2.36343102
  0.93977827   0.00583652  -0.37464162   0.30467976   0.69255364   1.01301162   0.32270404   1.77547296  -2.36453196
  0.94065537   0.00636406  -0.37415082   0.30435435   0.69306880   1.01257199   0.32238351   1.77551284  -2.36564239
  0.94154186   0.00688382  -0.37366548   0.30401990   0.69357747   1.01213158   0.32205402   1.77555580  -2.36675558
  0.94242515   0.00739432  -0.37318898   0.30367962   0.69405088   1.01173237   0.32170976   1.77558249  -2.36786005
  0.94329141   0.00790368  -0.37271707   0.30337256   0.69454572   1.01130632   0.32138326   1.77560311  -2.36894398
  0.94413177   0.00842722  -0.37222699   0.30308075   0.69507314   1.01085966   0.32106853   1.77560927  -2.37001611
  0.94493553   0.00897859  -0.37172130   0.30284341   0.69566848   1.01034864   0.32081880   1.77563886  -2.37106903
  0.94569031   0.00960879  -0.37119213   0.30266206   0.69638102   1.00969137   0.32071320   1.77583638  -2.37209763
  0.94637621   0.01031535  -0.37066985   0.30260811   0.69717786   1.00898049   0.32067016   1.77602000  -2.37306242
  0.94699422   0.01108202  -0.37013375   0.30258727   0.69800284   1.00826085   0.32066550   1.77623476  -2.37397506
  0.94756545   0.01190606  -0.36957374   0.30260047   0.69891178   1.00747112   0.32078640   1.77656369  -2.37487937
  0.94808106   0.01276819  -0.36902673   0.30272804   0.69990282   1.00659686   0.32099373   1.77691669  -2.37572710
  0.94850741   0.01367489  -0.36849617   0.30298918   0.70098760   1.00560467   0.32132245   1.77733840  -2.37648093
  0.94880823   0.01466837  -0.36796820   0.30339820   0.70218456   1.00449025   0.32186585   1.77792347  -2.37713346
  0.94896286   0.01575156  -0.36743520   0.30395655   0.70350136   1.00329700   0.32248245   1.77847804  -2.37765471
  0.94898327   0.01690753  -0.36686675   0.30463763   0.70493457   1.00202188   0.32319937   1.77902474  -2.37808038
  0.94888535   0.01812130  -0.36626653   0.30542638   0.70649039   1.00065113   0.32403958   1.77959822  -2.37842894
  0.94869338   0.01943890  -0.36560070   0.30625489   0.70822229   0.99912420   0.32508049   1.78036298  -2.37876021
  0.94845305   0.02083473  -0.36490151   0.30717599   0.71010209   0.99747242   0.32626648   1.78121145  -2.37908886
  0.94815548   0.02229747  -0.36416422   0.30826734   0.71206140   0.99581225   0.32747282   1.78188754  -2.37939353
  0.94778327   0.02387480  -0.36335041   0.30948982   0.71411469   0.99409869   0.32886885   1.78264177  -2.37970415
  0.94729236   0.02548836  -0.36265629   0.31084661   0.71629090   0.99212798   0.33037946   1.78362155  -2.37979575
  0.94661872   0.02714156  -0.36197765   0.31237792   0.71854725   0.99011495   0.33192725   1.78448700  -2.37970196
  0.94575502   0.02881817  -0.36127228   0.31403502   0.72087563   0.98803509   0.33360060   1.78535978  -2.37945076
  0.94474094   0.03047514  -0.36058663   0.31581180   0.72320866   0.98597907   0.33534573   1.78616748  -2.37905621
  0.94363567   0.03213076  -0.35988639   0.31760802   0.72557209   0.98391287   0.33713443   1.78697425  -2.37859395
  0.94246970   0.03388747  -0.35909865   0.31936890   0.72805085   0.98173296   0.33909387   1.78801299  -2.37815276
  0.94125811   0.03571913  -0.35830843   0.32122749   0.73061846   0.97945419   0.34108489   1.78906472  -2.37766028
  0.94000973   0.03756701  -0.35754200   0.32324144   0.73321711   0.97713773   0.34308410   1.79001799  -2.37710697
  0.93873320   0.03940580  -0.35677129   0.32528679   0.73577800   0.97487410   0.34507097   1.79090822  -2.37653029
  0.93743566   0.04130124  -0.35592891   0.32728223   0.73840604   0.97253978   0.34711340   1.79190479  -2.37598338
  0.93612268   0.04323143  -0.35507921   0.32933560   0.74108999   0.97013696   0.34918747   1.79291773  -2.37542263
  0.93478664   0.04515062  -0.35425749   0.33144310   0.74373296   0.96778111   0.35123477   1.79386145  -2.37481852
  0.93343968   0.04702257  -0.35346740   0.33350875   0.74629976   0.96550299   0.35323391   1.79477913  -2.37418289
  0.93209301   0.04885137  -0.35268848   0.33551296   0.74884948   0.96321597   0.35525121   1.79576855  -2.37354202
  0.93071169   0.05073321  -0.35186111   0.33751105   0.75145729   0.96080590   0.35741919   1.79698537  -2.37289690
  0.92925752   0.05266043  -0.35103657   0.33963661   0.75411015   0.95833835   0.35959462   1.79814590  -2.37216541
  0.92777787   0.05461280  -0.35016644   0.34173853   0.75677897   0.95594287   0.36163804   1.79911130  -2.37144180
  0.92633316   0.05654941  -0.34927438   0.34381620   0.75939482   0.95364482   0.36372159   1.80007557  -2.37079290
  0.92487869   0.05849345  -0.34839084   0.34596948   0.76197009   0.95125272   0.36590865   1.80120508  -2.37009507
  0.92338027   0.06044990  -0.34753880   0.34813383   0.76453863   0.94882889   0.36802450   1.80232149  -2.36930703
  0.92185874   0.06241008  -0.34660292   0.35028252   0.76699470   0.94646234   0.37014841   1.80345347  -2.36852368
  0.92031352   0.06438434  -0.34532692   0.35255022   0.76916236   0.94400976   0.37243542   1.80473103  -2.36778579
  0.91877667   0.06631767  -0.34399502   0.35488151   0.77122466   0.94154647   0.37468290   1.80593639  -2.36703335
  0.91729421   0.06820148  -0.34258230   0.35718656   0.77315239   0.93914932   0.37679535   1.80698983  -2.36633074
  0.91589740   0.07003628  -0.34099849   0.35950289   0.77482118   0.93681652   0.37890861   1.80803535  -2.36573278
  0.91456807   0.07189878  -0.33902942   0.36190242   0.77616865   0.93435888   0.38120856   1.80931762  -2.36526633
  0.91330056   0.07375320  -0.33698607   0.36442653   0.77740163   0.93184564   0.38349123   1.81055276  -2.36482338
  0.91206293   0.07558645  -0.33492102   0.36701804   0.77850321   0.92937594   0.38575815   1.81174959  -2.36437681
  0.91080541   0.07745347  -0.33255683   0.36972688   0.77935412   0.92686063   0.38816148   1.81303812  -2.36396842
  0.90952274   0.07929729  -0.33020504   0.37246854   0.78024585   0.92424512   0.39054057   1.81430801  -2.36349140
  0.90822622   0.08108708  -0.32786953   0.37521128   0.78105634   0.92172737   0.39292455   1.81552851  -2.36299246
  0.90695243   0.08279955  -0.32556297   0.37785320   0.78176666   0.91929428   0.39524249   1.81673635  -2.36248104
  0.90570524   0.08444067  -0.32327013   0.38043748   0.78231771   0.91696288   0.39760893   1.81803451  -2.36196943
  0.90437815   0.08608065  -0.32083703   0.38311848   0.78266156   0.91445094   0.40041496   1.81989331  -2.36135446
  0.90287213   0.08769183  -0.31840535   0.38595693   0.78292743   0.91173577   0.40313208   1.82172463  -2.36041047
  0.90127489   0.08939559  -0.31584101   0.38873468   0.78331529   0.90926085   0.40569073   1.82313564  -2.35955969
  0.89968146   0.09117214  -0.31288904   0.39170116   0.78345756   0.90677303   0.40856835   1.82468273  -2.35884666
  0.89819031   0.09293946  -0.30997063   0.39464756   0.78369036   0.90427863   0.41111644   1.82586570  -2.35818951
  0.89682946   0.09467331  -0.30721999   0.39755178   0.78402566   0.90194543   0.41355849   1.82685045  -2.35765649
  0.89561245   0.09640180  -0.30423776   0.40041792   0.78417139   0.89954812   0.41617025   1.82806444  -2.35730326
  0.89447682   0.09814193  -0.30101939   0.40339755   0.78408015   0.89691101   0.41908820   1.82969610  -2.35698486
  0.89335578   0.09989376  -0.29788742   0.40642431   0.78414356   0.89421673   0.42184193   1.83110949  -2.35663288
  0.89222367   0.10167058  -0.29470215   0.40949290   0.78423372   0.89149837   0.42467987   1.83253892  -2.35629422
  0.89106098   0.10348483  -0.29137037   0.41262886   0.78429021   0.88872966   0.42761852   1.83399203  -2.35596358
  0.88990461   0.10528452  -0.28808646   0.41571934   0.78440436   0.88599344   0.43044932   1.83531990  -2.35562323
  0.88878616   0.10702894  -0.28493763   0.41870467   0.78454856   0.88337795   0.43320393   1.83658474  -2.35529371
  0.88770493   0.10869966  -0.28192619   0.42154540   0.78468173   0.88087124   0.43583737   1.83780738  -2.35494721
  0.88664800   0.11031718  -0.27897332   0.42428181   0.78475506   0.87843208   0.43851034   1.83914128  -2.35459520
  0.88555580   0.11201002  -0.27570351   0.42700172   0.78465150   0.87578055   0.44178569   1.84121145  -2.35427421
  0.88433146   0.11381659  -0.27209513   0.42980650   0.78446860   0.87264356   0.44584581   1.84425636  -2.35383119
  0.88278037   0.11541485  -0.26927589   0.43287915   0.78473119   0.86931488   0.44945940   1.84679212  -2.35265126
  0.88069584   0.11679343  -0.26655582   0.43659938   0.78417443   0.86736514   0.45278060   1.84788448  -2.35105611
  0.87796049   0.11785692  -0.26376644   0.44068125   0.78259514   0.86758987   0.45632211   1.84761988  -2.34939183
  0.87477491   0.11804519  -0.26319398   0.44304206   0.78370033   0.86722336   0.46001913   1.84820037  -2.34716775
  0.87138802   0.11775766  -0.26175408   0.44466803   0.78430934   0.86568452   0.46320050   1.84918727  -2.34441369
  0.86822025   0.11747627  -0.25902794   0.44640054   0.78366439   0.86342999   0.46638467   1.85067878  -2.34163712
  0.86551712   0.11749492  -0.25631102   0.44854974   0.78281988   0.86106408   0.46991276   1.85262079  -2.33916754
  0.86327119   0.11802805  -0.25418014   0.45078810   0.78273321   0.85895953   0.47348604   1.85460033  -2.33728733
  0.86141940   0.11922204  -0.25145128   0.45310149   0.78257452   0.85755331   0.47664397   1.85580349  -2.33634837
  0.86005123   0.12078137  -0.24818729   0.45547099   0.78210800   0.85594103   0.47951673   1.85703324  -2.33588113
  0.85912719   0.12260244  -0.24507759   0.45792591   0.78180255   0.85399329   0.48184852   1.85816681  -2.33560131
  0.85857150   0.12470817  -0.24182063   0.46038632   0.78159928   0.85180884   0.48432467   1.85968262  -2.33570128
  0.85828881   0.12695225  -0.23848941   0.46280796   0.78151932   0.84923575   0.48671549   1.86142484  -2.33596104
  0.85818414   0.12921288  -0.23520537   0.46550090   0.78146643   0.84676107   0.48900252   1.86278198  -2.33639921
  0.85800871   0.13143969  -0.23206957   0.46840765   0.78158339   0.84425241   0.49127711   1.86390199  -2.33672920
  0.85768162   0.13367143  -0.22880437   0.47144413   0.78172985   0.84156267   0.49373155   1.86508947  -2.33690295
  0.85728625   0.13595542  -0.22544128   0.47471958   0.78188418   0.83882125   0.49653699   1.86639033  -2.33704992
  0.85690179   0.13825113  -0.22211742   0.47804645   0.78220145   0.83581080   0.49932887   1.86774046  -2.33711288
  0.85663830   0.14047810  -0.21875470   0.48139784   0.78241840   0.83264570   0.50216614   1.86920069  -2.33717893
  0.85641762   0.14269213  -0.21543658   0.48473200   0.78264354   0.82952411   0.50489562   1.87054606  -2.33726441
  0.85616288   0.14494031  -0.21209203   0.48808398   0.78290402   0.82650240   0.50761788   1.87176803  -2.33738167
  0.85582108   0.14719979  -0.20875535   0.49140066   0.78327703   0.82352032   0.51028381   1.87286052  -2.33746774
  0.85545709   0.14943649  -0.20540487   0.49469097   0.78363393   0.82066467   0.51295311   1.87385691  -2.33758578
  0.85511433   0.15168443  -0.20206840   0.49803826   0.78393264   0.81792482   0.51577411   1.87490964  -2.33774472
  0.85473300   0.15390906  -0.19871739   0.50136989   0.78409165   0.81491943   0.51867626   1.87630412  -2.33765360
  0.85439042   0.15605834  -0.19538131   0.50472421   0.78421935   0.81180832   0.52154887   1.87768025  -2.33750277
  0.85404669   0.15816254  -0.19203023   0.50802302   0.78435111   0.80889653   0.52433512   1.87881469  -2.33744892
  0.85360124   0.16025357  -0.18869370   0.51124772   0.78450676   0.80620961   0.52712973   1.87983013  -2.33740979
  0.85310173   0.16238693  -0.18534289   0.51452292   0.78465388   0.80369147   0.53005994   1.88082719  -2.33740440
  0.85261319   0.16453642  -0.18200642   0.51774650   0.78485602   0.80106069   0.53291248   1.88185552  -2.33735376
  0.85214381   0.16668634  -0.17865563   0.52098232   0.78502101   0.79838624   0.53579931   1.88294193  -2.33727486
  0.85160151   0.16881892  -0.17531877   0.52420756   0.78514806   0.79574449   0.53866273   1.88400371  -2.33709789
  0.85094780   0.17092789  -0.17196786   0.52736375   0.78523654   0.79318462   0.54151277   1.88504357  -2.33683194
  0.85023101   0.17303774  -0.16863120   0.53058622   0.78530743   0.79073479   0.54450367   1.88608793  -2.33653960
  0.84949676   0.17512166  -0.16528033   0.53373724   0.78538074   0.78809320   0.54744104   1.88723745  -2.33612057
  0.84876637   0.17716029  -0.16194375   0.53686317   0.78539697   0.78552824   0.55039961   1.88837353  -2.33569965
  0.84798039   0.17917643  -0.15859265   0.53989681   0.78538707   0.78294008   0.55333091   1.88956188  -2.33519507
  0.84712062   0.18123231  -0.15525612   0.54301218   0.78538875   0.78044170   0.55646443   1.89082612  -2.33466033
  0.84620438   0.18330992  -0.15190502   0.54614130   0.78539143   0.77783412   0.55950814   1.89206969  -2.33399299
  0.84525146   0.18538251  -0.14856852   0.54920723   0.78539667   0.77531712   0.56247027   1.89322753  -2.33331921
  0.84428837   0.18742913  -0.14521743   0.55219015   0.78539488   0.77287276   0.56539016   1.89433334  -2.33267190
  0.84333878   0.18947830  -0.14188103   0.55524955   0.78539007   0.77051750   0.56843641   1.89542740  -2.33206963
  0.84236945   0.19152028  -0.13850006   0.55828993   0.78534244   0.76784753   0.57146068   1.89671408  -2.33125214
  0.84130171   0.19353847  -0.13508604   0.56126032   0.78523843   0.76470610   0.57444259   1.89832803  -2.33003601
  0.83999541   0.19555033  -0.13186224   0.56439253   0.78519987   0.76194472   0.57786849   1.90000879  -2.32873637
  0.83852450   0.19757918  -0.12856211   0.56736356   0.78527307   0.75920055   0.58119406   1.90160922  -2.32738013
  0.83701015   0.19956624  -0.12531949   0.57030589   0.78535783   0.75670782   0.58449785   1.90302929  -2.32609100
  0.83552115   0.20151918  -0.12203203   0.57321280   0.78537537   0.75434890   0.58769848   1.90427021  -2.32487552
  0.83412489   0.20343626  -0.11875804   0.57601262   0.78539376   0.75212737   0.59072089   1.90532371  -2.32381524
  0.83282138   0.20531213  -0.11554250   0.57868445   0.78539816   0.75021881   0.59340622   1.90599036  -2.32297659
  0.83156623   0.20707672  -0.11253546   0.58124366   0.78539627   0.74851215   0.59599944   1.90658515  -2.32218721
  0.83038890   0.20872391  -0.10957638   0.58362002   0.78539784   0.74665780   0.59853594   1.90730992  -2.32137032
  0.82930557   0.21022731  -0.10681613   0.58591045   0.78539771   0.74491527   0.60099799   1.90797471  -2.32060398
  0.82828876   0.21160041  -0.10427560   0.58808813   0.78539772   0.74333435   0.60327217   1.90849800  -2.31987734
  0.82728517   0.21290264  -0.10190490   0.59016469   0.78539792   0.74191808   0.60549048   1.90900510  -2.31917241
  0.82629366   0.21411030  -0.09970287   0.59205993   0.78539796   0.74046830   0.60760925   1.90963757  -2.31837376
  0.82530584   0.21517452  -0.09777631   0.59383185   0.78539796   0.73915700   0.60956536   1.91020533  -2.31751285
  0.82433038   0.21609800  -0.09607592   0.59543918   0.78539790   0.73803748   0.61133893   1.91066313  -2.31666227
  0.82338467   0.21688594  -0.09456753   0.59685763   0.78539780   0.73711317   0.61291618   1.91100103  -2.31586333
  0.82247302   0.21752956  -0.09328177   0.59810031   0.78539657   0.73634858   0.61434281   1.91128464  -2.31508321
  0.82159774   0.21803733  -0.09220160   0.59916403   0.78539633   0.73570427   0.61561500   1.91153412  -2.31431131
  0.82076155   0.21841175  -0.09133157   0.60008249   0.78539182   0.73519259   0.61673896   1.91172560  -2.31355011
  0.81996339   0.21866237  -0.09061491   0.60085683   0.78532595   0.73479886   0.61773240   1.91188903  -2.31278633
  0.81919896   0.21878579  -0.09005843   0.60150601   0.78518035   0.73453901   0.61859186   1.91200757  -2.31200890
  0.81845283   0.21879011  -0.08964979   0.60204782   0.78492012   0.73445843   0.61931847   1.91205858  -2.31121422
  0.81770383   0.21869461  -0.08937926   0.60249634   0.78459167   0.73448180   0.61993550   1.91207923  -2.31036794
  0.81696327   0.21852990  -0.08923925   0.60282914   0.78424956   0.73458405   0.62045169   1.91210183  -2.30950585
  0.81623189   0.21831283  -0.08919070   0.60310710   0.78386471   0.73475494   0.62090669   1.91211911  -2.30862175
  0.81549950   0.21806513  -0.08920508   0.60335451   0.78346210   0.73496204   0.62131734   1.91212879  -2.30771464
  0.81476235   0.21780772  -0.08925043   0.60358531   0.78304551   0.73520427   0.62171331   1.91213925  -2.30679975
  0.81401645   0.21754343  -0.08932983   0.60381146   0.78262402   0.73545559   0.62209642   1.91215688  -2.30585971
  0.81326444   0.21727834  -0.08943451   0.60403094   0.78221118   0.73571820   0.62246493   1.91217159  -2.30491186
  0.81250843   0.21700764  -0.08955925   0.60424525   0.78179428   0.73599883   0.62282043   1.91217911  -2.30395756
  0.81175335   0.21673331  -0.08969864   0.60445328   0.78140132   0.73626515   0.62317061   1.91218786  -2.30300242
  0.81099915   0.21644912  -0.08985761   0.60465662   0.78098551   0.73656429   0.62350532   1.91218528  -2.30204348
  0.81024381   0.21615440  -0.09004509   0.60485203   0.78055523   0.73688483   0.62381814   1.91217637  -2.30107189
  0.80948420   0.21585621  -0.09025776   0.60504309   0.78014201   0.73718653   0.62413828   1.91219254  -2.30008159
  0.80871449   0.21555420  -0.09049183   0.60523174   0.77970950   0.73751498   0.62444864   1.91220874  -2.29907377
  0.80793749   0.21525327  -0.09073989   0.60541622   0.77930479   0.73782726   0.62475424   1.91222748  -2.29805825
  0.80715731   0.21495240  -0.09099223   0.60559501   0.77889749   0.73815775   0.62505122   1.91223664  -2.29704708
  0.80638033   0.21464895  -0.09125406   0.60576691   0.77849087   0.73849328   0.62533771   1.91224323  -2.29603761
  0.80560406   0.21433240  -0.09153768   0.60594160   0.77806898   0.73884586   0.62561494   1.91224111  -2.29501756
  0.80482869   0.21400867  -0.09183369   0.60611069   0.77766472   0.73918505   0.62588934   1.91224045  -2.29399472
  0.80405553   0.21367996  -0.09213472   0.60627130   0.77726327   0.73952923   0.62616446   1.91224138  -2.29297710
  0.80328654   0.21335054  -0.09243684   0.60642530   0.77685752   0.73988562   0.62642433   1.91223004  -2.29196798
  0.80251891   0.21301502  -0.09275288   0.60658202   0.77644011   0.74025222   0.62668122   1.91221848  -2.29095134
  0.80174675   0.21267079  -0.09308857   0.60673726   0.77601668   0.74062520   0.62693103   1.91220740  -2.28991954
  0.80097135   0.21232587  -0.09342751   0.60688679   0.77560589   0.74099670   0.62717720   1.91219244  -2.28889005
  0.80019379   0.21197762  -0.09377114   0.60703229   0.77518599   0.74138059   0.62742268   1.91217818  -2.28785824
  0.79941816   0.21162913  -0.09411866   0.60717321   0.77477740   0.74176013   0.62766018   1.91215902  -2.28683066
  0.79864250   0.21127646  -0.09447475   0.60731672   0.77435775   0.74214830   0.62789788   1.91214112  -2.28579665
  0.79786004   0.21091869  -0.09484986   0.60746179   0.77392571   0.74254005   0.62813491   1.91213520  -2.28473961
  0.79707115   0.21056503  -0.09523083   0.60760327   0.77350347   0.74293420   0.62836308   1.91212493  -2.28368041
  0.79627829   0.21021482  -0.09561294   0.60774419   0.77307740   0.74333274   0.62859723   1.91212333  -2.28261710
  0.79548729   0.20986985  -0.09599364   0.60788088   0.77266431   0.74372781   0.62881932   1.91211302  -2.28156218
  0.79469760   0.20952255  -0.09637505   0.60802559   0.77224375   0.74412591   0.62905385   1.91210681  -2.28050523
  0.79390413   0.20916971  -0.09676860   0.60817094   0.77181433   0.74452584   0.62928361   1.91210377  -2.27943320
  0.79310762   0.20881925  -0.09716342   0.60831368   0.77139674   0.74492334   0.62951298   1.91209942  -2.27836348
  0.79230800   0.20846757  -0.09755865   0.60846112   0.77097109   0.74532658   0.62974413   1.91209284  -2.27728865
  0.79150373   0.20811408  -0.09796263   0.60861144   0.77053948   0.74573050   0.62997231   1.91208897  -2.27620065
  0.79069742   0.20776611  -0.09836310   0.60875826   0.77012412   0.74612690   0.63020939   1.91209202  -2.27511850
  0.78989029   0.20742095  -0.09875889   0.60890272   0.76970314   0.74652956   0.63044897   1.91209766  -2.27403872
  0.78908573   0.20707942  -0.09915392   0.60904668   0.76929548   0.74692184   0.63068332   1.91210016  -2.27296354
  0.78827931   0.20673591  -0.09955578   0.60919965   0.76886398   0.74732859   0.63092210   1.91210726  -2.27187625
  0.78747226   0.20639663  -0.09995963   0.60934963   0.76845607   0.74771773   0.63115818   1.91211591  -2.27079102
  0.78667168   0.20606641  -0.10034691   0.60949574   0.76805658   0.74810798   0.63139543   1.91211907  -2.26972759
  0.78587484   0.20573166  -0.10073519   0.60965560   0.76764835   0.74849515   0.63163869   1.91211926  -2.26865914
  0.78508013   0.20539518  -0.10112507   0.60981465   0.76724756   0.74887762   0.63187568   1.91211263  -2.26759358
  0.78428420   0.20505777  -0.10151316   0.60997636   0.76684194   0.74926084   0.63212552   1.91211416  -2.26652543
  0.78348923   0.20472395  -0.10189693   0.61013518   0.76645138   0.74963512   0.63236691   1.91210749  -2.26546440
  0.78269325   0.20438936  -0.10228054   0.61030165   0.76604660   0.75001696   0.63261842   1.91210557  -2.26439794
  0.78189024   0.20405225  -0.10267730   0.61047254   0.76563323   0.75039712   0.63286834   1.91211197  -2.26331029
  0.78108139   0.20372144  -0.10307290   0.61064247   0.76523083   0.75077781   0.63311371   1.91211293  -2.26222447
  0.78026799   0.20339413  -0.10346483   0.61081610   0.76482587   0.75115663   0.63337291   1.91212489  -2.26113334
  0.77945472   0.20307020  -0.10385453   0.61098689   0.76443082   0.75153501   0.63361845   1.91212370  -2.26004930
  0.77864111   0.20274388  -0.10423990   0.61116851   0.76403259   0.75191198   0.63387970   1.91212325  -2.25896412
  0.77782942   0.20241768  -0.10462118   0.61134686   0.76364626   0.75227880   0.63413492   1.91211661  -2.25788438
  0.77701853   0.20209110  -0.10500059   0.61152805   0.76324969   0.75265161   0.63440096   1.91211683  -2.25680389
  0.77621061   0.20176848  -0.10537855   0.61170789   0.76287085   0.75300840   0.63466074   1.91211457  -2.25572810
  0.77540251   0.20144731  -0.10575474   0.61189644   0.76247608   0.75337411   0.63493154   1.91211804  -2.25464826
  0.77458666   0.20112553  -0.10614258   0.61209176   0.76206963   0.75373671   0.63520440   1.91213447  -2.25354434
  0.77376442   0.20081112  -0.10653035   0.61228538   0.76167404   0.75410155   0.63547150   1.91214592  -2.25244213
  0.77293956   0.20050277  -0.10691028   0.61247892   0.76128085   0.75446528   0.63574724   1.91216303  -2.25134253
  0.77211840   0.20019979  -0.10728322   0.61266957   0.76090118   0.75482151   0.63601803   1.91217455  -2.25025430
  0.77129884   0.19989510  -0.10765359   0.61286859   0.76051155   0.75518012   0.63630348   1.91219171  -2.24916412
  0.77048092   0.19959085  -0.10802313   0.61306751   0.76013361   0.75552831   0.63657854   1.91219976  -2.24807662
  0.76966445   0.19928789  -0.10838543   0.61327424   0.75975410   0.75587676   0.63686415   1.91220618  -2.24699345
  0.76885272   0.19898852  -0.10874275   0.61347764   0.75938624   0.75621392   0.63714491   1.91221089  -2.24591808
  0.76804158   0.19868968  -0.10909999   0.61368776   0.75900109   0.75655922   0.63743857   1.91222604  -2.24483735
  0.76723028   0.19839543  -0.10945614   0.61389882   0.75863904   0.75688435   0.63772596   1.91223701  -2.24375859
  0.76641693   0.19810444  -0.10980450   0.61411507   0.75827428   0.75721254   0.63802765   1.91225159  -2.24268223
  0.76560385   0.19781669  -0.11014895   0.61432703   0.75790819   0.75754472   0.63832117   1.91226167  -2.24161006
  0.76478602   0.19752944  -0.11050094   0.61454624   0.75751854   0.75788876   0.63862952   1.91229018  -2.24052130
  0.76396254   0.19724566  -0.11086262   0.61476724   0.75715018   0.75820882   0.63892657   1.91232037  -2.23941927
  0.76313160   0.19696351  -0.11122122   0.61499818   0.75677802   0.75853076   0.63924679   1.91236025  -2.23831005
  0.76229571   0.19668309  -0.11157608   0.61522194   0.75639694   0.75887291   0.63954388   1.91237993  -2.23720512
  0.76145626   0.19640324  -0.11192680   0.61544981   0.75601364   0.75921928   0.63985718   1.91240446  -2.23610027
  0.76061556   0.19612419  -0.11227913   0.61567917   0.75564348   0.75954162   0.64017021   1.91243625  -2.23498623
  0.75976983   0.19584462  -0.11263144   0.61592499   0.75525932   0.75987075   0.64049906   1.91247072  -2.23386179
  0.75891463   0.19556461  -0.11299105   0.61617761   0.75487244   0.76019353   0.64082534   1.91250833  -2.23271754
  0.75805331   0.19528987  -0.11334826   0.61642470   0.75449241   0.76052147   0.64115669   1.91254914  -2.23157648
  0.75718635   0.19501687  -0.11370084   0.61667334   0.75410882   0.76084830   0.64149989   1.91259850  -2.23042947
  0.75631958   0.19474802  -0.11404689   0.61692119   0.75374150   0.76116684   0.64183620   1.91263715  -2.22929122
  0.75545770   0.19448351  -0.11437901   0.61718098   0.75338051   0.76147483   0.64218025   1.91266870  -2.22816218
  0.75460615   0.19422443  -0.11470319   0.61743659   0.75302748   0.76177811   0.64251807   1.91269595  -2.22705004
  0.75375935   0.19396685  -0.11502884   0.61769423   0.75265626   0.76208926   0.64286977   1.91274059  -2.22593537
  0.75291483   0.19371270  -0.11535857   0.61795580   0.75230148   0.76238012   0.64321066   1.91278265  -2.22481769
  0.75206955   0.19346227  -0.11567837   0.61823177   0.75194060   0.76267468   0.64356759   1.91282289  -2.22370252
  0.75121985   0.19321275  -0.11599991   0.61851082   0.75157974   0.76295917   0.64392659   1.91287056  -2.22257535
  0.75036154   0.19296457  -0.11632472   0.61879689   0.75121226   0.76324851   0.64429403   1.91292340  -2.22143628
  0.74949964   0.19272272  -0.11664297   0.61907936   0.75086090   0.76353358   0.64465014   1.91296408  -2.22030475
  0.74863715   0.19248526  -0.11694815   0.61937358   0.75051846   0.76380286   0.64503069   1.91301223  -2.21917504
  0.74777123   0.19224805  -0.11725680   0.61967056   0.75016821   0.76406958   0.64541185   1.91306789  -2.21803318
  0.74690222   0.19201311  -0.11757063   0.61996117   0.74980996   0.76435373   0.64578640   1.91312309  -2.21689167
  0.74602785   0.19177917  -0.11788352   0.62025897   0.74945317   0.76462985   0.64617352   1.91318604  -2.21574083
  0.74515315   0.19154978  -0.11818858   0.62055422   0.74910640   0.76490684   0.64655016   1.91323474  -2.21460095
  0.74428258   0.19132480  -0.11847901   0.62085751   0.74876032   0.76518119   0.64693649   1.91327886  -2.21347165
  0.74342083   0.19110418  -0.11876371   0.62115873   0.74842352   0.76544437   0.64731716   1.91332145  -2.21235314
  0.74256342   0.19088629  -0.11904601   0.62146932   0.74808559   0.76569856   0.64771076   1.91337325  -2.21123340
  0.74171050   0.19067262  -0.11932734   0.62177925   0.74775956   0.76593916   0.64810272   1.91342844  -2.21011755
  0.74085679   0.19046085  -0.11960553   0.62210054   0.74741835   0.76618383   0.64850878   1.91349149  -2.20899499
  0.73999660   0.19025067  -0.11989103   0.62242701   0.74707511   0.76642303   0.64891180   1.91355984  -2.20785666
  0.73913337   0.19004754  -0.12017317   0.62274932   0.74674381   0.76666382   0.64931117   1.91362385  -2.20672590
  0.73826791   0.18984754  -0.12044556   0.62307748   0.74641322   0.76689933   0.64972666   1.91369338  -2.20559520
  0.73740392   0.18964966  -0.12071370   0.62340315   0.74609178   0.76713101   0.65013113   1.91375229  -2.20447181
  0.73653874   0.18945270  -0.12097564   0.62374326   0.74576655   0.76735284   0.65056014   1.91382253  -2.20334133
  0.73567553   0.18925936  -0.12123449   0.62407576   0.74544542   0.76758331   0.65096558   1.91387472  -2.20222292
  0.73481677   0.18907041  -0.12148131   0.62440974   0.74511161   0.76782905   0.65138174   1.91392673  -2.20111731
  0.73396218   0.18888436  -0.12173036   0.62474353   0.74479999   0.76804578   0.65179421   1.91398482  -2.20001020
  0.73310414   0.18869925  -0.12198045   0.62509596   0.74447364   0.76825434   0.65223653   1.91406596  -2.19888349
  0.73223454   0.18851503  -0.12224285   0.62545583   0.74413966   0.76846150   0.65267162   1.91415194  -2.19773199
  0.73135657   0.18833719  -0.12250742   0.62581167   0.74381503   0.76867396   0.65310338   1.91423632  -2.19658044
  0.73047156   0.18816158  -0.12277005   0.62617082   0.74348010   0.76889153   0.65354181   1.91432665  -2.19541941
  0.72958538   0.18798855  -0.12303006   0.62652565   0.74316176   0.76910265   0.65397725   1.91441181  -2.19426546
  0.72870004   0.18781784  -0.12327420   0.62689280   0.74285104   0.76929843   0.65443157   1.91449633  -2.19311566
  0.72781328   0.18764652  -0.12352140   0.62726166   0.74253034   0.76949365   0.65488629   1.91458811  -2.19195592
  0.72692657   0.18747812  -0.12377093   0.62762453   0.74220606   0.76970524   0.65532854   1.91467171  -2.19080344
  0.72603702   0.18731181  -0.12401224   0.62800439   0.74187394   0.76991085   0.65578814   1.91475944  -2.18964292
  0.72514188   0.18714674  -0.12426094   0.62838870   0.74155115   0.77009621   0.65625550   1.91486253  -2.18846543
  0.72424431   0.18698713  -0.12450750   0.62876853   0.74124372   0.77027596   0.65672307   1.91496594  -2.18729318
  0.72334689   0.18683367  -0.12473457   0.62915808   0.74093336   0.77045983   0.65719815   1.91505805  -2.18613210
  0.72244771   0.18668141  -0.12496335   0.62954979   0.74061429   0.77064286   0.65767800   1.91516007  -2.18496206
  0.72154888   0.18653225  -0.12519634   0.62993709   0.74030304   0.77082431   0.65815006   1.91526172  -2.18379427
  0.72064880   0.18638427  -0.12542649   0.63032969   0.73998329   0.77100930   0.65863184   1.91536808  -2.18262339
  0.71975067   0.18623838  -0.12565429   0.63071868   0.73967735   0.77118600   0.65910450   1.91546742  -2.18145957
  0.71885424   0.18609419  -0.12587045   0.63111951   0.73937118   0.77135411   0.65960073   1.91557259  -2.18029771
  0.71796335   0.18595215  -0.12608297   0.63151130   0.73907239   0.77152389   0.66007452   1.91566268  -2.17914977
  0.71707382   0.18581062  -0.12629234   0.63191725   0.73877167   0.77167470   0.66058391   1.91577765  -2.17799077
  0.71618222   0.18566875  -0.12650993   0.63232420   0.73848158   0.77181301   0.66107943   1.91588944  -2.17682392
  0.71528792   0.18553281  -0.12671195   0.63273883   0.73817528   0.77197503   0.66158373   1.91599070  -2.17566745
  0.71439416   0.18540414  -0.12690054   0.63315977   0.73789252   0.77210618   0.66209475   1.91609344  -2.17451376
  0.71350852   0.18528162  -0.12708350   0.63357114   0.73760216   0.77225475   0.66259588   1.91619149  -2.17337816
  0.71262402   0.18515785  -0.12728241   0.63398685   0.73729417   0.77239759   0.66310632   1.91631787  -2.17221944
  0.71173272   0.18503389  -0.12749576   0.63440446   0.73699628   0.77253701   0.66361542   1.91644779  -2.17105025
  0.71082794   0.18490850  -0.12770211   0.63482814   0.73668611   0.77269018   0.66413753   1.91657429  -2.16987227
  0.70991569   0.18478268  -0.12790350   0.63524329   0.73638485   0.77284727   0.66464320   1.91668362  -2.16869858
  0.70900235   0.18466010  -0.12808948   0.63567241   0.73608412   0.77299722   0.66516362   1.91678867  -2.16752736
  0.70809672   0.18454242  -0.12827138   0.63609704   0.73580292   0.77313057   0.66567453   1.91689020  -2.16636827
  0.70719712   0.18442812  -0.12844731   0.63653034   0.73550927   0.77326195   0.66620964   1.91700916  -2.16520865
  0.70630433   0.18431644  -0.12862579   0.63695799   0.73522179   0.77339168   0.66672166   1.91711846  -2.16405776
  0.70541341   0.18420890  -0.12879321   0.63739935   0.73492261   0.77352461   0.66725642   1.91723391  -2.16290859
  0.70451854   0.18410604  -0.12895721   0.63785492   0.73464184   0.77362136   0.66780416   1.91736097  -2.16174492
  0.70362293   0.18401097  -0.12911444   0.63830695   0.73435813   0.77373559   0.66834288   1.91747744  -2.16059388
  0.70272095   0.18391976  -0.12926736   0.63877907   0.73407221   0.77382342   0.66891525   1.91762015  -2.15941893
  0.70180918   0.18383104  -0.12943124   0.63925378   0.73381639   0.77388686   0.66947795   1.91776134  -2.15823176
  0.70089231   0.18374987  -0.12957806   0.63972645   0.73354628   0.77398085   0.67004542   1.91789081  -2.15705963
  0.69998148   0.18367302  -0.12971795   0.64018707   0.73328256   0.77407284   0.67059591   1.91801374  -2.15590097
  0.69907454   0.18359742  -0.12985397   0.64066531   0.73300718   0.77415571   0.67117315   1.91815303  -2.15473379
  0.69816440   0.18352216  -0.13000051   0.64115042   0.73271710   0.77424148   0.67174137   1.91829746  -2.15354956
  0.69725237   0.18345206  -0.13015050   0.64162906   0.73243761   0.77433374   0.67229676   1.91843435  -2.15237312
  0.69633806   0.18338640  -0.13028458   0.64211416   0.73216232   0.77441892   0.67286960   1.91857195  -2.15120099
  0.69542788   0.18332109  -0.13041640   0.64259177   0.73189539   0.77449726   0.67343782   1.91870929  -2.15003578
  0.69451769   0.18325548  -0.13054369   0.64308636   0.73161881   0.77456389   0.67403327   1.91886207  -2.14885817
  0.69360263   0.18319317  -0.13066948   0.64359185   0.73134674   0.77461944   0.67462995   1.91901431  -2.14767166
  0.69268844   0.18313667  -0.13079304   0.64408742   0.73108429   0.77468109   0.67521251   1.91915794  -2.14649818
  0.69177419   0.18308512  -0.13090295   0.64459202   0.73080669   0.77475111   0.67581092   1.91930411  -2.14532718
  0.69085432   0.18303741  -0.13100846   0.64511002   0.73052462   0.77481109   0.67641968   1.91945721  -2.14414270
  0.68992655   0.18299507  -0.13111444   0.64564095   0.73025296   0.77484718   0.67705113   1.91962933  -2.14294023
  0.68899868   0.18295913  -0.13121793   0.64616088   0.72998626   0.77489923   0.67766118   1.91978618  -2.14175353
  0.68807609   0.18292739  -0.13130956   0.64667847   0.72971810   0.77495505   0.67827763   1.91994202  -2.14058033
  0.68715954   0.18289448  -0.13140860   0.64719510   0.72946766   0.77497950   0.67889285   1.92011065  -2.13940024
  0.68623994   0.18286173  -0.13150478   0.64773105   0.72919452   0.77501244   0.67952829   1.92028581  -2.13820828
  0.68531228   0.18283242  -0.13159851   0.64827722   0.72892673   0.77503467   0.68016219   1.92045798  -2.13700564
  0.68438350   0.18280880  -0.13169024   0.64881007   0.72867582   0.77506084   0.68078410   1.92062193  -2.13581752
  0.68345416   0.18278772  -0.13177380   0.64934218   0.72841540   0.77509228   0.68141792   1.92079242  -2.13463053
  0.68252794   0.18276501  -0.13186483   0.64987068   0.72816100   0.77511278   0.68204387   1.92096750  -2.13343970
  0.68160071   0.18273988  -0.13195848   0.65040931   0.72789186   0.77513630   0.68268626   1.92115280  -2.13223817
  0.68067549   0.18271463  -0.13205505   0.65093503   0.72763014   0.77517275   0.68329487   1.92131524  -2.13105182
  0.67975275   0.18269223  -0.13213213   0.65147004   0.72735948   0.77521127   0.68393203   1.92148124  -2.12987353
  0.67882454   0.18266816  -0.13221467   0.65202546   0.72709972   0.77519979   0.68459512   1.92167668  -2.12865958
  0.67788644   0.18264218  -0.13231556   0.65258194   0.72683497   0.77520017   0.68523720   1.92186614  -2.12743051
  0.67694013   0.18262148  -0.13240918   0.65313588   0.72656626   0.77522028   0.68588875   1.92205208  -2.12620777
  0.67599654   0.18260475  -0.13249640   0.65367217   0.72631057   0.77524375   0.68651730   1.92222423  -2.12500345
  0.67505571   0.18258946  -0.13257199   0.65422578   0.72604582   0.77525355   0.68718281   1.92241411  -2.12379198
  0.67411407   0.18257762  -0.13264363   0.65479136   0.72578821   0.77524817   0.68784459   1.92259946  -2.12257613
  0.67317595   0.18257156  -0.13271223   0.65534891   0.72553490   0.77525269   0.68849597   1.92277776  -2.12137549
  0.67223710   0.18256967  -0.13277235   0.65592287   0.72527734   0.77523418   0.68918326   1.92298136  -2.12015926
  0.67130203   0.18257236  -0.13283123   0.65648279   0.72502197   0.77524395   0.68982202   1.92314956  -2.11896943
  0.67037763   0.18258265  -0.13286409   0.65704260   0.72477846   0.77524420   0.69049067   1.92332141  -2.11780580
  0.66945805   0.18259281  -0.13289751   0.65761287   0.72453801   0.77520031   0.69118764   1.92352924  -2.11661827
  0.66854012   0.18260470  -0.13294012   0.65818230   0.72428246   0.77519192   0.69184104   1.92370780  -2.11544195
  0.66762595   0.18262344  -0.13296097   0.65876040   0.72400887   0.77520043   0.69251334   1.92388270  -2.11428002
  0.66670739   0.18264171  -0.13299148   0.65936397   0.72376727   0.77512339   0.69323794   1.92411201  -2.11307028
  0.66579402   0.18266575  -0.13302438   0.65995890   0.72357384   0.77502643   0.69394256   1.92432426  -2.11188417
  0.66488399   0.18269402  -0.13303177   0.66055215   0.72329692   0.77501041   0.69464218   1.92452138  -2.11071407
  0.66397750   0.18272802  -0.13303197   0.66113896   0.72302359   0.77501392   0.69531771   1.92469405  -2.10956790
  0.66306645   0.18276604  -0.13304156   0.66172031   0.72280373   0.77494181   0.69603396   1.92491752  -2.10839624
  0.66214283   0.18280467  -0.13305532   0.66231930   0.72254387   0.77489822   0.69673586   1.92513271  -2.10720163
  0.66120725   0.18284528  -0.13307000   0.66292970   0.72228230   0.77486822   0.69743715   1.92533524  -2.10600226
  0.66026401   0.18288240  -0.13310011   0.66354046   0.72205564   0.77477885   0.69816013   1.92557311  -2.10476976
  0.65931665   0.18291989  -0.13312546   0.66416549   0.72185035   0.77465820   0.69891543   1.92582312  -2.10352794
  0.65836245   0.18296064  -0.13313907   0.66479631   0.72163794   0.77454375   0.69966310   1.92606008  -2.10228515
  0.65740239   0.18300195  -0.13316083   0.66541655   0.72139928   0.77447530   0.70038584   1.92628343  -2.10104647
  0.65642793   0.18304234  -0.13318342   0.66605091   0.72112550   0.77442381   0.70112401   1.92651775  -2.09977981
  0.65544126   0.18308656  -0.13320599   0.66669408   0.72086895   0.77435470   0.70186540   1.92675204  -2.09850027
  0.65445581   0.18313503  -0.13322517   0.66731840   0.72061588   0.77430738   0.70258337   1.92697024  -2.09724235
  0.65347321   0.18318092  -0.13324490   0.66795217   0.72036335   0.77423350   0.70333425   1.92721506  -2.09596831
  0.65249042   0.18322017  -0.13327908   0.66859074   0.72011253   0.77415554   0.70406283   1.92745064  -2.09468522
  0.65150602   0.18326191  -0.13330160   0.66922927   0.71983694   0.77411240   0.70479929   1.92767776  -2.09341380
  0.65051817   0.18330493  -0.13332588   0.66986627   0.71955478   0.77406561   0.70552942   1.92791119  -2.09213130
  0.64953204   0.18335121  -0.13335272   0.67049340   0.71929542   0.77401492   0.70625375   1.92814025  -2.09086258
  0.64854986   0.18340279  -0.13335706   0.67113573   0.71904197   0.77393951   0.70700761   1.92837625  -2.08959617
  0.64757968   0.18345785  -0.13335291   0.67177056   0.71878339   0.77387997   0.70773594   1.92859309  -2.08835494
  0.64662370   0.18352144  -0.13332650   0.67240581   0.71852508   0.77382114   0.70847476   1.92880608  -2.08714063
  0.64567388   0.18359015  -0.13330429   0.67305140   0.71829243   0.77370669   0.70923941   1.92905330  -2.08590840
  0.64470689   0.18366491  -0.13328815   0.67371834   0.71799972   0.77363847   0.71001431   1.92931183  -2.08464492
  0.64370804   0.18374628  -0.13328597   0.67438698   0.71768958   0.77358481   0.71077589   1.92958023  -2.08333993
  0.64269770   0.18384294  -0.13328986   0.67502814   0.71745505   0.77347170   0.71157365   1.92989223  -2.08203041
  0.64170083   0.18395454  -0.13327124   0.67564177   0.71721143   0.77336977   0.71236932   1.93021507  -2.08074890
  0.64072878   0.18406408  -0.13323654   0.67629707   0.71695125   0.77325437   0.71318559   1.93052904  -2.07947877
  0.63978917   0.18415486  -0.13323151   0.67691237   0.71668675   0.77315682   0.71393510   1.93082729  -2.07823825
  0.63889113   0.18421900  -0.13328314   0.67743627   0.71641130   0.77312049   0.71461758   1.93112953  -2.07704874
  0.63803953   0.18424893  -0.13337541   0.67789810   0.71611810   0.77313341   0.71522188   1.93140585  -2.07591105
  0.63723990   0.18423115  -0.13353390   0.67827302   0.71578977   0.77322686   0.71574498   1.93166698  -2.07482755
  0.63649353   0.18416419  -0.13375508   0.67854566   0.71543288   0.77342665   0.71614140   1.93187419  -2.07382617
  0.63581290   0.18403359  -0.13404012   0.67870021   0.71508773   0.77373263   0.71637552   1.93198080  -2.07294912
  0.63522274   0.18375382  -0.13445646   0.67874323   0.71473083   0.77418963   0.71635000   1.93189047  -2.07220539
  0.63473248   0.18334201  -0.13493659   0.67863237   0.71428632   0.77481816   0.71620077   1.93169877  -2.07159960
  0.63434402   0.18282700  -0.13551817   0.67833059   0.71387394   0.77551926   0.71585417   1.93143052  -2.07112929
  0.63405424   0.18217292  -0.13626133   0.67789206   0.71342555   0.77636859   0.71531131   1.93106131  -2.07076257
  0.63384521   0.18140031  -0.13712552   0.67730601   0.71288387   0.77736436   0.71462903   1.93065251  -2.07046047
  0.63369446   0.18051506  -0.13816096   0.67656706   0.71230390   0.77846247   0.71378754   1.93023245  -2.07018021
  0.63361036   0.17948392  -0.13935723   0.67568190   0.71175593   0.77976481   0.71260027   1.92955466  -2.07006264
  0.63363257   0.17835131  -0.14057553   0.67460291   0.71119692   0.78119230   0.71132423   1.92879304  -2.07013074
  0.63375814   0.17711678  -0.14193513   0.67334524   0.71068955   0.78256942   0.70993589   1.92808512  -2.07023658
  0.63391193   0.17572699  -0.14355166   0.67202540   0.71008673   0.78407872   0.70836265   1.92734039  -2.07026551
  0.63405485   0.17424138  -0.14530506   0.67057388   0.70939269   0.78577582   0.70667384   1.92656207  -2.07028370
  0.63421187   0.17270395  -0.14715894   0.66892413   0.70873805   0.78756660   0.70484074   1.92576349  -2.07036202
  0.63440163   0.17103862  -0.14917638   0.66717027   0.70798258   0.78955582   0.70284212   1.92487827  -2.07045985
  0.63460438   0.16929588  -0.15123452   0.66532551   0.70701570   0.79184065   0.70067394   1.92386016  -2.07061371
  0.63478818   0.16756701  -0.15324874   0.66339661   0.70590148   0.79441920   0.69835313   1.92269477  -2.07087580
  0.63495676   0.16584307  -0.15531978   0.66139204   0.70472524   0.79705110   0.69608534   1.92164829  -2.07108151
  0.63513437   0.16401374  -0.15765931   0.65926686   0.70375711   0.79949178   0.69359526   1.92064339  -2.07116743
  0.63531583   0.16214891  -0.15998804   0.65708847   0.70273272   0.80202601   0.69121741   1.91965756  -2.07128450
  0.63552838   0.16031185  -0.16217303   0.65486640   0.70161754   0.80468622   0.68867626   1.91850386  -2.07153628
  0.63585387   0.15846196  -0.16441040   0.65251497   0.70066386   0.80722202   0.68619511   1.91745270  -2.07189522
  0.63625690   0.15661201  -0.16667068   0.65012087   0.69986561   0.80950399   0.68383514   1.91656490  -2.07224695
  0.63665361   0.15479320  -0.16888204   0.64786777   0.69903705   0.81165456   0.68164028   1.91577704  -2.07249832
  0.63699289   0.15300427  -0.17103403   0.64577979   0.69804093   0.81392811   0.67944033   1.91490261  -2.07268586
  0.63729617   0.15117750  -0.17314576   0.64380439   0.69687169   0.81659003   0.67683195   1.91354289  -2.07300528
  0.63767330   0.14936210  -0.17523369   0.64160816   0.69592024   0.81910963   0.67436544   1.91231967  -2.07346127
  0.63812946   0.14756367  -0.17730536   0.63928726   0.69499165   0.82143451   0.67194452   1.91130345  -2.07388940
  0.63862516   0.14571302  -0.17952743   0.63700548   0.69407890   0.82375058   0.66947726   1.91029690  -2.07427532
  0.63911703   0.14381740  -0.18177789   0.63482107   0.69300344   0.82630295   0.66694826   1.90913032  -2.07468547
  0.63958908   0.14193319  -0.18387862   0.63259489   0.69172183   0.82907251   0.66430643   1.90781517  -2.07516408
  0.64009015   0.14008136  -0.18598796   0.63017079   0.69067202   0.83160570   0.66176719   1.90669947  -2.07566284
  0.64061107   0.13822460  -0.18817205   0.62765714   0.68983411   0.83397268   0.65920851   1.90563991  -2.07616800
  0.64121867   0.13646240  -0.19006633   0.62514249   0.68887857   0.83670145   0.65655574   1.90423069  -2.07707129
  0.64193515   0.13473384  -0.19185643   0.62264132   0.68769399   0.83943688   0.65398064   1.90295317  -2.07798974
  0.64270919   0.13294493  -0.19384735   0.62020457   0.68652581   0.84209066   0.65131551   1.90172704  -2.07880754
  0.64347253   0.13114900  -0.19585557   0.61777545   0.68534340   0.84471010   0.64865192   1.90053268  -2.07956897
  0.64423651   0.12940405  -0.19777723   0.61529280   0.68429542   0.84725283   0.64604886   1.89933791  -2.08041061
  0.64508042   0.12768261  -0.19956417   0.61276095   0.68332358   0.84984168   0.64330401   1.89792679  -2.08148088
  0.64600260   0.12597601  -0.20127688   0.61022812   0.68219822   0.85246607   0.64071797   1.89663479  -2.08258977
  0.64694951   0.12429127  -0.20301691   0.60774069   0.68105646   0.85504393   0.63807759   1.89536795  -2.08366054
  0.64789274   0.12259632  -0.20480126   0.60528232   0.67985490   0.85772638   0.63537749   1.89404139  -2.08472556
  0.64881754   0.12090922  -0.20658849   0.60278691   0.67867202   0.86032827   0.63276513   1.89283059  -2.08572794
  0.64974107   0.11925413  -0.20833233   0.60029796   0.67761621   0.86280721   0.63019317   1.89162732  -2.08674953
  0.65070677   0.11759034  -0.21002120   0.59778783   0.67666741   0.86525368   0.62750401   1.89026673  -2.08788587
  0.65172835   0.11593919  -0.21156989   0.59526676   0.67562224   0.86777859   0.62489022   1.88886680  -2.08914031
  0.65277290   0.11431739  -0.21309523   0.59278508   0.67453398   0.87027835   0.62237394   1.88755062  -2.09038168
  0.65375888   0.11272196  -0.21465364   0.59042930   0.67331413   0.87283624   0.61985612   1.88625984  -2.09149023
  0.65466181   0.11108684  -0.21634933   0.58811538   0.67205873   0.87548030   0.61720599   1.88490069  -2.09246428
  0.65547766   0.10942475  -0.21809540   0.58574266   0.67076062   0.87820807   0.61460520   1.88358167  -2.09334765
  0.65622540   0.10771990  -0.21989252   0.58329099   0.66947851   0.88093770   0.61196094   1.88226570  -2.09414449
  0.65692032   0.10601027  -0.22166965   0.58084094   0.66818248   0.88362470   0.60943828   1.88103248  -2.09486267
  0.65757147   0.10433945  -0.22340107   0.57849294   0.66687960   0.88625161   0.60699141   1.87982853  -2.09551315
  0.65818112   0.10271064  -0.22509371   0.57628491   0.66556918   0.88882864   0.60461794   1.87863307  -2.09609910
  0.65877550   0.10105429  -0.22678419   0.57413848   0.66425126   0.89153369   0.60207389   1.87719114  -2.09673433
  0.65941103   0.09938895  -0.22840699   0.57190167   0.66294542   0.89425569   0.59958446   1.87574637  -2.09746651
  0.66010225   0.09775350  -0.23002067   0.56954333   0.66170728   0.89687873   0.59717542   1.87445443  -2.09824163
  0.66084653   0.09614900  -0.23166257   0.56712801   0.66051783   0.89942766   0.59474388   1.87324711  -2.09903491
  0.66161361   0.09452352  -0.23335113   0.56474408   0.65934055   0.90188108   0.59224181   1.87205641  -2.09976903
  0.66236978   0.09290053  -0.23498376   0.56240554   0.65806517   0.90447869   0.58975696   1.87077233  -2.10054482
  0.66311027   0.09124960  -0.23659248   0.56009970   0.65664575   0.90720640   0.58720677   1.86939613  -2.10130337
  0.66381696   0.08959140  -0.23827052   0.55773135   0.65527253   0.90988231   0.58470609   1.86812997  -2.10198660
  0.66446422   0.08797262  -0.23993384   0.55540957   0.65391637   0.91249265   0.58229200   1.86694358  -2.10258517
  0.66504421   0.08639059  -0.24155656   0.55323582   0.65254093   0.91506915   0.57993161   1.86574250  -2.10309807
  0.66555037   0.08474081  -0.24323553   0.55119792   0.65104028   0.91786002   0.57743212   1.86429754  -2.10354580
  0.66595203   0.08303293  -0.24497111   0.54912793   0.64941522   0.92076503   0.57494071   1.86286991  -2.10385179
  0.66631344   0.08134736  -0.24670681   0.54686987   0.64792371   0.92355369   0.57247003   1.86156543  -2.10413088
  0.66672171   0.07966754  -0.24841895   0.54454205   0.64639747   0.92641671   0.56996552   1.86023607  -2.10448963
  0.66721228   0.07800863  -0.25010689   0.54215452   0.64490926   0.92919183   0.56746768   1.85897932  -2.10491322
  0.66776052   0.07637731  -0.25176744   0.53982213   0.64339296   0.93192679   0.56503987   1.85778381  -2.10536606
  0.66833926   0.07473296  -0.25345682   0.53753151   0.64182351   0.93472308   0.56252915   1.85651875  -2.10582902
  0.66892420   0.07309718  -0.25514153   0.53521782   0.64029234   0.93744544   0.56007056   1.85532505  -2.10627990
  0.66948804   0.07147443  -0.25682379   0.53294305   0.63879569   0.94011969   0.55764318   1.85414487  -2.10669871
  0.67000970   0.06979572  -0.25859004   0.53069250   0.63726655   0.94284652   0.55512879   1.85289676  -2.10703352
  0.67047896   0.06811004  -0.26028382   0.52845420   0.63562413   0.94568058   0.55267578   1.85161699  -2.10735158
  0.67090700   0.06644480  -0.26195680   0.52621114   0.63403539   0.94842865   0.55029587   1.85040681  -2.10762133
  0.67128253   0.06477568  -0.26367119   0.52400471   0.63245288   0.95118066   0.54793386   1.84920441  -2.10781729
  0.67162766   0.06312627  -0.26532773   0.52181468   0.63079887   0.95403520   0.54552720   1.84791474  -2.10802405
  0.67201521   0.06153015  -0.26689905   0.51953887   0.62926107   0.95679643   0.54312700   1.84664059  -2.10833100
  0.67249440   0.05994967  -0.26837692   0.51729262   0.62768647   0.95964657   0.54063436   1.84519630  -2.10879803
  0.67303403   0.05834656  -0.26988347   0.51508027   0.62602486   0.96246275   0.53819811   1.84385763  -2.10924257
  0.67357493   0.05669680  -0.27150785   0.51287321   0.62438569   0.96526033   0.53569316   1.84251907  -2.10961928
  0.67408873   0.05506642  -0.27306938   0.51064097   0.62271999   0.96808282   0.53327844   1.84121515  -2.11000492
  0.67458979   0.05348484  -0.27454288   0.50840027   0.62105402   0.97091020   0.53090503   1.83991079  -2.11042580
  0.67512100   0.05191915  -0.27601668   0.50613179   0.61941637   0.97376695   0.52842148   1.83852592  -2.11089713
  0.67568739   0.05037757  -0.27746890   0.50384861   0.61777423   0.97652378   0.52602147   1.83728252  -2.11136129
  0.67626722   0.04887318  -0.27889331   0.50162145   0.61615888   0.97921835   0.52364125   1.83605705  -2.11182854
  0.67685817   0.04736946  -0.28032736   0.49940543   0.61454782   0.98197957   0.52119433   1.83473688  -2.11233044
  0.67745031   0.04586545  -0.28174156   0.49714840   0.61291708   0.98472063   0.51878863   1.83347756  -2.11282487
  0.67804730   0.04434838  -0.28314893   0.49485287   0.61131379   0.98751142   0.51628528   1.83210282  -2.11335996
  0.67865606   0.04283774  -0.28450173   0.49253528   0.60972785   0.99023132   0.51388205   1.83080277  -2.11391338
  0.67927277   0.04132280  -0.28584721   0.49024524   0.60811321   0.99298067   0.51145196   1.82945905  -2.11447204
  0.67988064   0.03982197  -0.28719729   0.48799312   0.60651271   0.99564105   0.50912124   1.82822601  -2.11498231
  0.68045750   0.03834991  -0.28852374   0.48582341   0.60491904   0.99827283   0.50682401   1.82698939  -2.11545697
  0.68101610   0.03686699  -0.28984656   0.48368201   0.60328267   1.00102054   0.50442785   1.82560573  -2.11594070
  0.68158508   0.03539484  -0.29113465   0.48144603   0.60168638   1.00370913   0.50204766   1.82428140  -2.11644652
  0.68216904   0.03394383  -0.29240146   0.47920451   0.60010232   1.00636099   0.49973718   1.82302177  -2.11696820
  0.68276011   0.03247866  -0.29367952   0.47700335   0.59848433   1.00909615   0.49732114   1.82163134  -2.11750186
  0.68333362   0.03101278  -0.29497473   0.47480331   0.59680668   1.01176657   0.49504285   1.82043278  -2.11795447
  0.68385597   0.02957505  -0.29628013   0.47265679   0.59516447   1.01438674   0.49278057   1.81925726  -2.11833690
  0.68436079   0.02816510  -0.29754702   0.47048399   0.59357775   1.01703666   0.49042207   1.81796473  -2.11875409
  0.68489719   0.02676915  -0.29873847   0.46826540   0.59192376   1.01970473   0.48810202   1.81671342  -2.11922187
  0.68548292   0.02526682  -0.29998404   0.46595699   0.59024711   1.02223260   0.48555230   1.81545306  -2.11961416
  0.68610408   0.02367184  -0.30119047   0.46356171   0.58851215   1.02471796   0.48304995   1.81423659  -2.12002465
  0.68676683   0.02190219  -0.30234922   0.46094769   0.58680013   1.02688492   0.48028438   1.81303277  -2.12035108
  0.68749974   0.01993617  -0.30355201   0.45820569   0.58507320   1.02902094   0.47762562   1.81185918  -2.12072749
  0.68825994   0.01772837  -0.30480764   0.45543926   0.58315876   1.03102628   0.47466128   1.81060086  -2.12093030
  0.68896975   0.01524705  -0.30625710   0.45282687   0.58094872   1.03320032   0.47148578   1.80913766  -2.12089892
  0.68953790   0.01238963  -0.30778125   0.45031113   0.57852964   1.03508006   0.46762763   1.80734680  -2.12038677
  0.68994723   0.00935094  -0.30940001   0.44799691   0.57621467   1.03729509   0.46411340   1.80519779  -2.11990612
  0.69022022   0.00632125  -0.31089646   0.44574531   0.57397449   1.03940539   0.46067864   1.80300363  -2.11934468
  0.69042298   0.00346705  -0.31229795   0.44354066   0.57187329   1.04132039   0.45747205   1.80105519  -2.11875027
  0.69060115   0.00090285  -0.31359165   0.44137643   0.56991979   1.04297847   0.45459574   1.79955475  -2.11815894
  0.69076397  -0.00133121  -0.31474747   0.43927137   0.56809730   1.04436809   0.45215085   1.79858755  -2.11759357
  0.69089866  -0.00323887  -0.31571180   0.43721874   0.56639865   1.04549038   0.45007819   1.79808118  -2.11706367
  0.69104193  -0.00483817  -0.31653466   0.43505908   0.56501430   1.04626465   0.44852420   1.79814339  -2.11665995
  0.69125127  -0.00617957  -0.31711133   0.43288299   0.56381582   1.04679260   0.44723909   1.79846722  -2.11645156
  0.69154108  -0.00735465  -0.31759445   0.43075222   0.56282651   1.04704221   0.44615223   1.79901989  -2.11635798
  0.69185845  -0.00842187  -0.31803927   0.42884589   0.56193390   1.04716874   0.44518988   1.79961043  -2.11629646
  0.69215724  -0.00939090  -0.31843857   0.42715113   0.56115522   1.04719406   0.44426799   1.80014890  -2.11623406
  0.69240942  -0.01026016  -0.31878433   0.42570143   0.56046662   1.04719435   0.44346190   1.80061147  -2.11617615
  0.69260600  -0.01101955  -0.31908457   0.42447580   0.55990062   1.04719477   0.44279241   1.80098863  -2.11613827
  0.69274896  -0.01166826  -0.31931198   0.42347968   0.55942499   1.04719522   0.44221526   1.80125717  -2.11611662
  0.69284751  -0.01220914  -0.31946546   0.42271008   0.55904285   1.04719560   0.44170472   1.80139718  -2.11611939
  0.69291415  -0.01263671  -0.31957735   0.42215884   0.55878867   1.04719605   0.44133206   1.80145623  -2.11616490
  0.69295087  -0.01295229  -0.31961818   0.42184838   0.55862243   1.04719617   0.44102543   1.80138856  -2.11624303
  0.69296333  -0.01316835  -0.31961275   0.42176449   0.55854372   1.04719640   0.44082847   1.80123610  -2.11635222
  0.69296040  -0.01330154  -0.31957600   0.42181119   0.55856709   1.04719639   0.44070293   1.80101575  -2.11650348
  0.69295051  -0.01338116  -0.31951809   0.42191566   0.55865787   1.04718785   0.44064092   1.80078241  -2.11668664
  0.69293833  -0.01343658  -0.31943889   0.42203526   0.55877566   1.04715660   0.44057490   1.80054012  -2.11687930
  0.69292735  -0.01348673  -0.31935877   0.42214791   0.55887881   1.04713287   0.44051911   1.80031857  -2.11707302
  0.69291621  -0.01353895  -0.31929018   0.42225070   0.55897589   1.04710510   0.44045960   1.80011683  -2.11725737
  0.69290225  -0.01359180  -0.31922835   0.42234836   0.55906142   1.04708176   0.44040625   1.79993308  -2.11743432
  0.69288394  -0.01364361  -0.31917263   0.42244001   0.55914164   1.04705693   0.44035303   1.79976495  -2.11760211
  0.69286101  -0.01369323  -0.31912179   0.42252653   0.55921445   1.04703506   0.44030369   1.79961229  -2.11776249
  0.69283377  -0.01374068  -0.31907597   0.42260797   0.55928204   1.04701382   0.44025492   1.79947331  -2.11791528
  0.69280279  -0.01378613  -0.31903457   0.42268516   0.55934358   1.04699466   0.44020846   1.79934741  -2.11806177
  0.69276853  -0.01382995  -0.31899749   0.42275827   0.55940045   1.04697596   0.44016310   1.79923357  -2.11820223
  0.69273134  -0.01387231  -0.31896428   0.42282770   0.55945226   1.04695871   0.44011930   1.79913081  -2.11833757
  0.69269144  -0.01391338  -0.31893475   0.42289370   0.55949991   1.04694201   0.44007661   1.79903841  -2.11846805
  0.69264901  -0.01395326  -0.31890854   0.42295657   0.55954336   1.04692635   0.44003513   1.79895552  -2.11859422
  0.69260419  -0.01399205  -0.31888545   0.42301656   0.55958320   1.04691126   0.43999463   1.79888151  -2.11871632
  0.69255709  -0.01402984  -0.31886523   0.42307389   0.55961952   1.04689700   0.43995509   1.79881565  -2.11883478
  0.69250786  -0.01406673  -0.31884766   0.42312878   0.55965271   1.04688330   0.43991640   1.79875738  -2.11894985
  0.69245662  -0.01410280  -0.31883254   0.42318143   0.55968292   1.04687027   0.43987849   1.79870610  -2.11906185
  0.69240348  -0.01413813  -0.31881971   0.42323203   0.55971046   1.04685773   0.43984128   1.79866134  -2.11917104
  0.69234856  -0.01417279  -0.31880897   0.42328074   0.55973548   1.04684570   0.43980471   1.79862259  -2.11927768
  0.69229196  -0.01420685  -0.31880018   0.42332771   0.55975815   1.04683420   0.43976869   1.79858938  -2.11938200
  0.69223379  -0.01424036  -0.31879319   0.42337310   0.55977870   1.04682310   0.43973320   1.79856135  -2.11948422
  0.69217412  -0.01427339  -0.31878786   0.42341704   0.55979728   1.04681241   0.43969817   1.79853811  -2.11958452
  0.69211304  -0.01430598  -0.31878409   0.42345963   0.55981399   1.04680213   0.43966352   1.79851927  -2.11968310
  0.69205063  -0.01433818  -0.31878174   0.42350101   0.55982903   1.04679217   0.43962925   1.79850454  -2.11978011
  0.69198696  -0.01437004  -0.31878072   0.42354128   0.55984248   1.04678256   0.43959530   1.79849362  -2.11987572
  0.69192208  -0.01440158  -0.31878093   0.42358053   0.55985450   1.04677322   0.43956165   1.79848624  -2.11997005
  0.69185607  -0.01443286  -0.31878229   0.42361884   0.55986518   1.04676417   0.43952824   1.79848213  -2.12006323
  0.69178899  -0.01446390  -0.31878469   0.42365631   0.55987462   1.04675537   0.43949505   1.79848106  -2.12015540
  0.69172087  -0.01449474  -0.31878808   0.42369301   0.55988291   1.04674680   0.43946205   1.79848282  -2.12024665
  0.69165178  -0.01452539  -0.31879237   0.42372900   0.55989014   1.04673845   0.43942922   1.79848719  -2.12033709
  0.69158176  -0.01455589  -0.31879751   0.42376435   0.55989639   1.04673031   0.43939653   1.79849399  -2.12042680
  0.69151085  -0.01458626  -0.31880344   0.42379913   0.55990174   1.04672234   0.43936396   1.79850306  -2.12051588
  0.69143910  -0.01461652  -0.31881009   0.42383337   0.55990625   1.04671453   0.43933148   1.79851423  -2.12060439
  0.69136653  -0.01464669  -0.31881742   0.42386714   0.55990998   1.04670689   0.43929909   1.79852735  -2.12069242
  0.69129319  -0.01467679  -0.31882537   0.42390048   0.55991299   1.04669939   0.43926675   1.79854228  -2.12078002
  0.69121911  -0.01470683  -0.31883391   0.42393342   0.55991534   1.04669202   0.43923447   1.79855891  -2.12086725
  0.69114432  -0.01473683  -0.31884299   0.42396602   0.55991708   1.04668476   0.43920222   1.79857710  -2.12095417
  0.69106885  -0.01476680  -0.31885258   0.42399831   0.55991825   1.04667762   0.43917000   1.79859676  -2.12104083
  0.69099273  -0.01479676  -0.31886264   0.42403031   0.55991888   1.04667059   0.43913778   1.79861778  -2.12112727
  0.69091597  -0.01482671  -0.31887314   0.42406206   0.55991903   1.04666364   0.43910556   1.79864007  -2.12121353
  0.69083862  -0.01485666  -0.31888405   0.42409358   0.55991872   1.04665678   0.43907333   1.79866353  -2.12129965
  0.69076069  -0.01488662  -0.31889533   0.42412491   0.55991800   1.04665000   0.43904108   1.79868811  -2.12138567
  0.69068220  -0.01491660  -0.31890698   0.42415605   0.55991688   1.04664328   0.43900881   1.79871370  -2.12147162
  0.69060317  -0.01494661  -0.31891895   0.42418705   0.55991541   1.04663663   0.43897650   1.79874025  -2.12155751
  0.69052363  -0.01497665  -0.31893124   0.42421790   0.55991360   1.04663004   0.43894416   1.79876770  -2.12164339
  0.69044359  -0.01500672  -0.31894381   0.42424864   0.55991147   1.04662350   0.43891178   1.79879598  -2.12172926
  0.69036307  -0.01503684  -0.31895666   0.42427927   0.55990906   1.04661700   0.43887935   1.79882504  -2.12181516
  0.69028209  -0.01506700  -0.31896976   0.42430982   0.55990639   1.04661055   0.43884687   1.79885483  -2.12190109
  0.69020066  -0.01509722  -0.31898309   0.42434029   0.55990345   1.04660413   0.43881434   1.79888529  -2.12198708
  0.69011880  -0.01512748  -0.31899665   0.42437069   0.55990029   1.04659775   0.43878175   1.79891639  -2.12207314
  0.69003653  -0.01515780  -0.31901042   0.42440104   0.55989691   1.04659140   0.43874910   1.79894808  -2.12215928
  0.68995386  -0.01518817  -0.31902439   0.42443135   0.55989333   1.04658507   0.43871639   1.79898032  -2.12224551
  0.68987080  -0.01521860  -0.31903854   0.42446163   0.55988956   1.04657876   0.43868362   1.79901308  -2.12233184
  0.68978738  -0.01524909  -0.31905286   0.42449187   0.55988561   1.04657247   0.43865079   1.79904632  -2.12241829
  0.68970359  -0.01527964  -0.31906734   0.42452210   0.55988151   1.04656620   0.43861789   1.79908002  -2.12250484
  0.68961946  -0.01531024  -0.31908198   0.42455231   0.55987725   1.04655994   0.43858494   1.79911414  -2.12259152
  0.68953500  -0.01534090  -0.31909677   0.42458251   0.55987284   1.04655369   0.43855192   1.79914865  -2.12267833
  0.68945021  -0.01537162  -0.31911169   0.42461271   0.55986830   1.04654744   0.43851883   1.79918353  -2.12276526
  0.68936512  -0.01540240  -0.31912674   0.42464291   0.55986363   1.04654120   0.43848569   1.79921876  -2.12285233
  0.68927974  -0.01543324  -0.31914191   0.42467311   0.55985885   1.04653496   0.43845249   1.79925431  -2.12293953
  0.68919407  -0.01546412  -0.31915719   0.42470332   0.55985395   1.04652873   0.43841922   1.79929015  -2.12302687
  0.68910812  -0.01549507  -0.31917259   0.42473353   0.55984895   1.04652249   0.43838590   1.79932628  -2.12311434
  0.68902192  -0.01552606  -0.31918809   0.42476376   0.55984385   1.04651625   0.43835252   1.79936266  -2.12320194
  0.68893546  -0.01555710  -0.31920369   0.42479400   0.55983866   1.04651000   0.43831909   1.79939929  -2.12328968
  0.68884876  -0.01558819  -0.31921937   0.42482425   0.55983338   1.04650375   0.43828560   1.79943614  -2.12337755
  0.68876184  -0.01561933  -0.31923515   0.42485452   0.55982801   1.04649748   0.43825206   1.79947320  -2.12346555
  0.68867469  -0.01565051  -0.31925101   0.42488480   0.55982257   1.04649121   0.43821848   1.79951046  -2.12355367
  0.68858734  -0.01568173  -0.31926696   0.42491509   0.55981705   1.04648493   0.43818485   1.79954789  -2.12364192
  0.68849979  -0.01571298  -0.31928297   0.42494540   0.55981145   1.04647863   0.43815117   1.79958549  -2.12373028
  0.68841205  -0.01574427  -0.31929906   0.42497572   0.55980579   1.04647232   0.43811746   1.79962323  -2.12381876
  0.68832414  -0.01577560  -0.31931522   0.42500605   0.55980006   1.04646600   0.43808371   1.79966112  -2.12390734
  0.68823606  -0.01580695  -0.31933145   0.42503640   0.55979426   1.04645965   0.43804993   1.79969913  -2.12399603
  0.68814783  -0.01583832  -0.31934774   0.42506675   0.55978841   1.04645329   0.43801611   1.79973726  -2.12408482
  0.68805944  -0.01586972  -0.31936408   0.42509712   0.55978249   1.04644691   0.43798227   1.79977549  -2.12417371
  0.68797093  -0.01590113  -0.31938049   0.42512749   0.55977652   1.04644051   0.43794840   1.79981381  -2.12426268
  0.68788228  -0.01593256  -0.31939695   0.42515787   0.55977049   1.04643409   0.43791451   1.79985222  -2.12435173
  0.68779353  -0.01596400  -0.31941346   0.42518825   0.55976441   1.04642765   0.43788060   1.79989069  -2.12444085
  0.68770466  -0.01599545  -0.31943003   0.42521863   0.55975828   1.04642119   0.43784668   1.79992923  -2.12453004
  0.68761570  -0.01602690  -0.31944664   0.42524901   0.55975209   1.04641470   0.43781275   1.79996782  -2.12461929
  0.68752666  -0.01605834  -0.31946330   0.42527939   0.55974586   1.04640819   0.43777882   1.80000646  -2.12470859
  0.68743754  -0.01608979  -0.31948000   0.42530976   0.55973958   1.04640165   0.43774488   1.80004513  -2.12479794
  0.68734836  -0.01612122  -0.31949674   0.42534012   0.55973324   1.04639508   0.43771094   1.80008382  -2.12488732
  0.68725912  -0.01615264  -0.31951353   0.42537047   0.55972687   1.04638849   0.43767701   1.80012253  -2.12497674
  0.68716983  -0.01618405  -0.31953035   0.42540080   0.55972044   1.04638187   0.43764309   1.80016125  -2.12506617
  0.68708052  -0.01621543  -0.31954721   0.42543111   0.55971397   1.04637522   0.43760918   1.80019997  -2.12515561
  0.68699118  -0.01624679  -0.31956411   0.42546141   0.55970745   1.04636854   0.43757529   1.80023869  -2.12524506
  0.68690182  -0.01627811  -0.31958104   0.42549168   0.55970089   1.04636183   0.43754142   1.80027738  -2.12533451
  0.68681247  -0.01630940  -0.31959801   0.42552192   0.55969429   1.04635509   0.43750758   1.80031606  -2.12542394
  0.68672312  -0.01634065  -0.31961501   0.42555213   0.55968764   1.04634832   0.43747377   1.80035470  -2.12551335
  0.68663378  -0.01637186  -0.31963203   0.42558230   0.55968095   1.04634152   0.43743999   1.80039331  -2.12560272
  0.68654448  -0.01640301  -0.31964909   0.42561244   0.55967421   1.04633468   0.43740625   1.80043187  -2.12569206
  0.68645521  -0.01643412  -0.31966618   0.42564253   0.55966743   1.04632781   0.43737256   1.80047037  -2.12578134
  0.68636599  -0.01646516  -0.31968329   0.42567258   0.55966060   1.04632091   0.43733892   1.80050882  -2.12587056
  0.68627684  -0.01649614  -0.31970042   0.42570257   0.55965373   1.04631396   0.43730533   1.80054720  -2.12595972
  0.68618775  -0.01652706  -0.31971758   0.42573252   0.55964682   1.04630699   0.43727179   1.80058550  -2.12604879
  0.68609874  -0.01655789  -0.31973477   0.42576240   0.55963987   1.04629998   0.43723833   1.80062373  -2.12613778
  0.68600982  -0.01658866  -0.31975198   0.42579222   0.55963287   1.04629293   0.43720492   1.80066186  -2.12622667
  0.68592101  -0.01661934  -0.31976920   0.42582198   0.55962582   1.04628584   0.43717159   1.80069990  -2.12631545
  0.68583230  -0.01664993  -0.31978645   0.42585167   0.55961873   1.04627871   0.43713834   1.80073783  -2.12640410
  0.68574373  -0.01668042  -0.31980372   0.42588128   0.55961160   1.04627154   0.43710517   1.80077565  -2.12649263
  0.68565528  -0.01671082  -0.31982101   0.42591081   0.55960443   1.04626434   0.43707209   1.80081336  -2.12658102
  0.68556698  -0.01674112  -0.31983831   0.42594027   0.55959720   1.04625709   0.43703909   1.80085095  -2.12666926
  0.68547884  -0.01677130  -0.31985563   0.42596963   0.55958994   1.04624981   0.43700620   1.80088840  -2.12675734
  0.68539086  -0.01680138  -0.31987296   0.42599890   0.55958262   1.04624248   0.43697340   1.80092572  -2.12684525
  0.68530307  -0.01683133  -0.31989031   0.42602808   0.55957527   1.04623511   0.43694072   1.80096289  -2.12693298
  0.68521546  -0.01686116  -0.31990767   0.42605715   0.55956786   1.04622769   0.43690814   1.80099991  -2.12702051
  0.68512805  -0.01689086  -0.31992505   0.42608613   0.55956041   1.04622023   0.43687568   1.80103677  -2.12710784
  0.68504085  -0.01692042  -0.31994244   0.42611499   0.55955291   1.04621273   0.43684334   1.80107347  -2.12719496
  0.68495388  -0.01694985  -0.31995983   0.42614374   0.55954537   1.04620518   0.43681113   1.80111000  -2.12728185
  0.68486714  -0.01697912  -0.31997724   0.42617237   0.55953777   1.04619759   0.43677906   1.80114635  -2.12736851
  0.68478064  -0.01700825  -0.31999466   0.42620088   0.55953013   1.04618995   0.43674711   1.80118251  -2.12745492
  0.68469441  -0.01703722  -0.32001209   0.42622926   0.55952244   1.04618227   0.43671532   1.80121848  -2.12754107
  0.68460844  -0.01706603  -0.32002952   0.42625751   0.55951470   1.04617454   0.43668367   1.80125425  -2.12762695
  0.68452275  -0.01709467  -0.32004696   0.42628562   0.55950691   1.04616675   0.43665217   1.80128982  -2.12771256
  0.68443735  -0.01712313  -0.32006441   0.42631359   0.55949907   1.04615892   0.43662083   1.80132518  -2.12779787
  0.68435225  -0.01715142  -0.32008186   0.42634141   0.55949118   1.04615104   0.43658966   1.80136031  -2.12788288
  0.68426747  -0.01717952  -0.32009931   0.42636908   0.55948324   1.04614312   0.43655865   1.80139522  -2.12796757
  0.68418301  -0.01720743  -0.32011677   0.42639660   0.55947525   1.04613514   0.43652782   1.80142990  -2.12805194
  0.68409889  -0.01723514  -0.32013423   0.42642396   0.55946720   1.04612711   0.43649717   1.80146434  -2.12813598
  0.68401512  -0.01726266  -0.32015170   0.42645115   0.55945910   1.04611902   0.43646670   1.80149853  -2.12821966
  0.68393171  -0.01728996  -0.32016916   0.42647817   0.55945095   1.04611089   0.43643642   1.80153247  -2.12830299
  0.68384867  -0.01731705  -0.32018663   0.42650501   0.55944275   1.04610270   0.43640634   1.80156615  -2.12838594
  0.68376602  -0.01734393  -0.32020409   0.42653168   0.55943449   1.04609446   0.43637647   1.80159956  -2.12846851
  0.68368376  -0.01737057  -0.32022155   0.42655816   0.55942617   1.04608617   0.43634680   1.80163269  -2.12855069
