  0.41770000   0.46579999  -1.27410000  -0.43299995   2.09289989   0.69140016   0.43859996   1.64319999  -1.13520005
  0.41770000   0.46579992  -1.27410004  -0.43299951   2.09289915   0.69140120   0.43859964   1.64320005  -1.13520043
  0.41769998   0.46579967  -1.27410026  -0.43299792   2.09289745   0.69140346   0.43859873   1.64320073  -1.13520157
  0.41769995   0.46579906  -1.27410097  -0.43299408   2.09289468   0.69140682   0.43859689   1.64320301  -1.13520396
  0.41769991   0.46579790  -1.27410250  -0.43298671   2.09289064   0.69141131   0.43859385   1.64320793  -1.13520827
  0.41769984   0.46579592  -1.27410523  -0.43297442   2.09288498   0.69141722   0.43858934   1.64321644  -1.13521528
  0.41769977   0.46579285  -1.27410959  -0.43295568   2.09287759   0.69142446   0.43858311   1.64322969  -1.13522580
  0.41769971   0.46578838  -1.27411607  -0.43292890   2.09286842   0.69143283   0.43857509   1.64324886  -1.13524068
  0.41769967   0.46578217  -1.27412511  -0.43289222   2.09285720   0.69144274   0.43856567   1.64327465  -1.13526132
  0.41769965   0.46577388  -1.27413707  -0.43284366   2.09284338   0.69145504   0.43855538   1.64330750  -1.13528935
  0.41769967   0.46576316  -1.27415222  -0.43278128   2.09282652   0.69147033   0.43854458   1.64334798  -1.13532636
  0.41769975   0.46574962  -1.27417075  -0.43270334   2.09280613   0.69148907   0.43853329   1.64339679  -1.13537367
  0.41769993   0.46573286  -1.27419273  -0.43260833   2.09278166   0.69151176   0.43852122   1.64345459  -1.13543245
  0.41770026   0.46571249  -1.27421814  -0.43249501   2.09275215   0.69153949   0.43850802   1.64352162  -1.13550380
  0.41770081   0.46568808  -1.27424672  -0.43236222   2.09271536   0.69157542   0.43849332   1.64359721  -1.13558930
  0.41770166   0.46565914  -1.27427803  -0.43220898   2.09266802   0.69162404   0.43847597   1.64368047  -1.13569043
  0.41770295   0.46562515  -1.27431146  -0.43203465   2.09260512   0.69169244   0.43845418   1.64376963  -1.13580887
  0.41770486   0.46558544  -1.27434573  -0.43183928   2.09251475   0.69179877   0.43842517   1.64385856  -1.13594784
  0.41770765   0.46553917  -1.27437981  -0.43162247   2.09238428   0.69196210   0.43838582   1.64394131  -1.13611083
  0.41771159   0.46548525  -1.27441345  -0.43138288   2.09220424   0.69219617   0.43833364   1.64401455  -1.13630085
  0.41771698   0.46542242  -1.27444726  -0.43111794   2.09196974   0.69250758   0.43826755   1.64407771  -1.13652053
  0.41772409   0.46534926  -1.27448256  -0.43082428   2.09168089   0.69289484   0.43818737   1.64413352  -1.13677155
  0.41773325   0.46526427  -1.27452113  -0.43049827   2.09134180   0.69334997   0.43809327   1.64418722  -1.13705454
  0.41774479   0.46516586  -1.27456463  -0.43013658   2.09095654   0.69386508   0.43798536   1.64424368  -1.13737002
  0.41775915   0.46505239  -1.27461375  -0.42973719   2.09052124   0.69444506   0.43786232   1.64430248  -1.13772002
  0.41777680   0.46492200  -1.27466917  -0.42929808   2.09003058   0.69509695   0.43772239   1.64436253  -1.13810689
  0.41779827   0.46477265  -1.27473215  -0.42881657   2.08948245   0.69582268   0.43756443   1.64442478  -1.13853248
  0.41782412   0.46460215  -1.27480433  -0.42828977   2.08887765   0.69661949   0.43738772   1.64449192  -1.13899797
  0.41785495   0.46440819  -1.27488704  -0.42771538   2.08821456   0.69748841   0.43719099   1.64456488  -1.13950482
  0.41789144   0.46418830  -1.27498181  -0.42709110   2.08749294   0.69842815   0.43697308   1.64464544  -1.14005407
  0.41793428   0.46393987  -1.27509052  -0.42641449   2.08671566   0.69943246   0.43673354   1.64473694  -1.14064605
  0.41798422   0.46366023  -1.27521512  -0.42568347   2.08588715   0.70049264   0.43647236   1.64484311  -1.14128061
  0.41804209   0.46334663  -1.27535667  -0.42489712   2.08500551   0.70161042   0.43618908   1.64496270  -1.14195905
  0.41810875   0.46299615  -1.27551615  -0.42405466   2.08406856   0.70278800   0.43588323   1.64509406  -1.14268273
  0.41818510   0.46260577  -1.27569483  -0.42315514   2.08307711   0.70402255   0.43555476   1.64523735  -1.14345232
  0.41827209   0.46217235  -1.27589403  -0.42219782   2.08203410   0.70530768   0.43520390   1.64539375  -1.14426773
  0.41837071   0.46169270  -1.27611415  -0.42118304   2.08093630   0.70664694   0.43483021   1.64555992  -1.14513024
  0.41848202   0.46116346  -1.27635556  -0.42011094   2.07978093   0.70804307   0.43443333   1.64573275  -1.14604122
  0.41860704   0.46058116  -1.27661881  -0.41898138   2.07856820   0.70949385   0.43401319   1.64591098  -1.14700139
  0.41874689   0.45994224  -1.27690390  -0.41779471   2.07729513   0.71100213   0.43356925   1.64609100  -1.14801226
  0.41890267   0.45924298  -1.27721090  -0.41655106   2.07596067   0.71256734   0.43310107   1.64627060  -1.14907485
  0.41907552   0.45847958  -1.27753989  -0.41525031   2.07456553   0.71418587   0.43260851   1.64644864  -1.15018993
  0.41926661   0.45764815  -1.27789040  -0.41389283   2.07310777   0.71585810   0.43209110   1.64662212  -1.15135883
  0.41947713   0.45674467  -1.27826199  -0.41247867   2.07158736   0.71758107   0.43154845   1.64678940  -1.15258251
  0.41970827   0.45576508  -1.27865428  -0.41100762   2.07000660   0.71934786   0.43098070   1.64695019  -1.15386159
  0.41996126   0.45470523  -1.27906584  -0.40948038   2.06836174   0.72116121   0.43038693   1.64710007  -1.15519798
  0.42023739   0.45356087  -1.27949524  -0.40789741   2.06664971   0.72302237   0.42976599   1.64723541  -1.15659347
  0.42053790   0.45232765  -1.27994130  -0.40625847   2.06487103   0.72492666   0.42911743   1.64735492  -1.15804936
  0.42086410   0.45100112  -1.28040225  -0.40456390   2.06302321   0.72687374   0.42843978   1.64745567  -1.15956730
  0.42121731   0.44957678  -1.28087646  -0.40281363   2.06110607   0.72885929   0.42773184   1.64753643  -1.16114850
  0.42159884   0.44805003  -1.28136250  -0.40100718   2.05912242   0.73087412   0.42699326   1.64759763  -1.16279379
  0.42201008   0.44641630  -1.28185796  -0.39914509   2.05706864   0.73291918   0.42622269   1.64763543  -1.16450528
  0.42245243   0.44467090  -1.28236033  -0.39722763   2.05494082   0.73499584   0.42541878   1.64764585  -1.16628543
  0.42292733   0.44280908  -1.28286688  -0.39525515   2.05273332   0.73710799   0.42457963   1.64762415  -1.16813705
  0.42343625   0.44082597  -1.28337514  -0.39322751   2.05044247   0.73925613   0.42370348   1.64756713  -1.17006257
  0.42398067   0.43871664  -1.28388254  -0.39114455   2.04806324   0.74144297   0.42278862   1.64747076  -1.17206498
  0.42456211   0.43647603  -1.28438685  -0.38900552   2.04559284   0.74366755   0.42183377   1.64733252  -1.17414701
  0.42518214   0.43409907  -1.28488584  -0.38680958   2.04302796   0.74592992   0.42083782   1.64714945  -1.17631174
  0.42584231   0.43158060  -1.28537762  -0.38455556   2.04036773   0.74822610   0.41980002   1.64692023  -1.17856177
  0.42654423   0.42891543  -1.28586034  -0.38224246   2.03761121   0.75055234   0.41871981   1.64664330  -1.18089967
  0.42728955   0.42609836  -1.28633251  -0.37986904   2.03476060   0.75289969   0.41759682   1.64631935  -1.18332718
  0.42807990   0.42312419  -1.28679266  -0.37743424   2.03181786   0.75525959   0.41643073   1.64594882  -1.18584601
  0.42891698   0.41998777  -1.28723951  -0.37493716   2.02878689   0.75762041   0.41522165   1.64553324  -1.18845730
  0.42980254   0.41668403  -1.28767152  -0.37237783   2.02566911   0.75997472   0.41396993   1.64507187  -1.19116245
  0.43073833   0.41320797  -1.28808731  -0.36975662   2.02246720   0.76231325   0.41267622   1.64456454  -1.19396241
  0.43172622   0.40955476  -1.28848498  -0.36707554   2.01917875   0.76463508   0.41134130   1.64400694  -1.19685862
  0.43276808   0.40571963  -1.28886258  -0.36433669   2.01580102   0.76693998   0.40996543   1.64339480  -1.19985252
  0.43386576   0.40169790  -1.28921818  -0.36154195   2.01233019   0.76922963   0.40854848   1.64272344  -1.20294599
  0.43502112   0.39748494  -1.28955042  -0.35869272   2.00876579   0.77150064   0.40709095   1.64199037  -1.20614036
  0.43623604   0.39307625  -1.28985809  -0.35579093   2.00510663   0.77375132   0.40559419   1.64119197  -1.20943709
  0.43751239   0.38846745  -1.29014022  -0.35283855   2.00135325   0.77597703   0.40405902   1.64032629  -1.21283684
  0.43885209   0.38365436  -1.29039580  -0.34983837   1.99750439   0.77817623   0.40248654   1.63938997  -1.21634033
  0.44025704   0.37863295  -1.29062396  -0.34679322   1.99355952   0.78034632   0.40087758   1.63838040  -1.21994791
  0.44172911   0.37339943  -1.29082380  -0.34370628   1.98951636   0.78248798   0.39923336   1.63729359  -1.22366045
  0.44327016   0.36795017  -1.29099487  -0.34058056   1.98537485   0.78459850   0.39755533   1.63612724  -1.22747823
  0.44488210   0.36228178  -1.29113687  -0.33741987   1.98113313   0.78667878   0.39584607   1.63487703  -1.23140186
  0.44656674   0.35639104  -1.29124969  -0.33422774   1.97679072   0.78872734   0.39410697   1.63354065  -1.23543134
  0.44832587   0.35027495  -1.29133355  -0.33100760   1.97234781   0.79074182   0.39233949   1.63211658  -1.23956646
  0.45016120   0.34393076  -1.29138892  -0.32776257   1.96780617   0.79271737   0.39054475   1.63060497  -1.24380659
  0.45207448   0.33735609  -1.29141636  -0.32449726   1.96316571   0.79465304   0.38872608   1.62900323  -1.24815135
  0.45406711   0.33054985  -1.29141514  -0.32121639   1.95842777   0.79654550   0.38688797   1.62730962  -1.25260052
  0.45613911   0.32351638  -1.29137515  -0.31792822   1.95358700   0.79839903   0.38503411   1.62551856  -1.25715547
  0.45828898   0.31626614  -1.29127873  -0.31464381   1.94864551   0.80020444   0.38317560   1.62362682  -1.26181762
  0.46051404   0.30881403  -1.29110157  -0.31137567   1.94360192   0.80195525   0.38131940   1.62163223  -1.26658865
  0.46281105   0.30117757  -1.29081814  -0.30813801   1.93845895   0.80363830   0.37947416   1.61953566  -1.27146853
  0.46517677   0.29337553  -1.29040334  -0.30494841   1.93321257   0.80525394   0.37764870   1.61733202  -1.27645712
  0.46760802   0.28542674  -1.28983676  -0.30182136   1.92787012   0.80678721   0.37585519   1.61502418  -1.28155313
  0.47010212   0.27734938  -1.28910421  -0.29877158   1.92244222   0.80822326   0.37411399   1.61261382  -1.28675531
  0.47265672   0.26916070  -1.28819564  -0.29581239   1.91693822   0.80955077   0.37243771   1.61010609  -1.29206029
  0.47526974   0.26087660  -1.28710612  -0.29295296   1.91136925   0.81075788   0.37083236   1.60751163  -1.29746390
  0.47793986   0.25251144  -1.28583807  -0.29020093   1.90574631   0.81184065   0.36931306   1.60483608  -1.30296455
  0.48066592   0.24407893  -1.28439516  -0.28756268   1.90006681   0.81281847   0.36788115   1.60208091  -1.30856097
  0.48344719   0.23559284  -1.28278728  -0.28504584   1.89434293   0.81369169   0.36655177   1.59925186  -1.31424920
  0.48628282   0.22706768  -1.28102031  -0.28266258   1.88856051   0.81450111   0.36531605   1.59634387  -1.32002294
  0.48917194   0.21851982  -1.27909713  -0.28043205   1.88268378   0.81532476   0.36416104   1.59333467  -1.32587680
  0.49211394   0.20996829  -1.27702290  -0.27838070   1.87668158   0.81624013   0.36310243   1.59019163  -1.33180744
  0.49510889   0.20142684  -1.27481501  -0.27652197   1.87055248   0.81727604   0.36214203   1.58691293  -1.33780348
  0.49815768   0.19290346  -1.27250301  -0.27485571   1.86431890   0.81842511   0.36126949   1.58352011  -1.34384879
  0.50126202   0.18440170  -1.27012587  -0.27337159   1.85801636   0.81965956   0.36047030   1.58004868  -1.34992516
  0.50442413   0.17592268  -1.26772479  -0.27205874   1.85166830   0.82097173   0.35971736   1.57652801  -1.35601266
  0.50764651   0.16746643  -1.26534086  -0.27090358   1.84527999   0.82238930   0.35898363   1.57297009  -1.36209878
  0.51093182   0.15903173  -1.26301774  -0.26988851   1.83886177   0.82393530   0.35824957   1.56938570  -1.36817362
  0.51428196   0.15061463  -1.26080383  -0.26897231   1.83246913   0.82554656   0.35749182   1.56583385  -1.37422316
  0.51769860   0.14221132  -1.25874541  -0.26810700   1.82614713   0.82717692   0.35670260   1.56236395  -1.38024484
  0.52118593   0.13382184  -1.25688349  -0.26729146   1.81985466   0.82894311   0.35592429   1.55892369  -1.38625025
  0.52474821   0.12544532  -1.25526551  -0.26652377   1.81360505   0.83087493   0.35521836   1.55549161  -1.39224128
  0.52838752   0.11708009  -1.25393318  -0.26578040   1.80744930   0.83291904   0.35461242   1.55209959  -1.39821037
  0.53210341   0.10872607  -1.25291377  -0.26502386   1.80144241   0.83500790   0.35409314   1.54879318  -1.40415028
  0.53589457   0.10038505  -1.25222220  -0.26422335   1.79560919   0.83710533   0.35362884   1.54560976  -1.41005086
  0.53976012   0.09206160  -1.25186428  -0.26336730   1.78992006   0.83925849   0.35320601   1.54254442  -1.41591090
  0.54369799   0.08376011  -1.25185103  -0.26242136   1.78441877   0.84140744   0.35285318   1.53962842  -1.42174068
  0.54770740   0.07548689  -1.25219626  -0.26137107   1.77914281   0.84351322   0.35265824   1.53686630  -1.42756072
  0.55178658   0.06725009  -1.25289629  -0.26022261   1.77408550   0.84557417   0.35264361   1.53426266  -1.43336669
  0.55593237   0.05905932  -1.25393239  -0.25899148   1.76921401   0.84760223   0.35277469   1.53183062  -1.43913524
  0.56014069   0.05092471  -1.25528167  -0.25768884   1.76450497   0.84958320   0.35301590   1.52959802  -1.44484211
  0.56440699   0.04285760  -1.25691785  -0.25632934   1.75993876   0.85149909   0.35333754   1.52758892  -1.45046473
  0.56872623   0.03487053  -1.25881344  -0.25492345   1.75549994   0.85333304   0.35373879   1.52582027  -1.45599517
  0.57309281   0.02697703  -1.26093371  -0.25349016   1.75115853   0.85508123   0.35419355   1.52430674  -1.46141604
  0.57750120   0.01919192  -1.26324059  -0.25205976   1.74686505   0.85677655   0.35467627   1.52304164  -1.46671151
  0.58194511   0.01153053  -1.26569953  -0.25064575   1.74260317   0.85842249   0.35520026   1.52201908  -1.47188761
  0.58641772   0.00400935  -1.26827071  -0.24926596   1.73834549   0.86004678   0.35576462   1.52121880  -1.47695078
  0.59091213  -0.00335419  -1.27091557  -0.24793782   1.73407185   0.86168502   0.35639028   1.52060640  -1.48191941
  0.59542081  -0.01054187  -1.27359181  -0.24667634   1.72975882   0.86338420   0.35709067   1.52014025  -1.48681589
  0.59993477  -0.01753540  -1.27625029  -0.24548264   1.72538535   0.86518068   0.35785109   1.51978985  -1.49166259
  0.60444542  -0.02432071  -1.27885743  -0.24433997   1.72101067   0.86696291   0.35867949   1.51959824  -1.49646692
  0.60894900  -0.03088652  -1.28139175  -0.24330990   1.71663157   0.86867736   0.35954359   1.51959470  -1.50116962
  0.61344070  -0.03721998  -1.28382069  -0.24244778   1.71218158   0.87037875   0.36038698   1.51976470  -1.50572975
  0.61791422  -0.04330904  -1.28611106  -0.24177164   1.70758658   0.87214775   0.36116956   1.52008649  -1.51014047
  0.62236475  -0.04914280  -1.28824974  -0.24129338   1.70282880   0.87401836   0.36193523   1.52053678  -1.51441745
  0.62678567  -0.05471028  -1.29021928  -0.24099857   1.69791106   0.87600596   0.36271529   1.52109785  -1.51858991
  0.63116872  -0.06000269  -1.29200658  -0.24082975   1.69289633   0.87803100   0.36355957   1.52179857  -1.52270236
  0.63550994  -0.06501366  -1.29362473  -0.24076333   1.68786180   0.88000152   0.36459853   1.52266547  -1.52679144
  0.63980634  -0.06973487  -1.29507356  -0.24082352   1.68277720   0.88198753   0.36587682   1.52365796  -1.53086521
  0.64405352  -0.07415778  -1.29634376  -0.24102420   1.67758626   0.88410047   0.36739397   1.52472175  -1.53493343
  0.64824586  -0.07827646  -1.29742965  -0.24135094   1.67227854   0.88637584   0.36913816   1.52584009  -1.53900488
  0.65237735  -0.08208754  -1.29833043  -0.24177482   1.66687039   0.88880303   0.37108528   1.52701969  -1.54308233
  0.65644445  -0.08558573  -1.29904750  -0.24232241   1.66132357   0.89149227   0.37318320   1.52819110  -1.54715045
  0.66044367  -0.08876677  -1.29959116  -0.24300833   1.65564498   0.89450596   0.37541225   1.52929384  -1.55120480
  0.66436932  -0.09163076  -1.29998055  -0.24378189   1.64995129   0.89771604   0.37779236   1.53036305  -1.55525588
  0.66821527  -0.09417859  -1.30023199  -0.24458841   1.64435682   0.90098310   0.38032600   1.53144557  -1.55930727
  0.67197987  -0.09640580  -1.30035143  -0.24548608   1.63877780   0.90448726   0.38295457   1.53243956  -1.56333212
  0.67565987  -0.09831173  -1.30035693  -0.24647899   1.63325310   0.90821516   0.38566960   1.53332821  -1.56731631
  0.67925225  -0.09989449  -1.30026180  -0.24758656   1.62778219   0.91221833   0.38844737   1.53406430  -1.57124563
  0.68275402  -0.10115243  -1.30007834  -0.24882496   1.62234912   0.91655953   0.39127621   1.53460444  -1.57511163
  0.68616119  -0.10208612  -1.29981588  -0.25020312   1.61695746   0.92123668   0.39410235   1.53494558  -1.57888185
  0.68946966  -0.10269577  -1.29948451  -0.25171318   1.61159874   0.92627060   0.39692160   1.53508005  -1.58255322
  0.69267540  -0.10298361  -1.29909871  -0.25334015   1.60628600   0.93163154   0.39973847   1.53502972  -1.58611572
  0.69577364  -0.10295340  -1.29867145  -0.25505633   1.60104170   0.93725636   0.40254708   1.53484016  -1.58955473
  0.69875839  -0.10261068  -1.29821059  -0.25681581   1.59588847   0.94305684   0.40531340   1.53458053  -1.59285012
  0.70162643  -0.10196171  -1.29773596  -0.25861963   1.59083610   0.94897783   0.40800581   1.53429224  -1.59595639
  0.70437382  -0.10101223  -1.29727016  -0.26043341   1.58591615   0.95495689   0.41066960   1.53401715  -1.59887549
  0.70699560  -0.09976634  -1.29682522  -0.26222140   1.58113034   0.96099234   0.41332338   1.53376444  -1.60162027
  0.70948662  -0.09822954  -1.29641384  -0.26394425   1.57649355   0.96704541   0.41598317   1.53356592  -1.60419517
  0.71183987  -0.09640998  -1.29604564  -0.26552632   1.57206397   0.97298424   0.41865456   1.53350655  -1.60660346
  0.71404954  -0.09431212  -1.29572290  -0.26693802   1.56781442   0.97885121   0.42131249   1.53357403  -1.60885343
  0.71611004  -0.09194116  -1.29546647  -0.26808190   1.56379950   0.98459205   0.42413697   1.53380742  -1.61103918
  0.71801331  -0.08930407  -1.29528376  -0.26885849   1.56011622   0.99006283   0.42718866   1.53427856  -1.61320694
  0.71975523  -0.08640377  -1.29517521  -0.26929635   1.55670089   0.99538463   0.43041562   1.53492078  -1.61534406
  0.72133195  -0.08324877  -1.29516050  -0.26937116   1.55358923   1.00047306   0.43388626   1.53579161  -1.61745114
  0.72274093  -0.07984895  -1.29525681  -0.26910941   1.55077168   1.00527604   0.43758964   1.53693935  -1.61947207
  0.72397752  -0.07621281  -1.29546498  -0.26853720   1.54822586   1.00977866   0.44143429   1.53837925  -1.62134479
  0.72503465  -0.07234513  -1.29576457  -0.26768330   1.54589355   1.01406745   0.44524998   1.54005398  -1.62302142
  0.72590662  -0.06824945  -1.29613676  -0.26661782   1.54369889   1.01827503   0.44885503   1.54186760  -1.62443971
  0.72658877  -0.06393237  -1.29658899  -0.26534833   1.54168755   1.02234386   0.45228347   1.54382775  -1.62559595
  0.72707339  -0.05940223  -1.29711643  -0.26382242   1.53993752   1.02612751   0.45556770   1.54600613  -1.62650392
  0.72735328  -0.05466404  -1.29771316  -0.26196577   1.53847114   1.02959881   0.45885507   1.54843411  -1.62725436
  0.72742021  -0.04972065  -1.29835427  -0.25974042   1.53724795   1.03284213   0.46216593   1.55107442  -1.62791146
  0.72726503  -0.04458007  -1.29901956  -0.25709014   1.53631822   1.03575969   0.46548436   1.55397566  -1.62849601
  0.72688682  -0.03924554  -1.29970919  -0.25412862   1.53557522   1.03856146   0.46880752   1.55700896  -1.62899076
  0.72628257  -0.03372099  -1.30041128  -0.25096894   1.53494565   1.04140285   0.47204022   1.56005275  -1.62934934
  0.72544497  -0.02801212  -1.30109692  -0.24766854   1.53443299   1.04429921   0.47501894   1.56304684  -1.62952015
  0.72436697  -0.02212937  -1.30175438  -0.24423419   1.53415862   1.04704638   0.47769715   1.56605052  -1.62945989
  0.72304429  -0.01607976  -1.30237189  -0.24071397   1.53413913   1.04960724   0.48008640   1.56905939  -1.62914803
  0.72146979  -0.00986869  -1.30291317  -0.23713554   1.53435358   1.05199402   0.48211136   1.57205006  -1.62857148
  0.71963657  -0.00350634  -1.30335118  -0.23350735   1.53485660   1.05406088   0.48371073   1.57508109  -1.62768900
  0.71754104   0.00299851  -1.30366875  -0.22987594   1.53564305   1.05577051   0.48489222   1.57816419  -1.62647366
  0.71517791   0.00963851  -1.30383580  -0.22626112   1.53668585   1.05714144   0.48564210   1.58128430  -1.62493158
  0.71254075   0.01640555  -1.30381930  -0.22263475   1.53797303   1.05817047   0.48598393   1.58444993  -1.62310684
  0.70962425   0.02329650  -1.30358121  -0.21898819   1.53940408   1.05906306   0.48597279   1.58755935  -1.62109982
  0.70642444   0.03030852  -1.30309080  -0.21534057   1.54088788   1.06005526   0.48566248   1.59046849  -1.61900678
  0.70293883   0.03743283  -1.30233925  -0.21170254   1.54245183   1.06117847   0.48515069   1.59312020  -1.61688547
  0.69916296   0.04465913  -1.30130398  -0.20804593   1.54412898   1.06241693   0.48448296   1.59549698  -1.61479204
  0.69509416   0.05197983  -1.29995841  -0.20437117   1.54587114   1.06389386   0.48371516   1.59751937  -1.61279766
  0.69073048   0.05938285  -1.29828384  -0.20066800   1.54768823   1.06560153   0.48289758   1.59917561  -1.61093936
  0.68607007   0.06685614  -1.29625333  -0.19693585   1.54955994   1.06756964   0.48202061   1.60043626  -1.60924104
  0.68110982   0.07438456  -1.29384588  -0.19310084   1.55155133   1.06969866   0.48114003   1.60134078  -1.60776488
  0.67585147   0.08195721  -1.29104486  -0.18917009   1.55359694   1.07211921   0.48034496   1.60181597  -1.60657631
  0.67029833   0.08955815  -1.28783845  -0.18517727   1.55566084   1.07485442   0.47964499   1.60184227  -1.60566492
  0.66445246   0.09716979  -1.28420786  -0.18111712   1.55772618   1.07788449   0.47901719   1.60142917  -1.60502985
  0.65831437   0.10476835  -1.28014408  -0.17689009   1.55989755   1.08097518   0.47849489   1.60070648  -1.60469635
  0.65188611   0.11232832  -1.27563423  -0.17238994   1.56223269   1.08393891   0.47807205   1.59980210  -1.60468965
  0.64518025   0.11982831  -1.27067508  -0.16765726   1.56457546   1.08698109   0.47771025   1.59863635  -1.60501520
  0.63821717   0.12723688  -1.26531583  -0.16269804   1.56690564   1.09012251   0.47755945   1.59721324  -1.60569884
  0.63101889   0.13451581  -1.25960771  -0.15748927   1.56925631   1.09327274   0.47766792   1.59559213  -1.60673428
  0.62360805   0.14162807  -1.25359026  -0.15203376   1.57161447   1.09641021   0.47799163   1.59379360  -1.60809356
  0.61600750   0.14853792  -1.24728764  -0.14636351   1.57392338   1.09958064   0.47835916   1.59179342  -1.60971677
  0.60824066   0.15521317  -1.24072454  -0.14054456   1.57611736   1.10288955   0.47861430   1.58951094  -1.61154635
  0.60033070   0.16162295  -1.23393212  -0.13465373   1.57817909   1.10639839   0.47864634   1.58686202  -1.61352440
  0.59230049   0.16773655  -1.22694761  -0.12875000   1.58012949   1.11008533   0.47845409   1.58381609  -1.61560802
  0.58416912   0.17352217  -1.21979473  -0.12282914   1.58202815   1.11380939   0.47803259   1.58042915  -1.61776474
  0.57595342   0.17895125  -1.21247439  -0.11687879   1.58387595   1.11748738   0.47732117   1.57674760  -1.61996484
  0.56766713   0.18399158  -1.20498552  -0.11079639   1.58575564   1.12087767   0.47628350   1.57291691  -1.62221031
  0.55932820   0.18861110  -1.19734350  -0.10448421   1.58770103   1.12379658   0.47507052   1.56909155  -1.62455082
  0.55095872   0.19278369  -1.18956347  -0.09794233   1.58961653   1.12628526   0.47385151   1.56530961  -1.62702379
  0.54257844   0.19648121  -1.18165655  -0.09115854   1.59145747   1.12829890   0.47269473   1.56163643  -1.62963257
  0.53420595   0.19967436  -1.17363514  -0.08412095   1.59321839   1.12974298   0.47160091   1.55814270  -1.63235440
  0.52586001   0.20233779  -1.16550388  -0.07685396   1.59483855   1.13064028   0.47051046   1.55482464  -1.63515611
  0.51755929   0.20444688  -1.15727443  -0.06938507   1.59628768   1.13100759   0.46936598   1.55165959  -1.63800774
  0.50932236   0.20597389  -1.14897463  -0.06170964   1.59762281   1.13074002   0.46816720   1.54867844  -1.64089170
  0.50116935   0.20689249  -1.14063592  -0.05383801   1.59887271   1.12978347   0.46694504   1.54589213  -1.64379868
  0.49311949   0.20717957  -1.13227423  -0.04579080   1.60002122   1.12814886   0.46564696   1.54327741  -1.64670441
  0.48519226   0.20681253  -1.12390674  -0.03759224   1.60107064   1.12582117   0.46420922   1.54081655  -1.64957377
  0.47740787   0.20577377  -1.11554665  -0.02928150   1.60196690   1.12291245   0.46258647   1.53842602  -1.65240055
  0.46978919   0.20404616  -1.10723416  -0.02088819   1.60269191   1.11954052   0.46091779   1.53602128  -1.65524668
  0.46235838   0.20161304  -1.09900781  -0.01243928   1.60324727   1.11577446   0.45930370   1.53354299  -1.65815133
  0.45513350   0.19846944  -1.09087684  -0.00396995   1.60361776   1.11168738   0.45774634   1.53092466  -1.66112476
  0.44812767   0.19463303  -1.08281688   0.00445396   1.60378158   1.10735558   0.45622380   1.52808802  -1.66416093
  0.44135079   0.19014049  -1.07479057   0.01275031   1.60372480   1.10285746   0.45471958   1.52494906  -1.66725123
  0.43481155   0.18504024  -1.06676732   0.02084040   1.60344864   1.09826623   0.45321550   1.52143160  -1.67038519
  0.42851972   0.17938517  -1.05873726   0.02863942   1.60300780   1.09356871   0.45175413   1.51751218  -1.67354198
  0.42248474   0.17323177  -1.05069330   0.03607327   1.60244791   1.08875990   0.45035772   1.51317740  -1.67670000
  0.41671550   0.16663804  -1.04262582   0.04308662   1.60178520   1.08387184   0.44899696   1.50841009  -1.67983871
  0.41122129   0.15966044  -1.03452751   0.04963995   1.60102234   1.07894269   0.44763392   1.50320605  -1.68294248
  0.40601225   0.15234997  -1.02640412   0.05571647   1.60021579   1.07389849   0.44629919   1.49763425  -1.68600450
  0.40109956   0.14475463  -1.01826075   0.06130098   1.59938826   1.06870131   0.44501727   1.49176019  -1.68902226
  0.39649620   0.13692007  -1.01010087   0.06636656   1.59849160   1.06342538   0.44378127   1.48560314  -1.69199754
  0.39221683   0.12888447  -1.00195338   0.07090390   1.59754989   1.05804247   0.44265070   1.47923561  -1.69494280
  0.38828033   0.12068448  -0.99385698   0.07484437   1.59651758   1.05264194   0.44167794   1.47267489  -1.69785292
  0.38470500   0.11235443  -0.98585307   0.07813592   1.59536074   1.04730091   0.44089655   1.46594398  -1.70072731
  0.38150757   0.10392602  -0.97798441   0.08076132   1.59407533   1.04206068   0.44032603   1.45908051  -1.70357911
  0.37870478   0.09542856  -0.97029799   0.08270968   1.59267029   1.03695965   0.43997933   1.45211592  -1.70642600
  0.37631260   0.08689010  -0.96283639   0.08398380   1.59115250   1.03202581   0.43986380   1.44509283  -1.70928937
  0.37434608   0.07833683  -0.95563729   0.08460343   1.58952780   1.02727563   0.43997273   1.43806349  -1.71219193
  0.37282143   0.06979142  -0.94874310   0.08458294   1.58779675   1.02272388   0.44030861   1.43108645  -1.71515188
  0.37175596   0.06126820  -0.94220682   0.08395058   1.58596941   1.01836858   0.44086322   1.42422905  -1.71818133
  0.37116822   0.05277405  -0.93609224   0.08274006   1.58406710   1.01419651   0.44161880   1.41755922  -1.72128393
  0.37107851   0.04431126  -0.93047005   0.08096537   1.58210064   1.01021250   0.44255361   1.41113211  -1.72444931
  0.37150701   0.03587952  -0.92541032   0.07864178   1.58007921   1.00643549   0.44364196   1.40498766  -1.72766893
  0.37247378   0.02747736  -0.92098017   0.07578054   1.57800068   1.00291347   0.44486947   1.39914632  -1.73094367
  0.37399888   0.01909985  -0.91725621   0.07241067   1.57586848   0.99972939   0.44627676   1.39360716  -1.73431556
  0.37610209   0.01073715  -0.91432912   0.06858494   1.57371603   0.99696942   0.44795340   1.38835703  -1.73786181
  0.37880189   0.00237884  -0.91227569   0.06432919   1.57157568   0.99469150   0.44990568   1.38337811  -1.74160221
  0.38211340  -0.00598466  -0.91114712   0.05966149   1.56946976   0.99288634   0.45216000   1.37870654  -1.74554374
  0.38603928  -0.01435561  -0.91095129   0.05461695   1.56738988   0.99153874   0.45484989   1.37440927  -1.74975326
  0.39056237  -0.02271997  -0.91163599   0.04918929   1.56526821   0.99074023   0.45800281   1.37045270  -1.75426714
  0.39564991  -0.03105373  -0.91311377   0.04335921   1.56301846   0.99064598   0.46158565   1.36673093  -1.75911277
  0.40125768  -0.03933245  -0.91527422   0.03713134   1.56059345   0.99128222   0.46548055   1.36319305  -1.76425480
  0.40733745  -0.04753291  -0.91800972   0.03051157   1.55792676   0.99267862   0.46961833   1.35981052  -1.76966965
  0.41383924  -0.05563597  -0.92122665   0.02357522   1.55498041   0.99482266   0.47412152   1.35662505  -1.77544062
  0.42071260  -0.06362439  -0.92485539   0.01640140   1.55174435   0.99767955   0.47908981   1.35368444  -1.78162508
  0.42790866  -0.07148435  -0.92884464   0.00905595   1.54820233   1.00127927   0.48448678   1.35096204  -1.78821845
  0.43538270  -0.07920986  -0.93316789   0.00159892   1.54434432   1.00565042   0.49032837   1.34844494  -1.79522923
  0.44309371  -0.08680066  -0.93780463  -0.00594500   1.54017073   1.01072226   0.49657924   1.34618020  -1.80258872
  0.45100425  -0.09425950  -0.94273833  -0.01356116   1.53568078   1.01640049   0.50314835   1.34422097  -1.81018520
  0.45908037  -0.10159497  -0.94796797  -0.02118938   1.53089918   1.02261648   0.50995326   1.34258723  -1.81794143
  0.46729299  -0.10881930  -0.95349819  -0.02882213   1.52585206   1.02924285   0.51684771   1.34132025  -1.82570179
  0.47561631  -0.11595133  -0.95934434  -0.03644725   1.52059089   1.03607850   0.52369146   1.34050201  -1.83328852
  0.48402733  -0.12300858  -0.96552534  -0.04413884   1.51511711   1.04309986   0.53007585   1.34000676  -1.84040462
  0.49250468  -0.13000055  -0.97204698  -0.05193147   1.50944332   1.05028489   0.53583632   1.33975892  -1.84691024
  0.50102706  -0.13693217  -0.97888720  -0.05985196   1.50356607   1.05759894   0.54080523   1.33969271  -1.85267637
  0.50957381  -0.14380573  -0.98601183  -0.06792500   1.49746794   1.06497891   0.54488305   1.33979348  -1.85760239
  0.51812491  -0.15062145  -0.99339068  -0.07611333   1.49114190   1.07234573   0.54819301   1.34013321  -1.86172285
  0.52666191  -0.15738536  -1.00101307  -0.08428950   1.48462262   1.07964847   0.55097509   1.34078590  -1.86518788
  0.53517024  -0.16410313  -1.00886522  -0.09241596   1.47792471   1.08686454   0.55325303   1.34174006  -1.86801280
  0.54363813  -0.17077972  -1.01692328  -0.10052374   1.47105320   1.09391225   0.55491201   1.34298799  -1.87009550
  0.55205541  -0.17741676  -1.02516457  -0.10858989   1.46400064   1.10074892   0.55610293   1.34459531  -1.87150680
  0.56041192  -0.18401606  -1.03356706  -0.11656109   1.45679910   1.10728956   0.55705340   1.34666326  -1.87236805
  0.56869584  -0.19057964  -1.04210046  -0.12434732   1.44960076   1.11321541   0.55804107   1.34941583  -1.87279175
  0.57689455  -0.19709949  -1.05072047  -0.13176230   1.44242481   1.11855008   0.55956762   1.35298443  -1.87314742
  0.58500039  -0.20356908  -1.05939556  -0.13877042   1.43514045   1.12358743   0.56182935   1.35727508  -1.87363854
  0.59300542  -0.20999360  -1.06810188  -0.14540672   1.42777920   1.12824783   0.56468635   1.36225784  -1.87416282
  0.60090211  -0.21638018  -1.07682261  -0.15168601   1.42038373   1.13241729   0.56809541   1.36795908  -1.87465825
  0.60868281  -0.22273656  -1.08554736  -0.15755743   1.41287644   1.13628855   0.57208011   1.37427856  -1.87520509
  0.61633836  -0.22907742  -1.09427322  -0.16293278   1.40532152   1.13978378   0.57664205   1.38122937  -1.87581761
  0.62386155  -0.23541532  -1.10299938  -0.16780250   1.39776255   1.14279256   0.58180689   1.38886387  -1.87646418
  0.63124482  -0.24175929  -1.11172320  -0.17223421   1.39026472   1.14521845   0.58752154   1.39716134  -1.87706077
  0.63848096  -0.24811819  -1.12043904  -0.17636757   1.38289197   1.14694498   0.59352608   1.40603523  -1.87738822
  0.64555953  -0.25450156  -1.12914166  -0.18007725   1.37566758   1.14795894   0.60010271   1.41557357  -1.87761455
  0.65246670  -0.26092849  -1.13782657  -0.18317158   1.36858379   1.14830400   0.60751215   1.42584557  -1.87792957
  0.65918865  -0.26742168  -1.14647880  -0.18557958   1.36153338   1.14811207   0.61567089   1.43678998  -1.87831804
  0.66571612  -0.27400331  -1.15509958  -0.18745974   1.35445075   1.14740190   0.62411197   1.44823606  -1.87846107
  0.67203989  -0.28069198  -1.16368856  -0.18902200   1.34735515   1.14608225   0.63222967   1.45997414  -1.87796163
  0.67815561  -0.28749728  -1.17227297  -0.19052524   1.34027640   1.14405483   0.63970524   1.47187896  -1.87652446
  0.68405829  -0.29442160  -1.18087216  -0.19222030   1.33324801   1.14126424   0.64625518   1.48379822  -1.87391620
  0.68974140  -0.30145964  -1.18949890  -0.19426347   1.32633446   1.13770483   0.65177929   1.49559903  -1.87007242
  0.69519765  -0.30860123  -1.19815777  -0.19678097   1.31957938   1.13342382   0.65622933   1.50715296  -1.86499264
  0.70041863  -0.31583358  -1.20683845  -0.19992992   1.31294773   1.12856433   0.65941163   1.51827107  -1.85863943
  0.70539339  -0.32314512  -1.21552763  -0.20380052   1.30644215   1.12317277   0.66116764   1.52884968  -1.85099036
  0.71011320  -0.33052015  -1.22423583  -0.20839559   1.30010248   1.11728588   0.66170650   1.53891474  -1.84218609
  0.71456796  -0.33793903  -1.23295594  -0.21367256   1.29393676   1.11103707   0.66122676   1.54844985  -1.83242615
  0.71874752  -0.34537966  -1.24168449  -0.21952791   1.28802458   1.10445343   0.66012467   1.55753634  -1.82196252
  0.72264069  -0.35281803  -1.25040570  -0.22581921   1.28245741   1.09755323   0.65881065   1.56625330  -1.81106225
  0.72623890  -0.36022888  -1.25911138  -0.23244189   1.27724306   1.09050987   0.65764449   1.57458664  -1.79998393
  0.72953380  -0.36759348  -1.26779940  -0.23931041   1.27241846   1.08339746   0.65684282   1.58252044  -1.78887816
  0.73251835  -0.37489627  -1.27647057  -0.24642058   1.26793534   1.07642047   0.65635722   1.58990971  -1.77780864
  0.73518546  -0.38212346  -1.28514027  -0.25368329   1.26387049   1.06952832   0.65640967   1.59679500  -1.76685559
  0.73752891  -0.38925759  -1.29381793  -0.26105537   1.26021538   1.06280243   0.65716763   1.60314863  -1.75609588
  0.73954179  -0.39628220  -1.30250586  -0.26850562   1.25695451   1.05632050   0.65869949   1.60891871  -1.74557226
  0.74121673  -0.40318260  -1.31120405  -0.27605679   1.25405613   1.05015166   0.66091569   1.61402465  -1.73525550
  0.74254596  -0.40994332  -1.31991297  -0.28368081   1.25153175   1.04428376   0.66385011   1.61845408  -1.72514614
  0.74352001  -0.41654854  -1.32861920  -0.29128510   1.24942047   1.03865260   0.66757592   1.62223574  -1.71527631
  0.74412620  -0.42298413  -1.33728464  -0.29870117   1.24780208   1.03305787   0.67214357   1.62548486  -1.70566186
  0.74435935  -0.42923849  -1.34592940  -0.30586392   1.24665089   1.02746366   0.67768257   1.62826289  -1.69628907
  0.74421399  -0.43530402  -1.35456978  -0.31277655   1.24591570   1.02185378   0.68406873   1.63057659  -1.68706183
  0.74368492  -0.44117186  -1.36321950  -0.31955186   1.24549340   1.01632186   0.69097614   1.63233209  -1.67784191
  0.74276720  -0.44682560  -1.37189274  -0.32631098   1.24530474   1.01105940   0.69821067   1.63336504  -1.66860013
  0.74145348  -0.45224667  -1.38059160  -0.33313113   1.24538546   1.00619526   0.70561689   1.63349287  -1.65938148
  0.73973103  -0.45741983  -1.38929361  -0.33990281   1.24596878   1.00133445   0.71324857   1.63286164  -1.65015318
  0.73758932  -0.46233038  -1.39798956  -0.34649330   1.24720540   0.99605683   0.72129651   1.63172004  -1.64083509
  0.73502140  -0.46696489  -1.40668220  -0.35286182   1.24906772   0.99022032   0.72979029   1.63019356  -1.63133202
  0.73202240  -0.47130980  -1.41537558  -0.35905459   1.25142141   0.98398836   0.73856589   1.62821337  -1.62160799
  0.72858747  -0.47534925  -1.42407183  -0.36516430   1.25418920   0.97762411   0.74741104   1.62557934  -1.61171132
  0.72471259  -0.47905692  -1.43278265  -0.37119974   1.25737789   0.97125182   0.75660422   1.62219718  -1.60178289
  0.72039163  -0.48241163  -1.44150083  -0.37719431   1.26103942   0.96484722   0.76618162   1.61801970  -1.59185463
  0.71561680  -0.48540301  -1.45020147  -0.38313451   1.26533365   0.95804405   0.77595137   1.61317422  -1.58177831
  0.71038907  -0.48802755  -1.45885141  -0.38888262   1.27042659   0.95039015   0.78577637   1.60790610  -1.57140493
  0.70472591  -0.49028000  -1.46746017  -0.39428959   1.27638229   0.94160723   0.79587657   1.60243451  -1.56068184
  0.69865557  -0.49214915  -1.47603116  -0.39932251   1.28309349   0.93175434   0.80643168   1.59681584  -1.54963826
  0.69221111  -0.49362332  -1.48454952  -0.40407499   1.29048939   0.92090271   0.81740651   1.59101637  -1.53827447
  0.68543060  -0.49469183  -1.49298836  -0.40875688   1.29854010   0.90916972   0.82862960   1.58489483  -1.52661219
  0.67835924  -0.49538264  -1.50137787  -0.41359892   1.30721401   0.89671142   0.84004312   1.57826607  -1.51471196
  0.67105378  -0.49584960  -1.50976891  -0.41875396   1.31648136   0.88369323   0.85171444   1.57094581  -1.50279029
