  0.41770017   0.46579954  -1.27410012  -0.43299973   2.09289981   0.69139994   0.43859986   1.64320007  -1.13520026
  0.41770030   0.46579921  -1.27410019  -0.43299956   2.09289965   0.69139991   0.43859976   1.64320010  -1.13520045
  0.41770081   0.46579799  -1.27410045  -0.43299898   2.09289900   0.69139995   0.43859939   1.64320011  -1.13520117
  0.41770209   0.46579507  -1.27410102  -0.43299772   2.09289728   0.69140028   0.43859849   1.64319998  -1.13520292
  0.41770469   0.46578946  -1.27410207  -0.43299542   2.09289372   0.69140129   0.43859672   1.64319952  -1.13520639
  0.41770926   0.46578005  -1.27410379  -0.43299165   2.09288740   0.69140346   0.43859369   1.64319859  -1.13521243
  0.41771654   0.46576564  -1.27410644  -0.43298587   2.09287734   0.69140731   0.43858895   1.64319709  -1.13522200
  0.41772736   0.46574499  -1.27411028  -0.43297749   2.09286246   0.69141347   0.43858200   1.64319494  -1.13523617
  0.41774258   0.46571683  -1.27411561  -0.43296586   2.09284163   0.69142260   0.43857234   1.64319210  -1.13525609
  0.41776311   0.46567988  -1.27412272  -0.43295020   2.09281366   0.69143545   0.43855947   1.64318853  -1.13528308
  0.41778983   0.46563286  -1.27413185  -0.43292960   2.09277737   0.69145285   0.43854286   1.64318422  -1.13531857
  0.41782365   0.46557451  -1.27414316  -0.43290303   2.09273149   0.69147568   0.43852189   1.64317918  -1.13536415
  0.41786547   0.46550355  -1.27415680  -0.43286950   2.09267484   0.69150469   0.43849593   1.64317346  -1.13542136
  0.41791621   0.46541872  -1.27417289  -0.43282816   2.09260619   0.69154065   0.43846440   1.64316703  -1.13549165
  0.41797679   0.46531874  -1.27419159  -0.43277824   2.09252424   0.69158441   0.43842672   1.64315984  -1.13557641
  0.41804816   0.46520232  -1.27421305  -0.43271895   2.09242749   0.69163700   0.43838222   1.64315180  -1.13567704
  0.41813126   0.46506809  -1.27423748  -0.43264943   2.09231418   0.69169993   0.43833023   1.64314277  -1.13579506
  0.41822701   0.46491461  -1.27426508  -0.43256860   2.09218201   0.69177537   0.43826962   1.64313261  -1.13593209
  0.41833630   0.46474034  -1.27429621  -0.43247508   2.09202903   0.69186500   0.43819934   1.64312153  -1.13608987
  0.41846005   0.46454355  -1.27433149  -0.43236748   2.09185327   0.69197041   0.43811882   1.64310962  -1.13627004
  0.41859915   0.46432228  -1.27437174  -0.43224448   2.09165264   0.69209321   0.43802760   1.64309688  -1.13647410
  0.41875447   0.46407435  -1.27441791  -0.43210476   2.09142504   0.69223483   0.43792506   1.64308347  -1.13670339
  0.41892690   0.46379745  -1.27447097  -0.43194696   2.09116840   0.69239669   0.43781054   1.64306940  -1.13695927
  0.41911731   0.46348917  -1.27453180  -0.43176990   2.09088071   0.69258019   0.43768345   1.64305440  -1.13724309
  0.41932657   0.46314710  -1.27460112  -0.43157257   2.09056006   0.69278660   0.43754313   1.64303803  -1.13755614
  0.41955546   0.46276878  -1.27467951  -0.43135399   2.09020433   0.69301744   0.43738883   1.64301964  -1.13789972
  0.41980476   0.46235173  -1.27476751  -0.43111327   2.08981173   0.69327376   0.43722009   1.64299854  -1.13827507
  0.42007512   0.46189349  -1.27486556  -0.43084951   2.08938070   0.69355616   0.43703644   1.64297416  -1.13868332
  0.42036712   0.46139170  -1.27497391  -0.43056185   2.08890980   0.69386503   0.43683727   1.64294601  -1.13912550
  0.42068131   0.46084425  -1.27509255  -0.43024948   2.08839749   0.69420122   0.43662189   1.64291336  -1.13960285
  0.42101818   0.46024921  -1.27522133  -0.42991181   2.08784230   0.69456558   0.43638993   1.64287518  -1.14011654
  0.42137821   0.45960477  -1.27536022  -0.42954833   2.08724323   0.69495815   0.43614101   1.64283099  -1.14066739
  0.42176175   0.45890915  -1.27550933  -0.42915845   2.08659930   0.69537864   0.43587454   1.64278081  -1.14125588
  0.42216906   0.45816062  -1.27566892  -0.42874150   2.08590939   0.69582713   0.43559006   1.64272462  -1.14188247
  0.42260034   0.45735753  -1.27583926  -0.42829679   2.08517170   0.69630515   0.43528732   1.64266172  -1.14254792
  0.42305571   0.45649827  -1.27602073  -0.42782342   2.08438418   0.69681489   0.43496631   1.64259115  -1.14325322
  0.42353530   0.45558127  -1.27621390  -0.42731971   2.08354600   0.69735661   0.43462665   1.64251335  -1.14399947
  0.42403929   0.45460502  -1.27641948  -0.42678381   2.08265715   0.69792952   0.43426828   1.64242906  -1.14478778
  0.42456792   0.45356818  -1.27663755  -0.42621416   2.08171549   0.69853674   0.43389027   1.64233737  -1.14562005
  0.42512150   0.45246953  -1.27686782  -0.42561016   2.08071729   0.69918422   0.43349194   1.64223538  -1.14649836
  0.42570033   0.45130787  -1.27711038  -0.42497247   2.07966035   0.69987550   0.43307504   1.64211964  -1.14742369
  0.42630451   0.45008196  -1.27736532  -0.42430205   2.07854337   0.70061146   0.43264013   1.64198864  -1.14839560
  0.42693400   0.44879057  -1.27763270  -0.42359908   2.07736568   0.70139111   0.43218626   1.64184302  -1.14941324
  0.42758864   0.44743245  -1.27791274  -0.42286234   2.07612880   0.70220985   0.43171181   1.64168596  -1.15047577
  0.42826832   0.44600666  -1.27820511  -0.42209073   2.07483205   0.70306740   0.43121519   1.64151841  -1.15158362
  0.42897299   0.44451252  -1.27850917  -0.42128414   2.07347321   0.70396682   0.43069621   1.64133855  -1.15273774
  0.42970256   0.44294941  -1.27882448  -0.42044286   2.07205093   0.70491007   0.43015600   1.64114431  -1.15393880
  0.43045685   0.44131675  -1.27915107  -0.41956650   2.07056570   0.70589625   0.42959653   1.64093483  -1.15518737
  0.43123552   0.43961396  -1.27948907  -0.41865407   2.06901953   0.70692154   0.42901866   1.64071148  -1.15648338
  0.43203817   0.43784052  -1.27983856  -0.41770411   2.06741460   0.70798180   0.42842255   1.64047635  -1.15782682
  0.43286425   0.43599605  -1.28019927  -0.41671453   2.06575286   0.70907334   0.42780665   1.64023219  -1.15921795
  0.43371332   0.43408050  -1.28057049  -0.41568439   2.06403284   0.71019972   0.42717225   1.63997644  -1.16065874
  0.43458496   0.43209395  -1.28095111  -0.41461390   2.06225096   0.71136783   0.42652036   1.63970479  -1.16215101
  0.43547875   0.43003649  -1.28134023  -0.41350403   2.06040479   0.71258185   0.42585156   1.63941433  -1.16369510
  0.43639426   0.42790812  -1.28173728  -0.41235553   2.05849479   0.71383974   0.42516430   1.63910639  -1.16528931
  0.43733094   0.42570871  -1.28214217  -0.41116734   2.05652378   0.71513549   0.42445670   1.63878503  -1.16693220
  0.43828823   0.42343817  -1.28255524  -0.40993790   2.05449567   0.71646365   0.42373019   1.63845208  -1.16862391
  0.43926552   0.42109655  -1.28297624  -0.40866643   2.05241196   0.71782405   0.42298607   1.63810607  -1.17036547
  0.44026234   0.41868429  -1.28340355  -0.40735105   2.05027205   0.71922070   0.42222145   1.63774519  -1.17215956
  0.44127864   0.41620188  -1.28383589  -0.40598813   2.04807991   0.72064831   0.42143170   1.63737385  -1.17400799
  0.44231491   0.41364982  -1.28427300  -0.40457637   2.04584042   0.72209870   0.42061807   1.63699554  -1.17591125
  0.44337201   0.41102911  -1.28471342  -0.40311611   2.04355393   0.72357328   0.41978214   1.63660768  -1.17787185
  0.44445109   0.40834078  -1.28515621  -0.40161002   2.04121918   0.72507586   0.41892870   1.63620498  -1.17989154
  0.44555330   0.40558571  -1.28560066  -0.40006262   2.03883088   0.72661488   0.41806232   1.63578085  -1.18197071
  0.44667918   0.40276465  -1.28604551  -0.39847804   2.03638274   0.72820049   0.41718393   1.63532912  -1.18410922
  0.44782869   0.39987804  -1.28648982  -0.39685929   2.03387099   0.72983788   0.41629188   1.63484741  -1.18630540
  0.44900138   0.39692608  -1.28693310  -0.39520565   2.03129629   0.73152365   0.41538123   1.63434041  -1.18855724
  0.45019673   0.39390925  -1.28737500  -0.39351476   2.02865865   0.73325827   0.41445128   1.63380930  -1.19086616
  0.45141431   0.39082808  -1.28781562  -0.39178357   2.02596214   0.73503523   0.41350221   1.63325839  -1.19323286
  0.45265382   0.38768338  -1.28825469  -0.39001221   2.02320668   0.73685503   0.41253718   1.63268660  -1.19565791
  0.45391482   0.38447611  -1.28869122  -0.38820227   2.02038934   0.73872274   0.41155867   1.63209046  -1.19814158
  0.45519654   0.38120733  -1.28912378  -0.38635478   2.01750887   0.74064154   0.41056781   1.63146727  -1.20068408
  0.45649796   0.37787833  -1.28955056  -0.38446805   2.01457029   0.74260613   0.40956416   1.63081818  -1.20328641
  0.45781821   0.37449079  -1.28996876  -0.38254224   2.01157326   0.74462081   0.40854794   1.63013894  -1.20595074
  0.45915651   0.37104646  -1.29037517  -0.38057812   2.00851613   0.74669069   0.40751664   1.62942618  -1.20867823
  0.46051234   0.36754681  -1.29076829  -0.37857260   2.00540609   0.74880285   0.40646577   1.62868856  -1.21146792
  0.46188585   0.36399371  -1.29114671  -0.37652477   2.00224554   0.75095447   0.40539571   1.62792750  -1.21432107
  0.46327768   0.36038930  -1.29150903  -0.37443699   1.99903294   0.75315036   0.40430917   1.62713887  -1.21723891
  0.46468859   0.35673536  -1.29185483  -0.37231387   1.99576520   0.75539394   0.40320802   1.62632088  -1.22021912
  0.46611897   0.35303294  -1.29218525  -0.37015830   1.99244283   0.75767872   0.40209218   1.62547954  -1.22325640
  0.46756861   0.34928249  -1.29250256  -0.36796918   1.98907071   0.75998955   0.40096019   1.62462749  -1.22634516
  0.46903645   0.34548412  -1.29280986  -0.36574318   1.98565522   0.76231283   0.39981612   1.62377394  -1.22948288
  0.47052073   0.34163794  -1.29310936  -0.36347777   1.98220014   0.76464175   0.39866481   1.62292293  -1.23266822
  0.47201926   0.33774477  -1.29340093  -0.36117161   1.97870604   0.76698045   0.39751018   1.62207005  -1.23590271
  0.47352978   0.33380661  -1.29368121  -0.35882254   1.97517485   0.76933757   0.39635117   1.62120619  -1.23919138
  0.47505067   0.32982578  -1.29394690  -0.35642895   1.97161535   0.77170653   0.39518488   1.62033067  -1.24253566
  0.47658105   0.32580423  -1.29419606  -0.35398889   1.96803408   0.77407626   0.39401364   1.61944822  -1.24593585
  0.47812052   0.32174397  -1.29442612  -0.35150676   1.96442670   0.77644780   0.39283877   1.61855946  -1.24938865
  0.47966877   0.31764713  -1.29463454  -0.34898685   1.96078642   0.77882979   0.39166497   1.61765942  -1.25289373
  0.48122546   0.31351620  -1.29481841  -0.34643243   1.95710670   0.78123645   0.39049845   1.61673786  -1.25645427
  0.48279045   0.30935362  -1.29497527  -0.34384680   1.95338564   0.78367425   0.38934214   1.61578875  -1.26007130
  0.48436391   0.30516144  -1.29510378  -0.34123405   1.94962054   0.78614786   0.38819709   1.61480916  -1.26374337
  0.48594608   0.30094114  -1.29520387  -0.33859749   1.94580933   0.78865788   0.38706162   1.61380091  -1.26746683
  0.48753708   0.29669352  -1.29527671  -0.33593794   1.94195285   0.79119569   0.38592935   1.61277436  -1.27123551
  0.48913689   0.29241891  -1.29532524  -0.33325333   1.93805530   0.79374792   0.38479887   1.61174178  -1.27504488
  0.49074511   0.28811764  -1.29535286  -0.33054038   1.93412192   0.79630521   0.38367605   1.61070963  -1.27889450
  0.49236091   0.28379070  -1.29536036  -0.32779750   1.93015749   0.79886386   0.38256216   1.60967873  -1.28278467
  0.49398329   0.27943995  -1.29534566  -0.32502075   1.92616932   0.80141861   0.38145114   1.60865067  -1.28671740
  0.49561185   0.27506893  -1.29530402  -0.32221027   1.92215735   0.80398704   0.38034544   1.60760825  -1.29070177
  0.49724700   0.27068179  -1.29522936  -0.31937342   1.91811148   0.80659931   0.37924832   1.60652826  -1.29474426
  0.49888983   0.26628212  -1.29511700  -0.31651410   1.91403023   0.80925942   0.37815567   1.60540770  -1.29884519
  0.50054204   0.26187308  -1.29496413  -0.31363790   1.90990821   0.81197278   0.37706760   1.60424511  -1.30300336
  0.50220544   0.25745674  -1.29477142  -0.31074881   1.90574122   0.81473935   0.37599220   1.60304333  -1.30721720
  0.50388130   0.25303425  -1.29454164  -0.30784704   1.90153161   0.81754713   0.37493477   1.60181315  -1.31148350
  0.50557000   0.24860610  -1.29427768  -0.30492639   1.89729236   0.82036737   0.37388996   1.60057573  -1.31579773
  0.50727148   0.24417226  -1.29398246  -0.30198378   1.89303241   0.82317393   0.37285022   1.59935219  -1.32015157
  0.50898528   0.23973358  -1.29365673  -0.29901647   1.88874780   0.82597288   0.37181908   1.59814216  -1.32454753
  0.51071094   0.23529174  -1.29330096  -0.29602143   1.88444165   0.82876871   0.37080822   1.59693909  -1.32899263
  0.51244831   0.23084958  -1.29291275  -0.29299995   1.88011803   0.83156730   0.36982057   1.59573345  -1.33349112
  0.51419782   0.22641020  -1.29248837  -0.28995390   1.87578672   0.83435790   0.36884556   1.59452781  -1.33804052
  0.51596092   0.22197675  -1.29202626  -0.28689137   1.87145180   0.83713565   0.36788340   1.59332139  -1.34263649
  0.51773931   0.21755194  -1.29152573  -0.28381905   1.86711365   0.83989740   0.36693479   1.59211605  -1.34727484
  0.51953459   0.21313877  -1.29098490  -0.28073473   1.86277785   0.84263468   0.36599406   1.59091790  -1.35195665
  0.52134916   0.20874207  -1.29039964  -0.27763964   1.85844961   0.84535598   0.36506015   1.58971531  -1.35668966
  0.52318644   0.20436664  -1.28976789  -0.27454481   1.85412776   0.84807786   0.36414409   1.58849064  -1.36147820
  0.52504949   0.20001621  -1.28908747  -0.27146481   1.84980155   0.85081878   0.36324694   1.58723288  -1.36631848
  0.52694017   0.19569347  -1.28835684  -0.26841047   1.84546292   0.85358907   0.36236813   1.58593749  -1.37120564
  0.52885935   0.19140032  -1.28757529  -0.26538403   1.84111833   0.85637355   0.36150478   1.58461375  -1.37613511
  0.53080781   0.18713885  -1.28674206  -0.26238436   1.83676892   0.85917047   0.36065889   1.58326404  -1.38110891
  0.53278661   0.18291027  -1.28585907  -0.25941314   1.83240762   0.86198752   0.35983637   1.58188901  -1.38612723
  0.53479651   0.17871379  -1.28493183  -0.25646954   1.82803176   0.86481357   0.35903444   1.58050570  -1.39118209
  0.53683751   0.17454696  -1.28396907  -0.25354710   1.82364628   0.86762190   0.35824939   1.57914162  -1.39626376
  0.53890875   0.17040690  -1.28298078  -0.25063838   1.81925654   0.87039107   0.35748354   1.57781867  -1.40136537
  0.54100836   0.16629105  -1.28197593  -0.24773680   1.81486474   0.87311722   0.35674414   1.57654382  -1.40648554
  0.54313373   0.16219807  -1.28095977  -0.24483902   1.81047042   0.87581206   0.35603646   1.57530950  -1.41162605
  0.54528194   0.15812795  -1.27993278  -0.24194803   1.80606737   0.87849826   0.35535907   1.57409976  -1.41678682
  0.54744967   0.15408164  -1.27889163  -0.23906851   1.80164940   0.88119864   0.35470652   1.57289654  -1.42196747
  0.54963322   0.15006096  -1.27782887  -0.23620451   1.79720828   0.88393765   0.35406803   1.57168100  -1.42716873
  0.55182942   0.14606719  -1.27673837  -0.23336189   1.79274011   0.88672029   0.35343921   1.57044746  -1.43238649
  0.55403561   0.14210076  -1.27561580  -0.23054146   1.78824445   0.88953518   0.35282113   1.56920418  -1.43761690
  0.55624982   0.13816128  -1.27445998  -0.22773544   1.78372740   0.89235694   0.35222102   1.56797025  -1.44286005
  0.55847101   0.13424816  -1.27327218  -0.22493706   1.77919615   0.89516286   0.35164660   1.56676241  -1.44811598
  0.56069861   0.13036116  -1.27205399  -0.22214095   1.77466154   0.89793375   0.35110154   1.56559108  -1.45338505
  0.56293297   0.12650218  -1.27080338  -0.21934682   1.77012691   0.90067709   0.35057839   1.56444725  -1.45867017
  0.56517571   0.12267424  -1.26951864  -0.21656260   1.76559472   0.90340793   0.35006718   1.56331418  -1.46397082
  0.56742922   0.11888018  -1.26820033  -0.21378872   1.76108033   0.90611440   0.34956582   1.56219156  -1.46928847
  0.56969667   0.11512212  -1.26685225  -0.21102314   1.75659043   0.90878833   0.34909492   1.56108488  -1.47463037
  0.57198113   0.11140053  -1.26547953  -0.20826341   1.75212426   0.91141717   0.34866380   1.56001117  -1.47999588
  0.57428520   0.10771429  -1.26408815  -0.20550636   1.74767913   0.91397972   0.34826501   1.55899772  -1.48537533
  0.57661014   0.10406143  -1.26268530  -0.20274682   1.74326112   0.91644920   0.34789124   1.55806929  -1.49075944
  0.57895561   0.10044015  -1.26127820  -0.19997769   1.73888042   0.91881102   0.34754772   1.55723532  -1.49614802
  0.58132090   0.09685230  -1.25986648  -0.19720142   1.73454356   0.92108567   0.34722613   1.55647119  -1.50154492
  0.58370640   0.09330259  -1.25844504  -0.19443896   1.73025028   0.92331232   0.34690762   1.55573491  -1.50694605
  0.58611370   0.08979667  -1.25700806  -0.19170701   1.72600101   0.92551835   0.34658945   1.55499628  -1.51235314
  0.58854530   0.08633988  -1.25555041  -0.18901623   1.72179193   0.92772139   0.34628086   1.55424036  -1.51777154
  0.59100365   0.08293743  -1.25406431  -0.18637753   1.71760796   0.92994539   0.34597427   1.55345528  -1.52320141
  0.59349104   0.07959404  -1.25254137  -0.18380223   1.71342727   0.93221800   0.34565267   1.55263122  -1.52863902
  0.59600953   0.07631229  -1.25098110  -0.18129304   1.70924262   0.93454391   0.34532786   1.55177195  -1.53408738
  0.59856054   0.07309267  -1.24938525  -0.17883347   1.70506125   0.93689999   0.34500586   1.55089909  -1.53955410
  0.60114621   0.06993439  -1.24776033  -0.17641451   1.70088186   0.93928224   0.34469199   1.55002415  -1.54504273
  0.60376873   0.06683605  -1.24611652  -0.17403604   1.69671074   0.94168022   0.34439440   1.54915690  -1.55054988
  0.60642939   0.06379642  -1.24446143  -0.17170084   1.69255539   0.94408074   0.34411528   1.54830614  -1.55606877
  0.60912852   0.06081481  -1.24279810  -0.16941258   1.68841749   0.94647626   0.34385118   1.54747799  -1.56159234
  0.61186561   0.05789015  -1.24112847  -0.16717087   1.68429818   0.94885372   0.34360331   1.54668445  -1.56711584
  0.61463939   0.05502066  -1.23945477  -0.16497124   1.68020028   0.95119572   0.34337692   1.54594093  -1.57263674
  0.61744779   0.05220452  -1.23777886  -0.16280422   1.67612969   0.95349018   0.34317872   1.54525590  -1.57815851
  0.62028852   0.04944091  -1.23609817  -0.16065754   1.67208948   0.95574407   0.34299601   1.54462032  -1.58368807
  0.62316035   0.04672892  -1.23441382  -0.15851784   1.66808463   0.95796201   0.34284176   1.54402944  -1.58923971
  0.62606277   0.04406830  -1.23272669  -0.15638729   1.66411549   0.96015170   0.34272053   1.54347590  -1.59481520
  0.62899501   0.04145995  -1.23103232  -0.15428100   1.66017412   0.96232759   0.34260454   1.54294597  -1.60040018
  0.63195571   0.03890572  -1.22932455  -0.15222033   1.65625244   0.96450778   0.34245740   1.54241974  -1.60597512
  0.63494311   0.03640753  -1.22759988  -0.15021986   1.65234774   0.96670342   0.34227161   1.54188414  -1.61153145
  0.63795515   0.03396585  -1.22585801  -0.14827420   1.64846156   0.96891002   0.34206327   1.54134442  -1.61707511
  0.64099002   0.03157916  -1.22410326  -0.14636868   1.64459962   0.97110736   0.34185263   1.54082088  -1.62261286
  0.64404587   0.02924437  -1.22234248  -0.14448659   1.64076733   0.97327253   0.34164626   1.54033606  -1.62814572
  0.64712111   0.02695849  -1.22058116  -0.14261550   1.63696962   0.97539626   0.34142981   1.53989621  -1.63367057
  0.65021498   0.02472032  -1.21882487  -0.14075138   1.63321843   0.97747257   0.34120789   1.53949918  -1.63918898
  0.65332705   0.02253161  -1.21707141  -0.13889568   1.62951765   0.97951043   0.34097958   1.53913215  -1.64470471
  0.65645757   0.02039663  -1.21531505  -0.13706049   1.62587317   0.98151617   0.34074323   1.53878032  -1.65021704
  0.65960695   0.01831930  -1.21355059  -0.13524733   1.62229919   0.98346653   0.34051580   1.53845393  -1.65573094
  0.66277526   0.01629991  -1.21177740  -0.13344976   1.61879361   0.98533784   0.34032068   1.53818166  -1.66125023
  0.66596189   0.01433659  -1.20999906  -0.13166631   1.61535308   0.98710863   0.34015842   1.53798815  -1.66676524
  0.66916582   0.01242812  -1.20822136  -0.12990110   1.61197761   0.98877420   0.34002380   1.53787886  -1.67226527
  0.67238582   0.01057501  -1.20644941  -0.12816184   1.60866833   0.99034913   0.33991217   1.53784013  -1.67774415
  0.67562052   0.00877912  -1.20468574  -0.12645574   1.60542886   0.99185337   0.33981745   1.53785015  -1.68319957
  0.67886867   0.00704330  -1.20292737  -0.12479182   1.60225720   0.99331101   0.33971229   1.53788231  -1.68862435
  0.68212986   0.00537014  -1.20116898  -0.12316452   1.59914612   0.99473876   0.33958524   1.53792551  -1.69402415
  0.68540501   0.00376211  -1.19940765  -0.12158251   1.59608188   0.99616031   0.33942209   1.53796639  -1.69939465
  0.68869500   0.00222119  -1.19764296  -0.12005998   1.59305593   0.99759186   0.33921493   1.53799476  -1.70472782
  0.69199998   0.00074816  -1.19587575  -0.11859695   1.59006982   0.99903178   0.33897668   1.53801381  -1.71002743
  0.69531976  -0.00065728  -1.19411114  -0.11718597   1.58715324   1.00043758   0.33873850   1.53804526  -1.71530056
  0.69865368  -0.00199643  -1.19235818  -0.11582240   1.58435218   1.00174254   0.33854067   1.53812150  -1.72054998
  0.70199940  -0.00327134  -1.19062376  -0.11452366   1.58167788   1.00292532   0.33839752   1.53825452  -1.72575997
  0.70535204  -0.00448300  -1.18890263  -0.11330265   1.57912111   1.00399852   0.33826716   1.53842673  -1.73090913
  0.70870610  -0.00563070  -1.18718321  -0.11216285   1.57666094   1.00500507   0.33809484   1.53859907  -1.73598713
  0.71205793  -0.00671406  -1.18545903  -0.11108940   1.57428433   1.00597046   0.33788401   1.53875894  -1.74100937
  0.71540606  -0.00773305  -1.18372861  -0.11006433   1.57199120   1.00689542   0.33765809   1.53891247  -1.74599447
  0.71875090  -0.00868616  -1.18198893  -0.10907940   1.56977669   1.00779039   0.33741919   1.53905550  -1.75095227
  0.72209454  -0.00957140  -1.18024018  -0.10814031   1.56763508   1.00866816   0.33716940   1.53918272  -1.75588386
  0.72543943  -0.01038749  -1.17848364  -0.10725603   1.56556157   1.00953253   0.33690766   1.53929550  -1.76078447
  0.72878762  -0.01113422  -1.17672067  -0.10643289   1.56355309   1.01037717   0.33663019   1.53940216  -1.76564705
  0.73214052  -0.01181202  -1.17495306  -0.10566814   1.56161109   1.01119076   0.33634330   1.53951484  -1.77047256
  0.73549914  -0.01242107  -1.17317950  -0.10495257   1.55973206   1.01197490   0.33604299   1.53963500  -1.77526663
  0.73886459  -0.01296265  -1.17140105  -0.10426650   1.55791396   1.01272471   0.33574631   1.53977585  -1.78004539
  0.74223800  -0.01344006  -1.16962465  -0.10359670   1.55616003   1.01342421   0.33547100   1.53995735  -1.78481560
  0.74561930  -0.01385817  -1.16785944  -0.10293779   1.55447366   1.01405754   0.33521898   1.54019409  -1.78957176
  0.74900758  -0.01422100  -1.16611257  -0.10229471   1.55285254   1.01463092   0.33497104   1.54047759  -1.79430073
  0.75240138  -0.01453076  -1.16438700  -0.10167520   1.55128943   1.01516833   0.33470573   1.54078499  -1.79899316
  0.75579903  -0.01478884  -1.16268179  -0.10107887   1.54978120   1.01568557   0.33441234   1.54109940  -1.80364921
  0.75919868  -0.01499523  -1.16099125  -0.10050783   1.54832167   1.01620142   0.33407323   1.54139997  -1.80826816
  0.76259888  -0.01514911  -1.15930965  -0.09997228   1.54690337   1.01673143   0.33368331   1.54167326  -1.81284734
  0.76599773  -0.01524983  -1.15763069  -0.09948034   1.54551914   1.01728303   0.33324708   1.54191576  -1.81738605
  0.76939311  -0.01529751  -1.15594878  -0.09902999   1.54416588   1.01785252   0.33277917   1.54213465  -1.82189022
  0.77278324  -0.01529260  -1.15425919  -0.09861850   1.54284238   1.01843566   0.33227787   1.54233150  -1.82636090
  0.77616702  -0.01523552  -1.15256036  -0.09824639   1.54154683   1.01903523   0.33174089   1.54250304  -1.83079750
  0.77954375  -0.01512709  -1.15085372  -0.09791036   1.54028143   1.01964927   0.33117892   1.54265244  -1.83520416
  0.78291296  -0.01496921  -1.14914111  -0.09759389   1.53905378   1.02025879   0.33061113   1.54279727  -1.83959226
  0.78627527  -0.01476425  -1.14742726  -0.09728775   1.53786934   1.02084620   0.33004851   1.54295414  -1.84396497
  0.78963203  -0.01451471  -1.14571853  -0.09699063   1.53673119   1.02140011   0.32948853   1.54313186  -1.84831703
  0.79298470  -0.01422290  -1.14402178  -0.09670440   1.53564347   1.02191224   0.32892776   1.54333519  -1.85264200
  0.79633440  -0.01389037  -1.14234214  -0.09643397   1.53460900   1.02238119   0.32835790   1.54356121  -1.85693246
  0.79968160  -0.01351796  -1.14068238  -0.09618475   1.53362975   1.02280900   0.32777255   1.54380428  -1.86118303
  0.80302605  -0.01310610  -1.13904277  -0.09595451   1.53270891   1.02319369   0.32717991   1.54406573  -1.86539793
  0.80636699  -0.01265537  -1.13742248  -0.09574035   1.53184899   1.02353022   0.32659054   1.54435065  -1.86958167
  0.80970296  -0.01216681  -1.13581944  -0.09553820   1.53105035   1.02381315   0.32600754   1.54466309  -1.87373648
  0.81303229  -0.01164114  -1.13423027  -0.09534850   1.53030943   1.02404731   0.32541350   1.54499307  -1.87785759
  0.81635369  -0.01107849  -1.13265389  -0.09517104   1.52962505   1.02424167   0.32480863   1.54533221  -1.88194722
  0.81966608  -0.01047894  -1.13109045  -0.09500534   1.52900058   1.02439825   0.32420169   1.54567822  -1.88600914
  0.82296810  -0.00984299  -1.12953912  -0.09484745   1.52843847   1.02451381   0.32360195   1.54603429  -1.89004797
  0.82625792  -0.00917215  -1.12799855  -0.09468997   1.52793880   1.02458062   0.32301590   1.54640838  -1.89406749
  0.82953380  -0.00846842  -1.12646921  -0.09452851   1.52750025   1.02459364   0.32244714   1.54680669  -1.89806797
  0.83279422  -0.00773365  -1.12495223  -0.09436651   1.52711734   1.02455868   0.32188398   1.54722336  -1.90204167
  0.83603778  -0.00696888  -1.12344692  -0.09421020   1.52678225   1.02449026   0.32130125   1.54764071  -1.90597786
  0.83926364  -0.00617436  -1.12195261  -0.09406202   1.52649226   1.02439695   0.32069142   1.54804928  -1.90987406
  0.84247141  -0.00534997  -1.12046802  -0.09391847   1.52624974   1.02427652   0.32006003   1.54845023  -1.91373480
  0.84566107  -0.00449575  -1.11899217  -0.09377454   1.52605726   1.02412241   0.31941951   1.54885160  -1.91756671
  0.84883254  -0.00361253  -1.11752478  -0.09362549   1.52591715   1.02392379   0.31877916   1.54926436  -1.92137352
  0.85198586  -0.00270158  -1.11606743  -0.09347120   1.52582853   1.02367703   0.31814384   1.54969451  -1.92515481
  0.85512104  -0.00176428  -1.11462279  -0.09331625   1.52578942   1.02338429   0.31750973   1.55014050  -1.92890507
  0.85823805  -0.00080170  -1.11319324  -0.09316621   1.52579700   1.02305290   0.31686877   1.55059485  -1.93261820
  0.86133682   0.00018550  -1.11178021  -0.09302340   1.52585067   1.02268876   0.31621632   1.55105060  -1.93629200
  0.86441735   0.00119713  -1.11038367  -0.09288969   1.52594783   1.02230017   0.31554801   1.55150007  -1.93992566
  0.86747929   0.00223350  -1.10900043  -0.09276747   1.52608109   1.02190156   0.31484723   1.55192780  -1.94351618
  0.87052213   0.00329520  -1.10762494  -0.09265753   1.52623790   1.02151126   0.31409882   1.55231908  -1.94706300
  0.87354597   0.00438254  -1.10625109  -0.09254974   1.52641112   1.02112997   0.31331048   1.55268024  -1.95057719
  0.87655203   0.00549499  -1.10487756  -0.09243489   1.52660279   1.02074203   0.31250091   1.55303119  -1.95406874
  0.87954219   0.00663154  -1.10350700  -0.09231170   1.52681728   1.02033314   0.31167694   1.55338493  -1.95753802
  0.88251831   0.00779084  -1.10214426  -0.09218066   1.52705885   1.01989488   0.31084234   1.55374848  -1.96098352
  0.88548176   0.00897118  -1.10079181  -0.09203817   1.52732390   1.01943089   0.30999364   1.55412016  -1.96440629
  0.88843343   0.01017105  -1.09945010  -0.09188251   1.52760663   1.01895000   0.30911338   1.55448819  -1.96780332
  0.89137435   0.01138926  -1.09812126  -0.09171230   1.52791271   1.01844483   0.30819841   1.55485267  -1.97117368
  0.89430554   0.01262530  -1.09680834  -0.09153184   1.52824509   1.01791415   0.30725272   1.55521454  -1.97451572
  0.89722749   0.01387903  -1.09551366  -0.09134873   1.52860226   1.01736504   0.30627713   1.55556959  -1.97782572
  0.90013975   0.01515058  -1.09423724  -0.09116950   1.52897880   1.01681129   0.30526613   1.55590693  -1.98109989
  0.90304086   0.01644001  -1.09297758  -0.09099667   1.52936973   1.01626540   0.30421572   1.55621625  -1.98433713
  0.90592830   0.01774708  -1.09173186  -0.09082986   1.52976993   1.01573769   0.30312407   1.55648941  -1.98753803
  0.90879916   0.01907133  -1.09049697  -0.09066866   1.53017206   1.01523787   0.30199591   1.55672381  -1.99070444
  0.91165063   0.02041166  -1.08927126  -0.09051207   1.53057368   1.01476397   0.30084248   1.55692683  -1.99383805
  0.91448068   0.02176663  -1.08805471  -0.09035605   1.53098161   1.01429848   0.29968044   1.55711514  -1.99694212
  0.91728855   0.02313501  -1.08684792  -0.09019954   1.53139980   1.01383014   0.29851851   1.55729917  -2.00001727
  0.92007456   0.02451543  -1.08565359  -0.09004544   1.53182844   1.01335502   0.29736179   1.55748547  -2.00306119
  0.92283956   0.02590625  -1.08447591  -0.08989882   1.53226624   1.01287404   0.29620801   1.55767445  -2.00606823
  0.92558435   0.02730554  -1.08331985  -0.08976452   1.53271122   1.01239160   0.29505273   1.55786294  -2.00903244
  0.92830882   0.02871097  -1.08218968  -0.08964365   1.53316202   1.01191244   0.29389127   1.55804587  -2.01194988
  0.93101133   0.03011983  -1.08108767  -0.08953208   1.53361820   1.01143967   0.29272032   1.55821790  -2.01482001
  0.93368947   0.03152961  -1.08001347  -0.08942472   1.53407577   1.01097922   0.29153979   1.55837475  -2.01764471
  0.93634088   0.03293809  -1.07896593  -0.08931855   1.53453109   1.01053384   0.29035454   1.55851733  -2.02042610
  0.93896359   0.03434319  -1.07794354  -0.08921172   1.53498307   1.01010034   0.28916826   1.55864928  -2.02316488
  0.94155618   0.03574289  -1.07694517  -0.08910217   1.53543362   1.00967059   0.28798305   1.55877563  -2.02586108
  0.94411798   0.03713550  -1.07597039  -0.08898991   1.53588297   1.00924070   0.28679956   1.55889894  -2.02851389
  0.94664886   0.03851957  -1.07501992  -0.08887483   1.53633359   1.00880591   0.28562068   1.55902234  -2.03112345
  0.94914887   0.03989410  -1.07409399  -0.08875684   1.53678704   1.00836560   0.28444622   1.55914439  -2.03369009
  0.95161784   0.04125830  -1.07319199  -0.08863586   1.53724246   1.00792309   0.28327431   1.55926098  -2.03621433
  0.95405540   0.04261152  -1.07231278  -0.08851323   1.53769548   1.00748617   0.28210335   1.55936720  -2.03869624
  0.95646074   0.04395292  -1.07145564  -0.08839079   1.53814254   1.00706028   0.28093416   1.55946095  -2.04113538
  0.95883252   0.04528129  -1.07062019  -0.08826976   1.53858283   1.00664589   0.27976848   1.55954266  -2.04353067
  0.96116913   0.04659533  -1.06980591  -0.08815011   1.53901779   1.00623997   0.27860828   1.55961386  -2.04588134
  0.96346909   0.04789383  -1.06901210  -0.08803076   1.53944952   1.00583869   0.27745545   1.55967612  -2.04818749
  0.96573138   0.04917574  -1.06823825  -0.08791025   1.53987984   1.00543818   0.27631349   1.55973240  -2.05045018
  0.96795539   0.05044018  -1.06748414  -0.08778749   1.54030940   1.00503600   0.27518539   1.55978544  -2.05267036
  0.97014087   0.05168637  -1.06674942  -0.08766140   1.54073720   1.00463258   0.27407040   1.55983485  -2.05484837
  0.97228776   0.05291371  -1.06603395  -0.08753118   1.54116088   1.00423112   0.27296620   1.55987822  -2.05698427
  0.97439621   0.05412169  -1.06533832  -0.08739646   1.54157917   1.00383438   0.27187335   1.55991457  -2.05907871
  0.97646639   0.05530994  -1.06466318  -0.08725730   1.54199190   1.00344360   0.27079323   1.55994392  -2.06113218
  0.97849846   0.05647814  -1.06400889  -0.08711393   1.54239907   1.00305870   0.26972687   1.55996713  -2.06314485
  0.98049251   0.05762597  -1.06337551  -0.08696657   1.54280069   1.00267876   0.26867466   1.55998539  -2.06511661
  0.98244851   0.05875315  -1.06276286  -0.08681556   1.54319680   1.00230265   0.26763657   1.55999973  -2.06704709
  0.98436638   0.05985949  -1.06217045  -0.08666103   1.54358711   1.00193008   0.26661179   1.56001019  -2.06893608
  0.98624596   0.06094489  -1.06159765  -0.08650309   1.54397121   1.00156098   0.26560052   1.56001723  -2.07078372
  0.98808703   0.06200928  -1.06104380  -0.08634203   1.54434905   1.00119525   0.26460308   1.56002107  -2.07259015
  0.98988922   0.06305266  -1.06050799  -0.08617774   1.54472071   1.00083312   0.26361921   1.56002109  -2.07435570
  0.99165219   0.06407508  -1.05998914  -0.08601015   1.54508581   1.00047522   0.26264970   1.56001720  -2.07608110
  0.99337557   0.06507649  -1.05948633  -0.08583937   1.54544396   1.00012199   0.26169512   1.56000953  -2.07776677
  0.99505886   0.06605667  -1.05899910  -0.08566566   1.54579504   0.99977366   0.26075552   1.55999787  -2.07941244
  0.99670150   0.06701536  -1.05852690  -0.08548860   1.54613912   0.99943053   0.25983049   1.55998143  -2.08101816
  0.99830310   0.06795238  -1.05806898  -0.08530765   1.54647574   0.99909377   0.25891908   1.55995864  -2.08258424
  0.99986354   0.06886772  -1.05762464  -0.08512273   1.54680429   0.99876449   0.25802043   1.55992845  -2.08411090
  1.00138298   0.06976143  -1.05719331  -0.08493414   1.54712439   0.99844305   0.25713439   1.55989084  -2.08559843
  1.00286169   0.07063364  -1.05677463  -0.08474246   1.54743613   0.99812942   0.25626146   1.55984633  -2.08704716
  1.00430008   0.07148453  -1.05636828  -0.08454795   1.54774004   0.99782293   0.25540260   1.55979584  -2.08845781
  1.00569863   0.07231426  -1.05597393  -0.08435067   1.54803652   0.99752297   0.25455839   1.55974015  -2.08983120
  1.00705790   0.07312303  -1.05559133  -0.08415070   1.54832578   0.99722915   0.25372925   1.55967998  -2.09116806
  1.00837847   0.07391102  -1.05522028  -0.08394867   1.54860754   0.99694183   0.25291604   1.55961613  -2.09246901
  1.00966098   0.07467847  -1.05486063  -0.08374561   1.54888143   0.99666155   0.25211914   1.55954913  -2.09373433
  1.01090608   0.07542555  -1.05451225  -0.08354257   1.54914712   0.99638874   0.25133850   1.55947933  -2.09496408
  1.01211441   0.07615241  -1.05417510  -0.08334012   1.54940456   0.99612340   0.25057383   1.55940701  -2.09615847
  1.01328667   0.07685918  -1.05384924  -0.08313847   1.54965369   0.99586568   0.24982480   1.55933227  -2.09731789
  1.01442348   0.07754594  -1.05353477  -0.08293763   1.54989434   0.99561597   0.24909133   1.55925524  -2.09844292
  1.01552541   0.07821282  -1.05323179  -0.08273777   1.55012629   0.99537469   0.24837408   1.55917647  -2.09953423
  1.01659283   0.07885992  -1.05294019  -0.08253917   1.55034947   0.99514189   0.24767372   1.55909668  -2.10059230
  1.01762603   0.07948739  -1.05265952  -0.08234212   1.55056361   0.99491745   0.24699078   1.55901672  -2.10161763
  1.01862527   0.08009538  -1.05238912  -0.08214692   1.55076841   0.99470107   0.24632546   1.55893737  -2.10261063
  1.01959086   0.08068409  -1.05212846  -0.08195380   1.55096392   0.99449225   0.24567724   1.55885887  -2.10357154
  1.02052325   0.08125374  -1.05187721  -0.08176302   1.55115023   0.99429117   0.24504526   1.55878068  -2.10450057
  1.02142294   0.08180459  -1.05163524  -0.08157501   1.55132730   0.99409861   0.24442902   1.55870219  -2.10539802
  1.02229049   0.08233693  -1.05140269  -0.08139011   1.55149578   0.99391445   0.24382896   1.55862359  -2.10626437
  1.02312640   0.08285102  -1.05117959  -0.08120761   1.55165801   0.99373590   0.24324641   1.55854644  -2.10710087
  1.02393119   0.08334717  -1.05096583  -0.08102688   1.55181593   0.99356057   0.24268236   1.55847196  -2.10790871
  1.02470540   0.08382581  -1.05076103  -0.08084787   1.55196987   0.99338811   0.24213857   1.55840154  -2.10868925
  1.02544963   0.08428738  -1.05056471  -0.08067132   1.55211923   0.99321930   0.24161524   1.55833548  -2.10944301
  1.02616448   0.08473232  -1.05037634  -0.08049782   1.55226420   0.99305373   0.24111128   1.55827361  -2.11017010
  1.02685061   0.08516117  -1.05019497  -0.08032787   1.55240428   0.99289258   0.24062327   1.55821336  -2.11087034
  1.02750868   0.08557452  -1.05001948  -0.08016078   1.55253975   0.99273622   0.24014828   1.55815221  -2.11154455
  1.02813943   0.08597307  -1.04984864  -0.07999517   1.55267131   0.99258437   0.23968519   1.55808890  -2.11219469
  1.02874377   0.08635757  -1.04968126  -0.07983013   1.55279929   0.99243671   0.23923412   1.55802340  -2.11282295
  1.02932280   0.08672889  -1.04951628  -0.07966589   1.55292289   0.99229453   0.23879446   1.55795509  -2.11343074
  1.02987773   0.08708780  -1.04935299  -0.07950254   1.55304268   0.99215699   0.23836598   1.55788440  -2.11401940
  1.03040983   0.08743505  -1.04919102  -0.07933993   1.55316012   0.99202207   0.23794869   1.55781228  -2.11459029
  1.03092039   0.08777134  -1.04903004  -0.07917777   1.55327658   0.99188815   0.23754192   1.55773893  -2.11514468
  1.03141068   0.08809737  -1.04886972  -0.07901566   1.55339287   0.99175468   0.23714455   1.55766374  -2.11568384
  1.03188199   0.08841386  -1.04870975  -0.07885326   1.55350925   0.99162173   0.23675592   1.55758634  -2.11620919
  1.03233565   0.08872149  -1.04854989  -0.07869068   1.55362526   0.99149002   0.23637569   1.55750668  -2.11672199
  1.03277304   0.08902092  -1.04839003  -0.07852868   1.55373976   0.99136097   0.23600355   1.55742489  -2.11722306
  1.03319552   0.08931274  -1.04823036  -0.07836813   1.55385225   0.99123495   0.23563929   1.55734164  -2.11771292
  1.03360442   0.08959744  -1.04807134  -0.07820980   1.55396286   0.99111157   0.23528263   1.55725775  -2.11819190
  1.03400102   0.08987548  -1.04791348  -0.07805449   1.55407140   0.99099122   0.23493290   1.55717331  -2.11866018
  1.03438647   0.09014726  -1.04775735  -0.07790239   1.55417835   0.99087354   0.23458988   1.55708871  -2.11911831
  1.03476178   0.09041312  -1.04760337  -0.07775308   1.55428451   0.99075767   0.23425342   1.55700429  -2.11956714
  1.03512781   0.09067341  -1.04745169  -0.07760621   1.55439005   0.99064368   0.23392302   1.55691981  -2.12000748
  1.03548536   0.09092852  -1.04730222  -0.07746202   1.55449385   0.99053330   0.23359764   1.55683432  -2.12043971
  1.03583513   0.09117880  -1.04715489  -0.07732062   1.55459541   0.99042686   0.23327784   1.55674860  -2.12086466
  1.03617779   0.09142457  -1.04700972  -0.07718261   1.55469424   0.99032455   0.23296382   1.55666341  -2.12128254
  1.03651390   0.09166605  -1.04686691  -0.07704831   1.55479093   0.99022511   0.23265571   1.55657983  -2.12169349
  1.03684386   0.09190340  -1.04672663  -0.07691744   1.55488665   0.99012683   0.23235334   1.55649841  -2.12209773
  1.03716794   0.09213675  -1.04658884  -0.07678947   1.55498214   0.99002901   0.23205613   1.55641881  -2.12249564
  1.03748629   0.09236625  -1.04645334  -0.07666397   1.55507729   0.98993207   0.23176351   1.55634031  -2.12288762
  1.03779908   0.09259207  -1.04631986  -0.07654101   1.55517117   0.98983746   0.23147504   1.55626216  -2.12327391
  1.03810645   0.09281432  -1.04618833  -0.07642060   1.55526349   0.98974530   0.23119162   1.55618517  -2.12365494
  1.03840858   0.09303306  -1.04605888  -0.07630312   1.55535421   0.98965534   0.23091380   1.55611014  -2.12403074
  1.03870563   0.09324837  -1.04593165  -0.07618926   1.55544266   0.98956858   0.23064106   1.55603668  -2.12440082
  1.03899778   0.09346029  -1.04580681  -0.07607874   1.55552980   0.98948371   0.23037375   1.55596546  -2.12476544
  1.03928519   0.09366888  -1.04568455  -0.07597116   1.55561664   0.98939932   0.23011210   1.55589706  -2.12512489
  1.03956799   0.09387418  -1.04556490  -0.07586632   1.55570350   0.98931516   0.22985555   1.55583111  -2.12547919
  1.03984626   0.09407624  -1.04544783  -0.07576406   1.55579027   0.98923158   0.22960329   1.55576689  -2.12582831
  1.04012004   0.09427511  -1.04533324  -0.07566403   1.55587698   0.98914861   0.22935514   1.55570417  -2.12617246
  1.04038929   0.09447081  -1.04522098  -0.07556611   1.55596315   0.98906684   0.22911085   1.55564263  -2.12651174
  1.04065398   0.09466336  -1.04511086  -0.07547037   1.55604825   0.98898682   0.22887014   1.55558203  -2.12684609
  1.04091402   0.09485274  -1.04500277  -0.07537684   1.55613204   0.98890870   0.22863280   1.55552228  -2.12717540
  1.04116931   0.09503894  -1.04489662  -0.07528545   1.55621461   0.98883225   0.22839873   1.55546343  -2.12749959
  1.04141974   0.09522191  -1.04479232  -0.07519601   1.55629608   0.98875732   0.22816787   1.55540539  -2.12781871
  1.04166522   0.09540166  -1.04468976  -0.07510838   1.55637635   0.98868414   0.22794017   1.55534793  -2.12813283
  1.04190566   0.09557818  -1.04458883  -0.07502219   1.55645575   0.98861225   0.22771612   1.55529140  -2.12844229
  1.04214099   0.09575147  -1.04448940  -0.07493722   1.55653438   0.98854138   0.22749597   1.55523602  -2.12874733
  1.04237119   0.09592157  -1.04439126  -0.07485349   1.55661207   0.98847168   0.22727951   1.55518165  -2.12904794
  1.04259627   0.09608851  -1.04429430  -0.07477118   1.55668861   0.98840334   0.22706646   1.55512814  -2.12934401
  1.04281629   0.09625234  -1.04419847  -0.07469045   1.55676392   0.98833641   0.22685669   1.55507546  -2.12963546
  1.04303134   0.09641309  -1.04410379  -0.07461144   1.55683805   0.98827087   0.22665021   1.55502369  -2.12992228
  1.04324153   0.09657081  -1.04401035  -0.07453423   1.55691104   0.98820671   0.22644711   1.55497295  -2.13020452
  1.04344702   0.09672554  -1.04391828  -0.07445891   1.55698292   0.98814398   0.22624745   1.55492331  -2.13048223
  1.04364797   0.09687733  -1.04382771  -0.07438558   1.55705370   0.98808274   0.22605123   1.55487481  -2.13075544
  1.04384455   0.09702623  -1.04373876  -0.07431430   1.55712338   0.98802303   0.22585841   1.55482752  -2.13102420
  1.04403695   0.09717229  -1.04365152  -0.07424504   1.55719194   0.98796484   0.22566891   1.55478146  -2.13128858
  1.04422532   0.09731554  -1.04356605  -0.07417781   1.55725937   0.98790813   0.22548263   1.55473673  -2.13154867
  1.04440981   0.09745606  -1.04348239  -0.07411260   1.55732566   0.98785283   0.22529950   1.55469339  -2.13180453
  1.04459058   0.09759389  -1.04340060  -0.07404943   1.55739081   0.98779893   0.22511942   1.55465148  -2.13205624
  1.04476776   0.09772908  -1.04332072  -0.07398831   1.55745484   0.98774641   0.22494235   1.55461103  -2.13230383
  1.04494146   0.09786169  -1.04324282  -0.07392925   1.55751776   0.98769530   0.22476824   1.55457204  -2.13254739
  1.04511178   0.09799175  -1.04316692  -0.07387223   1.55757960   0.98764561   0.22459702   1.55453448  -2.13278699
  1.04527881   0.09811932  -1.04309303  -0.07381720   1.55764039   0.98759732   0.22442866   1.55449832  -2.13302270
  1.04544259   0.09824442  -1.04302110  -0.07376407   1.55770014   0.98755041   0.22426308   1.55446356  -2.13325464
  1.04560317   0.09836711  -1.04295106  -0.07371281   1.55775885   0.98750483   0.22410023   1.55443019  -2.13348287
  1.04576058   0.09848742  -1.04288288  -0.07366340   1.55781654   0.98746051   0.22394004   1.55439822  -2.13370742
  1.04591485   0.09860537  -1.04281652  -0.07361584   1.55787325   0.98741745   0.22378250   1.55436764  -2.13392833
  1.04606598   0.09872100  -1.04275198  -0.07357015   1.55792899   0.98737565   0.22362758   1.55433841  -2.13414561
  1.04621401   0.09883432  -1.04268927  -0.07352633   1.55798382   0.98733513   0.22347527   1.55431050  -2.13435926
  1.04635896   0.09894536  -1.04262842  -0.07348436   1.55803778   0.98729590   0.22332555   1.55428387  -2.13456932
  1.04650084   0.09905413  -1.04256944  -0.07344419   1.55809091   0.98725795   0.22317839   1.55425848  -2.13477583
  1.04663967   0.09916065  -1.04251230  -0.07340570   1.55814323   0.98722128   0.22303376   1.55423428  -2.13497886
  1.04677548   0.09926493  -1.04245699  -0.07336882   1.55819474   0.98718583   0.22289161   1.55421127  -2.13517847
  1.04690828   0.09936699  -1.04240347  -0.07333349   1.55824545   0.98715158   0.22275188   1.55418945  -2.13537470
  1.04703809   0.09946686  -1.04235172  -0.07329962   1.55829536   0.98711849   0.22261452   1.55416880  -2.13556764
  1.04716494   0.09956456  -1.04230165  -0.07326714   1.55834447   0.98708652   0.22247947   1.55414929  -2.13575734
  1.04728886   0.09966013  -1.04225321  -0.07323600   1.55839276   0.98705565   0.22234664   1.55413091  -2.13594385
  1.04740986   0.09975359  -1.04220636  -0.07320618   1.55844024   0.98702585   0.22221601   1.55411364  -2.13612723
  1.04752797   0.09984498  -1.04216106  -0.07317764   1.55848695   0.98699709   0.22208752   1.55409745  -2.13630753
  1.04764323   0.09993432  -1.04211726  -0.07315038   1.55853290   0.98696937   0.22196115   1.55408232  -2.13648479
  1.04775565   0.10002165  -1.04207496  -0.07312437   1.55857814   0.98694267   0.22183689   1.55406823  -2.13665906
  1.04786527   0.10010699  -1.04203411  -0.07309957   1.55862269   0.98691698   0.22171470   1.55405513  -2.13683041
  1.04797212   0.10019038  -1.04199468  -0.07307597   1.55866656   0.98689229   0.22159454   1.55404299  -2.13699887
  1.04807622   0.10027184  -1.04195666  -0.07305352   1.55870979   0.98686859   0.22147637   1.55403180  -2.13716450
  1.04817761   0.10035140  -1.04192003  -0.07303220   1.55875238   0.98684586   0.22136016   1.55402153  -2.13732734
  1.04827633   0.10042908  -1.04188476  -0.07301194   1.55879436   0.98682408   0.22124587   1.55401216  -2.13748746
  1.04837240   0.10050490  -1.04185083  -0.07299268   1.55883573   0.98680321   0.22113344   1.55400366  -2.13764493
  1.04846587   0.10057889  -1.04181818  -0.07297433   1.55887648   0.98678323   0.22102282   1.55399603  -2.13779982
  1.04855675   0.10065109  -1.04178676  -0.07295683   1.55891661   0.98676412   0.22091393   1.55398924  -2.13795220
  1.04864507   0.10072150  -1.04175653  -0.07294014   1.55895611   0.98674583   0.22080673   1.55398327  -2.13810212
  1.04873087   0.10079018  -1.04172742  -0.07292422   1.55899498   0.98672834   0.22070116   1.55397811  -2.13824964
  1.04881417   0.10085714  -1.04169939  -0.07290903   1.55903323   0.98671163   0.22059718   1.55397375  -2.13839481
  1.04889499   0.10092241  -1.04167241  -0.07289458   1.55907086   0.98669568   0.22049477   1.55397018  -2.13853767
  1.04897336   0.10098604  -1.04164646  -0.07288087   1.55910792   0.98668049   0.22039391   1.55396738  -2.13867824
  1.04904932   0.10104803  -1.04162152  -0.07286794   1.55914443   0.98666606   0.22029459   1.55396531  -2.13881655
  1.04912288   0.10110842  -1.04159761  -0.07285576   1.55918044   0.98665238   0.22019680   1.55396397  -2.13895262
  1.04919409   0.10116723  -1.04157468  -0.07284432   1.55921596   0.98663945   0.22010050   1.55396332  -2.13908651
  1.04926296   0.10122448  -1.04155271  -0.07283354   1.55925100   0.98662722   0.22000566   1.55396334  -2.13921829
  1.04932952   0.10128021  -1.04153164  -0.07282341   1.55928556   0.98661567   0.21991223   1.55396403  -2.13934800
  1.04939380   0.10133443  -1.04151145  -0.07281393   1.55931965   0.98660480   0.21982020   1.55396538  -2.13947566
  1.04945582   0.10138718  -1.04149211  -0.07280506   1.55935327   0.98659460   0.21972952   1.55396738  -2.13960133
  1.04951562   0.10143847  -1.04147361  -0.07279680   1.55938643   0.98658504   0.21964016   1.55397000  -2.13972504
  1.04957323   0.10148833  -1.04145594  -0.07278916   1.55941917   0.98657613   0.21955212   1.55397325  -2.13984681
  1.04962869   0.10153678  -1.04143910  -0.07278213   1.55945149   0.98656786   0.21946536   1.55397709  -2.13996668
  1.04968204   0.10158385  -1.04142307  -0.07277567   1.55948342   0.98656023   0.21937985   1.55398152  -2.14008469
  1.04973330   0.10162956  -1.04140785  -0.07276979   1.55951498   0.98655321   0.21929558   1.55398652  -2.14020089
  1.04978251   0.10167394  -1.04139341  -0.07276444   1.55954616   0.98654680   0.21921250   1.55399206  -2.14031531
  1.04982972   0.10171702  -1.04137973  -0.07275960   1.55957698   0.98654097   0.21913057   1.55399815  -2.14042802
  1.04987495   0.10175881  -1.04136677  -0.07275525   1.55960744   0.98653572   0.21904975   1.55400476  -2.14053904
  1.04991823   0.10179935  -1.04135451  -0.07275137   1.55963754   0.98653101   0.21897001   1.55401189  -2.14064844
  1.04995961   0.10183866  -1.04134292  -0.07274794   1.55966728   0.98652685   0.21889133   1.55401954  -2.14075624
  1.04999910   0.10187677  -1.04133198  -0.07274495   1.55969668   0.98652322   0.21881366   1.55402769  -2.14086249
  1.05003675   0.10191369  -1.04132167  -0.07274241   1.55972574   0.98652011   0.21873700   1.55403634  -2.14096723
  1.05007258   0.10194947  -1.04131198  -0.07274030   1.55975448   0.98651751   0.21866132   1.55404546  -2.14107047
  1.05010663   0.10198411  -1.04130290  -0.07273863   1.55978291   0.98651543   0.21858661   1.55405506  -2.14117225
  1.05013892   0.10201764  -1.04129440  -0.07273738   1.55981103   0.98651385   0.21851283   1.55406511  -2.14127262
  1.05016948   0.10205008  -1.04128646  -0.07273652   1.55983887   0.98651276   0.21843996   1.55407560  -2.14137162
  1.05019833   0.10208146  -1.04127906  -0.07273606   1.55986642   0.98651214   0.21836800   1.55408654  -2.14146927
  1.05022550   0.10211179  -1.04127217  -0.07273600   1.55989369   0.98651197   0.21829690   1.55409792  -2.14156560
  1.05025102   0.10214110  -1.04126579  -0.07273636   1.55992072   0.98651226   0.21822667   1.55410974  -2.14166061
  1.05027491   0.10216940  -1.04125992  -0.07273714   1.55994750   0.98651300   0.21815730   1.55412198  -2.14175434
  1.05029720   0.10219671  -1.04125459  -0.07273837   1.55997408   0.98651420   0.21808878   1.55413463  -2.14184679
  1.05031793   0.10222306  -1.04124979  -0.07274004   1.56000046   0.98651587   0.21802109   1.55414768  -2.14193800
  1.05033712   0.10224845  -1.04124551  -0.07274210   1.56002665   0.98651798   0.21795422   1.55416110  -2.14202800
  1.05035481   0.10227290  -1.04124172  -0.07274455   1.56005265   0.98652054   0.21788812   1.55417490  -2.14211684
  1.05037101   0.10229645  -1.04123842  -0.07274736   1.56007846   0.98652352   0.21782277   1.55418908  -2.14220454
  1.05038578   0.10231911  -1.04123559  -0.07275053   1.56010409   0.98652691   0.21775813   1.55420362  -2.14229114
  1.05039912   0.10234089  -1.04123321  -0.07275404   1.56012953   0.98653069   0.21769420   1.55421854  -2.14237667
  1.05041107   0.10236182  -1.04123126  -0.07275786   1.56015480   0.98653485   0.21763095   1.55423382  -2.14246117
  1.05042167   0.10238192  -1.04122973  -0.07276201   1.56017990   0.98653938   0.21756836   1.55424946  -2.14254466
  1.05043093   0.10240122  -1.04122862  -0.07276650   1.56020484   0.98654429   0.21750641   1.55426547  -2.14262717
  1.05043889   0.10241972  -1.04122794  -0.07277134   1.56022963   0.98654956   0.21744509   1.55428182  -2.14270870
  1.05044558   0.10243745  -1.04122768  -0.07277652   1.56025430   0.98655521   0.21738440   1.55429851  -2.14278929
  1.05045103   0.10245442  -1.04122784  -0.07278202   1.56027886   0.98656122   0.21732431   1.55431553  -2.14286897
  1.05045526   0.10247066  -1.04122842  -0.07278785   1.56030330   0.98656759   0.21726481   1.55433287  -2.14294776
  1.05045830   0.10248618  -1.04122938  -0.07279395   1.56032762   0.98657430   0.21720586   1.55435053  -2.14302571
  1.05046017   0.10250099  -1.04123067  -0.07280031   1.56035182   0.98658133   0.21714744   1.55436851  -2.14310287
  1.05046088   0.10251513  -1.04123229  -0.07280693   1.56037587   0.98658867   0.21708951   1.55438681  -2.14317924
  1.05046046   0.10252859  -1.04123423  -0.07281385   1.56039980   0.98659632   0.21703208   1.55440543  -2.14325482
  1.05045894   0.10254141  -1.04123652  -0.07282110   1.56042364   0.98660429   0.21697516   1.55442439  -2.14332961
  1.05045634   0.10255358  -1.04123918  -0.07282869   1.56044741   0.98661258   0.21691875   1.55444364  -2.14340364
  1.05045269   0.10256513  -1.04124221  -0.07283658   1.56047112   0.98662121   0.21686283   1.55446319  -2.14347693
  1.05044801   0.10257607  -1.04124560  -0.07284475   1.56049476   0.98663017   0.21680737   1.55448300  -2.14354952
  1.05044232   0.10258641  -1.04124930  -0.07285318   1.56051833   0.98663943   0.21675234   1.55450310  -2.14362144
