  0.41770010   0.46579965  -1.27410016  -0.43299959   2.09290000   0.69139971   0.43859989   1.64320030  -1.13520023
  0.41770011   0.46579962  -1.27410017  -0.43299957   2.09290000   0.69139969   0.43859988   1.64320032  -1.13520025
  0.41770014   0.46579952  -1.27410021  -0.43299948   2.09289999   0.69139963   0.43859985   1.64320038  -1.13520031
  0.41770022   0.46579927  -1.27410030  -0.43299927   2.09289994   0.69139951   0.43859978   1.64320049  -1.13520046
  0.41770040   0.46579877  -1.27410046  -0.43299891   2.09289980   0.69139933   0.43859964   1.64320066  -1.13520075
  0.41770071   0.46579788  -1.27410071  -0.43299833   2.09289949   0.69139910   0.43859939   1.64320087  -1.13520127
  0.41770123   0.46579645  -1.27410109  -0.43299748   2.09289892   0.69139887   0.43859899   1.64320110  -1.13520209
  0.41770204   0.46579430  -1.27410163  -0.43299629   2.09289797   0.69139868   0.43859839   1.64320131  -1.13520332
  0.41770323   0.46579123  -1.27410235  -0.43299469   2.09289651   0.69139856   0.43859753   1.64320147  -1.13520510
  0.41770490   0.46578702  -1.27410329  -0.43299256   2.09289439   0.69139858   0.43859639   1.64320154  -1.13520759
  0.41770716   0.46578143  -1.27410447  -0.43298978   2.09289145   0.69139881   0.43859488   1.64320149  -1.13521101
  0.41771014   0.46577421  -1.27410592  -0.43298620   2.09288749   0.69139935   0.43859292   1.64320129  -1.13521555
  0.41771398   0.46576507  -1.27410765  -0.43298164   2.09288226   0.69140035   0.43859037   1.64320092  -1.13522148
  0.41771883   0.46575373  -1.27410969  -0.43297593   2.09287552   0.69140195   0.43858705   1.64320036  -1.13522906
  0.41772484   0.46573990  -1.27411204  -0.43296886   2.09286702   0.69140431   0.43858281   1.64319960  -1.13523857
  0.41773217   0.46572323  -1.27411473  -0.43296023   2.09285646   0.69140758   0.43857745   1.64319865  -1.13525032
  0.41774102   0.46570341  -1.27411777  -0.43294983   2.09284350   0.69141202   0.43857078   1.64319750  -1.13526461
  0.41775157   0.46568006  -1.27412121  -0.43293746   2.09282764   0.69141803   0.43856256   1.64319606  -1.13528176
  0.41776403   0.46565280  -1.27412509  -0.43292289   2.09280839   0.69142604   0.43855259   1.64319429  -1.13530213
  0.41777862   0.46562120  -1.27412952  -0.43290587   2.09278528   0.69143639   0.43854073   1.64319214  -1.13532608
  0.41779555   0.46558483  -1.27413463  -0.43288613   2.09275789   0.69144936   0.43852684   1.64318961  -1.13535396
  0.41781507   0.46554322  -1.27414054  -0.43286339   2.09272587   0.69146512   0.43851086   1.64318668  -1.13538616
  0.41783741   0.46549592  -1.27414739  -0.43283739   2.09268887   0.69148379   0.43849268   1.64318339  -1.13542300
  0.41786283   0.46544243  -1.27415530  -0.43280788   2.09264654   0.69150553   0.43847217   1.64317972  -1.13546484
  0.41789156   0.46538228  -1.27416442  -0.43277467   2.09259838   0.69153068   0.43844925   1.64317557  -1.13551202
  0.41792386   0.46531493  -1.27417485  -0.43273756   2.09254382   0.69155970   0.43842380   1.64317075  -1.13556491
  0.41795997   0.46523985  -1.27418675  -0.43269635   2.09248231   0.69159301   0.43839567   1.64316515  -1.13562383
  0.41800013   0.46515648  -1.27420025  -0.43265079   2.09241332   0.69163091   0.43836466   1.64315873  -1.13568912
  0.41804459   0.46506426  -1.27421550  -0.43260060   2.09233629   0.69167380   0.43833055   1.64315144  -1.13576115
  0.41809358   0.46496260  -1.27423265  -0.43254548   2.09225064   0.69172215   0.43829322   1.64314311  -1.13584035
  0.41814735   0.46485090  -1.27425185  -0.43248516   2.09215585   0.69177634   0.43825260   1.64313361  -1.13592712
  0.41820612   0.46472859  -1.27427329  -0.43241932   2.09205145   0.69183663   0.43820854   1.64312288  -1.13602184
  0.41827013   0.46459504  -1.27429708  -0.43234769   2.09193685   0.69190345   0.43816089   1.64311077  -1.13612491
  0.41833960   0.46444966  -1.27432335  -0.43226997   2.09181141   0.69197734   0.43810941   1.64309715  -1.13623674
  0.41841477   0.46429182  -1.27435225  -0.43218579   2.09167461   0.69205862   0.43805387   1.64308195  -1.13635774
  0.41849585   0.46412091  -1.27438390  -0.43209485   2.09152598   0.69214758   0.43799421   1.64306505  -1.13648836
  0.41858309   0.46393631  -1.27441846  -0.43199685   2.09136501   0.69224457   0.43793039   1.64304627  -1.13662901
  0.41867670   0.46373741  -1.27445606  -0.43189152   2.09119111   0.69235001   0.43786228   1.64302543  -1.13678010
  0.41877692   0.46352358  -1.27449680  -0.43177861   2.09100369   0.69246437   0.43778976   1.64300230  -1.13694203
  0.41888395   0.46329420  -1.27454079  -0.43165790   2.09080210   0.69258816   0.43771265   1.64297667  -1.13711515
  0.41899800   0.46304864  -1.27458812  -0.43152919   2.09058574   0.69272173   0.43763072   1.64294843  -1.13729977
  0.41911928   0.46278628  -1.27463889  -0.43139218   2.09035410   0.69286533   0.43754362   1.64291758  -1.13749618
  0.41924796   0.46250648  -1.27469317  -0.43124652   2.09010658   0.69301932   0.43745105   1.64288409  -1.13770477
  0.41938423   0.46220862  -1.27475108  -0.43109175   2.08984277   0.69318387   0.43735280   1.64284798  -1.13792601
  0.41952827   0.46189211  -1.27481272  -0.43092742   2.08956222   0.69335931   0.43724894   1.64280905  -1.13816045
  0.41968026   0.46155633  -1.27487818  -0.43075318   2.08926437   0.69354617   0.43713960   1.64276695  -1.13840865
  0.41984039   0.46120069  -1.27494753  -0.43056874   2.08894859   0.69374499   0.43702476   1.64272136  -1.13867107
  0.42000880   0.46082460  -1.27502082  -0.43037376   2.08861447   0.69395591   0.43690417   1.64267230  -1.13894807
  0.42018566   0.46042747  -1.27509808  -0.43016790   2.08826145   0.69417932   0.43677756   1.64261965  -1.13924004
  0.42037113   0.46000874  -1.27517933  -0.42995089   2.08788896   0.69441571   0.43664485   1.64256312  -1.13954744
  0.42056536   0.45956785  -1.27526461  -0.42972249   2.08749657   0.69466530   0.43650594   1.64250256  -1.13987059
  0.42076848   0.45910423  -1.27535393  -0.42948243   2.08708398   0.69492801   0.43636051   1.64243809  -1.14020971
  0.42098063   0.45861733  -1.27544735  -0.42923031   2.08665101   0.69520351   0.43620822   1.64236999  -1.14056504
  0.42120191   0.45810659  -1.27554492  -0.42896578   2.08619752   0.69549149   0.43604886   1.64229844  -1.14093683
  0.42143242   0.45757147  -1.27564666  -0.42868847   2.08572317   0.69579202   0.43588221   1.64222349  -1.14132540
  0.42167227   0.45701145  -1.27575260  -0.42839789   2.08522777   0.69610501   0.43570813   1.64214522  -1.14173120
  0.42192157   0.45642601  -1.27586281  -0.42809359   2.08471116   0.69643042   0.43552689   1.64206350  -1.14215473
  0.42218040   0.45581465  -1.27597734  -0.42777526   2.08417298   0.69676853   0.43533868   1.64197799  -1.14259644
  0.42244886   0.45517689  -1.27609612  -0.42744273   2.08361261   0.69712001   0.43514345   1.64188829  -1.14305673
  0.42272702   0.45451228  -1.27621907  -0.42709570   2.08302960   0.69748538   0.43494105   1.64179407  -1.14353603
  0.42301496   0.45382039  -1.27634613  -0.42673394   2.08242352   0.69786513   0.43473159   1.64169484  -1.14403484
  0.42331276   0.45310078  -1.27647721  -0.42635728   2.08179390   0.69825986   0.43451519   1.64159007  -1.14455359
  0.42362048   0.45235307  -1.27661217  -0.42596565   2.08114008   0.69867033   0.43429174   1.64147930  -1.14509261
  0.42393816   0.45157685  -1.27675089  -0.42555892   2.08046143   0.69909720   0.43406112   1.64136212  -1.14565223
  0.42426583   0.45077173  -1.27689324  -0.42513677   2.07975760   0.69954070   0.43382320   1.64123843  -1.14623281
  0.42460353   0.44993737  -1.27703913  -0.42469884   2.07902812   0.70000141   0.43357816   1.64110782  -1.14683489
  0.42495127   0.44907343  -1.27718837  -0.42424490   2.07827224   0.70048036   0.43332619   1.64096963  -1.14745904
  0.42530905   0.44817959  -1.27734079  -0.42377486   2.07748927   0.70097861   0.43306746   1.64082312  -1.14810573
  0.42567685   0.44725557  -1.27749615  -0.42328870   2.07667871   0.70149677   0.43280185   1.64066777  -1.14877522
  0.42605464   0.44630106  -1.27765423  -0.42278638   2.07584045   0.70203464   0.43252887   1.64050365  -1.14946746
  0.42644236   0.44531578  -1.27781483  -0.42226780   2.07497461   0.70259151   0.43224792   1.64033120  -1.15018229
  0.42683995   0.44429944  -1.27797780  -0.42173260   2.07408153   0.70316625   0.43195847   1.64015113  -1.15091964
  0.42724730   0.44325174  -1.27814308  -0.42118007   2.07316186   0.70375727   0.43166012   1.63996447  -1.15167960
  0.42766433   0.44217241  -1.27831065  -0.42060929   2.07221653   0.70436266   0.43135288   1.63977235  -1.15246243
  0.42809091   0.44106118  -1.27848052  -0.42001977   2.07124601   0.70498117   0.43103699   1.63957535  -1.15326824
  0.42852698   0.43991784  -1.27865252  -0.41941148   2.07024991   0.70561314   0.43071285   1.63937312  -1.15409720
  0.42897244   0.43874225  -1.27882640  -0.41878425   2.06922763   0.70625947   0.43038086   1.63916500  -1.15494979
  0.42942721   0.43753432  -1.27900184  -0.41813790   2.06817825   0.70692200   0.43004167   1.63894968  -1.15582687
  0.42989120   0.43629401  -1.27917846  -0.41747225   2.06710103   0.70760266   0.42969608   1.63872558  -1.15672944
  0.43036433   0.43502127  -1.27935594  -0.41678696   2.06599594   0.70830203   0.42934453   1.63849194  -1.15765824
  0.43084654   0.43371609  -1.27953396  -0.41608175   2.06486341   0.70901959   0.42898703   1.63824877  -1.15861360
  0.43133777   0.43237847  -1.27971214  -0.41535664   2.06370351   0.70975528   0.42862343   1.63799581  -1.15959571
  0.43183800   0.43100846  -1.27989003  -0.41461194   2.06251601   0.71050946   0.42825343   1.63773268  -1.16060456
  0.43234722   0.42960609  -1.28006723  -0.41384794   2.06130054   0.71128244   0.42787686   1.63745911  -1.16164013
  0.43286542   0.42817141  -1.28024343  -0.41306471   2.06005697   0.71207409   0.42749367   1.63717515  -1.16270246
  0.43339258   0.42670448  -1.28041830  -0.41226213   2.05878523   0.71288437   0.42710408   1.63688074  -1.16379183
  0.43392870   0.42520539  -1.28059161  -0.41143982   2.05748564   0.71371264   0.42670848   1.63657616  -1.16490866
  0.43447378   0.42367423  -1.28076316  -0.41059762   2.05615833   0.71455857   0.42630761   1.63626143  -1.16605330
  0.43502784   0.42211111  -1.28093269  -0.40973566   2.05480301   0.71542243   0.42590188   1.63593632  -1.16722594
  0.43559087   0.42051620  -1.28109980  -0.40885419   2.05341905   0.71630523   0.42549156   1.63560018  -1.16842683
  0.43616285   0.41888969  -1.28126396  -0.40795328   2.05200550   0.71720873   0.42507660   1.63525208  -1.16965652
  0.43674372   0.41723185  -1.28142454  -0.40703191   2.05056249   0.71813335   0.42465644   1.63489196  -1.17091615
  0.43733352   0.41554299  -1.28158099  -0.40608859   2.04909144   0.71907771   0.42423079   1.63452045  -1.17220707
  0.43793241   0.41382350  -1.28173290  -0.40512332   2.04759255   0.72004267   0.42380102   1.63413628  -1.17353043
  0.43854063   0.41207382  -1.28187975  -0.40413716   2.04606493   0.72103022   0.42336804   1.63373778  -1.17488657
  0.43915838   0.41029434  -1.28202098  -0.40313158   2.04450777   0.72204161   0.42293182   1.63332387  -1.17627509
  0.43978583   0.40848544  -1.28215609  -0.40210775   2.04292131   0.72307618   0.42249183   1.63289466  -1.17769522
  0.44042310   0.40664745  -1.28228465  -0.40106622   2.04130608   0.72413218   0.42204716   1.63245127  -1.17914618
  0.44107029   0.40478070  -1.28240620  -0.40000710   2.03966214   0.72520862   0.42159688   1.63199480  -1.18062761
  0.44172750   0.40288547  -1.28252059  -0.39893002   2.03799068   0.72630269   0.42114106   1.63152707  -1.18213933
  0.44239485   0.40096195  -1.28262800  -0.39783457   2.03629278   0.72741141   0.42068051   1.63105017  -1.18368107
  0.44307239   0.39901029  -1.28272863  -0.39672052   2.03456820   0.72853367   0.42021616   1.63056550  -1.18525264
  0.44376015   0.39703065  -1.28282261  -0.39558735   2.03281682   0.72966870   0.41974889   1.63007420  -1.18685421
  0.44445808   0.39502329  -1.28290984  -0.39443451   2.03103783   0.73081792   0.41927984   1.62957585  -1.18848669
  0.44516614   0.39298858  -1.28299007  -0.39326189   2.02923005   0.73198422   0.41881049   1.62906876  -1.19015126
  0.44588427   0.39092686  -1.28306302  -0.39206909   2.02739345   0.73316816   0.41834106   1.62855273  -1.19184850
  0.44661244   0.38883848  -1.28312836  -0.39085534   2.02552895   0.73436803   0.41787039   1.62802918  -1.19357842
  0.44735069   0.38672376  -1.28318603  -0.38962038   2.02363761   0.73558148   0.41739832   1.62749975  -1.19534068
  0.44809913   0.38458312  -1.28323578  -0.38836439   2.02171973   0.73680750   0.41692447   1.62696533  -1.19713492
  0.44885793   0.38241711  -1.28327721  -0.38708827   2.01977459   0.73804722   0.41644847   1.62642547  -1.19896085
  0.44962725   0.38022627  -1.28330990  -0.38579330   2.01780142   0.73930202   0.41597005   1.62587937  -1.20081800
  0.45040726   0.37801120  -1.28333340  -0.38448074   2.01579943   0.74057350   0.41548907   1.62532602  -1.20270603
  0.45119808   0.37577252  -1.28334725  -0.38315117   2.01376857   0.74186272   0.41500587   1.62476446  -1.20462528
  0.45199981   0.37351091  -1.28335079  -0.38180492   2.01170828   0.74317157   0.41452058   1.62419346  -1.20657642
  0.45281259   0.37122702  -1.28334369  -0.38044206   2.00961885   0.74450033   0.41403452   1.62361262  -1.20856018
  0.45363659   0.36892147  -1.28332564  -0.37906270   2.00750060   0.74584881   0.41354865   1.62302197  -1.21057704
  0.45447197   0.36659481  -1.28329651  -0.37766658   2.00535460   0.74721484   0.41306392   1.62242294  -1.21262715
  0.45531891   0.36424752  -1.28325640  -0.37625372   2.00318183   0.74859591   0.41258155   1.62181731  -1.21471029
  0.45617758   0.36188004  -1.28320535  -0.37482456   2.00098258   0.74999032   0.41210181   1.62120665  -1.21682572
  0.45704805   0.35949285  -1.28314321  -0.37337972   1.99875620   0.75139816   0.41162456   1.62059165  -1.21897282
  0.45793040   0.35708639  -1.28306991  -0.37191924   1.99650286   0.75281841   0.41114974   1.61997348  -1.22115121
  0.45882462   0.35466107  -1.28298544  -0.37044263   1.99422390   0.75424852   0.41067697   1.61935391  -1.22336057
  0.45973077   0.35221731  -1.28288989  -0.36895012   1.99192047   0.75568606   0.41020585   1.61873459  -1.22560000
  0.46064888   0.34975560  -1.28278313  -0.36744216   1.98959293   0.75713003   0.40973518   1.61811645  -1.22786858
  0.46157905   0.34727645  -1.28266505  -0.36591941   1.98724173   0.75857955   0.40926374   1.61750020  -1.23016531
  0.46252135   0.34478050  -1.28253535  -0.36438215   1.98486677   0.76003564   0.40879096   1.61688530  -1.23249027
  0.46347593   0.34226851  -1.28239379  -0.36283054   1.98246767   0.76150138   0.40831865   1.61626949  -1.23484495
  0.46444292   0.33974131  -1.28224006  -0.36126530   1.98004343   0.76298103   0.40784865   1.61564977  -1.23723069
  0.46542247   0.33719965  -1.28207406  -0.35968714   1.97759393   0.76447712   0.40738328   1.61502405  -1.23964859
  0.46641469   0.33464420  -1.28189573  -0.35809651   1.97511962   0.76599015   0.40692369   1.61439176  -1.24209899
  0.46741971   0.33207563  -1.28170488  -0.35649428   1.97262072   0.76752034   0.40646988   1.61375270  -1.24458152
  0.46843762   0.32949454  -1.28150144  -0.35488133   1.97009792   0.76906660   0.40602161   1.61310750  -1.24709534
  0.46946851   0.32690144  -1.28128536  -0.35325841   1.96755240   0.77062610   0.40557773   1.61245802  -1.24963895
  0.47051243   0.32429676  -1.28105673  -0.35162618   1.96498541   0.77219500   0.40513652   1.61180704  -1.25221033
  0.47156940   0.32168087  -1.28081569  -0.34998520   1.96239794   0.77376987   0.40469680   1.61115720  -1.25480765
  0.47263939   0.31905422  -1.28056232  -0.34833580   1.95979051   0.77534918   0.40425827   1.61050980  -1.25743000
  0.47372238   0.31641736  -1.28029677  -0.34667809   1.95716376   0.77693258   0.40382230   1.60986504  -1.26007756
  0.47481833   0.31377084  -1.28001925  -0.34501203   1.95451844   0.77852007   0.40339101   1.60922273  -1.26275096
  0.47592722   0.31111525  -1.27972984  -0.34333792   1.95185502   0.78011212   0.40296578   1.60858245  -1.26545047
  0.47704901   0.30845127  -1.27942846  -0.34165634   1.94917370   0.78171004   0.40254741   1.60794313  -1.26817634
  0.47818368   0.30577959  -1.27911505  -0.33996787   1.94647486   0.78331543   0.40213723   1.60730328  -1.27092911
  0.47933118   0.30310089  -1.27878963  -0.33827273   1.94375942   0.78492872   0.40173703   1.60666218  -1.27370944
  0.48049149   0.30041580  -1.27845225  -0.33657114   1.94102829   0.78654946   0.40134835   1.60601995  -1.27651760
  0.48166459   0.29772489  -1.27810299  -0.33486332   1.93828216   0.78817687   0.40097233   1.60537722  -1.27935353
  0.48285045   0.29502876  -1.27774175  -0.33315011   1.93552109   0.78981113   0.40060868   1.60473406  -1.28221656
  0.48404903   0.29232802  -1.27736842  -0.33143276   1.93274529   0.79145239   0.40025663   1.60409032  -1.28510563
  0.48526030   0.28962329  -1.27698294  -0.32971221   1.92995525   0.79310044   0.39991573   1.60344603  -1.28801991
  0.48648422   0.28691521  -1.27658506  -0.32798990   1.92715041   0.79475638   0.39958445   1.60280072  -1.29095817
  0.48772077   0.28420441  -1.27617457  -0.32626757   1.92433033   0.79642154   0.39926109   1.60215355  -1.29391901
  0.48896987   0.28149150  -1.27575142  -0.32454650   1.92149536   0.79809579   0.39894462   1.60150443  -1.29690116
  0.49023147   0.27877699  -1.27531565  -0.32282748   1.91864620   0.79977790   0.39863444   1.60085418  -1.29990351
  0.49150546   0.27606134  -1.27486736  -0.32111037   1.91578342   0.80146622   0.39833064   1.60020434  -1.30292550
  0.49279177   0.27334504  -1.27440664  -0.31939489   1.91290760   0.80315962   0.39803344   1.59955605  -1.30596690
  0.49409028   0.27062850  -1.27393358  -0.31767959   1.91002099   0.80485458   0.39774303   1.59891141  -1.30902790
  0.49540082   0.26791189  -1.27344876  -0.31596119   1.90712645   0.80654491   0.39746221   1.59827511  -1.31210965
  0.49672319   0.26519507  -1.27295326  -0.31423629   1.90422555   0.80822451   0.39719558   1.59765316  -1.31521313
  0.49805710   0.26247783  -1.27244820  -0.31250269   1.90131955   0.80988815   0.39694591   1.59705062  -1.31833809
  0.49940215   0.25976001  -1.27193476  -0.31075959   1.89840988   0.81153202   0.39671366   1.59647058  -1.32148302
  0.50075791   0.25704169  -1.27141355  -0.30900759   1.89549758   0.81315564   0.39649606   1.59591267  -1.32464584
  0.50212393   0.25432332  -1.27088438  -0.30724824   1.89258262   0.81476293   0.39628732   1.59537271  -1.32782459
  0.50349990   0.25160565  -1.27034716  -0.30548460   1.88966520   0.81636002   0.39608306   1.59484421  -1.33101778
  0.50488565   0.24888961  -1.26980173  -0.30371975   1.88674635   0.81795177   0.39588036   1.59432122  -1.33422439
  0.50628108   0.24617622  -1.26924762  -0.30195710   1.88382640   0.81954279   0.39567663   1.59379856  -1.33744325
  0.50768618   0.24346652  -1.26868412  -0.30019917   1.88090517   0.82113656   0.39547064   1.59327278  -1.34067381
  0.50910097   0.24076162  -1.26811036  -0.29844793   1.87798222   0.82273593   0.39526236   1.59274146  -1.34391612
  0.51052549   0.23806257  -1.26752541  -0.29670349   1.87505828   0.82434034   0.39505410   1.59220494  -1.34717136
  0.51195984   0.23537030  -1.26692837  -0.29496455   1.87213323   0.82594837   0.39485004   1.59166564  -1.35044161
  0.51340421   0.23268572  -1.26631840  -0.29323015   1.86920654   0.82755899   0.39465253   1.59112578  -1.35372822
  0.51485888   0.23000954  -1.26569514  -0.29149946   1.86627850   0.82916926   0.39446363   1.59058873  -1.35703171
  0.51632415   0.22734233  -1.26505874  -0.28977233   1.86334920   0.83077631   0.39428503   1.59005800  -1.36035177
  0.51780036   0.22468464  -1.26440939  -0.28804906   1.86041861   0.83237834   0.39411648   1.58953588  -1.36368750
  0.51928778   0.22203692  -1.26374750  -0.28632883   1.85748729   0.83397316   0.39395867   1.58902492  -1.36703879
  0.52078663   0.21939938  -1.26307381  -0.28461008   1.85455582   0.83555800   0.39381316   1.58852846  -1.37040588
  0.52229709   0.21677218  -1.26238945  -0.28289233   1.85162479   0.83713070   0.39368084   1.58804908  -1.37378801
  0.52381931   0.21415538  -1.26169581  -0.28117656   1.84869463   0.83869036   0.39356018   1.58758778  -1.37718297
  0.52535333   0.21154904  -1.26099425  -0.27946431   1.84576650   0.84023602   0.39344806   1.58714448  -1.38058785
  0.52689911   0.20895330  -1.26028604  -0.27775745   1.84284176   0.84176728   0.39334149   1.58671835  -1.38399989
  0.52845656   0.20636843  -1.25957220  -0.27605820   1.83992133   0.84328511   0.39323744   1.58630746  -1.38741652
  0.53002549   0.20379481  -1.25885344  -0.27436777   1.83700633   0.84479070   0.39313473   1.58590989  -1.39083669
  0.53160568   0.20123293  -1.25813022  -0.27268630   1.83409807   0.84628531   0.39303469   1.58552408  -1.39426095
  0.53319689   0.19868344  -1.25740270  -0.27101426   1.83119708   0.84777177   0.39293902   1.58514764  -1.39769029
  0.53479882   0.19614711  -1.25667047  -0.26935241   1.82830295   0.84925430   0.39284740   1.58477713  -1.40112538
  0.53641122   0.19362473  -1.25593283  -0.26770074   1.82541521   0.85073572   0.39276046   1.58441072  -1.40456731
  0.53803386   0.19111701  -1.25518919  -0.26605886   1.82253348   0.85221713   0.39268014   1.58404834  -1.40801726
  0.53966659   0.18862459  -1.25443914  -0.26442738   1.81965761   0.85369875   0.39260747   1.58369033  -1.41147516
  0.54130926   0.18614807  -1.25368247  -0.26280752   1.81678777   0.85518001   0.39254242   1.58333717  -1.41494002
  0.54296171   0.18368801  -1.25291909  -0.26120048   1.81392449   0.85665971   0.39248457   1.58298956  -1.41841053
  0.54462374   0.18124487  -1.25214903  -0.25960673   1.81106901   0.85813583   0.39243450   1.58264870  -1.42188593
  0.54629514   0.17881908  -1.25137241  -0.25802653   1.80822204   0.85960699   0.39239317   1.58231574  -1.42536571
  0.54797562   0.17641104  -1.25058928  -0.25646075   1.80538371   0.86107304   0.39235933   1.58199068  -1.42884855
  0.54966494   0.17402108  -1.24979982  -0.25491038   1.80255448   0.86253331   0.39233123   1.58167353  -1.43233274
  0.55136280   0.17164958  -1.24900418  -0.25337631   1.79973464   0.86398814   0.39230725   1.58136359  -1.43581698
  0.55306888   0.16929700  -1.24820197  -0.25185865   1.79692393   0.86543902   0.39228424   1.58105914  -1.43930050
  0.55478288   0.16696367  -1.24739279  -0.25035613   1.79412207   0.86688600   0.39226160   1.58076053  -1.44278366
  0.55650454   0.16464977  -1.24657647  -0.24886623   1.79132956   0.86832666   0.39224069   1.58047034  -1.44626744
  0.55823362   0.16235525  -1.24575333  -0.24738610   1.78854875   0.86975574   0.39222271   1.58019216  -1.44975226
  0.55996996   0.16008020  -1.24492400  -0.24591509   1.78578112   0.87117157   0.39220748   1.57992663  -1.45323770
  0.56171349   0.15782482  -1.24408935  -0.24445349   1.78302794   0.87257488   0.39219549   1.57967258  -1.45672369
  0.56346410   0.15558951  -1.24325001  -0.24300270   1.78028980   0.87396882   0.39218525   1.57942656  -1.46020969
  0.56522174   0.15337480  -1.24240649  -0.24156516   1.77756669   0.87535837   0.39217478   1.57918371  -1.46369494
  0.56698628   0.15118128  -1.24155910  -0.24014325   1.77485879   0.87674798   0.39216256   1.57893959  -1.46717885
  0.56875754   0.14900960  -1.24070721  -0.23873781   1.77216640   0.87813976   0.39214651   1.57869139  -1.47066128
  0.57053541   0.14686041  -1.23984999  -0.23735080   1.76948877   0.87953609   0.39212270   1.57843632  -1.47414081
  0.57231982   0.14473434  -1.23898688  -0.23598349   1.76682593   0.88093735   0.39209094   1.57817390  -1.47761698
  0.57411071   0.14263201  -1.23811718  -0.23463636   1.76417750   0.88234358   0.39205234   1.57790469  -1.48109003
  0.57590803   0.14055390  -1.23724032  -0.23330904   1.76154339   0.88375338   0.39200965   1.57763089  -1.48456072
  0.57771172   0.13850038  -1.23635592  -0.23200114   1.75892348   0.88516464   0.39196491   1.57735524  -1.48802924
  0.57952169   0.13647160  -1.23546372  -0.23071122   1.75631779   0.88657437   0.39192073   1.57708139  -1.49149620
  0.58133779   0.13446759  -1.23456374  -0.22943722   1.75372648   0.88797944   0.39188052   1.57681338  -1.49496260
  0.58315988   0.13248827  -1.23365647  -0.22817782   1.75114997   0.88937734   0.39184658   1.57655419  -1.49842867
  0.58498780   0.13053350  -1.23274271  -0.22693276   1.74858908   0.89076609   0.39181926   1.57630537  -1.50189349
  0.58682135   0.12860319  -1.23182336  -0.22570276   1.74604436   0.89214569   0.39179635   1.57606609  -1.50535533
  0.58866037   0.12669728  -1.23089936  -0.22448953   1.74351606   0.89351757   0.39177426   1.57583397  -1.50881177
  0.59050460   0.12481576  -1.22997154  -0.22329496   1.74100451   0.89488375   0.39174886   1.57560574  -1.51226045
  0.59235375   0.12295864  -1.22904065  -0.22212011   1.73851055   0.89624498   0.39171861   1.57537967  -1.51569999
  0.59420751   0.12112590  -1.22810725  -0.22096572   1.73603508   0.89760080   0.39168302   1.57515530  -1.51912924
  0.59606550   0.11931752  -1.22717178  -0.21983194   1.73357914   0.89894999   0.39164276   1.57493306  -1.52254759
  0.59792731   0.11753347  -1.22623459  -0.21871813   1.73114428   0.90029051   0.39160007   1.57471423  -1.52595527
  0.59979253   0.11577374  -1.22529581  -0.21762380   1.72873119   0.90162126   0.39155639   1.57449968  -1.52935238
  0.60166071   0.11403833  -1.22435536  -0.21654811   1.72633994   0.90294192   0.39151296   1.57428997  -1.53273931
  0.60353133   0.11232715  -1.22341282  -0.21548844   1.72397087   0.90425101   0.39147211   1.57408684  -1.53611774
  0.60540390   0.11064005  -1.22246792  -0.21444116   1.72162486   0.90554571   0.39143861   1.57389369  -1.53949029
  0.60727791   0.10897671  -1.22152077  -0.21340367   1.71930276   0.90682252   0.39141639   1.57371432  -1.54285825
  0.60915284   0.10733667  -1.22057170  -0.21237440   1.71700516   0.90807804   0.39140691   1.57355175  -1.54622128
  0.61102816   0.10571950  -1.21962105  -0.21135346   1.71473201   0.90931110   0.39140740   1.57340601  -1.54957727
  0.61290339   0.10412487  -1.21866945  -0.21034148   1.71248340   0.91052234   0.39141542   1.57327558  -1.55292451
  0.61477814   0.10255257  -1.21771766  -0.20933976   1.71025940   0.91171420   0.39142806   1.57315716  -1.55626136
  0.61665201   0.10100248  -1.21676634  -0.20835025   1.70806002   0.91289007   0.39144105   1.57304614  -1.55958575
  0.61852464   0.09947459  -1.21581574  -0.20737371   1.70588508   0.91405337   0.39145187   1.57293859  -1.56289717
  0.62039567   0.09796897  -1.21486562  -0.20641121   1.70373334   0.91520850   0.39145705   1.57283017  -1.56619490
  0.62226482   0.09648571  -1.21391597  -0.20546435   1.70160408   0.91635838   0.39145470   1.57271795  -1.56947797
  0.62413182   0.09502487  -1.21296648  -0.20453365   1.69949713   0.91750372   0.39144395   1.57260092  -1.57274597
  0.62599648   0.09358645  -1.21201692  -0.20361957   1.69741223   0.91864413   0.39142512   1.57247954  -1.57599849
  0.62785864   0.09217042  -1.21106695  -0.20272212   1.69534903   0.91977847   0.39139865   1.57235508  -1.57923519
  0.62971810   0.09077676  -1.21011594  -0.20184076   1.69330641   0.92090665   0.39136426   1.57222827  -1.58245616
  0.63157471   0.08940536  -1.20916322  -0.20097316   1.69128357   0.92202783   0.39132431   1.57210125  -1.58566324
  0.63342828   0.08805603  -1.20820817  -0.20011552   1.68928031   0.92313963   0.39128322   1.57197788  -1.58885937
  0.63527863   0.08672839  -1.20725073  -0.19926387   1.68729727   0.92423815   0.39124690   1.57186332  -1.59204754
  0.63712557   0.08542191  -1.20629138  -0.19841535   1.68533529   0.92531932   0.39122039   1.57176244  -1.59522938
  0.63896879   0.08413588  -1.20533074  -0.19756774   1.68339508   0.92637929   0.39120578   1.57167890  -1.59840507
  0.64080798   0.08286960  -1.20436923  -0.19672066   1.68147667   0.92741642   0.39119892   1.57161244  -1.60157245
  0.64264288   0.08162248  -1.20340755  -0.19587467   1.67958017   0.92842965   0.39119634   1.57156248  -1.60472911
  0.64447331   0.08039397  -1.20244647  -0.19503056   1.67770600   0.92941837   0.39119498   1.57152798  -1.60787292
  0.64629913   0.07918376  -1.20148659  -0.19418952   1.67585430   0.93038430   0.39119007   1.57150534  -1.61100193
  0.64812029   0.07799175  -1.20052868  -0.19335301   1.67402517   0.93133095   0.39117935   1.57149048  -1.61411534
  0.64993675   0.07681799  -1.19957318  -0.19252213   1.67221876   0.93226219   0.39116092   1.57147908  -1.61721307
  0.65174848   0.07566264  -1.19862010  -0.19169686   1.67043576   0.93317993   0.39113509   1.57146887  -1.62029613
  0.65355552   0.07452589  -1.19766940  -0.19087868   1.66867603   0.93408613   0.39110088   1.57145774  -1.62336412
  0.65535800   0.07340796  -1.19672106  -0.19006968   1.66693918   0.93498241   0.39105733   1.57144411  -1.62641605
  0.65715600   0.07230907  -1.19577492  -0.18927170   1.66522476   0.93587021   0.39100329   1.57142651  -1.62945104
  0.65894954   0.07122944  -1.19483045  -0.18848497   1.66353258   0.93674974   0.39093913   1.57140494  -1.63246944
  0.66073862   0.07016928  -1.19388650  -0.18770839   1.66186127   0.93762223   0.39086498   1.57137924  -1.63547268
  0.66252326   0.06912879  -1.19294161  -0.18693927   1.66020948   0.93848817   0.39078186   1.57135025  -1.63846338
  0.66430354   0.06810809  -1.19199432  -0.18617568   1.65857566   0.93934870   0.39068729   1.57131701  -1.64144285
  0.66607969   0.06710729  -1.19104338  -0.18541466   1.65695843   0.94020409   0.39058253   1.57128076  -1.64441393
  0.66785205   0.06612633  -1.19008818  -0.18465329   1.65535711   0.94105278   0.39047157   1.57124508  -1.64737956
  0.66962114   0.06516501  -1.18912887  -0.18389130   1.65377107   0.94189322   0.39035529   1.57121235  -1.65033983
  0.67138754   0.06422304  -1.18816631  -0.18312987   1.65220027   0.94272379   0.39023337   1.57118418  -1.65329338
  0.67315179   0.06330011  -1.18720161  -0.18237035   1.65064487   0.94354334   0.39010509   1.57116146  -1.65623866
  0.67491436   0.06239590  -1.18623586  -0.18161440   1.64910480   0.94435252   0.38996781   1.57114285  -1.65917379
  0.67667565   0.06151019  -1.18527017  -0.18086380   1.64758004   0.94515335   0.38981809   1.57112536  -1.66209704
  0.67843597   0.06064284  -1.18430550  -0.18011878   1.64607134   0.94594708   0.38965620   1.57110755  -1.66500872
  0.68019558   0.05979373  -1.18334276  -0.17937873   1.64457985   0.94673387   0.38948533   1.57108984  -1.66791031
  0.68195465   0.05896269  -1.18238252  -0.17864300   1.64310643   0.94751321   0.38930830   1.57107322  -1.67080298
  0.68371329   0.05814959  -1.18142502  -0.17791194   1.64165112   0.94828497   0.38912473   1.57105756  -1.67368637
  0.68547157   0.05735424  -1.18047058  -0.17718657   1.64021420   0.94904822   0.38893382   1.57104309  -1.67655927
  0.68722952   0.05657647  -1.17951951  -0.17646826   1.63879570   0.94980257   0.38873415   1.57102943  -1.67942020
  0.68898710   0.05581615  -1.17857204  -0.17575856   1.63739527   0.95054882   0.38852365   1.57101520  -1.68226758
  0.69074420   0.05507319  -1.17762829  -0.17505868   1.63601250   0.95128812   0.38830071   1.57099887  -1.68510031
  0.69250066   0.05434750  -1.17668805  -0.17436848   1.63464706   0.95202133   0.38806487   1.57097952  -1.68791852
  0.69425631   0.05363900  -1.17575122  -0.17368835   1.63329834   0.95274974   0.38781588   1.57095620  -1.69072209
  0.69601099   0.05294759  -1.17481803  -0.17301878   1.63196649   0.95347380   0.38755431   1.57092849  -1.69351082
  0.69776447   0.05227316  -1.17388853  -0.17235985   1.63065182   0.95419385   0.38728055   1.57089578  -1.69628480
  0.69951648   0.05161561  -1.17296247  -0.17171026   1.62935458   0.95490989   0.38699676   1.57085855  -1.69904547
  0.70126666   0.05097478  -1.17203927  -0.17106734   1.62807505   0.95562059   0.38670661   1.57081893  -1.70179537
  0.70301463   0.05035040  -1.17111814  -0.17042793   1.62681328   0.95632376   0.38641359   1.57077990  -1.70453697
  0.70476005   0.04974210  -1.17019814  -0.16979051   1.62556747   0.95701950   0.38611613   1.57074168  -1.70727053
  0.70650265   0.04914945  -1.16927875  -0.16915589   1.62433524   0.95770982   0.38580862   1.57070158  -1.70999389
  0.70824226   0.04857204  -1.16836022  -0.16852608   1.62311554   0.95839596   0.38548610   1.57065693  -1.71270411
  0.70997874   0.04800946  -1.16744304  -0.16790165   1.62190982   0.95907593   0.38514714   1.57060745  -1.71539976
  0.71171194   0.04746143  -1.16652768  -0.16728244   1.62071923   0.95974829   0.38479327   1.57055401  -1.71808095
  0.71344172   0.04692770  -1.16561433  -0.16666755   1.61954445   0.96041209   0.38442691   1.57049776  -1.72074868
  0.71516795   0.04640807  -1.16470313  -0.16605631   1.61838591   0.96106689   0.38404984   1.57043937  -1.72340373
  0.71689049   0.04590241  -1.16379398  -0.16544846   1.61724368   0.96171316   0.38366155   1.57037788  -1.72604626
  0.71860927   0.04541068  -1.16288680  -0.16484448   1.61611721   0.96235290   0.38326012   1.57031091  -1.72867583
  0.72032422   0.04493284  -1.16198179  -0.16424531   1.61500609   0.96298806   0.38284513   1.57023681  -1.73129207
  0.72203530   0.04446884  -1.16107930  -0.16365135   1.61391093   0.96361859   0.38241850   1.57015593  -1.73389527
  0.72374244   0.04401861  -1.16017945  -0.16306214   1.61283257   0.96424338   0.38198317   1.57006978  -1.73648644
  0.72544551   0.04358208  -1.15928207  -0.16247656   1.61177155   0.96486102   0.38154249   1.56998051  -1.73906705
  0.72714443   0.04315914  -1.15838691  -0.16189388   1.61072794   0.96547037   0.38109850   1.56988984  -1.74163800
  0.72883908   0.04274972  -1.15749350  -0.16131375   1.60970132   0.96607104   0.38065033   1.56979780  -1.74419921
  0.73052941   0.04235374  -1.15660122  -0.16073618   1.60869054   0.96666399   0.38019565   1.56970317  -1.74675021
  0.73221542   0.04197110  -1.15570998  -0.16016183   1.60769469   0.96724973   0.37973372   1.56960582  -1.74929038
  0.73389719   0.04160166  -1.15482004  -0.15959118   1.60671385   0.96782742   0.37926522   1.56950675  -1.75181933
  0.73557475   0.04124521  -1.15393155  -0.15902402   1.60574831   0.96839596   0.37879109   1.56940712  -1.75433721
  0.73724812   0.04090162  -1.15304455  -0.15846010   1.60479766   0.96895563   0.37831120   1.56930684  -1.75684410
  0.73891733   0.04057071  -1.15215909  -0.15789972   1.60386103   0.96950795   0.37782405   1.56920449  -1.75933961
  0.74058243   0.04025235  -1.15127536  -0.15734332   1.60293753   0.97005494   0.37732850   1.56909847  -1.76182336
  0.74224346   0.03994638  -1.15039345  -0.15679060   1.60202666   0.97059758   0.37682468   1.56898822  -1.76429578
  0.74390048   0.03965263  -1.14951350  -0.15624143   1.60112789   0.97113690   0.37631294   1.56887340  -1.76675719
  0.74555357   0.03937093  -1.14863586  -0.15569610   1.60024113   0.97167319   0.37579397   1.56875414  -1.76920760
  0.74720279   0.03910106  -1.14776090  -0.15515496   1.59936661   0.97220617   0.37526824   1.56863071  -1.77164679
  0.74884818   0.03884286  -1.14688879  -0.15461810   1.59850455   0.97273545   0.37473587   1.56850327  -1.77407464
  0.75048972   0.03859616  -1.14601932  -0.15408465   1.59765496   0.97326046   0.37419768   1.56837249  -1.77649196
  0.75212740   0.03836084  -1.14515216  -0.15355403   1.59681722   0.97378161   0.37365355   1.56823824  -1.77889922
  0.75376125   0.03813677  -1.14428708  -0.15302618   1.59599043   0.97429993   0.37310304   1.56809997  -1.78129658
  0.75539131   0.03792382  -1.14342388  -0.15250068   1.59517407   0.97481547   0.37254659   1.56795812  -1.78368450
  0.75701766   0.03772180  -1.14256253  -0.15197754   1.59436785   0.97532761   0.37198456   1.56781357  -1.78606297
  0.75864037   0.03753050  -1.14170306  -0.15145663   1.59357178   0.97583517   0.37141749   1.56766755  -1.78843200
  0.76025956   0.03734965  -1.14084570  -0.15093795   1.59278621   0.97633636   0.37084621   1.56752177  -1.79079144
  0.76187534   0.03717901  -1.13999082  -0.15042136   1.59201182   0.97682925   0.37027196   1.56737800  -1.79314135
  0.76348782   0.03701832  -1.13913886  -0.14990657   1.59124935   0.97731234   0.36969612   1.56723765  -1.79548200
  0.76509712   0.03686736  -1.13829031  -0.14939358   1.59049959   0.97778438   0.36911954   1.56710167  -1.79781338
  0.76670333   0.03672591  -1.13744566  -0.14888247   1.58976324   0.97824446   0.36854283   1.56697063  -1.80013537
  0.76830651   0.03659380  -1.13660532  -0.14837350   1.58904080   0.97869232   0.36796567   1.56684422  -1.80244761
  0.76990666   0.03647090  -1.13576939  -0.14786662   1.58833246   0.97912829   0.36738702   1.56672135  -1.80474992
  0.77150380   0.03635714  -1.13493782  -0.14736118   1.58763827   0.97955261   0.36680736   1.56660187  -1.80704299
  0.77309793   0.03625245  -1.13411046  -0.14685690   1.58695804   0.97996561   0.36622666   1.56648551  -1.80932716
  0.77468907   0.03615675  -1.13328725  -0.14635347   1.58629196   0.98036672   0.36564562   1.56637286  -1.81160282
  0.77627724   0.03606998  -1.13246818  -0.14585107   1.58564003   0.98075577   0.36506432   1.56626409  -1.81386992
  0.77786250   0.03599209  -1.13165322  -0.14535008   1.58500196   0.98113314   0.36448217   1.56615875  -1.81612815
  0.77944484   0.03592303  -1.13084222  -0.14485051   1.58437754   0.98149906   0.36389865   1.56605645  -1.81837745
  0.78102429   0.03586277  -1.13003494  -0.14435264   1.58376613   0.98185451   0.36331218   1.56595591  -1.82061741
  0.78260085   0.03581131  -1.12923121  -0.14385695   1.58316672   0.98220127   0.36272152   1.56585568  -1.82284772
  0.78417455   0.03576863  -1.12843076  -0.14336328   1.58257866   0.98254032   0.36212658   1.56575527  -1.82506875
  0.78574545   0.03573470  -1.12763352  -0.14287119   1.58200193   0.98287136   0.36152884   1.56565562  -1.82728131
  0.78731361   0.03570942  -1.12683956  -0.14238006   1.58143706   0.98319309   0.36093039   1.56555847  -1.82948630
  0.78887910   0.03569257  -1.12604891  -0.14188909   1.58088424   0.98350422   0.36033272   1.56546547  -1.83168449
  0.79044199   0.03568391  -1.12526170  -0.14139803   1.58034375   0.98380319   0.35973628   1.56537796  -1.83387586
  0.79200235   0.03568319  -1.12447804  -0.14090720   1.57981563   0.98408928   0.35913961   1.56529573  -1.83605958
  0.79356023   0.03569026  -1.12369791  -0.14041706   1.57929947   0.98436315   0.35854045   1.56521729  -1.83823476
  0.79511566   0.03570502  -1.12292111  -0.13992719   1.57879509   0.98462524   0.35793763   1.56514156  -1.84040155
  0.79666865   0.03572744  -1.12214718  -0.13943659   1.57830201   0.98487650   0.35733054   1.56506745  -1.84256078
  0.79821921   0.03575755  -1.12137562  -0.13894394   1.57781989   0.98511747   0.35671983   1.56499481  -1.84471392
  0.79976741   0.03579538  -1.12060605  -0.13844878   1.57734792   0.98534943   0.35610550   1.56492297  -1.84686170
  0.80131337   0.03584097  -1.11983821  -0.13795094   1.57688569   0.98557297   0.35548759   1.56485164  -1.84900459
  0.80285718   0.03589435  -1.11907189  -0.13745011   1.57643317   0.98578792   0.35486624   1.56478096  -1.85114301
  0.80439894   0.03595554  -1.11830675  -0.13694605   1.57598994   0.98599455   0.35424102   1.56471068  -1.85327724
  0.80593875   0.03602455  -1.11754249  -0.13643848   1.57555571   0.98619270   0.35361171   1.56464088  -1.85540758
  0.80747678   0.03610141  -1.11677892  -0.13592780   1.57512996   0.98638263   0.35297745   1.56457131  -1.85753369
  0.80901317   0.03618611  -1.11601605  -0.13541457   1.57471242   0.98656436   0.35233768   1.56450192  -1.85965515
  0.81054814   0.03627866  -1.11525407  -0.13489954   1.57430317   0.98673763   0.35169196   1.56443274  -1.86177138
  0.81208185   0.03637905  -1.11449330  -0.13438336   1.57390266   0.98690196   0.35104013   1.56436389  -1.86388188
  0.81361446   0.03648724  -1.11373419  -0.13386634   1.57351189   0.98705626   0.35038266   1.56429585  -1.86598650
  0.81514610   0.03660324  -1.11297712  -0.13334855   1.57313168   0.98719989   0.34972050   1.56422914  -1.86808541
  0.81667685   0.03672703  -1.11222225  -0.13282995   1.57276220   0.98733314   0.34905423   1.56416366  -1.87017899
  0.81820680   0.03685865  -1.11146969  -0.13231075   1.57240341   0.98745645   0.34838396   1.56409912  -1.87226725
  0.81973603   0.03699807  -1.11071959  -0.13179152   1.57205535   0.98757012   0.34770924   1.56403503  -1.87434979
  0.82126461   0.03714528  -1.10997219  -0.13127291   1.57171825   0.98767426   0.34702951   1.56397087  -1.87642603
  0.82279259   0.03730026  -1.10922769  -0.13075543   1.57139255   0.98776861   0.34634477   1.56390654  -1.87849565
  0.82432000   0.03746301  -1.10848628  -0.13023950   1.57107861   0.98785308   0.34565504   1.56384190  -1.88055839
  0.82584685   0.03763354  -1.10774797  -0.12972565   1.57077610   0.98792862   0.34495987   1.56377609  -1.88261396
  0.82737312   0.03781189  -1.10701260  -0.12921386   1.57048476   0.98799595   0.34425939   1.56370869  -1.88466263
  0.82889880   0.03799806  -1.10627996  -0.12870380   1.57020456   0.98805503   0.34355450   1.56364008  -1.88670501
  0.83042383   0.03819207  -1.10554986  -0.12819517   1.56993527   0.98810594   0.34284629   1.56357088  -1.88874173
  0.83194817   0.03839387  -1.10482213  -0.12768799   1.56967637   0.98814907   0.34213540   1.56350143  -1.89077304
  0.83347175   0.03860341  -1.10409659  -0.12718266   1.56942695   0.98818546   0.34142154   1.56343136  -1.89279871
  0.83499452   0.03882063  -1.10337322  -0.12667967   1.56918630   0.98821598   0.34070417   1.56336014  -1.89481828
  0.83651638   0.03904539  -1.10265208  -0.12617935   1.56895416   0.98824093   0.33998291   1.56328748  -1.89683134
  0.83803723   0.03927757  -1.10193323  -0.12568170   1.56873055   0.98826020   0.33925805   1.56321353  -1.89883782
  0.83955694   0.03951704  -1.10121669  -0.12518666   1.56851537   0.98827389   0.33852986   1.56313834  -1.90083777
  0.84107543   0.03976364  -1.10050255  -0.12469400   1.56830871   0.98828169   0.33779916   1.56306245  -1.90283143
  0.84259257   0.04001723  -1.09979090  -0.12420365   1.56811062   0.98828338   0.33706679   1.56298647  -1.90481896
  0.84410829   0.04027765  -1.09908183  -0.12371569   1.56792092   0.98827904   0.33633295   1.56291050  -1.90680024
  0.84562248   0.04054475  -1.09837539  -0.12323051   1.56773903   0.98826948   0.33559717   1.56283401  -1.90877483
  0.84713506   0.04081835  -1.09767169  -0.12274854   1.56756443   0.98825542   0.33485887   1.56275642  -1.91074220
  0.84864591   0.04109828  -1.09697091  -0.12227012   1.56739678   0.98823742   0.33411784   1.56267737  -1.91270194
  0.85015490   0.04138433  -1.09627325  -0.12179531   1.56723613   0.98821550   0.33337428   1.56259688  -1.91465386
  0.85166187   0.04167631  -1.09557888  -0.12132400   1.56708267   0.98818937   0.33262886   1.56251535  -1.91659802
  0.85316667   0.04197404  -1.09488790  -0.12085614   1.56693635   0.98815907   0.33188200   1.56243293  -1.91853440
  0.85466916   0.04227733  -1.09420037  -0.12039173   1.56679709   0.98812459   0.33113415   1.56234987  -1.92046299
  0.85616918   0.04258602  -1.09351635  -0.11993094   1.56666446   0.98808639   0.33038561   1.56226625  -1.92238368
  0.85766661   0.04289994  -1.09283589  -0.11947403   1.56653797   0.98804508   0.32963651   1.56218197  -1.92429623
  0.85916130   0.04321890  -1.09215909  -0.11902129   1.56641716   0.98800120   0.32888693   1.56209695  -1.92620036
  0.86065308   0.04354272  -1.09148607  -0.11857295   1.56630175   0.98795495   0.32813706   1.56201134  -1.92809579
  0.86214181   0.04387118  -1.09081696  -0.11812916   1.56619174   0.98790617   0.32738723   1.56192544  -1.92998227
  0.86362731   0.04420408  -1.09015191  -0.11769002   1.56608703   0.98785489   0.32663754   1.56183932  -1.93185957
  0.86510942   0.04454123  -1.08949103  -0.11725562   1.56598752   0.98780116   0.32588816   1.56175305  -1.93372748
  0.86658798   0.04488243  -1.08883444  -0.11682586   1.56589331   0.98774481   0.32513934   1.56166678  -1.93558591
  0.86806279   0.04522748  -1.08818219  -0.11640059   1.56580436   0.98768586   0.32439114   1.56158041  -1.93743478
  0.86953369   0.04557619  -1.08753433  -0.11597964   1.56572058   0.98762441   0.32364380   1.56149397  -1.93927414
  0.87100051   0.04592841  -1.08689083  -0.11556293   1.56564162   0.98756094   0.32289745   1.56140729  -1.94110396
  0.87246307   0.04628395  -1.08625173  -0.11515042   1.56556720   0.98749575   0.32215219   1.56132029  -1.94292419
  0.87392120   0.04664263  -1.08561706  -0.11474197   1.56549725   0.98742879   0.32140839   1.56123321  -1.94473482
  0.87537474   0.04700428  -1.08498685  -0.11433746   1.56543177   0.98735986   0.32066632   1.56114627  -1.94653583
  0.87682351   0.04736870  -1.08436114  -0.11393693   1.56537057   0.98728905   0.31992601   1.56105952  -1.94832703
  0.87826734   0.04773574  -1.08373995  -0.11354050   1.56531340   0.98721651   0.31918752   1.56097299  -1.95010818
  0.87970608   0.04810521  -1.08312335  -0.11314821   1.56526013   0.98714226   0.31845101   1.56088686  -1.95187915
  0.88113957   0.04847694  -1.08251135  -0.11276003   1.56521061   0.98706639   0.31771651   1.56080107  -1.95363978
  0.88256763   0.04885078  -1.08190398  -0.11237588   1.56516475   0.98698901   0.31698403   1.56071551  -1.95539000
  0.88399012   0.04922655  -1.08130126  -0.11199558   1.56512255   0.98691007   0.31625370   1.56063022  -1.95712980
  0.88540686   0.04960410  -1.08070318  -0.11161895   1.56508403   0.98682947   0.31552570   1.56054523  -1.95885921
  0.88681770   0.04998329  -1.08010974  -0.11124581   1.56504915   0.98674723   0.31480008   1.56046052  -1.96057822
  0.88822250   0.05036397  -1.07952091  -0.11087607   1.56501774   0.98666353   0.31407691   1.56037597  -1.96228682
  0.88962111   0.05074601  -1.07893665  -0.11050967   1.56498958   0.98657864   0.31335622   1.56029148  -1.96398498
  0.89101340   0.05112928  -1.07835694  -0.11014655   1.56496454   0.98649265   0.31263808   1.56020703  -1.96567265
  0.89239925   0.05151365  -1.07778174  -0.10978657   1.56494259   0.98640550   0.31192263   1.56012270  -1.96734987
  0.89377854   0.05189902  -1.07721100  -0.10942972   1.56492354   0.98631742   0.31120982   1.56003832  -1.96901659
  0.89515116   0.05228527  -1.07664466  -0.10907593   1.56490720   0.98622863   0.31049955   1.55995371  -1.97067277
  0.89651701   0.05267231  -1.07608263  -0.10872510   1.56489350   0.98613916   0.30979185   1.55986883  -1.97231844
  0.89787600   0.05306003  -1.07552489  -0.10837715   1.56488241   0.98604894   0.30908685   1.55978377  -1.97395363
  0.89922806   0.05344834  -1.07497139  -0.10803204   1.56487391   0.98595788   0.30838473   1.55969870  -1.97557837
  0.90057312   0.05383715  -1.07442212  -0.10768974   1.56486798   0.98586589   0.30768559   1.55961373  -1.97719265
  0.90191112   0.05422637  -1.07387707  -0.10735028   1.56486453   0.98577299   0.30698948   1.55952892  -1.97879644
  0.90324202   0.05461592  -1.07333622  -0.10701370   1.56486348   0.98567922   0.30629644   1.55944427  -1.98038969
  0.90456578   0.05500571  -1.07279956  -0.10667999   1.56486476   0.98558469   0.30560646   1.55935977  -1.98197239
  0.90588234   0.05539568  -1.07226709  -0.10634916   1.56486821   0.98548953   0.30491958   1.55927537  -1.98354453
  0.90719169   0.05578575  -1.07173878  -0.10602123   1.56487372   0.98539388   0.30423582   1.55919106  -1.98510611
  0.90849379   0.05617584  -1.07121463  -0.10569618   1.56488121   0.98529780   0.30355523   1.55910687  -1.98665715
  0.90978863   0.05656591  -1.07069463  -0.10537399   1.56489061   0.98520132   0.30287790   1.55902284  -1.98819769
  0.91107620   0.05695587  -1.07017879  -0.10505462   1.56490189   0.98510444   0.30220390   1.55893902  -1.98972775
  0.91235648   0.05734567  -1.06966709  -0.10473806   1.56491498   0.98500721   0.30153327   1.55885545  -1.99124738
  0.91362946   0.05773525  -1.06915952  -0.10442427   1.56492979   0.98490970   0.30086603   1.55877212  -1.99275661
  0.91489514   0.05812456  -1.06865605  -0.10411323   1.56494625   0.98481196   0.30020221   1.55868902  -1.99425549
  0.91615351   0.05851355  -1.06815668  -0.10380490   1.56496429   0.98471406   0.29954183   1.55860620  -1.99574407
  0.91740459   0.05890216  -1.06766138  -0.10349928   1.56498381   0.98461604   0.29888494   1.55852367  -1.99722237
  0.91864838   0.05929035  -1.06717013  -0.10319638   1.56500473   0.98451796   0.29823156   1.55844146  -1.99869044
  0.91988489   0.05967808  -1.06668293  -0.10289621   1.56502696   0.98441990   0.29758169   1.55835961  -2.00014828
  0.92111414   0.06006529  -1.06619976  -0.10259880   1.56505040   0.98432189   0.29693536   1.55827815  -2.00159592
  0.92233614   0.06045196  -1.06572062  -0.10230416   1.56507501   0.98422400   0.29629259   1.55819710  -2.00303337
  0.92355090   0.06083803  -1.06524551  -0.10201231   1.56510071   0.98412625   0.29565342   1.55811651  -2.00446067
  0.92475846   0.06122347  -1.06477444  -0.10172322   1.56512746   0.98402869   0.29501786   1.55803640  -2.00587787
  0.92595882   0.06160823  -1.06430738  -0.10143692   1.56515519   0.98393135   0.29438595   1.55795682  -2.00728499
  0.92715202   0.06199229  -1.06384436  -0.10115340   1.56518386   0.98383427   0.29375772   1.55787777  -2.00868207
  0.92833806   0.06237560  -1.06338535  -0.10087268   1.56521340   0.98373750   0.29313318   1.55779930  -2.01006915
  0.92951698   0.06275813  -1.06293035  -0.10059477   1.56524375   0.98364108   0.29251234   1.55772142  -2.01144625
  0.93068880   0.06313984  -1.06247938  -0.10031967   1.56527487   0.98354504   0.29189522   1.55764417  -2.01281340
  0.93185354   0.06352071  -1.06203241  -0.10004739   1.56530671   0.98344942   0.29128184   1.55756756  -2.01417063
  0.93301123   0.06390068  -1.06158946  -0.09977794   1.56533922   0.98335423   0.29067219   1.55749164  -2.01551799
  0.93416189   0.06427975  -1.06115051  -0.09951132   1.56537235   0.98325950   0.29006631   1.55741641  -2.01685549
  0.93530554   0.06465786  -1.06071557  -0.09924754   1.56540608   0.98316526   0.28946420   1.55734192  -2.01818317
  0.93644221   0.06503499  -1.06028463  -0.09898660   1.56544036   0.98307153   0.28886586   1.55726818  -2.01950107
  0.93757193   0.06541110  -1.05985769  -0.09872850   1.56547516   0.98297832   0.28827131   1.55719522  -2.02080921
  0.93869471   0.06578618  -1.05943475  -0.09847324   1.56551043   0.98288566   0.28768056   1.55712305  -2.02210763
  0.93981059   0.06616018  -1.05901581  -0.09822083   1.56554615   0.98279356   0.28709361   1.55705171  -2.02339636
  0.94091958   0.06653308  -1.05860086  -0.09797127   1.56558227   0.98270205   0.28651047   1.55698121  -2.02467543
  0.94202172   0.06690485  -1.05818990  -0.09772455   1.56561878   0.98261114   0.28593113   1.55691155  -2.02594488
  0.94311702   0.06727545  -1.05778293  -0.09748068   1.56565565   0.98252084   0.28535560   1.55684277  -2.02720473
  0.94420550   0.06764487  -1.05737994  -0.09723964   1.56569284   0.98243118   0.28478388   1.55677487  -2.02845504
  0.94528721   0.06801308  -1.05698093  -0.09700143   1.56573033   0.98234217   0.28421598   1.55670786  -2.02969582
  0.94636214   0.06838004  -1.05658588  -0.09676604   1.56576811   0.98225381   0.28365189   1.55664176  -2.03092713
  0.94743034   0.06874574  -1.05619479  -0.09653345   1.56580613   0.98216611   0.28309160   1.55657657  -2.03214901
  0.94849181   0.06911015  -1.05580765  -0.09630366   1.56584440   0.98207910   0.28253512   1.55651230  -2.03336148
  0.94954660   0.06947324  -1.05542444  -0.09607665   1.56588287   0.98199277   0.28198244   1.55644895  -2.03456460
  0.95059470   0.06983499  -1.05504515  -0.09585240   1.56592153   0.98190714   0.28143355   1.55638653  -2.03575840
  0.95163616   0.07019539  -1.05466977  -0.09563089   1.56596036   0.98182221   0.28088844   1.55632505  -2.03694294
  0.95267099   0.07055440  -1.05429828  -0.09541210   1.56599935   0.98173800   0.28034711   1.55626450  -2.03811826
  0.95369921   0.07091201  -1.05393066  -0.09519602   1.56603847   0.98165449   0.27980955   1.55620489  -2.03928440
  0.95472085   0.07126820  -1.05356690  -0.09498262   1.56607771   0.98157170   0.27927574   1.55614622  -2.04044141
  0.95573593   0.07162295  -1.05320696  -0.09477188   1.56611705   0.98148964   0.27874569   1.55608849  -2.04158933
