  0.41770023   0.46579962  -1.27410009  -0.43299997   2.09290024   0.69139928   0.43859997   1.64320016  -1.13520007
  0.41770038   0.46579937  -1.27410014  -0.43299996   2.09290033   0.69139892   0.43859993   1.64320022  -1.13520013
  0.41770095   0.46579850  -1.27410028  -0.43299993   2.09290033   0.69139815   0.43859978   1.64320024  -1.13520046
  0.41770227   0.46579658  -1.27410058  -0.43299981   2.09289984   0.69139724   0.43859934   1.64320009  -1.13520142
  0.41770472   0.46579309  -1.27410116  -0.43299939   2.09289835   0.69139653   0.43859841   1.64319970  -1.13520347
  0.41770875   0.46578747  -1.27410215  -0.43299832   2.09289530   0.69139640   0.43859670   1.64319909  -1.13520720
  0.41771479   0.46577909  -1.27410376  -0.43299617   2.09289004   0.69139732   0.43859395   1.64319829  -1.13521327
  0.41772332   0.46576725  -1.27410617  -0.43299249   2.09288188   0.69139978   0.43858985   1.64319732  -1.13522236
  0.41773482   0.46575119  -1.27410958  -0.43298679   2.09287007   0.69140431   0.43858409   1.64319617  -1.13523524
  0.41774981   0.46573007  -1.27411411  -0.43297841   2.09285379   0.69141148   0.43857639   1.64319477  -1.13525286
  0.41776888   0.46570298  -1.27411974  -0.43296661   2.09283216   0.69142182   0.43856647   1.64319307  -1.13527641
  0.41779268   0.46566896  -1.27412639  -0.43295057   2.09280426   0.69143581   0.43855389   1.64319106  -1.13530717
  0.41782200   0.46562699  -1.27413395  -0.43292955   2.09276915   0.69145387   0.43853818   1.64318874  -1.13534647
  0.41785766   0.46557602  -1.27414235  -0.43290289   2.09272588   0.69147642   0.43851879   1.64318607  -1.13539562
  0.41790058   0.46551504  -1.27415161  -0.43287003   2.09267356   0.69150388   0.43849524   1.64318300  -1.13545587
  0.41795171   0.46544303  -1.27416185  -0.43283052   2.09261135   0.69153663   0.43846709   1.64317947  -1.13552839
  0.41801199   0.46535907  -1.27417325  -0.43278395   2.09253840   0.69157514   0.43843396   1.64317543  -1.13561425
  0.41808234   0.46526228  -1.27418600  -0.43272984   2.09245379   0.69162005   0.43839551   1.64317081  -1.13571463
  0.41816368   0.46515185  -1.27420024  -0.43266764   2.09235658   0.69167193   0.43835135   1.64316573  -1.13583074
  0.41825694   0.46502692  -1.27421611  -0.43259671   2.09224542   0.69173190   0.43830087   1.64316024  -1.13596384
  0.41836314   0.46488608  -1.27423405  -0.43251595   2.09211706   0.69180369   0.43824294   1.64315394  -1.13611578
  0.41848346   0.46472706  -1.27425511  -0.43242335   2.09196788   0.69189102   0.43817611   1.64314699  -1.13628879
  0.41861924   0.46454661  -1.27428093  -0.43231632   2.09179467   0.69199634   0.43809905   1.64314008  -1.13648520
  0.41877194   0.46434077  -1.27431323  -0.43219228   2.09159441   0.69212145   0.43801057   1.64313357  -1.13670739
  0.41894305   0.46410513  -1.27435341  -0.43204911   2.09136399   0.69226799   0.43790949   1.64312712  -1.13695769
  0.41913412   0.46383510  -1.27440256  -0.43188498   2.09109980   0.69243822   0.43779433   1.64311983  -1.13723844
  0.41934661   0.46352619  -1.27446151  -0.43169825   2.09079847   0.69263393   0.43766351   1.64311089  -1.13755182
  0.41958186   0.46317444  -1.27453088  -0.43148745   2.09045725   0.69285636   0.43751568   1.64309956  -1.13789986
  0.41984099   0.46277679  -1.27461091  -0.43125164   2.09007446   0.69310585   0.43734994   1.64308510  -1.13828418
  0.42012490   0.46233136  -1.27470153  -0.43099045   2.08964982   0.69338150   0.43716593   1.64306700  -1.13870589
  0.42043423   0.46183716  -1.27480243  -0.43070369   2.08918246   0.69368403   0.43696331   1.64304441  -1.13916609
  0.42076951   0.46129372  -1.27491349  -0.43039086   2.08867136   0.69401469   0.43674159   1.64301706  -1.13966585
  0.42113117   0.46070087  -1.27503487  -0.43005116   2.08811583   0.69437433   0.43650030   1.64298536  -1.14020613
  0.42151959   0.46005855  -1.27516683  -0.42968372   2.08751556   0.69476336   0.43623917   1.64294993  -1.14078777
  0.42193512   0.45936678  -1.27530956  -0.42928794   2.08687047   0.69518195   0.43595812   1.64291118  -1.14141148
  0.42237819   0.45862530  -1.27546318  -0.42886330   2.08617934   0.69563189   0.43565675   1.64286888  -1.14207821
  0.42284925   0.45783344  -1.27562798  -0.42840901   2.08544071   0.69611488   0.43533443   1.64282304  -1.14278892
  0.42334881   0.45699022  -1.27580427  -0.42792412   2.08465354   0.69663172   0.43499070   1.64277381  -1.14354466
  0.42387736   0.45609470  -1.27599206  -0.42740802   2.08381752   0.69718218   0.43462536   1.64272113  -1.14434634
  0.42443532   0.45514619  -1.27619096  -0.42686070   2.08293329   0.69776484   0.43423853   1.64266470  -1.14519449
  0.42502307   0.45414424  -1.27640032  -0.42628236   2.08200039   0.69838009   0.43383014   1.64260352  -1.14608991
  0.42564094   0.45308840  -1.27661960  -0.42567275   2.08101804   0.69902862   0.43339979   1.64253709  -1.14703345
  0.42628930   0.45197818  -1.27684854  -0.42503119   2.07998529   0.69971127   0.43294699   1.64246538  -1.14802612
  0.42696855   0.45081283  -1.27708711  -0.42435657   2.07890034   0.70043022   0.43247111   1.64238810  -1.14906941
  0.42767919   0.44959130  -1.27733563  -0.42364738   2.07776220   0.70118637   0.43197181   1.64230542  -1.15016488
  0.42842179   0.44831224  -1.27759444  -0.42290220   2.07657035   0.70197970   0.43144878   1.64221761  -1.15131397
  0.42919702   0.44697403  -1.27786374  -0.42211989   2.07532318   0.70281160   0.43090122   1.64212431  -1.15251819
  0.43000561   0.44557485  -1.27814372  -0.42129937   2.07401888   0.70368358   0.43032810   1.64202510  -1.15377902
  0.43084826   0.44411302  -1.27843440  -0.42043981   2.07265624   0.70459632   0.42972860   1.64191954  -1.15509778
  0.43172561   0.44258716  -1.27873563  -0.41954053   2.07123435   0.70555041   0.42910230   1.64180695  -1.15647578
  0.43263815   0.44099635  -1.27904706  -0.41860105   2.06975274   0.70654608   0.42844901   1.64168663  -1.15791423
  0.43358626   0.43934009  -1.27936816  -0.41762103   2.06821100   0.70758375   0.42776852   1.64155792  -1.15941418
  0.43457015   0.43761834  -1.27969837  -0.41660016   2.06660954   0.70866276   0.42706080   1.64142064  -1.16097640
  0.43558991   0.43583141  -1.28003704  -0.41553831   2.06494861   0.70978291   0.42632575   1.64127464  -1.16260139
  0.43664553   0.43397988  -1.28038359  -0.41443553   2.06322844   0.71094409   0.42556329   1.64111988  -1.16428943
  0.43773689   0.43206443  -1.28073758  -0.41329170   2.06144904   0.71214666   0.42477352   1.64095628  -1.16604077
  0.43886380   0.43008574  -1.28109867  -0.41210657   2.05961063   0.71339063   0.42395663   1.64078401  -1.16785564
  0.44002599   0.42804459  -1.28146647  -0.41087998   2.05771359   0.71467591   0.42311281   1.64060320  -1.16973411
  0.44122315   0.42594173  -1.28184041  -0.40961178   2.05575774   0.71600329   0.42224218   1.64041351  -1.17167647
  0.44245493   0.42377785  -1.28221989  -0.40830167   2.05374334   0.71737304   0.42134490   1.64021467  -1.17368311
  0.44372098   0.42155357  -1.28260420  -0.40694923   2.05167079   0.71878513   0.42042110   1.64000646  -1.17575448
  0.44502096   0.41926943  -1.28299255  -0.40555414   2.04954083   0.72023889   0.41947095   1.63978874  -1.17789101
  0.44635457   0.41692594  -1.28338401  -0.40411624   2.04735377   0.72173413   0.41849443   1.63956114  -1.18009304
  0.44772155   0.41452360  -1.28377770  -0.40263553   2.04511002   0.72327052   0.41749165   1.63932330  -1.18236083
  0.44912165   0.41206286  -1.28417287  -0.40111187   2.04280961   0.72484817   0.41646272   1.63907483  -1.18469471
  0.45055463   0.40954416  -1.28456892  -0.39954501   2.04045268   0.72646704   0.41540779   1.63881556  -1.18709502
  0.45202027   0.40696789  -1.28496526  -0.39793459   2.03803896   0.72812773   0.41432688   1.63854514  -1.18956221
  0.45351835   0.40433447  -1.28536133  -0.39628022   2.03556871   0.72983007   0.41322015   1.63826348  -1.19209669
  0.45504863   0.40164439  -1.28575648  -0.39458160   2.03304228   0.73157386   0.41208785   1.63797031  -1.19469890
  0.45661088   0.39889829  -1.28614992  -0.39283865   2.03046050   0.73335823   0.41093020   1.63766552  -1.19736902
  0.45820482   0.39609695  -1.28654072  -0.39105148   2.02782384   0.73518287   0.40974735   1.63734872  -1.20010724
  0.45983017   0.39324134  -1.28692788  -0.38922027   2.02513295   0.73704731   0.40853952   1.63701959  -1.20291368
  0.46148660   0.39033261  -1.28731036  -0.38734521   2.02238819   0.73895165   0.40730711   1.63667763  -1.20578854
  0.46317376   0.38737213  -1.28768711  -0.38542644   2.01959070   0.74089487   0.40605068   1.63632280  -1.20873193
  0.46489125   0.38436146  -1.28805699  -0.38346423   2.01674135   0.74287645   0.40477077   1.63595492  -1.21174386
  0.46663865   0.38130228  -1.28841893  -0.38145891   2.01384131   0.74489543   0.40346795   1.63557401  -1.21482420
  0.46841554   0.37819624  -1.28877187  -0.37941080   2.01089119   0.74695175   0.40214276   1.63517982  -1.21797292
  0.47022152   0.37504489  -1.28911490  -0.37732005   2.00789179   0.74904496   0.40079569   1.63477235  -1.22118999
  0.47205620   0.37184960  -1.28944715  -0.37518670   2.00484368   0.75117490   0.39942710   1.63435153  -1.22447543
  0.47391926   0.36861161  -1.28976784  -0.37301084   2.00174779   0.75334066   0.39803741   1.63391751  -1.22782914
  0.47581034   0.36533204  -1.29007613  -0.37079268   1.99860457   0.75554193   0.39662706   1.63347013  -1.23125104
  0.47772913   0.36201198  -1.29037117  -0.36853250   1.99541474   0.75777792   0.39519663   1.63300930  -1.23474096
  0.47967528   0.35865254  -1.29065203  -0.36623060   1.99217865   0.76004838   0.39374663   1.63253470  -1.23829881
  0.48164843   0.35525486  -1.29091774  -0.36388727   1.98889705   0.76235255   0.39227763   1.63204618  -1.24192445
  0.48364818   0.35182017  -1.29116727  -0.36150277   1.98557029   0.76469041   0.39079011   1.63154328  -1.24561788
  0.48567412   0.34834973  -1.29139962  -0.35907726   1.98219941   0.76706089   0.38928469   1.63102597  -1.24937903
  0.48772585   0.34484490  -1.29161377  -0.35661096   1.97878546   0.76946292   0.38776197   1.63049420  -1.25320777
  0.48980297   0.34130713  -1.29180869  -0.35410435   1.97532977   0.77189492   0.38622257   1.62994817  -1.25710368
  0.49190510   0.33773801  -1.29198338  -0.35155810   1.97183319   0.77435605   0.38466718   1.62938781  -1.26106628
  0.49403188   0.33413923  -1.29213685  -0.34897292   1.96829646   0.77684569   0.38309647   1.62881305  -1.26509507
  0.49618297   0.33051250  -1.29226815  -0.34634936   1.96471993   0.77936397   0.38151108   1.62822365  -1.26918981
  0.49835803   0.32685954  -1.29237645  -0.34368777   1.96110474   0.78190981   0.37991166   1.62761986  -1.27335014
  0.50055677   0.32318213  -1.29246083  -0.34098865   1.95745204   0.78448221   0.37829897   1.62700181  -1.27757574
  0.50277888   0.31948212  -1.29252037  -0.33825276   1.95376334   0.78707955   0.37667386   1.62636976  -1.28186605
  0.50502413   0.31576133  -1.29255410  -0.33548098   1.95003948   0.78970117   0.37503718   1.62572358  -1.28622056
  0.50729229   0.31202152  -1.29256115  -0.33267415   1.94628161   0.79234585   0.37338969   1.62506349  -1.29063865
  0.50958318   0.30826435  -1.29254072  -0.32983301   1.94249031   0.79501314   0.37173200   1.62438951  -1.29511986
  0.51189666   0.30449141  -1.29249211  -0.32695822   1.93866650   0.79770204   0.37006475   1.62370187  -1.29966367
  0.51423261   0.30070422  -1.29241458  -0.32405044   1.93481088   0.80041187   0.36838870   1.62300068  -1.30426971
  0.51659095   0.29690418  -1.29230745  -0.32111018   1.93092420   0.80314178   0.36670466   1.62228605  -1.30893769
  0.51897159   0.29309270  -1.29217011  -0.31813819   1.92700776   0.80589003   0.36501343   1.62155842  -1.31366700
  0.52137447   0.28927121  -1.29200184  -0.31513546   1.92306234   0.80865566   0.36331568   1.62081788  -1.31845698
  0.52379955   0.28544113  -1.29180193  -0.31210296   1.91908834   0.81143833   0.36161209   1.62006428  -1.32330707
  0.52624675   0.28160399  -1.29156980  -0.30904164   1.91508709   0.81423623   0.35990362   1.61929813  -1.32821650
  0.52871599   0.27776144  -1.29130480  -0.30595264   1.91105970   0.81704789   0.35819131   1.61851978  -1.33318441
  0.53120717   0.27391528  -1.29100633  -0.30283731   1.90700752   0.81987160   0.35647619   1.61772975  -1.33820970
  0.53372017   0.27006745  -1.29067374  -0.29969709   1.90293134   0.82270665   0.35475914   1.61692816  -1.34329134
  0.53625487   0.26621990  -1.29030655  -0.29653327   1.89883261   0.82555149   0.35304111   1.61611552  -1.34842821
  0.53881114   0.26237462  -1.28990435  -0.29334704   1.89471278   0.82840467   0.35132316   1.61529236  -1.35361928
  0.54138890   0.25853358  -1.28946673  -0.29013975   1.89057314   0.83126494   0.34960611   1.61445915  -1.35886341
  0.54398809   0.25469867  -1.28899332  -0.28691273   1.88641470   0.83413141   0.34789067   1.61361628  -1.36415949
  0.54660866   0.25087168  -1.28848393  -0.28366719   1.88223901   0.83700229   0.34617777   1.61276450  -1.36950636
  0.54925066   0.24705431  -1.28793831  -0.28040439   1.87804699   0.83987684   0.34446819   1.61190414  -1.37490307
  0.55191415   0.24324805  -1.28735625  -0.27712542   1.87383928   0.84275461   0.34276250   1.61103542  -1.38034876
  0.55459924   0.23945432  -1.28673763  -0.27383141   1.86961718   0.84563404   0.34106135   1.61015896  -1.38584247
  0.55730609   0.23567443  -1.28608234  -0.27052358   1.86538181   0.84851382   0.33936550   1.60927522  -1.39138326
  0.56003487   0.23190971  -1.28539026  -0.26720341   1.86113448   0.85139238   0.33767579   1.60838469  -1.39697001
  0.56278577   0.22816148  -1.28466128  -0.26387238   1.85687615   0.85426865   0.33599296   1.60748767  -1.40260166
  0.56555898   0.22443104  -1.28389529  -0.26053186   1.85260754   0.85714196   0.33431765   1.60658440  -1.40827726
  0.56835469   0.22071970  -1.28309229  -0.25718315   1.84832997   0.86001079   0.33265056   1.60567550  -1.41399577
  0.57117309   0.21702879  -1.28225229  -0.25382766   1.84404433   0.86287433   0.33099234   1.60476128  -1.41975618
  0.57401436   0.21335959  -1.28137534  -0.25046670   1.83975164   0.86573158   0.32934363   1.60384220  -1.42555746
  0.57687869   0.20971342  -1.28046163  -0.24710167   1.83545357   0.86858054   0.32770520   1.60291912  -1.43139838
  0.57976625   0.20609160  -1.27951131  -0.24373415   1.83115120   0.87142024   0.32607757   1.60199244  -1.43727765
  0.58267718   0.20249548  -1.27852462  -0.24036580   1.82684579   0.87424952   0.32446130   1.60106266  -1.44319389
  0.58561161   0.19892643  -1.27750177  -0.23699816   1.82253828   0.87706781   0.32285700   1.60013009  -1.44914586
  0.58856966   0.19538577  -1.27644305  -0.23363262   1.81822977   0.87987413   0.32126533   1.59919534  -1.45513236
  0.59155143   0.19187483  -1.27534881  -0.23027060   1.81392195   0.88266656   0.31968698   1.59825937  -1.46115199
  0.59455699   0.18839491  -1.27421934  -0.22691372   1.80961582   0.88544440   0.31812245   1.59732263  -1.46720337
  0.59758643   0.18494725  -1.27305498  -0.22356343   1.80531229   0.88820708   0.31657220   1.59638550  -1.47328523
  0.60063982   0.18153298  -1.27185619  -0.22022114   1.80101303   0.89095287   0.31503680   1.59544883  -1.47939617
  0.60371723   0.17815316  -1.27062341  -0.21688825   1.79671911   0.89368102   0.31351659   1.59451304  -1.48553491
  0.60681873   0.17480875  -1.26935707  -0.21356605   1.79243126   0.89639124   0.31201182   1.59357839  -1.49170029
  0.60994440   0.17150059  -1.26805773  -0.21025579   1.78815076   0.89908243   0.31052277   1.59264543  -1.49789104
  0.61309430   0.16822950  -1.26672587  -0.20695872   1.78387874   0.90175369   0.30904977   1.59171460  -1.50410598
  0.61626851   0.16499620  -1.26536199  -0.20367608   1.77961611   0.90440445   0.30759318   1.59078618  -1.51034402
  0.61946709   0.16180141  -1.26396661  -0.20040921   1.77536411   0.90703364   0.30615319   1.58986062  -1.51660387
  0.62269007   0.15864584  -1.26254024  -0.19715948   1.77112392   0.90964040   0.30473000   1.58893827  -1.52288426
  0.62593748   0.15553016  -1.26108342  -0.19392811   1.76689647   0.91222419   0.30332391   1.58801937  -1.52918406
  0.62920932   0.15245505  -1.25959674  -0.19071642   1.76268309   0.91478397   0.30193505   1.58710439  -1.53550196
  0.63250559   0.14942124  -1.25808083  -0.18752577   1.75848517   0.91731871   0.30056356   1.58619375  -1.54183659
  0.63582623   0.14642952  -1.25653633  -0.18435761   1.75430435   0.91982713   0.29920963   1.58528791  -1.54818648
  0.63917115   0.14348075  -1.25496383  -0.18121340   1.75014169   0.92230898   0.29787339   1.58438698  -1.55455029
  0.64254027   0.14057575  -1.25336392  -0.17809432   1.74599816   0.92476391   0.29655501   1.58349127  -1.56092682
  0.64593343   0.13771527  -1.25173730  -0.17500146   1.74187520   0.92719081   0.29525464   1.58260145  -1.56731475
  0.64935050   0.13490005  -1.25008466  -0.17193602   1.73777397   0.92958908   0.29397220   1.58171793  -1.57371270
  0.65279129   0.13213080  -1.24840680  -0.16889925   1.73369609   0.93195758   0.29270762   1.58084123  -1.58011914
  0.65625561   0.12940818  -1.24670445  -0.16589236   1.72964268   0.93429595   0.29146099   1.57997160  -1.58653276
  0.65974321   0.12673271  -1.24497834  -0.16291630   1.72561444   0.93660422   0.29023233   1.57910920  -1.59295238
  0.66325385   0.12410482  -1.24322926  -0.15997192   1.72161254   0.93888160   0.28902154   1.57825458  -1.59937673
  0.66678723   0.12152486  -1.24145802  -0.15706012   1.71763789   0.94112769   0.28782844   1.57740807  -1.60580450
  0.67034304   0.11899314  -1.23966546  -0.15418193   1.71369186   0.94334155   0.28665288   1.57657011  -1.61223424
  0.67392091   0.11650999  -1.23785235  -0.15133841   1.70977557   0.94552267   0.28549489   1.57574092  -1.61866456
  0.67752042   0.11407576  -1.23601947  -0.14853061   1.70589026   0.94767042   0.28435437   1.57492073  -1.62509402
  0.68114113   0.11169078  -1.23416757  -0.14575950   1.70203696   0.94978449   0.28323122   1.57410972  -1.63152125
  0.68478252   0.10935542  -1.23229742  -0.14302598   1.69821679   0.95186438   0.28212527   1.57330814  -1.63794485
  0.68844406   0.10707003  -1.23040977  -0.14033090   1.69443084   0.95390957   0.28103647   1.57251639  -1.64436338
  0.69212518   0.10483502  -1.22850547  -0.13767516   1.69068051   0.95591912   0.27996468   1.57173501  -1.65077530
  0.69582526   0.10265080  -1.22658534  -0.13505970   1.68696683   0.95789270   0.27890978   1.57096434  -1.65717906
  0.69954367   0.10051778  -1.22465024  -0.13248534   1.68329105   0.95982967   0.27787162   1.57020481  -1.66357312
  0.70327975   0.09843636  -1.22270102  -0.12995282   1.67965413   0.96172992   0.27685006   1.56945669  -1.66995605
  0.70703281   0.09640690  -1.22073852  -0.12746276   1.67605712   0.96359305   0.27584493   1.56872036  -1.67632644
  0.71080214   0.09442969  -1.21876353  -0.12501571   1.67250078   0.96541904   0.27485605   1.56799610  -1.68268299
  0.71458702   0.09250494  -1.21677689  -0.12261222   1.66898626   0.96720727   0.27388318   1.56728435  -1.68902426
  0.71838670   0.09063284  -1.21477951  -0.12025299   1.66551495   0.96895694   0.27292602   1.56658546  -1.69534870
  0.72220042   0.08881351  -1.21277212  -0.11793859   1.66208758   0.97066831   0.27198427   1.56589931  -1.70165501
  0.72602740   0.08704702  -1.21075550  -0.11566941   1.65870507   0.97234133   0.27105762   1.56522585  -1.70794197
  0.72986680   0.08533336  -1.20873046  -0.11344587   1.65536878   0.97397528   0.27014568   1.56456526  -1.71420821
  0.73371781   0.08367251  -1.20669773  -0.11126838   1.65207944   0.97557018   0.26924821   1.56391752  -1.72045249
  0.73757956   0.08206440  -1.20465803  -0.10913732   1.64883795   0.97712573   0.26836495   1.56328280  -1.72667353
  0.74145118   0.08050898  -1.20261220  -0.10705315   1.64564545   0.97864132   0.26749559   1.56266132  -1.73286988
  0.74533176   0.07900618  -1.20056095  -0.10501614   1.64250247   0.98011720   0.26663994   1.56205309  -1.73904035
  0.74922038   0.07755588  -1.19850495  -0.10302630   1.63940923   0.98155386   0.26579782   1.56145809  -1.74518395
  0.75311612   0.07615786  -1.19644495  -0.10108356   1.63636636   0.98295115   0.26496889   1.56087652  -1.75129961
  0.75701804   0.07481191  -1.19438177  -0.09918793   1.63337493   0.98430835   0.26415269   1.56030869  -1.75738604
  0.76092521   0.07351779  -1.19231606  -0.09733939   1.63043516   0.98562602   0.26334900   1.55975443  -1.76344229
  0.76483670   0.07227517  -1.19024840  -0.09553777   1.62754724   0.98690470   0.26255762   1.55921352  -1.76946758
  0.76875158   0.07108367  -1.18817944  -0.09378294   1.62471189   0.98814406   0.26177817   1.55868605  -1.77546090
  0.77266892   0.06994291  -1.18610987  -0.09207501   1.62192999   0.98934357   0.26101020   1.55817210  -1.78142102
  0.77658777   0.06885259  -1.18404039  -0.09041425   1.61920210   0.99050331   0.26025349   1.55767156  -1.78734672
  0.78050714   0.06781244  -1.18197159  -0.08880077   1.61652844   0.99162376   0.25950804   1.55718435  -1.79323701
  0.78442603   0.06682219  -1.17990410  -0.08723449   1.61390937   0.99270501   0.25877377   1.55671060  -1.79909086
  0.78834342   0.06588153  -1.17783862  -0.08571527   1.61134536   0.99374700   0.25805037   1.55625046  -1.80490717
  0.79225826   0.06499020  -1.17577596  -0.08424300   1.60883698   0.99474966   0.25733745   1.55580401  -1.81068468
  0.79616946   0.06414795  -1.17371695  -0.08281766   1.60638500   0.99571262   0.25663467   1.55537150  -1.81642203
  0.80007591   0.06335453  -1.17166237  -0.08143916   1.60398990   0.99663585   0.25594188   1.55495313  -1.82211799
  0.80397648   0.06260964  -1.16961272  -0.08010691   1.60165093   0.99752088   0.25525908   1.55454866  -1.82777192
  0.80787009   0.06191273  -1.16756841  -0.07881985   1.59936712   0.99836935   0.25458616   1.55415767  -1.83338356
  0.81175566   0.06126306  -1.16552992  -0.07757680   1.59713816   0.99918174   0.25392258   1.55378002  -1.83895250
  0.81563219   0.06065968  -1.16349784  -0.07637687   1.59496426   0.99995768   0.25326766   1.55341570  -1.84447796
  0.81949872   0.06010159  -1.16147280  -0.07521961   1.59284563   1.00069701   0.25262089   1.55306458  -1.84995908
  0.82335431   0.05958782  -1.15945541  -0.07410475   1.59078222   1.00140001   0.25198222   1.55272640  -1.85539505
  0.82719801   0.05911749  -1.15744619  -0.07303202   1.58877373   1.00206738   0.25135179   1.55240085  -1.86078524
  0.83102883   0.05868981  -1.15544554  -0.07200109   1.58681979   1.00269989   0.25072975   1.55208766  -1.86612904
  0.83484581   0.05830414  -1.15345385  -0.07101161   1.58492018   1.00329801   0.25011601   1.55178666  -1.87142577
  0.83864793   0.05795996  -1.15147162  -0.07006334   1.58307523   1.00386140   0.24951033   1.55149804  -1.87667440
  0.84243420   0.05765685  -1.14949946  -0.06915613   1.58128553   1.00438948   0.24891243   1.55122209  -1.88187378
  0.84620359   0.05739450  -1.14753799  -0.06828971   1.57955132   1.00488237   0.24832221   1.55095886  -1.88702291
  0.84995510   0.05717262  -1.14558773  -0.06746365   1.57787235   1.00534093   0.24773967   1.55070819  -1.89212106
  0.85368770   0.05699090  -1.14364913  -0.06667717   1.57624819   1.00576612   0.24716483   1.55046991  -1.89716774
  0.85740040   0.05684891  -1.14172255  -0.06592932   1.57467828   1.00615880   0.24659761   1.55024389  -1.90216260
  0.86109226   0.05674608  -1.13980833  -0.06521914   1.57316209   1.00651965   0.24603774   1.55002999  -1.90710520
  0.86476240   0.05668170  -1.13790690  -0.06454580   1.57169923   1.00684907   0.24548490   1.54982804  -1.91199510
  0.86840999   0.05665489  -1.13601864  -0.06390849   1.57028926   1.00714756   0.24493892   1.54963782  -1.91683189
  0.87203423   0.05666469  -1.13414392  -0.06330650   1.56893151   1.00741588   0.24439971   1.54945898  -1.92161528
  0.87563438   0.05671005  -1.13228305  -0.06273906   1.56762518   1.00765492   0.24386726   1.54929114  -1.92634509
  0.87920973   0.05678984  -1.13043635  -0.06220543   1.56636956   1.00786529   0.24334157   1.54913402  -1.93102112
  0.88275954   0.05690293  -1.12860418  -0.06170492   1.56516394   1.00804758   0.24282255   1.54898735  -1.93564306
  0.88628308   0.05704819  -1.12678691  -0.06123688   1.56400771   1.00820229   0.24231006   1.54885084  -1.94021055
  0.88977961   0.05722457  -1.12498493  -0.06080067   1.56290031   1.00832987   0.24180400   1.54872425  -1.94472318
  0.89324838   0.05743108  -1.12319863  -0.06039563   1.56184120   1.00843089   0.24130431   1.54860729  -1.94918060
  0.89668859   0.05766685  -1.12142832  -0.06002106   1.56082976   1.00850599   0.24081095   1.54849964  -1.95358245
  0.90009946   0.05793107  -1.11967429  -0.05967620   1.55986547   1.00855576   0.24032390   1.54840105  -1.95792844
  0.90348023   0.05822302  -1.11793674  -0.05936027   1.55894766   1.00858088   0.23984311   1.54831125  -1.96221835
  0.90683015   0.05854198  -1.11621585  -0.05907246   1.55807554   1.00858209   0.23936859   1.54823003  -1.96645199
  0.91014854   0.05888722  -1.11451180  -0.05881191   1.55724833   1.00856012   0.23890034   1.54815722  -1.97062924
  0.91343474   0.05925799  -1.11282476  -0.05857773   1.55646512   1.00851572   0.23843829   1.54809260  -1.97475000
  0.91668815   0.05965344  -1.11115498  -0.05836907   1.55572503   1.00844967   0.23798238   1.54803595  -1.97881421
  0.91990823   0.06007270  -1.10950272  -0.05818507   1.55502717   1.00836266   0.23753259   1.54798710  -1.98282179
  0.92309444   0.06051479  -1.10786829  -0.05802488   1.55437073   1.00825523   0.23708905   1.54794599  -1.98677272
  0.92624631   0.06097872  -1.10625199  -0.05788776   1.55375465   1.00812825   0.23665167   1.54791234  -1.99066691
  0.92936335   0.06146350  -1.10465404  -0.05777302   1.55317785   1.00798265   0.23622040   1.54788585  -1.99450429
  0.93244510   0.06196809  -1.10307466  -0.05767994   1.55263930   1.00781921   0.23579521   1.54786624  -1.99828485
  0.93549113   0.06249150  -1.10151405  -0.05760778   1.55213809   1.00763856   0.23537604   1.54785325  -2.00200859
  0.93850101   0.06303272  -1.09997237  -0.05755575   1.55167340   1.00744125   0.23496285   1.54784664  -2.00567555
  0.94147432   0.06359082  -1.09844976  -0.05752312   1.55124432   1.00722798   0.23455555   1.54784604  -2.00928579
  0.94441067   0.06416487  -1.09694631  -0.05750918   1.55084988   1.00699953   0.23415403   1.54785110  -2.01283935
  0.94730966   0.06475402  -1.09546214  -0.05751319   1.55048919   1.00675660   0.23375831   1.54786152  -2.01633636
  0.95017094   0.06535742  -1.09399735  -0.05753444   1.55016130   1.00649991   0.23336839   1.54787707  -2.01977690
  0.95299412   0.06597425  -1.09255211  -0.05757231   1.54986531   1.00623011   0.23298432   1.54789759  -2.02316099
  0.95577887   0.06660370  -1.09112663  -0.05762617   1.54960037   1.00594777   0.23260608   1.54792295  -2.02648860
  0.95852482   0.06724496  -1.08972111  -0.05769538   1.54936559   1.00565355   0.23223364   1.54795295  -2.02975971
  0.96123164   0.06789724  -1.08833572  -0.05777923   1.54916003   1.00534817   0.23186699   1.54798737  -2.03297438
  0.96389902   0.06855975  -1.08697059  -0.05787697   1.54898277   1.00503232   0.23150618   1.54802602  -2.03613278
  0.96652665   0.06923170  -1.08562576  -0.05798787   1.54883282   1.00470666   0.23115124   1.54806871  -2.03923508
  0.96911429   0.06991228  -1.08430126  -0.05811125   1.54870918   1.00437186   0.23080221   1.54811527  -2.04228151
  0.97166171   0.07060070  -1.08299707  -0.05824642   1.54861091   1.00402855   0.23045908   1.54816545  -2.04527233
  0.97416877   0.07129612  -1.08171314  -0.05839271   1.54853709   1.00367734   0.23012184   1.54821897  -2.04820789
  0.97663534   0.07199771  -1.08044944  -0.05854953   1.54848673   1.00331890   0.22979045   1.54827555  -2.05108847
  0.97906130   0.07270462  -1.07920604  -0.05871633   1.54845883   1.00295387   0.22946490   1.54833500  -2.05391433
  0.98144658   0.07341597  -1.07798308  -0.05889258   1.54845240   1.00258286   0.22914520   1.54839721  -2.05668565
  0.98379106   0.07413092  -1.07678078  -0.05907777   1.54846648   1.00220644   0.22883136   1.54846210  -2.05940254
  0.98609463   0.07484864  -1.07559939  -0.05927133   1.54850008   1.00182522   0.22852340   1.54852960  -2.06206512
  0.98835712   0.07556833  -1.07443910  -0.05947269   1.54855223   1.00143984   0.22822131   1.54859959  -2.06467349
  0.99057838   0.07628924  -1.07330006  -0.05968119   1.54862203   1.00105090   0.22792504   1.54867190  -2.06722781
  0.99275824   0.07701068  -1.07218230  -0.05989618   1.54870866   1.00065892   0.22763458   1.54874629  -2.06972834
  0.99489656   0.07773195  -1.07108572  -0.06011702   1.54881130   1.00026448   0.22734989   1.54882245  -2.07217542
  0.99699325   0.07845237  -1.07001016  -0.06034306   1.54892906   0.99986823   0.22707089   1.54889995  -2.07456947
  0.99904826   0.07917121  -1.06895538  -0.06057367   1.54906108   0.99947079   0.22679750   1.54897840  -2.07691099
  1.00106159   0.07988776  -1.06792120  -0.06080821   1.54920649   0.99907266   0.22652971   1.54905748  -2.07920054
  1.00303333   0.08060126  -1.06690744  -0.06104612   1.54936449   0.99867427   0.22626750   1.54913696  -2.08143864
  1.00496358   0.08131098  -1.06591400  -0.06128694   1.54953422   0.99827605   0.22601086   1.54921667  -2.08362578
  1.00685253   0.08201621  -1.06494085  -0.06153027   1.54971488   0.99787845   0.22575976   1.54929644  -2.08576241
  1.00870035   0.08271625  -1.06398801  -0.06177577   1.54990564   0.99748195   0.22551409   1.54937609  -2.08784887
  1.01050722   0.08341045  -1.06305561  -0.06202307   1.55010568   0.99708702   0.22527374   1.54945551  -2.08988549
  1.01227331   0.08409816  -1.06214378  -0.06227180   1.55031410   0.99669421   0.22503861   1.54953456  -2.09187252
  1.01399875   0.08477878  -1.06125270  -0.06252150   1.55052999   0.99630405   0.22480866   1.54961328  -2.09381026
  1.01568360   0.08545173  -1.06038247  -0.06277165   1.55075242   0.99591699   0.22458393   1.54969176  -2.09569902
  1.01732795   0.08611651  -1.05953317  -0.06302171   1.55098050   0.99553351   0.22436436   1.54976998  -2.09753907
  1.01893183   0.08677263  -1.05870482  -0.06327119   1.55121348   0.99515402   0.22414988   1.54984790  -2.09933075
  1.02049528   0.08741965  -1.05789742  -0.06351963   1.55145061   0.99477904   0.22394038   1.54992529  -2.10107431
  1.02201834   0.08805706  -1.05711098  -0.06376665   1.55169112   0.99440911   0.22373568   1.55000192  -2.10276998
  1.02350102   0.08868439  -1.05634548  -0.06401181   1.55193434   0.99404453   0.22353591   1.55007783  -2.10441808
  1.02494340   0.08930115  -1.05560081  -0.06425470   1.55217950   0.99368563   0.22334124   1.55015314  -2.10601904
  1.02634555   0.08990687  -1.05487674  -0.06449495   1.55242590   0.99333270   0.22315181   1.55022790  -2.10757333
  1.02770761   0.09050113  -1.05417306  -0.06473225   1.55267288   0.99298608   0.22296766   1.55030200  -2.10908142
  1.02902977   0.09108350  -1.05348954  -0.06496637   1.55291991   0.99264597   0.22278877   1.55037535  -2.11054378
  1.03031229   0.09165359  -1.05282597  -0.06519709   1.55316653   0.99231251   0.22261513   1.55044787  -2.11196091
  1.03155548   0.09221106  -1.05218212  -0.06542427   1.55341223   0.99198594   0.22244670   1.55051948  -2.11333334
  1.03275972   0.09275563  -1.05155773  -0.06564766   1.55365656   0.99166638   0.22228353   1.55059017  -2.11466172
  1.03392542   0.09328707  -1.05095253  -0.06586704   1.55389905   0.99135403   0.22212559   1.55065987  -2.11594679
  1.03505306   0.09380515  -1.05036632  -0.06608220   1.55413925   0.99104916   0.22197269   1.55072840  -2.11718915
  1.03614311   0.09430970  -1.04979900  -0.06629296   1.55437678   0.99075191   0.22182467   1.55079565  -2.11838940
  1.03719607   0.09480053  -1.04925045  -0.06649914   1.55461131   0.99046236   0.22168143   1.55086165  -2.11954814
  1.03821245   0.09527750  -1.04872059  -0.06670059   1.55484242   0.99018067   0.22154287   1.55092640  -2.12066594
  1.03919273   0.09574052  -1.04820933  -0.06689720   1.55506968   0.98990707   0.22140883   1.55098989  -2.12174332
  1.04013738   0.09618949  -1.04771655  -0.06708875   1.55529276   0.98964164   0.22127925   1.55105213  -2.12278089
  1.04104688   0.09662438  -1.04724204  -0.06727504   1.55551143   0.98938443   0.22115398   1.55111308  -2.12377932
  1.04192173   0.09704520  -1.04678554  -0.06745591   1.55572537   0.98913560   0.22103286   1.55117262  -2.12473923
  1.04276242   0.09745194  -1.04634679  -0.06763125   1.55593427   0.98889528   0.22091573   1.55123067  -2.12566128
  1.04356944   0.09784459  -1.04592560  -0.06780099   1.55613783   0.98866362   0.22080252   1.55128722  -2.12654606
  1.04434326   0.09822306  -1.04552185  -0.06796506   1.55633573   0.98844075   0.22069310   1.55134225  -2.12739407
  1.04508430   0.09858725  -1.04513554  -0.06812338   1.55652773   0.98822678   0.22058736   1.55139572  -2.12820572
  1.04579295   0.09893703  -1.04476658  -0.06827579   1.55671368   0.98802161   0.22048534   1.55144775  -2.12898157
  1.04646960   0.09927236  -1.04441473  -0.06842214   1.55689345   0.98782517   0.22038715   1.55149844  -2.12972221
  1.04711465   0.09959325  -1.04407964  -0.06856242   1.55706687   0.98763746   0.22029278   1.55154778  -2.13042826
  1.04772854   0.09989976  -1.04376089  -0.06869673   1.55723377   0.98745850   0.22020217   1.55159574  -2.13110031
  1.04831175   0.10019198  -1.04345806  -0.06882520   1.55739405   0.98728828   0.22011534   1.55164231  -2.13173897
  1.04886479   0.10047002  -1.04317078  -0.06894796   1.55754765   0.98712674   0.22003231   1.55168753  -2.13234493
  1.04938823   0.10073402  -1.04289866  -0.06906505   1.55769452   0.98697379   0.21995311   1.55173149  -2.13291891
  1.04988265   0.10098413  -1.04264134  -0.06917648   1.55783469   0.98682923   0.21987781   1.55177430  -2.13346170
  1.05034871   0.10122056  -1.04239836  -0.06928213   1.55796834   0.98669270   0.21980653   1.55181609  -2.13397429
  1.05078714   0.10144359  -1.04216907  -0.06938199   1.55809566   0.98656394   0.21973922   1.55185677  -2.13445778
  1.05119878   0.10165358  -1.04195272  -0.06947616   1.55821685   0.98644277   0.21967569   1.55189609  -2.13491332
  1.05158462   0.10185091  -1.04174853  -0.06956486   1.55833216   0.98632898   0.21961574   1.55193380  -2.13534213
  1.05194574   0.10203600  -1.04155575  -0.06964836   1.55844184   0.98622234   0.21955922   1.55196972  -2.13574553
  1.05228331   0.10220925  -1.04137371  -0.06972693   1.55854616   0.98612257   0.21950599   1.55200376  -2.13612482
  1.05259856   0.10237104  -1.04120183  -0.06980087   1.55864534   0.98602937   0.21945590   1.55203589  -2.13648134
  1.05289276   0.10252177  -1.04103963  -0.06987039   1.55873962   0.98594245   0.21940876   1.55206615  -2.13681635
  1.05316713   0.10266183  -1.04088677  -0.06993573   1.55882917   0.98586151   0.21936438   1.55209461  -2.13713104
  1.05342285   0.10279162  -1.04074302  -0.06999715   1.55891408   0.98578640   0.21932246   1.55212133  -2.13742638
  1.05366103   0.10291154  -1.04060823  -0.07005491   1.55899436   0.98571704   0.21928266   1.55214639  -2.13770321
  1.05388266   0.10302200  -1.04048235  -0.07010924   1.55907006   0.98565330   0.21924474   1.55216995  -2.13796227
  1.05408864   0.10312345  -1.04036528  -0.07016030   1.55914124   0.98559508   0.21920850   1.55219218  -2.13820423
  1.05427973   0.10321634  -1.04025690  -0.07020817   1.55920799   0.98554221   0.21917377   1.55221326  -2.13842978
  1.05445662   0.10330115  -1.04015696  -0.07025293   1.55927044   0.98549452   0.21914045   1.55223335  -2.13863957
  1.05461990   0.10337836  -1.04006513  -0.07029462   1.55932874   0.98545181   0.21910844   1.55225256  -2.13883427
  1.05477013   0.10344844  -1.03998098  -0.07033329   1.55938311   0.98541384   0.21907767   1.55227098  -2.13901457
  1.05490785   0.10351185  -1.03990402  -0.07036905   1.55943377   0.98538035   0.21904812   1.55228870  -2.13918119
  1.05503359   0.10356903  -1.03983372  -0.07040200   1.55948096   0.98535106   0.21901979   1.55230576  -2.13933486
  1.05514791   0.10362039  -1.03976951  -0.07043229   1.55952496   0.98532567   0.21899266   1.55232222  -2.13947636
  1.05525141   0.10366629  -1.03971082  -0.07046007   1.55956603   0.98530386   0.21896675   1.55233811  -2.13960650
  1.05534472   0.10370710  -1.03965711  -0.07048550   1.55960444   0.98528530   0.21894206   1.55235348  -2.13972611
  1.05542853   0.10374315  -1.03960786  -0.07050877   1.55964046   0.98526968   0.21891856   1.55236837  -2.13983601
  1.05550355   0.10377476  -1.03956259  -0.07053007   1.55967430   0.98525670   0.21889620   1.55238282  -2.13993705
  1.05557051   0.10380226  -1.03952090  -0.07054960   1.55970619   0.98524612   0.21887490   1.55239686  -2.14003000
  1.05563018   0.10382597  -1.03948244  -0.07056755   1.55973632   0.98523768   0.21885456   1.55241055  -2.14011565
  1.05568327   0.10384621  -1.03944691  -0.07058413   1.55976486   0.98523119   0.21883508   1.55242393  -2.14019470
  1.05573051   0.10386332  -1.03941407  -0.07059949   1.55979198   0.98522646   0.21881633   1.55243707  -2.14026784
  1.05577258   0.10387762  -1.03938370  -0.07061381   1.55981781   0.98522332   0.21879821   1.55245003  -2.14033567
  1.05581008   0.10388945  -1.03935562  -0.07062720   1.55984250   0.98522164   0.21878058   1.55246289  -2.14039877
  1.05584360   0.10389913  -1.03932967  -0.07063979   1.55986617   0.98522130   0.21876335   1.55247571  -2.14045764
  1.05587362   0.10390696  -1.03930571  -0.07065167   1.55988893   0.98522218   0.21874640   1.55248854  -2.14051273
  1.05590057   0.10391322  -1.03928359  -0.07066293   1.55991089   0.98522419   0.21872966   1.55250145  -2.14056445
  1.05592482   0.10391815  -1.03926318  -0.07067362   1.55993213   0.98522723   0.21871306   1.55251448  -2.14061313
  1.05594668   0.10392196  -1.03924437  -0.07068382   1.55995274   0.98523124   0.21869654   1.55252766  -2.14065909
  1.05596638   0.10392482  -1.03922702  -0.07069356   1.55997280   0.98523614   0.21868006   1.55254102  -2.14070256
  1.05598414   0.10392686  -1.03921102  -0.07070289   1.55999238   0.98524186   0.21866361   1.55255457  -2.14074379
  1.05600010   0.10392817  -1.03919626  -0.07071184   1.56001152   0.98524834   0.21864715   1.55256833  -2.14078295
  1.05601439   0.10392882  -1.03918263  -0.07072043   1.56003029   0.98525552   0.21863071   1.55258229  -2.14082022
  1.05602710   0.10392885  -1.03917002  -0.07072870   1.56004871   0.98526335   0.21861426   1.55259645  -2.14085572
  1.05603831   0.10392828  -1.03915834  -0.07073666   1.56006684   0.98527176   0.21859784   1.55261080  -2.14088959
  1.05604808   0.10392712  -1.03914750  -0.07074432   1.56008470   0.98528073   0.21858144   1.55262534  -2.14092194
  1.05605647   0.10392538  -1.03913741  -0.07075173   1.56010233   0.98529019   0.21856508   1.55264004  -2.14095286
  1.05606353   0.10392305  -1.03912799  -0.07075887   1.56011975   0.98530011   0.21854876   1.55265489  -2.14098244
  1.05606931   0.10392014  -1.03911919  -0.07076578   1.56013698   0.98531046   0.21853250   1.55266990  -2.14101078
  1.05607385   0.10391668  -1.03911092  -0.07077247   1.56015405   0.98532121   0.21851630   1.55268505  -2.14103795
  1.05607723   0.10391268  -1.03910316  -0.07077895   1.56017099   0.98533232   0.21850015   1.55270035  -2.14106403
  1.05607950   0.10390818  -1.03909584  -0.07078523   1.56018780   0.98534378   0.21848406   1.55271578  -2.14108910
  1.05608072   0.10390321  -1.03908893  -0.07079133   1.56020452   0.98535555   0.21846801   1.55273135  -2.14111323
  1.05608097   0.10389780  -1.03908239  -0.07079725   1.56022115   0.98536764   0.21845199   1.55274707  -2.14113649
  1.05608031   0.10389201  -1.03907621  -0.07080302   1.56023773   0.98538001   0.21843600   1.55276294  -2.14115895
  1.05607881   0.10388587  -1.03907036  -0.07080864   1.56025425   0.98539266   0.21842001   1.55277897  -2.14118067
  1.05607656   0.10387944  -1.03906481  -0.07081413   1.56027075   0.98540557   0.21840401   1.55279515  -2.14120173
  1.05607360   0.10387273  -1.03905954  -0.07081950   1.56028722   0.98541874   0.21838799   1.55281151  -2.14122219
  1.05607002   0.10386580  -1.03905455  -0.07082476   1.56030369   0.98543214   0.21837194   1.55282803  -2.14124209
  1.05606587   0.10385867  -1.03904982  -0.07082993   1.56032016   0.98544578   0.21835583   1.55284473  -2.14126151
  1.05606121   0.10385135  -1.03904533  -0.07083501   1.56033664   0.98545963   0.21833967   1.55286160  -2.14128048
  1.05605609   0.10384388  -1.03904106  -0.07084001   1.56035315   0.98547370   0.21832343   1.55287865  -2.14129905
  1.05605054   0.10383627  -1.03903701  -0.07084495   1.56036968   0.98548797   0.21830712   1.55289588  -2.14131727
  1.05604460   0.10382851  -1.03903316  -0.07084983   1.56038625   0.98550244   0.21829073   1.55291329  -2.14133516
  1.05603830   0.10382063  -1.03902950  -0.07085467   1.56040285   0.98551709   0.21827425   1.55293087  -2.14135275
  1.05603167   0.10381263  -1.03902600  -0.07085945   1.56041950   0.98553193   0.21825769   1.55294862  -2.14137008
  1.05602471   0.10380451  -1.03902267  -0.07086420   1.56043621   0.98554694   0.21824103   1.55296654  -2.14138716
  1.05601745   0.10379626  -1.03901948  -0.07086891   1.56045296   0.98556212   0.21822429   1.55298463  -2.14140402
  1.05600988   0.10378790  -1.03901643  -0.07087358   1.56046978   0.98557746   0.21820746   1.55300289  -2.14142066
  1.05600203   0.10377942  -1.03901350  -0.07087822   1.56048665   0.98559296   0.21819055   1.55302130  -2.14143710
  1.05599389   0.10377082  -1.03901068  -0.07088283   1.56050360   0.98560862   0.21817355   1.55303987  -2.14145335
  1.05598547   0.10376212  -1.03900797  -0.07088740   1.56052060   0.98562443   0.21815647   1.55305860  -2.14146942
  1.05597677   0.10375329  -1.03900534  -0.07089194   1.56053768   0.98564039   0.21813931   1.55307748  -2.14148533
  1.05596780   0.10374436  -1.03900281  -0.07089644   1.56055484   0.98565649   0.21812207   1.55309652  -2.14150108
  1.05595856   0.10373533  -1.03900035  -0.07090092   1.56057206   0.98567274   0.21810474   1.55311570  -2.14151668
  1.05594907   0.10372618  -1.03899796  -0.07090537   1.56058937   0.98568913   0.21808734   1.55313503  -2.14153215
  1.05593934   0.10371694  -1.03899564  -0.07090979   1.56060676   0.98570566   0.21806986   1.55315451  -2.14154749
  1.05592936   0.10370759  -1.03899337  -0.07091419   1.56062422   0.98572232   0.21805229   1.55317413  -2.14156271
  1.05591915   0.10369815  -1.03899117  -0.07091856   1.56064178   0.98573911   0.21803464   1.55319390  -2.14157783
  1.05590873   0.10368861  -1.03898901  -0.07092291   1.56065941   0.98575604   0.21801691   1.55321382  -2.14159285
  1.05589810   0.10367899  -1.03898690  -0.07092724   1.56067713   0.98577310   0.21799909   1.55323387  -2.14160778
  1.05588728   0.10366927  -1.03898484  -0.07093156   1.56069495   0.98579029   0.21798118   1.55325407  -2.14162264
  1.05587627   0.10365947  -1.03898282  -0.07093586   1.56071285   0.98580760   0.21796318   1.55327441  -2.14163744
  1.05586509   0.10364958  -1.03898083  -0.07094015   1.56073084   0.98582504   0.21794509   1.55329489  -2.14165217
  1.05585375   0.10363962  -1.03897889  -0.07094443   1.56074892   0.98584261   0.21792690   1.55331551  -2.14166686
  1.05584224   0.10362957  -1.03897697  -0.07094870   1.56076709   0.98586029   0.21790863   1.55333627  -2.14168151
  1.05583059   0.10361945  -1.03897509  -0.07095297   1.56078536   0.98587810   0.21789025   1.55335717  -2.14169612
  1.05581879   0.10360926  -1.03897324  -0.07095723   1.56080372   0.98589603   0.21787178   1.55337821  -2.14171071
  1.05580686   0.10359899  -1.03897141  -0.07096148   1.56082218   0.98591408   0.21785321   1.55339938  -2.14172527
  1.05579479   0.10358865  -1.03896961  -0.07096574   1.56084073   0.98593224   0.21783455   1.55342070  -2.14173981
  1.05578260   0.10357824  -1.03896783  -0.07096999   1.56085938   0.98595053   0.21781578   1.55344214  -2.14175434
  1.05577027   0.10356776  -1.03896606  -0.07097423   1.56087812   0.98596893   0.21779692   1.55346373  -2.14176885
  1.05575783   0.10355721  -1.03896432  -0.07097848   1.56089696   0.98598745   0.21777796   1.55348544  -2.14178336
  1.05574526   0.10354660  -1.03896259  -0.07098273   1.56091590   0.98600608   0.21775891   1.55350729  -2.14179786
  1.05573258   0.10353591  -1.03896088  -0.07098697   1.56093494   0.98602483   0.21773976   1.55352928  -2.14181236
  1.05571978   0.10352515  -1.03895917  -0.07099121   1.56095407   0.98604370   0.21772051   1.55355139  -2.14182686
  1.05570686   0.10351433  -1.03895748  -0.07099546   1.56097330   0.98606268   0.21770116   1.55357363  -2.14184136
  1.05569384   0.10350344  -1.03895579  -0.07099970   1.56099264   0.98608177   0.21768172   1.55359601  -2.14185587
  1.05568070   0.10349247  -1.03895411  -0.07100394   1.56101207   0.98610097   0.21766218   1.55361851  -2.14187038
  1.05566745   0.10348144  -1.03895244  -0.07100819   1.56103160   0.98612028   0.21764255   1.55364114  -2.14188491
  1.05565410   0.10347034  -1.03895077  -0.07101243   1.56105123   0.98613971   0.21762282   1.55366389  -2.14189944
  1.05564064   0.10345917  -1.03894910  -0.07101668   1.56107096   0.98615924   0.21760299   1.55368678  -2.14191399
  1.05562709   0.10344793  -1.03894743  -0.07102093   1.56109079   0.98617889   0.21758307   1.55370979  -2.14192855
  1.05561343   0.10343662  -1.03894576  -0.07102519   1.56111071   0.98619865   0.21756306   1.55373292  -2.14194313
  1.05559968   0.10342525  -1.03894410  -0.07102944   1.56113074   0.98621851   0.21754295   1.55375618  -2.14195773
  1.05558584   0.10341380  -1.03894243  -0.07103370   1.56115087   0.98623848   0.21752274   1.55377956  -2.14197235
  1.05557190   0.10340230  -1.03894075  -0.07103797   1.56117110   0.98625857   0.21750244   1.55380306  -2.14198699
  1.05555788   0.10339072  -1.03893908  -0.07104224   1.56119143   0.98627875   0.21748204   1.55382669  -2.14200165
  1.05554377   0.10337908  -1.03893740  -0.07104651   1.56121186   0.98629905   0.21746155   1.55385045  -2.14201635
  1.05552957   0.10336738  -1.03893572  -0.07105079   1.56123238   0.98631946   0.21744096   1.55387432  -2.14203107
  1.05551530   0.10335561  -1.03893403  -0.07105508   1.56125301   0.98633997   0.21742027   1.55389831  -2.14204581
  1.05550094   0.10334378  -1.03893233  -0.07105937   1.56127374   0.98636058   0.21739949   1.55392243  -2.14206059
  1.05548650   0.10333189  -1.03893063  -0.07106366   1.56129457   0.98638131   0.21737862   1.55394667  -2.14207540
  1.05547199   0.10331993  -1.03892893  -0.07106796   1.56131550   0.98640214   0.21735764   1.55397103  -2.14209024
  1.05545740   0.10330791  -1.03892721  -0.07107227   1.56133653   0.98642307   0.21733658   1.55399550  -2.14210511
  1.05544273   0.10329582  -1.03892549  -0.07107659   1.56135766   0.98644411   0.21731542   1.55402010  -2.14212002
  1.05542799   0.10328368  -1.03892375  -0.07108091   1.56137889   0.98646525   0.21729416   1.55404482  -2.14213496
  1.05541318   0.10327147  -1.03892201  -0.07108524   1.56140022   0.98648650   0.21727281   1.55406965  -2.14214994
  1.05539830   0.10325920  -1.03892026  -0.07108957   1.56142165   0.98650786   0.21725137   1.55409460  -2.14216495
  1.05538334   0.10324687  -1.03891850  -0.07109391   1.56144318   0.98652931   0.21722983   1.55411967  -2.14217999
  1.05536832   0.10323447  -1.03891672  -0.07109826   1.56146480   0.98655087   0.21720820   1.55414485  -2.14219508
  1.05535323   0.10322201  -1.03891494  -0.07110262   1.56148653   0.98657253   0.21718647   1.55417016  -2.14221020
  1.05533807   0.10320950  -1.03891314  -0.07110698   1.56150836   0.98659430   0.21716465   1.55419557  -2.14222535
  1.05532285   0.10319692  -1.03891133  -0.07111135   1.56153028   0.98661617   0.21714274   1.55422111  -2.14224054
  1.05530756   0.10318428  -1.03890951  -0.07111573   1.56155231   0.98663814   0.21712074   1.55424675  -2.14225577
  1.05529220   0.10317157  -1.03890768  -0.07112011   1.56157443   0.98666021   0.21709864   1.55427252  -2.14227104
  1.05527679   0.10315881  -1.03890583  -0.07112450   1.56159666   0.98668238   0.21707646   1.55429839  -2.14228635
  1.05526130   0.10314599  -1.03890396  -0.07112890   1.56161898   0.98670465   0.21705418   1.55432438  -2.14230169
  1.05524576   0.10313310  -1.03890209  -0.07113330   1.56164140   0.98672703   0.21703181   1.55435048  -2.14231707
  1.05523016   0.10312016  -1.03890020  -0.07113772   1.56166391   0.98674950   0.21700935   1.55437670  -2.14233249
  1.05521450   0.10310715  -1.03889829  -0.07114214   1.56168653   0.98677208   0.21698680   1.55440303  -2.14234795
  1.05519877   0.10309409  -1.03889637  -0.07114656   1.56170924   0.98679475   0.21696416   1.55442947  -2.14236345
  1.05518299   0.10308097  -1.03889443  -0.07115100   1.56173205   0.98681753   0.21694143   1.55445602  -2.14237899
  1.05516716   0.10306778  -1.03889248  -0.07115544   1.56175496   0.98684040   0.21691861   1.55448268  -2.14239456
  1.05515126   0.10305454  -1.03889051  -0.07115989   1.56177796   0.98686338   0.21689571   1.55450945  -2.14241018
  1.05513531   0.10304124  -1.03888853  -0.07116434   1.56180107   0.98688645   0.21687271   1.55453634  -2.14242583
  1.05511931   0.10302788  -1.03888653  -0.07116881   1.56182427   0.98690962   0.21684962   1.55456333  -2.14244152
  1.05510325   0.10301446  -1.03888451  -0.07117328   1.56184756   0.98693289   0.21682645   1.55459043  -2.14245725
  1.05508714   0.10300098  -1.03888247  -0.07117775   1.56187095   0.98695625   0.21680319   1.55461764  -2.14247302
  1.05507097   0.10298745  -1.03888042  -0.07118224   1.56189444   0.98697972   0.21677984   1.55464496  -2.14248883
  1.05505476   0.10297386  -1.03887835  -0.07118673   1.56191802   0.98700328   0.21675641   1.55467239  -2.14250468
  1.05503849   0.10296021  -1.03887627  -0.07119123   1.56194170   0.98702694   0.21673289   1.55469992  -2.14252056
  1.05502217   0.10294650  -1.03887416  -0.07119573   1.56196548   0.98705069   0.21670928   1.55472757  -2.14253648
  1.05500580   0.10293273  -1.03887204  -0.07120024   1.56198935   0.98707454   0.21668559   1.55475532  -2.14255244
  1.05498938   0.10291891  -1.03886990  -0.07120476   1.56201331   0.98709849   0.21666181   1.55478317  -2.14256844
  1.05497292   0.10290503  -1.03886774  -0.07120928   1.56203737   0.98712253   0.21663794   1.55481113  -2.14258448
  1.05495640   0.10289109  -1.03886556  -0.07121382   1.56206152   0.98714667   0.21661400   1.55483920  -2.14260055
  1.05493984   0.10287710  -1.03886336  -0.07121835   1.56208577   0.98717090   0.21658997   1.55486737  -2.14261666
  1.05492323   0.10286305  -1.03886114  -0.07122290   1.56211011   0.98719523   0.21656585   1.55489565  -2.14263281
  1.05490657   0.10284894  -1.03885891  -0.07122744   1.56213454   0.98721965   0.21654165   1.55492403  -2.14264899
  1.05488987   0.10283478  -1.03885665  -0.07123200   1.56215907   0.98724416   0.21651737   1.55495251  -2.14266521
  1.05487312   0.10282056  -1.03885438  -0.07123656   1.56218369   0.98726877   0.21649301   1.55498110  -2.14268146
  1.05485633   0.10280629  -1.03885208  -0.07124113   1.56220841   0.98729347   0.21646857   1.55500979  -2.14269776
  1.05483949   0.10279196  -1.03884977  -0.07124570   1.56223321   0.98731827   0.21644404   1.55503858  -2.14271408
  1.05482261   0.10277757  -1.03884743  -0.07125028   1.56225811   0.98734316   0.21641944   1.55506748  -2.14273044
  1.05480569   0.10276313  -1.03884507  -0.07125486   1.56228310   0.98736814   0.21639475   1.55509647  -2.14274684
  1.05478873   0.10274863  -1.03884270  -0.07125945   1.56230818   0.98739321   0.21636998   1.55512557  -2.14276326
  1.05477172   0.10273408  -1.03884030  -0.07126404   1.56233335   0.98741837   0.21634514   1.55515476  -2.14277973
  1.05475467   0.10271948  -1.03883788  -0.07126864   1.56235861   0.98744363   0.21632021   1.55518406  -2.14279622
  1.05473758   0.10270482  -1.03883544  -0.07127324   1.56238397   0.98746897   0.21629521   1.55521346  -2.14281275
  1.05472046   0.10269010  -1.03883298  -0.07127785   1.56240941   0.98749441   0.21627013   1.55524295  -2.14282931
  1.05470329   0.10267533  -1.03883049  -0.07128246   1.56243494   0.98751994   0.21624497   1.55527255  -2.14284591
  1.05468608   0.10266051  -1.03882799  -0.07128708   1.56246057   0.98754555   0.21621973   1.55530224  -2.14286253
  1.05466884   0.10264564  -1.03882546  -0.07129170   1.56248628   0.98757126   0.21619442   1.55533203  -2.14287919
  1.05465156   0.10263071  -1.03882291  -0.07129632   1.56251208   0.98759705   0.21616903   1.55536192  -2.14289588
  1.05463424   0.10261572  -1.03882034  -0.07130095   1.56253797   0.98762294   0.21614357   1.55539190  -2.14291259
  1.05461688   0.10260069  -1.03881775  -0.07130558   1.56256394   0.98764891   0.21611803   1.55542198  -2.14292934
  1.05459949   0.10258560  -1.03881513  -0.07131022   1.56259001   0.98767497   0.21609242   1.55545216  -2.14294612
  1.05458206   0.10257046  -1.03881249  -0.07131486   1.56261616   0.98770112   0.21606673   1.55548243  -2.14296293
  1.05456460   0.10255526  -1.03880983  -0.07131950   1.56264240   0.98772736   0.21604097   1.55551280  -2.14297976
  1.05454710   0.10254001  -1.03880715  -0.07132415   1.56266873   0.98775368   0.21601513   1.55554326  -2.14299662
  1.05452957   0.10252471  -1.03880444  -0.07132879   1.56269514   0.98778009   0.21598923   1.55557381  -2.14301351
  1.05451201   0.10250936  -1.03880171  -0.07133344   1.56272164   0.98780659   0.21596325   1.55560446  -2.14303043
  1.05449441   0.10249396  -1.03879896  -0.07133810   1.56274823   0.98783317   0.21593720   1.55563520  -2.14304738
  1.05447678   0.10247851  -1.03879618  -0.07134275   1.56277490   0.98785984   0.21591108   1.55566603  -2.14306435
  1.05445912   0.10246300  -1.03879338  -0.07134741   1.56280165   0.98788659   0.21588489   1.55569696  -2.14308134
  1.05444143   0.10244744  -1.03879055  -0.07135207   1.56282849   0.98791343   0.21585863   1.55572797  -2.14309837
  1.05442371   0.10243183  -1.03878770  -0.07135673   1.56285542   0.98794035   0.21583230   1.55575908  -2.14311541
  1.05440596   0.10241618  -1.03878483  -0.07136139   1.56288243   0.98796735   0.21580590   1.55579028  -2.14313248
  1.05438818   0.10240047  -1.03878193  -0.07136605   1.56290952   0.98799444   0.21577944   1.55582156  -2.14314958
  1.05437036   0.10238471  -1.03877901  -0.07137072   1.56293669   0.98802162   0.21575291   1.55585294  -2.14316669
