  0.41770018   0.46579952  -1.27410012  -0.43299972   2.09289980   0.69139993   0.43859985   1.64320008  -1.13520028
  0.41770038   0.46579900  -1.27410024  -0.43299944   2.09289955   0.69139990   0.43859970   1.64320012  -1.13520058
  0.41770117   0.46579711  -1.27410064  -0.43299855   2.09289854   0.69139995   0.43859912   1.64320014  -1.13520168
  0.41770315   0.46579263  -1.27410152  -0.43299663   2.09289590   0.69140048   0.43859774   1.64319992  -1.13520437
  0.41770709   0.46578414  -1.27410310  -0.43299316   2.09289048   0.69140204   0.43859507   1.64319921  -1.13520963
  0.41771394   0.46577007  -1.27410567  -0.43298753   2.09288099   0.69140535   0.43859053   1.64319779  -1.13521869
  0.41772475   0.46574876  -1.27410958  -0.43297900   2.09286603   0.69141116   0.43858349   1.64319554  -1.13523289
  0.41774066   0.46571857  -1.27411519  -0.43296674   2.09284415   0.69142033   0.43857331   1.64319236  -1.13525372
  0.41776281   0.46567785  -1.27412287  -0.43294979   2.09281383   0.69143381   0.43855936   1.64318821  -1.13528283
  0.41779239   0.46562499  -1.27413294  -0.43292708   2.09277350   0.69145263   0.43854101   1.64318308  -1.13532203
  0.41783059   0.46555845  -1.27414567  -0.43289750   2.09272161   0.69147781   0.43851761   1.64317697  -1.13537314
  0.41787855   0.46547667  -1.27416126  -0.43285990   2.09265653   0.69151048   0.43848834   1.64316994  -1.13543804
  0.41793737   0.46537815  -1.27417983  -0.43281301   2.09257655   0.69155205   0.43845210   1.64316204  -1.13551867
  0.41800811   0.46526141  -1.27420155  -0.43275551   2.09248032   0.69160337   0.43840802   1.64315344  -1.13561696
  0.41809182   0.46512495  -1.27422659  -0.43268622   2.09236635   0.69166561   0.43835547   1.64314400  -1.13573479
  0.41818948   0.46496724  -1.27425503  -0.43260419   2.09223217   0.69174121   0.43829346   1.64313323  -1.13587397
  0.41830206   0.46478664  -1.27428719  -0.43250827   2.09207564   0.69183191   0.43822100   1.64312112  -1.13603610
  0.41843049   0.46458130  -1.27432357  -0.43239719   2.09189408   0.69194004   0.43813695   1.64310777  -1.13622276
  0.41857568   0.46434908  -1.27436505  -0.43226929   2.09168493   0.69206750   0.43804034   1.64309362  -1.13643552
  0.41873860   0.46408766  -1.27441283  -0.43212273   2.09144612   0.69221553   0.43793061   1.64307922  -1.13667601
  0.41892017   0.46379450  -1.27446815  -0.43195580   2.09117571   0.69238524   0.43780746   1.64306482  -1.13694579
  0.41912128   0.46346704  -1.27453209  -0.43176717   2.09087163   0.69257804   0.43767055   1.64305012  -1.13724629
  0.41934272   0.46310273  -1.27460538  -0.43155572   2.09053192   0.69279522   0.43751921   1.64303462  -1.13757880
  0.41958524   0.46269907  -1.27468850  -0.43132048   2.09015492   0.69303773   0.43735278   1.64301765  -1.13794464
  0.41984957   0.46225361  -1.27478162  -0.43106058   2.08973826   0.69330761   0.43717044   1.64299803  -1.13834533
  0.42013647   0.46176383  -1.27488498  -0.43077533   2.08927931   0.69360718   0.43697177   1.64297422  -1.13878239
  0.42044664   0.46122719  -1.27499896  -0.43046378   2.08877640   0.69393701   0.43675628   1.64294571  -1.13925701
  0.42078075   0.46064113  -1.27512410  -0.43012503   2.08822850   0.69429654   0.43652373   1.64291238  -1.13977008
  0.42113942   0.46000312  -1.27526087  -0.42975836   2.08763386   0.69468634   0.43627356   1.64287377  -1.14032238
  0.42152318   0.45931068  -1.27540977  -0.42936289   2.08699091   0.69510656   0.43600478   1.64283001  -1.14091454
  0.42193250   0.45856141  -1.27557150  -0.42893758   2.08629873   0.69555669   0.43571723   1.64278116  -1.14154727
  0.42236773   0.45775308  -1.27574670  -0.42848181   2.08555612   0.69603698   0.43541124   1.64272653  -1.14222117
  0.42282909   0.45688361  -1.27593564  -0.42799530   2.08476016   0.69655075   0.43508701   1.64266393  -1.14293720
  0.42331668   0.45595104  -1.27613820  -0.42747744   2.08390738   0.69710201   0.43474318   1.64259175  -1.14369641
  0.42383055   0.45495361  -1.27635443  -0.42692760   2.08299666   0.69769093   0.43437857   1.64251000  -1.14449900
  0.42437071   0.45388974  -1.27658427  -0.42634511   2.08202716   0.69831761   0.43399265   1.64241836  -1.14534552
  0.42493719   0.45275803  -1.27682781  -0.42572903   2.08099833   0.69898196   0.43358565   1.64231645  -1.14623674
  0.42552998   0.45155719  -1.27708497  -0.42507815   2.07990857   0.69968584   0.43315759   1.64220334  -1.14717410
  0.42614907   0.45028604  -1.27735579  -0.42439049   2.07875857   0.70042700   0.43270716   1.64208094  -1.14815839
  0.42679451   0.44894352  -1.27764046  -0.42366453   2.07754961   0.70120232   0.43223353   1.64195121  -1.14918996
  0.42746642   0.44752881  -1.27793854  -0.42289843   2.07627957   0.70201516   0.43173587   1.64181315  -1.15027119
  0.42816512   0.44604128  -1.27825035  -0.42209089   2.07494934   0.70286521   0.43121754   1.64166508  -1.15140442
  0.42889090   0.44448032  -1.27857623  -0.42124228   2.07355984   0.70375117   0.43068153   1.64150550  -1.15259018
  0.42964389   0.44284538  -1.27891589  -0.42035394   2.07210992   0.70467387   0.43012784   1.64133326  -1.15382773
  0.43042398   0.44113607  -1.27926811  -0.41942707   2.07059479   0.70564057   0.42955453   1.64114502  -1.15511754
  0.43123076   0.43935207  -1.27963148  -0.41846276   2.06900879   0.70666122   0.42896114   1.64093514  -1.15646113
  0.43206356   0.43749301  -1.28000481  -0.41746082   2.06734825   0.70774234   0.42834684   1.64070014  -1.15785989
  0.43292170   0.43555853  -1.28038751  -0.41641617   2.06561730   0.70887705   0.42770795   1.64044600  -1.15931546
  0.43380500   0.43354842  -1.28078072  -0.41532453   2.06382479   0.71005282   0.42704996   1.64017666  -1.16083004
  0.43471346   0.43146261  -1.28118483  -0.41418632   2.06197469   0.71126280   0.42637632   1.63989332  -1.16240272
  0.43564701   0.42930104  -1.28159915  -0.41300428   2.06006731   0.71250291   0.42568353   1.63959898  -1.16402932
  0.43660543   0.42706370  -1.28202275  -0.41178122   2.05810064   0.71377371   0.42496846   1.63929423  -1.16570669
  0.43758830   0.42475092  -1.28245401  -0.41051748   2.05607054   0.71508382   0.42423041   1.63897413  -1.16743692
  0.43859511   0.42236329  -1.28289109  -0.40921260   2.05397284   0.71644573   0.42347251   1.63862917  -1.16922524
  0.43962537   0.41990122  -1.28333285  -0.40786807   2.05180662   0.71786452   0.42269806   1.63825296  -1.17107330
  0.44067856   0.41736473  -1.28377847  -0.40648509   2.04957443   0.71933369   0.42190217   1.63785000  -1.17297730
  0.44175417   0.41475362  -1.28422764  -0.40506491   2.04727893   0.72084341   0.42107807   1.63742865  -1.17493131
  0.44285158   0.41206760  -1.28468106  -0.40360563   2.04492297   0.72238586   0.42022429   1.63699530  -1.17693331
  0.44397035   0.40930711  -1.28513858  -0.40210300   2.04250663   0.72396564   0.41934572   1.63654612  -1.17898928
  0.44511048   0.40647306  -1.28559941  -0.40055567   2.04002602   0.72559479   0.41844963   1.63607159  -1.18110583
  0.44627230   0.40356628  -1.28606247  -0.39896171   2.03748351   0.72726934   0.41753345   1.63557526  -1.18328396
  0.44745630   0.40058750  -1.28652732  -0.39732072   2.03488537   0.72897507   0.41659280   1.63506677  -1.18552021
  0.44866298   0.39753768  -1.28699348  -0.39563480   2.03223191   0.73071049   0.41563200   1.63454503  -1.18781418
  0.44989266   0.39441779  -1.28746049  -0.39390571   2.02952044   0.73247892   0.41465635   1.63400717  -1.19016651
  0.45114523   0.39122887  -1.28792720  -0.39213553   2.02674359   0.73429289   0.41367031   1.63344582  -1.19257928
  0.45241998   0.38797191  -1.28839268  -0.39032553   2.02389527   0.73616600   0.41268000   1.63285143  -1.19505582
  0.45371549   0.38464793  -1.28885515  -0.38847669   2.02097226   0.73810796   0.41168715   1.63221662  -1.19759798
  0.45503006   0.38125760  -1.28931339  -0.38658844   2.01797980   0.74010840   0.41068573   1.63154849  -1.20020157
  0.45636209   0.37780159  -1.28976639  -0.38465587   2.01492931   0.74214531   0.40966557   1.63086305  -1.20286238
  0.45771104   0.37428210  -1.29021116  -0.38267162   2.01183094   0.74420845   0.40861933   1.63016656  -1.20558511
  0.45907806   0.37070126  -1.29064669  -0.38063349   2.00869180   0.74628671   0.40754305   1.62946644  -1.20837015
  0.46046512   0.36706142  -1.29107247  -0.37854542   2.00550902   0.74838664   0.40644321   1.62875684  -1.21121932
  0.46187394   0.36336509  -1.29148726  -0.37641288   2.00227741   0.75052053   0.40532593   1.62802773  -1.21413479
  0.46330578   0.35961421  -1.29189079  -0.37423989   1.99899647   0.75268802   0.40419367   1.62727872  -1.21711470
  0.46476125   0.35581037  -1.29228365  -0.37202531   1.99566994   0.75488168   0.40304915   1.62651475  -1.22015893
  0.46624054   0.35195566  -1.29266549  -0.36976821   1.99230036   0.75710383   0.40189900   1.62573116  -1.22327171
  0.46774361   0.34805197  -1.29303610  -0.36747097   1.98888996   0.75935422   0.40074790   1.62492503  -1.22645281
  0.46926990   0.34410093  -1.29339408  -0.36514001   1.98543369   0.76163989   0.39959590   1.62409201  -1.22969814
  0.47081798   0.34010401  -1.29373711  -0.36278071   1.98192632   0.76396756   0.39844050   1.62322879  -1.23300332
  0.47238553   0.33606287  -1.29406143  -0.36039557   1.97836601   0.76634188   0.39727817   1.62233166  -1.23636652
  0.47396997   0.33197904  -1.29436325  -0.35798426   1.97475741   0.76875403   0.39610161   1.62140573  -1.23978418
  0.47556902   0.32785412  -1.29463941  -0.35554517   1.97110125   0.77120327   0.39491183   1.62045063  -1.24325727
  0.47718085   0.32368938  -1.29488895  -0.35307227   1.96740202   0.77368137   0.39371350   1.61947158  -1.24678866
  0.47880430   0.31948667  -1.29511103  -0.35055977   1.96366429   0.77618687   0.39251446   1.61846699  -1.25038492
  0.48043894   0.31524776  -1.29530590  -0.34800416   1.95989484   0.77871212   0.39131998   1.61743945  -1.25404869
  0.48208484   0.31097515  -1.29547069  -0.34540456   1.95609551   0.78125810   0.39012163   1.61638963  -1.25778084
  0.48374264   0.30667111  -1.29560341  -0.34275729   1.95227391   0.78380994   0.38890613   1.61533057  -1.26157923
  0.48541384   0.30233754  -1.29570577  -0.34006637   1.94843020   0.78636421   0.38768331   1.61426349  -1.26544196
  0.48709953   0.29797634  -1.29577896  -0.33733797   1.94455712   0.78893073   0.38646626   1.61318187  -1.26936854
  0.48879999   0.29358928  -1.29582306  -0.33457744   1.94064774   0.79151920   0.38526241   1.61208031  -1.27335776
  0.49051473   0.28917821  -1.29583704  -0.33178982   1.93669565   0.79414211   0.38407675   1.61095058  -1.27740920
  0.49224263   0.28474483  -1.29581907  -0.32898122   1.93269542   0.79680990   0.38290823   1.60978595  -1.28151959
  0.49398191   0.28029108  -1.29576590  -0.32615737   1.92864294   0.79953392   0.38175351   1.60857774  -1.28568647
  0.49573043   0.27581902  -1.29567340  -0.32332401   1.92453323   0.80232634   0.38060846   1.60731692  -1.28990731
  0.49748608   0.27132991  -1.29553920  -0.32048402   1.92036503   0.80518493   0.37946600   1.60600695  -1.29417598
  0.49924740   0.26682407  -1.29536453  -0.31762661   1.91614582   0.80808687   0.37832048   1.60466954  -1.29849073
  0.50101434   0.26230278  -1.29515145  -0.31474436   1.91188458   0.81101694   0.37717282   1.60331609  -1.30285313
  0.50278760   0.25776711  -1.29490355  -0.31183249   1.90759821   0.81394386   0.37602232   1.60196569  -1.30725897
  0.50456769   0.25321776  -1.29462444  -0.30888614   1.90330223   0.81683632   0.37486856   1.60063834  -1.31170366
  0.50635547   0.24865786  -1.29431348  -0.30590067   1.89900631   0.81969273   0.37371956   1.59932879  -1.31619628
  0.50815273   0.24409137  -1.29397045  -0.30287793   1.89471256   0.82252739   0.37259683   1.59801921  -1.32074841
  0.50996136   0.23952270  -1.29359074  -0.29982566   1.89041189   0.82536479   0.37149811   1.59669336  -1.32536331
  0.51178361   0.23495637  -1.29316926  -0.29674523   1.88610891   0.82820187   0.37041067   1.59535274  -1.33004161
  0.51362302   0.23039761  -1.29270013  -0.29364873   1.88179432   0.83105567   0.36932617   1.59398774  -1.33478121
  0.51548408   0.22585331  -1.29217467  -0.29053857   1.87746942   0.83393526   0.36823521   1.59258991  -1.33959022
  0.51737258   0.22133092  -1.29158513  -0.28742403   1.87313113   0.83685964   0.36713910   1.59114171  -1.34447730
  0.51929496   0.21683452  -1.29093271  -0.28431782   1.86877086   0.83983207   0.36605676   1.58964376  -1.34944115
  0.52125616   0.21236406  -1.29022523  -0.28122688   1.86438208   0.84283012   0.36499637   1.58812450  -1.35446803
  0.52325828   0.20791747  -1.28947367  -0.27814473   1.85997433   0.84581614   0.36396021   1.58661848  -1.35954804
  0.52530159   0.20349346  -1.28868777  -0.27506451   1.85555412   0.84878275   0.36295945   1.58513297  -1.36468273
  0.52738519   0.19909126  -1.28787400  -0.27198942   1.85112129   0.85173714   0.36199656   1.58366377  -1.36986764
  0.52950671   0.19471066  -1.28703408  -0.26892611   1.84667254   0.85469102   0.36106494   1.58220285  -1.37509550
  0.53166239   0.19035267  -1.28616420  -0.26587936   1.84220060   0.85766765   0.36015912   1.58073282  -1.38036565
  0.53384767   0.18601882  -1.28525640  -0.26285830   1.83769422   0.86069180   0.35926810   1.57923543  -1.38567383
  0.53605786   0.18170902  -1.28430431  -0.25987306   1.83314677   0.86376011   0.35837269   1.57771494  -1.39100357
  0.53828856   0.17742155  -1.28330710  -0.25692075   1.82855809   0.86685078   0.35746729   1.57619183  -1.39634430
  0.54053613   0.17315528  -1.28226761  -0.25398434   1.82393237   0.86995581   0.35657035   1.57467419  -1.40170703
  0.54279767   0.16890980  -1.28119045  -0.25103540   1.81928221   0.87306943   0.35571013   1.57316491  -1.40711678
  0.54507119   0.16468401  -1.28008030  -0.24804276   1.81463787   0.87614047   0.35489024   1.57169692  -1.41258442
  0.54735660   0.16047663  -1.27894521  -0.24499245   1.81001282   0.87913641   0.35413537   1.57029450  -1.41811517
  0.54965457   0.15628823  -1.27778763  -0.24189149   1.80539964   0.88206460   0.35344668   1.56895747  -1.42370308
  0.55196621   0.15212157  -1.27660515  -0.23875920   1.80079004   0.88494912   0.35280595   1.56766739  -1.42933646
  0.55429316   0.14797985  -1.27539492  -0.23562048   1.79617912   0.88780712   0.35218810   1.56640791  -1.43499718
  0.55663716   0.14386573  -1.27415555  -0.23249226   1.79156887   0.89063493   0.35157162   1.56517850  -1.44066824
  0.55899996   0.13978100  -1.27288890  -0.22937616   1.78696094   0.89342370   0.35096208   1.56398765  -1.44634771
  0.56138316   0.13572731  -1.27159868  -0.22627050   1.78234977   0.89618119   0.35038071   1.56283584  -1.45204262
  0.56378788   0.13170641  -1.27028780  -0.22318024   1.77772727   0.89892391   0.34983546   1.56171645  -1.45775353
  0.56621460   0.12772024  -1.26895774  -0.22011308   1.77308856   0.90166642   0.34932330   1.56062095  -1.46347640
  0.56866306   0.12377112  -1.26760833  -0.21707243   1.76843182   0.90442480   0.34884228   1.55953714  -1.46921243
  0.57113284   0.11986032  -1.26624120  -0.21405452   1.76376557   0.90719074   0.34839792   1.55846816  -1.47496422
  0.57362367   0.11598837  -1.26485859  -0.21105916   1.75909617   0.90995138   0.34799339   1.55742227  -1.48072876
  0.57613504   0.11215550  -1.26345998  -0.20809414   1.75442019   0.91270289   0.34761083   1.55640510  -1.48649252
  0.57866601   0.10836211  -1.26204191  -0.20516964   1.74972229   0.91545998   0.34722679   1.55541355  -1.49224250
  0.58121524   0.10460787  -1.26060458  -0.20229093   1.74500071   0.91822562   0.34683378   1.55444505  -1.49797187
  0.58378095   0.10089090  -1.25915037  -0.19945092   1.74026145   0.92098628   0.34642699   1.55350902  -1.50367845
  0.58636138   0.09720888  -1.25768487  -0.19663235   1.73552064   0.92371732   0.34602609   1.55261970  -1.50937221
  0.58895511   0.09356067  -1.25621297  -0.19382366   1.73079437   0.92640285   0.34565558   1.55178183  -1.51506422
  0.59156088   0.08994680  -1.25473397  -0.19102648   1.72608630   0.92904743   0.34531950   1.55098713  -1.52075660
  0.59417737   0.08637011  -1.25323979  -0.18825142   1.72138900   0.93168160   0.34499588   1.55020834  -1.52644679
  0.59680309   0.08283531  -1.25171761  -0.18551576   1.71668918   0.93435182   0.34464890   1.54940523  -1.53212950
  0.59943666   0.07934759  -1.25015585  -0.18282926   1.71198439   0.93708659   0.34426067   1.54854708  -1.53780687
  0.60207803   0.07591116  -1.24854602  -0.18016313   1.70730774   0.93983606   0.34383744   1.54765586  -1.54349942
  0.60473155   0.07252748  -1.24689365  -0.17750366   1.70266793   0.94255879   0.34342447   1.54677118  -1.54921993
  0.60740402   0.06919783  -1.24520504  -0.17485114   1.69806195   0.94522697   0.34303803   1.54592761  -1.55496508
  0.61010304   0.06592330  -1.24348858  -0.17221433   1.69348704   0.94782638   0.34267654   1.54514560  -1.56072419
  0.61283519   0.06270366  -1.24175622  -0.16959753   1.68894865   0.95034073   0.34234289   1.54444228  -1.56648982
  0.61560527   0.05953889  -1.24001931  -0.16700139   1.68445134   0.95277217   0.34204964   1.54381921  -1.57226448
  0.61841596   0.05642738  -1.23828842  -0.16442099   1.68000048   0.95511659   0.34179521   1.54328243  -1.57804679
  0.62126826   0.05336771  -1.23657326  -0.16185101   1.67560289   0.95737611   0.34158620   1.54283049  -1.58383970
  0.62416182   0.05036123  -1.23487499  -0.15930071   1.67126027   0.95957610   0.34140522   1.54243669  -1.58963899
  0.62709560   0.04741166  -1.23318904  -0.15678561   1.66697396   0.96174704   0.34124818   1.54206704  -1.59544516
  0.63006750   0.04452511  -1.23150090  -0.15432916   1.66273686   0.96392559   0.34109098   1.54168215  -1.60125193
  0.63307488   0.04170817  -1.22979347  -0.15196154   1.65853466   0.96614603   0.34091234   1.54124882  -1.60704775
  0.63611456   0.03896545  -1.22805375  -0.14969823   1.65435613   0.96842024   0.34071811   1.54075847  -1.61283010
  0.63918344   0.03629686  -1.22627495  -0.14752057   1.65019066   0.97073371   0.34051881   1.54023610  -1.61860823
  0.64227951   0.03369700  -1.22446371  -0.14538905   1.64604450   0.97304722   0.34032082   1.53972307  -1.62439345
  0.64540229   0.03115697  -1.22263822  -0.14327454   1.64191776   0.97534110   0.34012891   1.53924957  -1.63018823
  0.64855139   0.02866782  -1.22081768  -0.14116089   1.63782082   0.97758932   0.33992962   1.53883761  -1.63598131
  0.65172647   0.02622447  -1.21901341  -0.13905050   1.63376244   0.97978551   0.33969486   1.53848422  -1.64175541
  0.65492719   0.02382656  -1.21722860  -0.13695098   1.62975317   0.98193114   0.33942644   1.53817747  -1.64750775
  0.65815309   0.02147861  -1.21545429  -0.13487097   1.62579507   0.98404378   0.33913133   1.53789501  -1.65324655
  0.66140443   0.01918669  -1.21367919  -0.13282259   1.62188312   0.98613968   0.33883084   1.53762343  -1.65898188
  0.66468164   0.01695651  -1.21189222  -0.13081743   1.61801105   0.98822304   0.33853481   1.53736093  -1.66471616
  0.66798531   0.01479140  -1.21008892  -0.12885229   1.61418331   0.99027216   0.33826183   1.53712688  -1.67045501
  0.67131628   0.01269312  -1.20827135  -0.12692478   1.61040434   0.99227187   0.33802725   1.53693689  -1.67620059
  0.67467484   0.01066107  -1.20644554  -0.12503118   1.60668248   0.99420064   0.33782352   1.53680672  -1.68194466
  0.67806120   0.00869680  -1.20461163  -0.12317637   1.60302187   0.99606396   0.33760153   1.53672091  -1.68767069
  0.68147551   0.00680477  -1.20276378  -0.12136941   1.59941197   0.99790479   0.33731256   1.53663953  -1.69337076
  0.68491816   0.00498992  -1.20090049  -0.11962745   1.59584582   0.99976541   0.33695141   1.53652729  -1.69904434
  0.68838929   0.00325476  -1.19902140  -0.11794316   1.59232654   1.00164357   0.33654149   1.53638952  -1.70470397
  0.69188974   0.00159874  -1.19713111  -0.11630569   1.58885358   1.00352168   0.33610826   1.53625149  -1.71035675
  0.69542051   0.00002000  -1.19523621  -0.11471045   1.58542789   1.00538304   0.33565540   1.53613183  -1.71599850
  0.69898220  -0.00148488  -1.19334541  -0.11315052   1.58205279   1.00720628   0.33519037   1.53605250  -1.72162547
  0.70257456  -0.00291974  -1.19146797  -0.11162031   1.57873436   1.00897061   0.33472825   1.53603338  -1.72723563
  0.70619592  -0.00428811  -1.18961080  -0.11011662   1.57548010   1.01066015   0.33428340   1.53608675  -1.73282750
  0.70984303  -0.00559308  -1.18777749  -0.10863902   1.57229739   1.01226512   0.33386305   1.53621572  -1.73839812
  0.71351171  -0.00683602  -1.18596652  -0.10719440   1.56919139   1.01379079   0.33345868   1.53640526  -1.74394121
  0.71719735  -0.00801658  -1.18417184  -0.10579076   1.56616202   1.01525735   0.33306442   1.53663017  -1.74945625
  0.72089509  -0.00913282  -1.18238324  -0.10444226   1.56320672   1.01669066   0.33266631   1.53685827  -1.75493957
  0.72459997  -0.01018179  -1.18058996  -0.10316279   1.56033123   1.01810267   0.33226345   1.53706602  -1.76039035
  0.72830740  -0.01116162  -1.17878238  -0.10194423   1.55755535   1.01946513   0.33188601   1.53726493  -1.76582298
  0.73201409  -0.01207382  -1.17694947  -0.10076803   1.55485968   1.02077788   0.33153272   1.53746862  -1.77124720
  0.73571872  -0.01292204  -1.17508735  -0.09963503   1.55222334   1.02204187   0.33114599   1.53767790  -1.77663926
  0.73942201  -0.01371038  -1.17320464  -0.09854986   1.54964286   1.02324802   0.33070203   1.53790027  -1.78198001
  0.74312542  -0.01444114  -1.17131357  -0.09751133   1.54712555   1.02439372   0.33021011   1.53813870  -1.78726820
  0.74683042  -0.01511422  -1.16942373  -0.09651784   1.54468056   1.02548562   0.32968836   1.53838812  -1.79251069
  0.75053808  -0.01572806  -1.16754021  -0.09556966   1.54231314   1.02653333   0.32915204   1.53864209  -1.79771433
  0.75424886  -0.01628128  -1.16566445  -0.09466290   1.54002328   1.02753921   0.32861789   1.53890495  -1.80288706
  0.75796248  -0.01677351  -1.16379678  -0.09378982   1.53780848   1.02849920   0.32810057   1.53918815  -1.80803591
  0.76167816  -0.01720528  -1.16193728  -0.09294715   1.53566330   1.02941573   0.32759189   1.53949241  -1.81315853
  0.76539486  -0.01757552  -1.16008635  -0.09214416   1.53359102   1.03030177   0.32707104   1.53979638  -1.81824598
  0.76911082  -0.01788142  -1.15824009  -0.09138782   1.53159507   1.03117260   0.32653186   1.54007932  -1.82329839
  0.77282426  -0.01812070  -1.15639167  -0.09066548   1.52968198   1.03201603   0.32599814   1.54035226  -1.82833218
  0.77653477  -0.01829156  -1.15453753  -0.08997650   1.52785422   1.03281845   0.32548399   1.54062927  -1.83335075
  0.78024267  -0.01839300  -1.15267784  -0.08933212   1.52611175   1.03357157   0.32498428   1.54091673  -1.83834311
  0.78394833  -0.01842524  -1.15081432  -0.08874082   1.52445086   1.03427368   0.32448663   1.54121636  -1.84329762
  0.78765191  -0.01839037  -1.14895095  -0.08819774   1.52287003   1.03491739   0.32399178   1.54153820  -1.84821253
  0.79135301  -0.01829246  -1.14709596  -0.08768576   1.52138009   1.03547879   0.32352330   1.54190522  -1.85309678
  0.79504971  -0.01813701  -1.14525856  -0.08719180   1.51998894   1.03594035   0.32309832   1.54233422  -1.85795382
  0.79873924  -0.01792776  -1.14344372  -0.08672024   1.51869735   1.03630989   0.32269429   1.54280937  -1.86277079
  0.80241877  -0.01766578  -1.14164968  -0.08628347   1.51750352   1.03660853   0.32226449   1.54329410  -1.86752933
  0.80608647  -0.01735063  -1.13986903  -0.08587279   1.51640300   1.03685031   0.32180147   1.54377334  -1.87223853
  0.80974227  -0.01698228  -1.13809736  -0.08547495   1.51539158   1.03703723   0.32132682   1.54425470  -1.87691599
  0.81338694  -0.01656164  -1.13633493  -0.08508706   1.51446782   1.03716270   0.32085822   1.54475143  -1.88156775
  0.81702108  -0.01608995  -1.13458273  -0.08471375   1.51362996   1.03722193   0.32039479   1.54526880  -1.88618902
  0.82064480  -0.01556814  -1.13283587  -0.08435083   1.51286674   1.03722363   0.31991556   1.54579876  -1.89077827
  0.82425903  -0.01499734  -1.13109213  -0.08398817   1.51217065   1.03717083   0.31942188   1.54634455  -1.89534343
  0.82786569  -0.01437845  -1.12935476  -0.08362656   1.51154163   1.03706349   0.31891898   1.54690905  -1.89988567
  0.83146657  -0.01371158  -1.12762347  -0.08327128   1.51097363   1.03691480   0.31838390   1.54747639  -1.90439840
  0.83506322  -0.01299589  -1.12589708  -0.08293331   1.51045655   1.03674898   0.31779248   1.54802328  -1.90887358
  0.83865722  -0.01223051  -1.12417790  -0.08262475   1.50998850   1.03657890   0.31714902   1.54854167  -1.91330867
  0.84224935  -0.01141422  -1.12246740  -0.08235770   1.50957324   1.03640880   0.31646235   1.54902792  -1.91770140
  0.84583930  -0.01054568  -1.12076372  -0.08214030   1.50921354   1.03623784   0.31574172   1.54948296  -1.92205139
  0.84942630  -0.00962422  -1.11906491  -0.08197732   1.50891330   1.03605491   0.31499913   1.54991724  -1.92635811
  0.85300928  -0.00865039  -1.11736997  -0.08186956   1.50867430   1.03584745   0.31424155   1.55034262  -1.93061995
  0.85658706  -0.00762610  -1.11567957  -0.08181076   1.50849624   1.03560459   0.31347342   1.55077050  -1.93483754
  0.86015818  -0.00655472  -1.11399669  -0.08178518   1.50838223   1.03531136   0.31270536   1.55121581  -1.93901739
  0.86372047  -0.00544084  -1.11232690  -0.08177444   1.50833789   1.03495194   0.31195077   1.55169351  -1.94316686
  0.86727147  -0.00428925  -1.11067743  -0.08176689   1.50836853   1.03451912   0.31121512   1.55220786  -1.94728766
  0.87080860  -0.00310401  -1.10905047  -0.08175881   1.50846174   1.03403360   0.31047520   1.55273924  -1.95137349
  0.87432945  -0.00188753  -1.10744372  -0.08175231   1.50860242   1.03352432   0.30969192   1.55325440  -1.95541386
  0.87783276  -0.00064076  -1.10585233  -0.08174069   1.50878484   1.03299957   0.30885940   1.55374466  -1.95941396
  0.88131877   0.00063623  -1.10427245  -0.08171722   1.50900909   1.03245431   0.30799365   1.55421904  -1.96338469
  0.88478868   0.00194337  -1.10270061  -0.08168070   1.50927203   1.03188486   0.30710047   1.55468434  -1.96733041
  0.88824398   0.00328072  -1.10113378  -0.08163439   1.50956922   1.03129215   0.30617192   1.55513861  -1.97124910
  0.89168638   0.00464900  -1.09957198  -0.08159095   1.50990134   1.03068054   0.30519183   1.55556994  -1.97513084
  0.89511755   0.00604983  -1.09801828  -0.08156122   1.51028008   1.03004708   0.30416866   1.55597603  -1.97897379
  0.89853859   0.00748543  -1.09647460  -0.08155256   1.51071508   1.02939264   0.30312059   1.55635715  -1.98278207
  0.90194991   0.00895802  -1.09493990  -0.08156926   1.51121011   1.02872050   0.30206062   1.55671319  -1.98656022
  0.90535120   0.01046935  -1.09341061  -0.08161258   1.51176332   1.02803501   0.30099243   1.55704259  -1.99031122
  0.90874210   0.01202027  -1.09188438  -0.08168371   1.51237117   1.02733680   0.29991999   1.55734921  -1.99403592
  0.91212222   0.01361029  -1.09036124  -0.08178320   1.51303227   1.02661811   0.29884598   1.55764268  -1.99773191
  0.91549120   0.01523763  -1.08884368  -0.08191262   1.51374512   1.02586899   0.29776622   1.55793197  -2.00139177
  0.91884854   0.01689965  -1.08733648  -0.08206992   1.51450884   1.02508174   0.29668109   1.55822585  -2.00501110
  0.92219360   0.01859347  -1.08584537  -0.08225234   1.51531689   1.02426292   0.29559333   1.55852626  -2.00858846
  0.92552533   0.02031566  -1.08437684  -0.08245453   1.51616706   1.02341400   0.29451014   1.55883791  -2.01212441
  0.92884219   0.02206246  -1.08293641  -0.08267425   1.51705325   1.02254154   0.29343161   1.55916029  -2.01561586
  0.93214202   0.02383009  -1.08152772  -0.08290993   1.51796603   1.02165644   0.29235489   1.55948947  -2.01905931
  0.93542185   0.02561477  -1.08015164  -0.08315735   1.51889761   1.02076744   0.29127292   1.55981840  -2.02245236
  0.93867831   0.02741268  -1.07880807  -0.08340632   1.51985131   1.01986536   0.29018965   1.56015119  -2.02579828
  0.94190766   0.02922004  -1.07749625  -0.08364905   1.52082968   1.01894212   0.28910827   1.56049103  -2.02909885
  0.94510580   0.03103337  -1.07621394  -0.08388215   1.52182771   1.01800138   0.28802957   1.56083563  -2.03235421
  0.94826889   0.03284984  -1.07495761  -0.08410485   1.52283482   1.01705632   0.28695622   1.56117995  -2.03556567
  0.95139361   0.03466693  -1.07372356  -0.08431770   1.52384205   1.01611894   0.28588838   1.56151751  -2.03873361
  0.95447724   0.03648220  -1.07250793  -0.08452179   1.52484368   1.01519695   0.28481760   1.56183844  -2.04185548
  0.95751796   0.03829334  -1.07130736  -0.08471470   1.52584049   1.01428725   0.28373951   1.56213926  -2.04493158
  0.96051527   0.04009836  -1.07012080  -0.08489725   1.52683116   1.01338951   0.28265819   1.56242203  -2.04796301
  0.96346922   0.04189515  -1.06894914  -0.08507245   1.52781550   1.01250295   0.28157585   1.56268818  -2.05094832
  0.96637997   0.04368174  -1.06779337  -0.08524341   1.52879340   1.01162952   0.28048753   1.56293280  -2.05388427
  0.96924766   0.04545642  -1.06665364  -0.08541165   1.52976330   1.01077328   0.27938870   1.56315017  -2.05676946
  0.97207257   0.04721768  -1.06552911  -0.08557487   1.53072575   1.00993251   0.27827826   1.56333933  -2.05960569
  0.97485538   0.04896425  -1.06441891  -0.08573171   1.53167978   1.00910633   0.27715387   1.56349956  -2.06239397
  0.97759719   0.05069505  -1.06332278  -0.08587809   1.53262835   1.00828734   0.27602002   1.56363654  -2.06513856
  0.98029950   0.05240957  -1.06224035  -0.08601203   1.53357057   1.00747584   0.27487860   1.56375136  -2.06784296
  0.98296399   0.05410754  -1.06117199  -0.08613560   1.53450159   1.00667906   0.27373028   1.56384244  -2.07050824
  0.98559194   0.05578851  -1.06011941  -0.08625285   1.53541879   1.00590106   0.27257800   1.56391106  -2.07313355
  0.98818394   0.05745165  -1.05908494  -0.08636710   1.53632349   1.00514025   0.27142674   1.56396130  -2.07571763
  0.99074018   0.05909604  -1.05807065  -0.08647940   1.53721940   1.00439164   0.27028188   1.56399803  -2.07826030
  0.99326081   0.06072088  -1.05707811  -0.08658991   1.53810969   1.00365126   0.26914789   1.56402496  -2.08076203
  0.99574589   0.06232532  -1.05610846  -0.08669836   1.53899593   1.00291626   0.26802845   1.56404561  -2.08322332
  0.99819522   0.06390852  -1.05516156  -0.08680236   1.53987792   1.00218461   0.26692383   1.56406160  -2.08564516
  1.00060845   0.06546964  -1.05423628  -0.08689812   1.54075239   1.00145645   0.26583461   1.56407505  -2.08802982
  1.00298526   0.06700788  -1.05333117  -0.08698298   1.54161426   1.00073442   0.26475610   1.56408432  -2.09037742
  1.00532546   0.06852254  -1.05244492  -0.08705569   1.54245808   1.00002270   0.26367988   1.56408470  -2.09268627
  1.00762933   0.07001331  -1.05157734  -0.08711563   1.54328135   0.99932353   0.26260415   1.56407517  -2.09495649
  1.00989757   0.07148010  -1.05072985  -0.08716314   1.54408556   0.99863537   0.26153328   1.56405912  -2.09718915
  1.01213089   0.07292286  -1.04990480  -0.08720090   1.54487377   0.99795675   0.26047080   1.56403866  -2.09938338
  1.01432934   0.07434135  -1.04910476  -0.08723319   1.54564826   0.99728797   0.25941824   1.56401389  -2.10153615
  1.01649225   0.07573527  -1.04833074  -0.08726264   1.54641115   0.99662969   0.25837538   1.56398273  -2.10364518
  1.01861852   0.07710445  -1.04758203  -0.08728883   1.54716470   0.99598070   0.25734450   1.56394520  -2.10571117
  1.02070683   0.07844868  -1.04685661  -0.08730993   1.54790933   0.99533953   0.25632937   1.56390347  -2.10773641
  1.02275591   0.07976773  -1.04615191  -0.08732636   1.54864052   0.99471021   0.25533007   1.56385709  -2.10972103
  1.02476458   0.08106119  -1.04546586  -0.08733944   1.54935361   0.99409704   0.25434319   1.56380355  -2.11166325
  1.02673165   0.08232817  -1.04479826  -0.08734892   1.55004846   0.99349826   0.25336810   1.56374381  -2.11356164
  1.02865606   0.08356773  -1.04414941  -0.08735197   1.55072818   0.99290917   0.25240421   1.56367843  -2.11541618
  1.03053727   0.08477940  -1.04351960  -0.08734590   1.55139556   0.99232736   0.25145128   1.56360654  -2.11722782
  1.03237508   0.08596310  -1.04290895  -0.08732862   1.55205340   0.99175059   0.25051114   1.56352865  -2.11899835
  1.03416954   0.08711912  -1.04231662  -0.08729848   1.55270203   0.99117902   0.24958513   1.56344491  -2.12072993
  1.03592107   0.08824798  -1.04174156  -0.08725770   1.55333676   0.99061918   0.24867277   1.56335372  -2.12242249
  1.03763025   0.08935030  -1.04118287  -0.08720876   1.55395605   0.99007358   0.24777067   1.56325259  -2.12407470
  1.03929788   0.09042672  -1.04064000  -0.08715418   1.55455912   0.98954393   0.24687735   1.56314053  -2.12568576
  1.04092481   0.09147779  -1.04011296  -0.08709502   1.55514758   0.98902853   0.24599482   1.56301965  -2.12725648
  1.04251194   0.09250402  -1.03960151  -0.08703197   1.55572213   0.98852710   0.24512328   1.56289028  -2.12878757
  1.04406020   0.09350599  -1.03910513  -0.08696547   1.55628169   0.98804175   0.24426238   1.56275164  -2.13028009
  1.04557061   0.09448432  -1.03862296  -0.08689675   1.55682296   0.98757708   0.24341140   1.56260248  -2.13173482
  1.04704414   0.09543952  -1.03815391  -0.08682680   1.55734286   0.98713655   0.24256882   1.56244176  -2.13315232
  1.04848181   0.09637187  -1.03769730  -0.08675406   1.55784053   0.98671894   0.24173519   1.56227172  -2.13453467
  1.04988468   0.09728126  -1.03725362  -0.08667594   1.55831769   0.98631815   0.24091383   1.56209868  -2.13588433
  1.05125370   0.09816739  -1.03682426  -0.08659134   1.55877647   0.98592875   0.24010630   1.56192740  -2.13720182
  1.05258965   0.09902992  -1.03641118  -0.08649887   1.55922059   0.98554404   0.23931509   1.56176299  -2.13848776
  1.05389309   0.09986853  -1.03601635  -0.08639739   1.55965406   0.98515809   0.23854320   1.56160993  -2.13974275
  1.05516433   0.10068347  -1.03564035  -0.08628860   1.56007696   0.98477329   0.23778668   1.56146417  -2.14096482
  1.05640357   0.10147554  -1.03528239  -0.08617664   1.56048577   0.98439841   0.23704111   1.56131876  -2.14215170
  1.05761087   0.10224573  -1.03494091  -0.08606469   1.56087885   0.98403908   0.23630359   1.56116863  -2.14330232
  1.05878605   0.10299474  -1.03461507  -0.08595447   1.56125765   0.98369453   0.23557833   1.56101640  -2.14441759
  1.05992864   0.10372285  -1.03430435  -0.08584528   1.56162687   0.98335811   0.23487199   1.56086834  -2.14549977
  1.06103805   0.10443014  -1.03400802  -0.08573559   1.56199001   0.98302414   0.23419007   1.56072985  -2.14655116
  1.06211354   0.10511653  -1.03372544  -0.08562787   1.56234408   0.98269657   0.23353204   1.56060000  -2.14757006
  1.06315409   0.10578169  -1.03345587  -0.08552244   1.56269013   0.98237435   0.23289483   1.56047654  -2.14855469
  1.06415872   0.10642544  -1.03319750  -0.08541728   1.56302888   0.98205698   0.23227424   1.56035543  -2.14950504
  1.06512678   0.10704787  -1.03294794  -0.08530976   1.56335863   0.98174690   0.23166770   1.56023297  -2.15042287
  1.06605820   0.10764932  -1.03270507  -0.08519798   1.56367753   0.98144657   0.23107513   1.56010766  -2.15131073
  1.06695346   0.10823035  -1.03246736  -0.08508172   1.56398431   0.98115793   0.23049684   1.55997890  -2.15217041
  1.06781348   0.10879168  -1.03223380  -0.08496213   1.56427790   0.98088296   0.22993267   1.55984611  -2.15300285
  1.06863949   0.10933409  -1.03200384  -0.08484147   1.56455732   0.98062332   0.22938162   1.55970877  -2.15380798
  1.06943295   0.10985831  -1.03177745  -0.08472272   1.56482203   0.98038011   0.22884214   1.55956653  -2.15458493
  1.07019546   0.11036506  -1.03155499  -0.08460904   1.56507168   0.98015410   0.22831262   1.55941924  -2.15533255
  1.07092855   0.11085494  -1.03133695  -0.08450173   1.56530658   0.97994496   0.22779357   1.55926828  -2.15605139
  1.07163364   0.11132827  -1.03112436  -0.08439889   1.56553032   0.97974658   0.22729027   1.55912003  -2.15674461
  1.07231198   0.11178521  -1.03091835  -0.08429815   1.56574628   0.97955274   0.22680779   1.55898096  -2.15741541
  1.07296486   0.11222589  -1.03072007  -0.08419834   1.56595608   0.97935997   0.22634865   1.55885505  -2.15806549
  1.07359338   0.11265043  -1.03053066  -0.08410187   1.56615644   0.97917304   0.22590947   1.55873976  -2.15869283
  1.07419826   0.11305883  -1.03035114  -0.08401055   1.56634570   0.97899511   0.22548522   1.55863120  -2.15929491
  1.07477992   0.11345107  -1.03018237  -0.08392444   1.56652444   0.97882600   0.22507435   1.55852840  -2.15987105
  1.07533846   0.11382713  -1.03002489  -0.08384260   1.56669399   0.97866428   0.22467816   1.55843249  -2.16042203
  1.07587374   0.11418708  -1.02987868  -0.08376399   1.56685523   0.97850935   0.22429771   1.55834384  -2.16094878
  1.07638539   0.11453103  -1.02974339  -0.08368775   1.56700907   0.97836035   0.22393486   1.55826351  -2.16145240
  1.07687292   0.11485918  -1.02961799  -0.08361277   1.56715669   0.97821573   0.22359064   1.55819211  -2.16193399
  1.07733585   0.11517190  -1.02950084  -0.08353848   1.56729841   0.97807507   0.22326420   1.55812866  -2.16239414
  1.07777378   0.11546956  -1.02939049  -0.08346560   1.56743342   0.97793931   0.22295478   1.55807236  -2.16283266
  1.07818636   0.11575244  -1.02928597  -0.08339524   1.56756146   0.97780888   0.22266167   1.55802263  -2.16324892
  1.07857323   0.11602081  -1.02918639  -0.08332846   1.56768194   0.97768534   0.22238280   1.55797723  -2.16364193
  1.07893413   0.11627489  -1.02909103  -0.08326565   1.56779489   0.97756960   0.22211672   1.55793420  -2.16401132
  1.07926895   0.11651494  -1.02899937  -0.08320627   1.56790145   0.97746104   0.22186347   1.55789296  -2.16435770
  1.07957779   0.11674123  -1.02891103  -0.08314953   1.56800296   0.97735865   0.22162353   1.55785343  -2.16468214
  1.07986102   0.11695413  -1.02882567  -0.08309471   1.56810047   0.97726178   0.22139689   1.55781520  -2.16498569
  1.08011934   0.11715414  -1.02874288  -0.08304115   1.56819464   0.97717015   0.22118295   1.55777752  -2.16526946
  1.08035369   0.11734186  -1.02866207  -0.08298804   1.56828589   0.97708342   0.22098076   1.55773965  -2.16553487
  1.08056533   0.11751805  -1.02858250  -0.08293464   1.56837447   0.97700111   0.22078930   1.55770118  -2.16578353
  1.08075575   0.11768356  -1.02850353  -0.08288047   1.56846057   0.97692258   0.22060759   1.55766202  -2.16601707
  1.08092672   0.11783931  -1.02842475  -0.08282546   1.56854440   0.97684731   0.22043471   1.55762223  -2.16623699
  1.08108013   0.11798624  -1.02834591  -0.08276962   1.56862612   0.97677498   0.22026978   1.55758188  -2.16644484
  1.08121797   0.11812532  -1.02826689  -0.08271309   1.56870586   0.97670540   0.22011196   1.55754103  -2.16664211
  1.08134219   0.11825743  -1.02818761  -0.08265600   1.56878367   0.97663838   0.21996043   1.55749976  -2.16683025
  1.08145464   0.11838344  -1.02810800  -0.08259853   1.56885963   0.97657366   0.21981438   1.55745826  -2.16701058
  1.08155704   0.11850410  -1.02802799  -0.08254094   1.56893377   0.97651094   0.21967309   1.55741677  -2.16718425
  1.08165090   0.11862007  -1.02794759  -0.08248357   1.56900617   0.97644994   0.21953592   1.55737553  -2.16735219
  1.08173757   0.11873188  -1.02786693  -0.08242691   1.56907694   0.97639046   0.21940242   1.55733482  -2.16751508
  1.08181822   0.11883997  -1.02778638  -0.08237156   1.56914631   0.97633247   0.21927231   1.55729479  -2.16767335
  1.08189383   0.11894464  -1.02770646  -0.08231802   1.56921452   0.97627610   0.21914547   1.55725548  -2.16782736
  1.08196519   0.11904610  -1.02762757  -0.08226645   1.56928179   0.97622150   0.21902180   1.55721686  -2.16797752
  1.08203284   0.11914454  -1.02754974  -0.08221662   1.56934812   0.97616865   0.21890109   1.55717885  -2.16812438
  1.08209715   0.11924009  -1.02747278  -0.08216827   1.56941337   0.97611737   0.21878300   1.55714148  -2.16826839
  1.08215837   0.11933285  -1.02739648  -0.08212134   1.56947742   0.97606743   0.21866722   1.55710486  -2.16840974
  1.08221668   0.11942288  -1.02732088  -0.08207609   1.56954029   0.97601867   0.21855362   1.55706915  -2.16854838
  1.08227226   0.11951024  -1.02724616  -0.08203274   1.56960215   0.97597108   0.21844229   1.55703443  -2.16868426
  1.08232524   0.11959497  -1.02717259  -0.08199146   1.56966318   0.97592475   0.21833337   1.55700069  -2.16881734
  1.08237572   0.11967713  -1.02710036  -0.08195228   1.56972356   0.97587977   0.21822694   1.55696787  -2.16894768
  1.08242379   0.11975677  -1.02702961  -0.08191512   1.56978338   0.97583622   0.21812303   1.55693588  -2.16907535
  1.08246956   0.11983397  -1.02696036  -0.08187980   1.56984262   0.97579412   0.21802152   1.55690466  -2.16920048
  1.08251310   0.11990881  -1.02689259  -0.08184617   1.56990125   0.97575343   0.21792224   1.55687418  -2.16932318
  1.08255452   0.11998138  -1.02682623  -0.08181401   1.56995916   0.97571409   0.21782497   1.55684444  -2.16944357
  1.08259391   0.12005179  -1.02676125  -0.08178322   1.57001627   0.97567606   0.21772956   1.55681548  -2.16956176
  1.08263140   0.12012013  -1.02669769  -0.08175370   1.57007256   0.97563927   0.21763591   1.55678737  -2.16967781
  1.08266710   0.12018651  -1.02663556  -0.08172527   1.57012801   0.97560366   0.21754394   1.55676015  -2.16979188
  1.08270109   0.12025100  -1.02657478  -0.08169774   1.57018260   0.97556913   0.21745356   1.55673388  -2.16990413
  1.08273345   0.12031372  -1.02651532  -0.08167107   1.57023630   0.97553562   0.21736465   1.55670859  -2.17001462
  1.08276426   0.12037474  -1.02645721  -0.08164537   1.57028915   0.97550310   0.21727717   1.55668435  -2.17012331
  1.08279360   0.12043414  -1.02640056  -0.08162080   1.57034121   0.97547161   0.21719114   1.55666114  -2.17023013
  1.08282155   0.12049198  -1.02634552  -0.08159749   1.57039260   0.97544127   0.21710660   1.55663896  -2.17033505
  1.08284818   0.12054832  -1.02629217  -0.08157543   1.57044340   0.97541211   0.21702357   1.55661773  -2.17043809
  1.08287350   0.12060318  -1.02624044  -0.08155439   1.57049359   0.97538410   0.21694198   1.55659740  -2.17053943
  1.08289752   0.12065661  -1.02619017  -0.08153416   1.57054310   0.97535717   0.21686171   1.55657795  -2.17063920
  1.08292025   0.12070863  -1.02614129  -0.08151470   1.57059188   0.97533122   0.21678267   1.55655942  -2.17073743
  1.08294171   0.12075925  -1.02609378  -0.08149600   1.57063993   0.97530621   0.21670483   1.55654185  -2.17083413
  1.08296189   0.12080850  -1.02604760  -0.08147803   1.57068723   0.97528214   0.21662813   1.55652521  -2.17092932
  1.08298081   0.12085640  -1.02600270  -0.08146078   1.57073377   0.97525899   0.21655254   1.55650948  -2.17102301
  1.08299846   0.12090296  -1.02595899  -0.08144419   1.57077956   0.97523673   0.21647800   1.55649463  -2.17111528
  1.08301481   0.12094821  -1.02591637  -0.08142825   1.57082457   0.97521532   0.21640449   1.55648065  -2.17120614
  1.08302988   0.12099215  -1.02587480  -0.08141299   1.57086884   0.97519473   0.21633199   1.55646753  -2.17129560
  1.08304366   0.12103482  -1.02583428  -0.08139844   1.57091242   0.97517494   0.21626054   1.55645528  -2.17138366
  1.08305616   0.12107620  -1.02579487  -0.08138466   1.57095539   0.97515598   0.21619016   1.55644387  -2.17147030
  1.08306741   0.12111630  -1.02575657  -0.08137161   1.57099776   0.97513789   0.21612087   1.55643324  -2.17155556
  1.08307742   0.12115513  -1.02571943  -0.08135928   1.57103956   0.97512067   0.21605266   1.55642338  -2.17163945
  1.08308622   0.12119268  -1.02568348  -0.08134768   1.57108079   0.97510434   0.21598552   1.55641427  -2.17172196
  1.08309386   0.12122897  -1.02564881  -0.08133680   1.57112152   0.97508887   0.21591944   1.55640591  -2.17180310
  1.08310038   0.12126399  -1.02561545  -0.08132656   1.57116174   0.97507426   0.21585439   1.55639828  -2.17188291
  1.08310581   0.12129775  -1.02558337  -0.08131678   1.57120143   0.97506044   0.21579026   1.55639137  -2.17196151
  1.08311017   0.12133027  -1.02555244  -0.08130730   1.57124050   0.97504736   0.21572694   1.55638515  -2.17203901
  1.08311347   0.12136159  -1.02552255  -0.08129804   1.57127889   0.97503494   0.21566435   1.55637967  -2.17211548
  1.08311574   0.12139175  -1.02549361  -0.08128901   1.57131656   0.97502312   0.21560244   1.55637495  -2.17219095
  1.08311698   0.12142077  -1.02546557  -0.08128028   1.57135355   0.97501186   0.21554118   1.55637101  -2.17226541
  1.08311723   0.12144870  -1.02543844  -0.08127199   1.57138990   0.97500121   0.21548062   1.55636785  -2.17233882
  1.08311650   0.12147558  -1.02541224  -0.08126422   1.57142571   0.97499120   0.21542079   1.55636542  -2.17241117
  1.08311482   0.12150144  -1.02538700  -0.08125701   1.57146104   0.97498186   0.21536173   1.55636367  -2.17248249
  1.08311220   0.12152631  -1.02536269  -0.08125036   1.57149594   0.97497321   0.21530343   1.55636255  -2.17255281
  1.08310867   0.12155020  -1.02533929  -0.08124419   1.57153043   0.97496524   0.21524586   1.55636202  -2.17262218
  1.08310422   0.12157313  -1.02531675  -0.08123844   1.57156449   0.97495791   0.21518896   1.55636206  -2.17269066
  1.08309888   0.12159513  -1.02529502  -0.08123304   1.57159811   0.97495117   0.21513266   1.55636268  -2.17275830
  1.08309264   0.12161620  -1.02527401  -0.08122788   1.57163121   0.97494499   0.21507691   1.55636386  -2.17282516
  1.08308550   0.12163636  -1.02525366  -0.08122292   1.57166378   0.97493932   0.21502165   1.55636563  -2.17289127
  1.08307747   0.12165563  -1.02523396  -0.08121820   1.57169581   0.97493413   0.21496690   1.55636804  -2.17295663
  1.08306858   0.12167400  -1.02521496  -0.08121376   1.57172734   0.97492940   0.21491265   1.55637108  -2.17302120
  1.08305883   0.12169149  -1.02519674  -0.08120967   1.57175843   0.97492520   0.21485894   1.55637472  -2.17308494
  1.08304826   0.12170810  -1.02517937  -0.08120597   1.57178913   0.97492158   0.21480580   1.55637894  -2.17314785
  1.08303689   0.12172385  -1.02516286  -0.08120264   1.57181948   0.97491856   0.21475325   1.55638369  -2.17320994
  1.08302471   0.12173878  -1.02514715  -0.08119967   1.57184949   0.97491609   0.21470127   1.55638899  -2.17327127
  1.08301173   0.12175289  -1.02513218  -0.08119706   1.57187915   0.97491413   0.21464981   1.55639483  -2.17333184
  1.08299799   0.12176624  -1.02511793  -0.08119488   1.57190852   0.97491264   0.21459886   1.55640123  -2.17339164
  1.08298350   0.12177884  -1.02510437  -0.08119313   1.57193759   0.97491163   0.21454842   1.55640817  -2.17345071
  1.08296827   0.12179073  -1.02509143  -0.08119174   1.57196637   0.97491110   0.21449844   1.55641560  -2.17350913
  1.08295231   0.12180193  -1.02507907  -0.08119068   1.57199484   0.97491105   0.21444892   1.55642352  -2.17356695
  1.08293566   0.12181248  -1.02506726  -0.08118999   1.57202304   0.97491146   0.21439983   1.55643192  -2.17362418
  1.08291835   0.12182240  -1.02505603  -0.08118970   1.57205099   0.97491233   0.21435118   1.55644078  -2.17368081
  1.08290040   0.12183170  -1.02504538  -0.08118981   1.57207873   0.97491366   0.21430293   1.55645010  -2.17373687
  1.08288184   0.12184042  -1.02503525  -0.08119023   1.57210623   0.97491544   0.21425506   1.55645983  -2.17379244
  1.08286267   0.12184857  -1.02502558  -0.08119090   1.57213347   0.97491764   0.21420752   1.55646998  -2.17384759
  1.08284292   0.12185617  -1.02501635  -0.08119183   1.57216044   0.97492024   0.21416028   1.55648058  -2.17390232
  1.08282260   0.12186324  -1.02500754  -0.08119301   1.57218714   0.97492320   0.21411332   1.55649161  -2.17395663
  1.08280173   0.12186976  -1.02499923  -0.08119444   1.57221357   0.97492656   0.21406662   1.55650307  -2.17401053
  1.08278036   0.12187575  -1.02499150  -0.08119618   1.57223978   0.97493036   0.21402023   1.55651496  -2.17406398
  1.08275853   0.12188120  -1.02498448  -0.08119827   1.57226584   0.97493463   0.21397419   1.55652727  -2.17411696
  1.08273627   0.12188612  -1.02497821  -0.08120070   1.57229177   0.97493936   0.21392850   1.55653999  -2.17416948
  1.08271360   0.12189053  -1.02497264  -0.08120338   1.57231757   0.97494453   0.21388310   1.55655310  -2.17422160
  1.08269052   0.12189446  -1.02496767  -0.08120624   1.57234319   0.97495006   0.21383792   1.55656661  -2.17427340
  1.08266705   0.12189793  -1.02496319  -0.08120922   1.57236858   0.97495591   0.21379287   1.55658053  -2.17432493
  1.08264318   0.12190097  -1.02495910  -0.08121231   1.57239370   0.97496203   0.21374791   1.55659487  -2.17437623
  1.08261893   0.12190361  -1.02495536  -0.08121550   1.57241855   0.97496841   0.21370303   1.55660963  -2.17442732
  1.08259431   0.12190587  -1.02495197  -0.08121884   1.57244317   0.97497506   0.21365824   1.55662481  -2.17447821
  1.08256933   0.12190776  -1.02494894  -0.08122235   1.57246757   0.97498201   0.21361356   1.55664037  -2.17452891
  1.08254400   0.12190928  -1.02494628  -0.08122602   1.57249180   0.97498928   0.21356902   1.55665630  -2.17457941
  1.08251831   0.12191044  -1.02494399  -0.08122985   1.57251586   0.97499687   0.21352460   1.55667257  -2.17462974
  1.08249227   0.12191125  -1.02494207  -0.08123388   1.57253976   0.97500477   0.21348030   1.55668919  -2.17467987
  1.08246588   0.12191171  -1.02494054  -0.08123814   1.57256351   0.97501299   0.21343613   1.55670617  -2.17472978
  1.08243915   0.12191181  -1.02493945  -0.08124265   1.57258715   0.97502153   0.21339210   1.55672351  -2.17477944
  1.08241209   0.12191156  -1.02493881  -0.08124739   1.57261068   0.97503038   0.21334822   1.55674120  -2.17482887
  1.08238470   0.12191096  -1.02493860  -0.08125234   1.57263411   0.97503953   0.21330447   1.55675925  -2.17487808
  1.08235697   0.12191002  -1.02493882  -0.08125748   1.57265743   0.97504897   0.21326085   1.55677765  -2.17492709
  1.08232893   0.12190873  -1.02493943  -0.08126278   1.57268064   0.97505869   0.21321733   1.55679639  -2.17497592
  1.08230056   0.12190711  -1.02494043  -0.08126823   1.57270372   0.97506868   0.21317389   1.55681546  -2.17502458
  1.08227186   0.12190518  -1.02494179  -0.08127384   1.57272669   0.97507893   0.21313051   1.55683487  -2.17507307
  1.08224286   0.12190293  -1.02494349  -0.08127962   1.57274955   0.97508944   0.21308720   1.55685460  -2.17512140
  1.08221354   0.12190038  -1.02494553  -0.08128555   1.57277230   0.97510020   0.21304396   1.55687466  -2.17516959
  1.08218391   0.12189755  -1.02494786  -0.08129163   1.57279496   0.97511121   0.21300077   1.55689502  -2.17521765
  1.08215397   0.12189445  -1.02495049  -0.08129789   1.57281753   0.97512247   0.21295765   1.55691570  -2.17526559
  1.08212372   0.12189108  -1.02495338  -0.08130434   1.57284002   0.97513398   0.21291458   1.55693668  -2.17531340
  1.08209316   0.12188745  -1.02495655  -0.08131102   1.57286244   0.97514574   0.21287157   1.55695796  -2.17536108
  1.08206231   0.12188356  -1.02496001  -0.08131794   1.57288483   0.97515776   0.21282865   1.55697953  -2.17540860
  1.08203116   0.12187943  -1.02496379  -0.08132512   1.57290722   0.97517004   0.21278582   1.55700140  -2.17545598
  1.08199972   0.12187506  -1.02496790  -0.08133254   1.57292960   0.97518258   0.21274308   1.55702354  -2.17550321
  1.08196800   0.12187044  -1.02497232  -0.08134017   1.57295198   0.97519539   0.21270042   1.55704594  -2.17555033
  1.08193599   0.12186558  -1.02497701  -0.08134797   1.57297433   0.97520844   0.21265782   1.55706860  -2.17559737
  1.08190370   0.12186049  -1.02498195  -0.08135592   1.57299664   0.97522172   0.21261524   1.55709152  -2.17564433
  1.08187112   0.12185518  -1.02498708  -0.08136401   1.57301890   0.97523520   0.21257268   1.55711472  -2.17569124
  1.08183825   0.12184966  -1.02499239  -0.08137227   1.57304110   0.97524888   0.21253012   1.55713819  -2.17573808
  1.08180510   0.12184394  -1.02499790  -0.08138078   1.57306327   0.97526277   0.21248759   1.55716196  -2.17578481
  1.08177169   0.12183801  -1.02500370  -0.08138959   1.57308547   0.97527691   0.21244514   1.55718600  -2.17583140
  1.08173802   0.12183189  -1.02500981  -0.08139872   1.57310773   0.97529133   0.21240278   1.55721029  -2.17587786
  1.08170412   0.12182557  -1.02501627  -0.08140815   1.57313008   0.97530603   0.21236053   1.55723481  -2.17592421
  1.08166999   0.12181906  -1.02502306  -0.08141782   1.57315250   0.97532101   0.21231834   1.55725953  -2.17597046
