  0.41770010   0.46579965  -1.27410016  -0.43299959   2.09290000   0.69139971   0.43859989   1.64320030  -1.13520023
  0.41770087   0.46579708  -1.27410126  -0.43299691   2.09289989   0.69139782   0.43859912   1.64320220  -1.13520188
  0.41770324   0.46578965  -1.27410401  -0.43299037   2.09289880   0.69139359   0.43859699   1.64320618  -1.13520638
  0.41770836   0.46577449  -1.27410888  -0.43297914   2.09289499   0.69138756   0.43859276   1.64321162  -1.13521518
  0.41771749   0.46574877  -1.27411613  -0.43296279   2.09288596   0.69138150   0.43858562   1.64321719  -1.13522988
  0.41773193   0.46570976  -1.27412600  -0.43294095   2.09286919   0.69137721   0.43857472   1.64322151  -1.13525206
  0.41775306   0.46565483  -1.27413871  -0.43291329   2.09284244   0.69137609   0.43855920   1.64322349  -1.13528322
  0.41778221   0.46558151  -1.27415454  -0.43287910   2.09280382   0.69137909   0.43853855   1.64322230  -1.13532518
  0.41782073   0.46548741  -1.27417367  -0.43283612   2.09275169   0.69138716   0.43851312   1.64321739  -1.13538124
  0.41786991   0.46537031  -1.27419613  -0.43278178   2.09268466   0.69140070   0.43848279   1.64320885  -1.13545481
  0.41793110   0.46522814  -1.27422164  -0.43271428   2.09260052   0.69142109   0.43844619   1.64319672  -1.13554863
  0.41800551   0.46505889  -1.27424948  -0.43263153   2.09249473   0.69145324   0.43839897   1.64318124  -1.13566557
  0.41809424   0.46486062  -1.27427941  -0.43253085   2.09236516   0.69149865   0.43833727   1.64316404  -1.13580825
  0.41819846   0.46463154  -1.27431101  -0.43241065   2.09220831   0.69156124   0.43825823   1.64314479  -1.13597924
  0.41831947   0.46436988  -1.27434484  -0.43226898   2.09202510   0.69163789   0.43816296   1.64312466  -1.13618076
  0.41845856   0.46407373  -1.27438081  -0.43210525   2.09181158   0.69173132   0.43804756   1.64310493  -1.13641355
  0.41861699   0.46374096  -1.27441924  -0.43192020   2.09155966   0.69185113   0.43791004   1.64308279  -1.13667876
  0.41879618   0.46336871  -1.27446115  -0.43171271   2.09125768   0.69201276   0.43774858   1.64305417  -1.13697982
  0.41899760   0.46295376  -1.27450965  -0.43148062   2.09090235   0.69221892   0.43756603   1.64301853  -1.13731896
  0.41922251   0.46249297  -1.27456841  -0.43122110   2.09049734   0.69246164   0.43736623   1.64297923  -1.13769692
  0.41947204   0.46198372  -1.27463991  -0.43093163   2.09004695   0.69273272   0.43715217   1.64293908  -1.13811473
  0.41974736   0.46142414  -1.27472553  -0.43061210   2.08955536   0.69302560   0.43692834   1.64289747  -1.13857328
  0.42004943   0.46081267  -1.27482553  -0.43026344   2.08902625   0.69333230   0.43669273   1.64285740  -1.13907062
  0.42037876   0.46014771  -1.27493914  -0.42988693   2.08845548   0.69365778   0.43644226   1.64281669  -1.13960676
  0.42073595   0.45942688  -1.27506658  -0.42948630   2.08783109   0.69402009   0.43617999   1.64276409  -1.14018329
  0.42112136   0.45864751  -1.27520799  -0.42906352   2.08714263   0.69443324   0.43590427   1.64269354  -1.14080067
  0.42153493   0.45780700  -1.27536453  -0.42861645   2.08639189   0.69489073   0.43561102   1.64261063  -1.14145727
  0.42197641   0.45690312  -1.27553696  -0.42814052   2.08558342   0.69538268   0.43529470   1.64252358  -1.14215270
  0.42244593   0.45593398  -1.27572505  -0.42763168   2.08471086   0.69591967   0.43495348   1.64242943  -1.14289221
  0.42294385   0.45489792  -1.27593011  -0.42708919   2.08377135   0.69650943   0.43459732   1.64231888  -1.14368085
  0.42347020   0.45379343  -1.27615358  -0.42651279   2.08277135   0.69714147   0.43423086   1.64219330  -1.14451762
  0.42402460   0.45261927  -1.27639502  -0.42590166   2.08171571   0.69780470   0.43384741   1.64206034  -1.14539903
  0.42460699   0.45137402  -1.27665249  -0.42525643   2.08059155   0.69851886   0.43344315   1.64191220  -1.14632821
  0.42521741   0.45005646  -1.27692466  -0.42457505   2.07939317   0.69929194   0.43301302   1.64174790  -1.14730776
  0.42585605   0.44866558  -1.27721244  -0.42385254   2.07813126   0.70010560   0.43255568   1.64157740  -1.14833767
  0.42652335   0.44720092  -1.27751767  -0.42309151   2.07681136   0.70095502   0.43208762   1.64139224  -1.14941968
  0.42721950   0.44566135  -1.27784036  -0.42229502   2.07542884   0.70184629   0.43161192   1.64118703  -1.15055325
  0.42794443   0.44404605  -1.27817817  -0.42146361   2.07397576   0.70278880   0.43111949   1.64096168  -1.15173809
  0.42869806   0.44235450  -1.27853012  -0.42060053   2.07244915   0.70378620   0.43061000   1.64071278  -1.15297261
  0.42948006   0.44058565  -1.27889551  -0.41970801   2.07084458   0.70484256   0.43007961   1.64043971  -1.15425436
  0.43028963   0.43873846  -1.27927385  -0.41878676   2.06916595   0.70594604   0.42951935   1.64015200  -1.15557694
  0.43112562   0.43681211  -1.27966490  -0.41782848   2.06742111   0.70708124   0.42892056   1.63986380  -1.15694058
  0.43198746   0.43480634  -1.28006752  -0.41682634   2.06560258   0.70826404   0.42828648   1.63956832  -1.15835530
  0.43287488   0.43272104  -1.28048375  -0.41576906   2.06372533   0.70947510   0.42762583   1.63927307  -1.15982851
  0.43378825   0.43055705  -1.28091481  -0.41465844   2.06178816   0.71072768   0.42696726   1.63895530  -1.16137047
  0.43472763   0.42831439  -1.28135867  -0.41350358   2.05977657   0.71204552   0.42631472   1.63859869  -1.16298055
  0.43569239   0.42599269  -1.28181316  -0.41230945   2.05768720   0.71342755   0.42565564   1.63820831  -1.16465082
  0.43668153   0.42359153  -1.28227710  -0.41107078   2.05553605   0.71483720   0.42496566   1.63781514  -1.16637038
  0.43769488   0.42111182  -1.28274703  -0.40978760   2.05331240   0.71629651   0.42424304   1.63740777  -1.16814561
  0.43873262   0.41855446  -1.28322321  -0.40846675   2.05101236   0.71781904   0.42350694   1.63696669  -1.16997992
  0.43979410   0.41591949  -1.28370665  -0.40711148   2.04865057   0.71937436   0.42275367   1.63650725  -1.17186185
  0.44087798   0.41320613  -1.28419706  -0.40571634   2.04623680   0.72093647   0.42196347   1.63605465  -1.17378285
  0.44198292   0.41041393  -1.28469591  -0.40427039   2.04378714   0.72247759   0.42113116   1.63562807  -1.17574286
  0.44310832   0.40754310  -1.28520455  -0.40277726   2.04130205   0.72400208   0.42027254   1.63521579  -1.17774362
  0.44425340   0.40459476  -1.28571855  -0.40123497   2.03876313   0.72554423   0.41938349   1.63480356  -1.17979433
  0.44541773   0.40156924  -1.28624026  -0.39963049   2.03618302   0.72709068   0.41847435   1.63439650  -1.18190525
  0.44660162   0.39846737  -1.28677397  -0.39796721   2.03356667   0.72864607   0.41758348   1.63397234  -1.18408460
  0.44780485   0.39529011  -1.28731545  -0.39626135   2.03089303   0.73024190   0.41670644   1.63351304  -1.18632562
  0.44902622   0.39203908  -1.28785561  -0.39452153   2.02813646   0.73191674   0.41581593   1.63300836  -1.18862491
  0.45026496   0.38871603  -1.28839142  -0.39273949   2.02531075   0.73365611   0.41490321   1.63246618  -1.19098720
  0.45152125   0.38532266  -1.28892463  -0.39091987   2.02242169   0.73546062   0.41399470   1.63187074  -1.19341681
  0.45279477   0.38186001  -1.28945398  -0.38906847   2.01946163   0.73733871   0.41309202   1.63121805  -1.19591027
  0.45408438   0.37832919  -1.28997362  -0.38719445   2.01641161   0.73930687   0.41216970   1.63051277  -1.19845575
  0.45538860   0.37473078  -1.29048389  -0.38529249   2.01327537   0.74135725   0.41122978   1.62976156  -1.20105424
  0.45670585   0.37106563  -1.29098646  -0.38334326   2.01007903   0.74344679   0.41026930   1.62899293  -1.20370987
  0.45803568   0.36733571  -1.29148146  -0.38134398   2.00680920   0.74561179   0.40931901   1.62817730  -1.20644099
  0.45937731   0.36354314  -1.29196390  -0.37930555   2.00344046   0.74789677   0.40838118   1.62728926  -1.20924977
  0.46072918   0.35968977  -1.29243037  -0.37724029   1.99997493   0.75030453   0.40745309   1.62631876  -1.21212845
  0.46208929   0.35577714  -1.29287681  -0.37515907   1.99643299   0.75279547   0.40650727   1.62528731  -1.21505426
  0.46345563   0.35180483  -1.29330388  -0.37305696   1.99285320   0.75528370   0.40550375   1.62425619  -1.21799905
  0.46482684   0.34777304  -1.29371407  -0.37092799   1.98925660   0.75772117   0.40443372   1.62325833  -1.22095102
  0.46620103   0.34368145  -1.29411241  -0.36874779   1.98566602   0.76006561   0.40330262   1.62232456  -1.22391702
  0.46757566   0.33952992  -1.29450496  -0.36647992   1.98211509   0.76226830   0.40212405   1.62148546  -1.22691547
  0.46894937   0.33531824  -1.29490069  -0.36410135   1.97862846   0.76429638   0.40093561   1.62075207  -1.22996292
  0.47032312   0.33104915  -1.29529699  -0.36165762   1.97516504   0.76621387   0.39976393   1.62007212  -1.23304315
  0.47169751   0.32672754  -1.29568049  -0.35919089   1.97163567   0.76817795   0.39862320   1.61935232  -1.23616404
  0.47307273   0.32235898  -1.29604102  -0.35668851   1.96802154   0.77024587   0.39751376   1.61856124  -1.23935658
  0.47444933   0.31794920  -1.29637040  -0.35414961   1.96428943   0.77251250   0.39646207   1.61763288  -1.24265763
  0.47582649   0.31350294  -1.29666412  -0.35157250   1.96045624   0.77498801   0.39548268   1.61653973  -1.24608398
  0.47720445   0.30902074  -1.29692604  -0.34894378   1.95659223   0.77753963   0.39454107   1.61536187  -1.24960911
  0.47858471   0.30450315  -1.29715814  -0.34626542   1.95274276   0.78005793   0.39359408   1.61417465  -1.25319476
  0.47996970   0.29995427  -1.29735178  -0.34357076   1.94887426   0.78258924   0.39262706   1.61295304  -1.25682442
  0.48136117   0.29537699  -1.29750094  -0.34088677   1.94495267   0.78517331   0.39162306   1.61168296  -1.26048077
  0.48276027   0.29077156  -1.29761055  -0.33821188   1.94096967   0.78780665   0.39059643   1.61037521  -1.26416183
  0.48416710   0.28613791  -1.29768700  -0.33552457   1.93694323   0.79044745   0.38955810   1.60906301  -1.26787295
  0.48558156   0.28147890  -1.29773085  -0.33280707   1.93288257   0.79310268   0.38853501   1.60773419  -1.27163979
  0.48700403   0.27679543  -1.29774902  -0.33003095   1.92882648   0.79571126   0.38754352   1.60642351  -1.27547466
  0.48843685   0.27208907  -1.29774696  -0.32722011   1.92475490   0.79830531   0.38662163   1.60510288  -1.27937275
  0.48987979   0.26736257  -1.29771522  -0.32440190   1.92062609   0.80094472   0.38573478   1.60374983  -1.28331719
  0.49133106   0.26261959  -1.29764378  -0.32158837   1.91640670   0.80370232   0.38486961   1.60232290  -1.28731505
  0.49278827   0.25786528  -1.29751609  -0.31876290   1.91206428   0.80665562   0.38399582   1.60078991  -1.29139566
  0.49425059   0.25310556  -1.29732164  -0.31581594   1.90770436   0.80967073   0.38306044   1.59923995  -1.29561964
  0.49572379   0.24834573  -1.29707033  -0.31270054   1.90345778   0.81256884   0.38209170   1.59774167  -1.30000784
  0.49722254   0.24359473  -1.29677166  -0.30956109   1.89920277   0.81557419   0.38125404   1.59610346  -1.30454322
  0.49875375   0.23885503  -1.29641784  -0.30650733   1.89483010   0.81879717   0.38050312   1.59428586  -1.30914483
  0.50031571   0.23412602  -1.29600248  -0.30357984   1.89034912   0.82216997   0.37974589   1.59234712  -1.31373813
  0.50190333   0.22940457  -1.29553200  -0.30074778   1.88586179   0.82549794   0.37893293   1.59040246  -1.31828845
  0.50351266   0.22468617  -1.29501275  -0.29795543   1.88139790   0.82867676   0.37802492   1.58855610  -1.32279039
  0.50514208   0.21997233  -1.29443876  -0.29515430   1.87691231   0.83177584   0.37701896   1.58680374  -1.32728989
  0.50679191   0.21525750  -1.29384544  -0.29229859   1.87251613   0.83461581   0.37601461   1.58522236  -1.33179957
  0.50846200   0.21053370  -1.29326182  -0.28938512   1.86820046   0.83717497   0.37508661   1.58383612  -1.33631300
  0.51014959   0.20579624  -1.29269062  -0.28642942   1.86383560   0.83963734   0.37424463   1.58258356  -1.34083868
  0.51184807   0.20104618  -1.29212704  -0.28340387   1.85943001   0.84203617   0.37348944   1.58143559  -1.34540916
  0.51355286   0.19629475  -1.29154542  -0.28030358   1.85491803   0.84459056   0.37284386   1.58023892  -1.35010226
  0.51526387   0.19155184  -1.29093268  -0.27717236   1.85025975   0.84744777   0.37234467   1.57886743  -1.35494323
  0.51697978   0.18681673  -1.29028534  -0.27398168   1.84556988   0.85037879   0.37186798   1.57746538  -1.35987544
  0.51870121   0.18208852  -1.28959692  -0.27069391   1.84094331   0.85315513   0.37127397   1.57619803  -1.36484089
  0.52043747   0.17736640  -1.28889543  -0.26735929   1.83639444   0.85571282   0.37066356   1.57508630  -1.36980390
  0.52219474   0.17266064  -1.28816131  -0.26402145   1.83184971   0.85818367   0.37001274   1.57405780  -1.37476501
  0.52397846   0.16798172  -1.28737814  -0.26075211   1.82720587   0.86077951   0.36932522   1.57297888  -1.37972837
  0.52579024   0.16333319  -1.28654617  -0.25759163   1.82245750   0.86352697   0.36860650   1.57181531  -1.38467530
  0.52762821   0.15871864  -1.28566076  -0.25453725   1.81760307   0.86644991   0.36787170   1.57054464  -1.38962119
  0.52948896   0.15414327  -1.28471809  -0.25152367   1.81271291   0.86949568   0.36716913   1.56916995  -1.39463126
  0.53137115   0.14961229  -1.28370118  -0.24852638   1.80773972   0.87274781   0.36647705   1.56766484  -1.39973894
  0.53327829   0.14512181  -1.28264124  -0.24551888   1.80276577   0.87604769   0.36591377   1.56610869  -1.40495273
  0.53521240   0.14067190  -1.28153821  -0.24250571   1.79779330   0.87934851   0.36544776   1.56454821  -1.41024600
  0.53717455   0.13625534  -1.28041252  -0.23945151   1.79290071   0.88245191   0.36507588   1.56311880  -1.41558772
  0.53916647   0.13186564  -1.27928580  -0.23638040   1.78807792   0.88532128   0.36482665   1.56186007  -1.42094094
  0.54118498   0.12750016  -1.27815082  -0.23333759   1.78325695   0.88803730   0.36460797   1.56075079  -1.42625356
  0.54322543   0.12316106  -1.27699142  -0.23034066   1.77834373   0.89077389   0.36437711   1.55970735  -1.43153558
  0.54528264   0.11884617  -1.27581393  -0.22733111   1.77342284   0.89342317   0.36414243   1.55877452  -1.43681254
  0.54735271   0.11455450  -1.27462256  -0.22425900   1.76860714   0.89582951   0.36387285   1.55801659  -1.44208706
  0.54943890   0.11028513  -1.27343033  -0.22119110   1.76388013   0.89800269   0.36356483   1.55742194  -1.44730339
  0.55154229   0.10604609  -1.27221398  -0.21815393   1.75916723   0.90008298   0.36313901   1.55691990  -1.45245790
  0.55366553   0.10184066  -1.27097539  -0.21516779   1.75447259   0.90208179   0.36259085   1.55649151  -1.45754121
  0.55580965   0.09768162  -1.26969466  -0.21219301   1.74974575   0.90418826   0.36198587   1.55601056  -1.46266213
  0.55797881   0.09358183  -1.26837936  -0.20922120   1.74495622   0.90660976   0.36156012   1.55530409  -1.46795752
  0.56017502   0.08954808  -1.26702067  -0.20630691   1.74004370   0.90946648   0.36131849   1.55429788  -1.47341956
  0.56239795   0.08557530  -1.26564069  -0.20344902   1.73509425   0.91259010   0.36131116   1.55307743  -1.47902068
  0.56464501   0.08165522  -1.26424055  -0.20062454   1.73016229   0.91578060   0.36142453   1.55179489  -1.48468872
  0.56691599   0.07778698  -1.26281077  -0.19787320   1.72522968   0.91900900   0.36154320   1.55048579  -1.49035148
  0.56921079   0.07396603  -1.26136048  -0.19519893   1.72034049   0.92214613   0.36164266   1.54923291  -1.49596333
  0.57152688   0.07018471  -1.25989429  -0.19258929   1.71554587   0.92501683   0.36163291   1.54815962  -1.50145668
  0.57386091   0.06643335  -1.25842165  -0.19003566   1.71085422   0.92751588   0.36145690   1.54735973  -1.50677730
  0.57620911   0.06270769  -1.25695305  -0.18752809   1.70623805   0.92968204   0.36116502   1.54682329  -1.51194152
  0.57856828   0.05901651  -1.25547878  -0.18504492   1.70165457   0.93170136   0.36084390   1.54641751  -1.51704342
  0.58093810   0.05536781  -1.25400767  -0.18256515   1.69711551   0.93368850   0.36066054   1.54603365  -1.52218578
  0.58331786   0.05176531  -1.25254453  -0.18007239   1.69263241   0.93568177   0.36069418   1.54563402  -1.52741698
  0.58570737   0.04821239  -1.25107788  -0.17760109   1.68817597   0.93772526   0.36086726   1.54519502  -1.53270206
  0.58810637   0.04471663  -1.24959188  -0.17517920   1.68372329   0.93990407   0.36112869   1.54464958  -1.53803770
  0.59051527   0.04128309  -1.24808769  -0.17280955   1.67928930   0.94224917   0.36152979   1.54395853  -1.54345313
  0.59293372   0.03790993  -1.24657247  -0.17045415   1.67493139   0.94464401   0.36211750   1.54319319  -1.54896262
  0.59536268   0.03459166  -1.24505227  -0.16811402   1.67064596   0.94700285   0.36286846   1.54243952  -1.55452497
  0.59780154   0.03132464  -1.24352638  -0.16578870   1.66641538   0.94929020   0.36374650   1.54174696  -1.56011128
  0.60025006   0.02811197  -1.24197826  -0.16354261   1.66217482   0.95160337   0.36460760   1.54106064  -1.56565630
  0.60270851   0.02495535  -1.24040916  -0.16141461   1.65794186   0.95393675   0.36540383   1.54035995  -1.57112305
  0.60517605   0.02185523  -1.23882056  -0.15937763   1.65374080   0.95625722   0.36616615   1.53966219  -1.57653407
  0.60765287   0.01881480  -1.23719490  -0.15748205   1.64947183   0.95869498   0.36678751   1.53891463  -1.58184602
  0.61013843   0.01583555  -1.23553580  -0.15575687   1.64514220   0.96127176   0.36724921   1.53808335  -1.58704157
  0.61263117   0.01291286  -1.23385934  -0.15416061   1.64083301   0.96384655   0.36761374   1.53724222  -1.59213436
  0.61512949   0.01004073  -1.23217508  -0.15264408   1.63657901   0.96630714   0.36792688   1.53647917  -1.59713615
  0.61763112   0.00721240  -1.23048679  -0.15111627   1.63236903   0.96860963   0.36825431   1.53587034  -1.60210285
  0.62013657   0.00443056  -1.22879468  -0.14956302   1.62820082   0.97080668   0.36861037   1.53537526  -1.60706532
  0.62264218   0.00169137  -1.22710093  -0.14786463   1.62424658   0.97265518   0.36899257   1.53509219  -1.61206707
  0.62514431  -0.00103244  -1.22545170  -0.14583937   1.62056737   0.97388835   0.36966148   1.53528062  -1.61720230
  0.62763799  -0.00377021  -1.22389815  -0.14347171   1.61703629   0.97450483   0.37079848   1.53608052  -1.62245793
  0.63011389  -0.00652846  -1.22244809  -0.14087556   1.61362589   0.97458836   0.37222888   1.53739952  -1.62770910
  0.63256259  -0.00930438  -1.22110337  -0.13819275   1.61035223   0.97427522   0.37372074   1.53904647  -1.63283150
  0.63497795  -0.01207248  -1.21981378  -0.13555937   1.60717973   0.97389334   0.37495390   1.54067984  -1.63776423
  0.63735961  -0.01479516  -1.21849701  -0.13307317   1.60400143   0.97388531   0.37562238   1.54191659  -1.64252081
  0.63972127  -0.01744301  -1.21716288  -0.13088409   1.60084118   0.97447144   0.37586059   1.54252232  -1.64714388
  0.64207459  -0.01999858  -1.21580353  -0.12900007   1.59778033   0.97553535   0.37581352   1.54254500  -1.65167871
  0.64442897  -0.02245004  -1.21439049  -0.12745383   1.59475099   0.97705405   0.37550730   1.54205514  -1.65611017
  0.64679100  -0.02479368  -1.21289837  -0.12616451   1.59170352   0.97891968   0.37507801   1.54122059  -1.66049955
  0.64916502  -0.02702360  -1.21130766  -0.12507510   1.58861036   0.98107300   0.37464177   1.54014156  -1.66490521
  0.65155314  -0.02914319  -1.20961497  -0.12400435   1.58558809   0.98317689   0.37443673   1.53908942  -1.66943992
  0.65396072  -0.03116387  -1.20782198  -0.12280870   1.58255313   0.98514343   0.37464844   1.53827479  -1.67419657
  0.65639709  -0.03308811  -1.20593131  -0.12152456   1.57946385   0.98701091   0.37509926   1.53767913  -1.67910218
  0.65887055  -0.03493236  -1.20399264  -0.12016113   1.57640303   0.98858603   0.37576159   1.53742088  -1.68407773
  0.66138660  -0.03671130  -1.20205515  -0.11878741   1.57334812   0.98987383   0.37660414   1.53751637  -1.68903777
  0.66394512  -0.03842622  -1.20012305  -0.11744470   1.57029072   0.99097973   0.37742968   1.53784550  -1.69392415
  0.66654237  -0.04008817  -1.19822072  -0.11602667   1.56728586   0.99185969   0.37833607   1.53844036  -1.69881650
  0.66917237  -0.04171629  -1.19637823  -0.11445315   1.56434046   0.99245727   0.37940724   1.53937821  -1.70374773
  0.67183296  -0.04332056  -1.19463816  -0.11283507   1.56145288   0.99282829   0.38058113   1.54059119  -1.70861899
  0.67451894  -0.04490832  -1.19302548  -0.11131515   1.55860872   0.99309655   0.38161484   1.54191886  -1.71328379
  0.67722106  -0.04647882  -1.19153982  -0.10995179   1.55588180   0.99325687   0.38234815   1.54325794  -1.71767178
  0.67993173  -0.04802468  -1.19017335  -0.10877813   1.55329262   0.99336169   0.38279080   1.54453070  -1.72179132
  0.68264388  -0.04953342  -1.18890177  -0.10783247   1.55079874   0.99354990   0.38293698   1.54562944  -1.72566331
  0.68534972  -0.05099362  -1.18769594  -0.10701520   1.54842156   0.99384450   0.38296609   1.54655112  -1.72943289
  0.68804438  -0.05239331  -1.18653147  -0.10622110   1.54617976   0.99425195   0.38313101   1.54732890  -1.73326325
  0.69072603  -0.05371674  -1.18537899  -0.10548181   1.54399908   0.99493104   0.38346737   1.54787936  -1.73719475
  0.69339030  -0.05494894  -1.18417904  -0.10482963   1.54178488   0.99602494   0.38377751   1.54809686  -1.74119925
  0.69603853  -0.05609061  -1.18290682  -0.10418572   1.53952810   0.99739635   0.38415338   1.54813637  -1.74531841
  0.69867544  -0.05714793  -1.18156840  -0.10351235   1.53724305   0.99887688   0.38472845   1.54817279  -1.74956209
  0.70130667  -0.05812505  -1.18018466  -0.10291057   1.53494639   1.00037859   0.38541338   1.54824721  -1.75380787
  0.70393359  -0.05902671  -1.17877235  -0.10244176   1.53267295   1.00182516   0.38610177   1.54837390  -1.75796086
  0.70655442  -0.05985855  -1.17734372  -0.10210329   1.53046035   1.00315009   0.38675762   1.54857635  -1.76199087
  0.70916534  -0.06062590  -1.17591307  -0.10182598   1.52837592   1.00427120   0.38747727   1.54890377  -1.76595013
  0.71176288  -0.06133414  -1.17448727  -0.10158658   1.52637254   1.00525242   0.38830221   1.54935302  -1.76986453
  0.71434399  -0.06198523  -1.17305954  -0.10144827   1.52438907   1.00621123   0.38900887   1.54980985  -1.77364939
  0.71690729  -0.06258448  -1.17164302  -0.10142424   1.52246044   1.00710015   0.38954949   1.55027569  -1.77726734
  0.71945101  -0.06312851  -1.17023559  -0.10150297   1.52057024   1.00801625   0.38993261   1.55067887  -1.78075711
  0.72197025  -0.06360930  -1.16878335  -0.10161028   1.51866375   1.00907594   0.39000654   1.55091843  -1.78416922
  0.72446883  -0.06403574  -1.16728411  -0.10160693   1.51673797   1.01013701   0.39002007   1.55119897  -1.78761658
  0.72694935  -0.06442629  -1.16576139  -0.10136573   1.51487130   1.01095227   0.39017101   1.55174145  -1.79116150
  0.72941241  -0.06480171  -1.16426205  -0.10085330   1.51324866   1.01123459   0.39044256   1.55265211  -1.79474938
  0.73186807  -0.06515039  -1.16282041  -0.10028522   1.51178510   1.01133892   0.39069992   1.55363946  -1.79829616
  0.73432218  -0.06545756  -1.16145915  -0.09975518   1.51046344   1.01150216   0.39100872   1.55452123  -1.80183665
  0.73677533  -0.06570610  -1.16015482  -0.09937466   1.50921362   1.01196891   0.39117065   1.55507011  -1.80532380
  0.73922786  -0.06588143  -1.15889877  -0.09924885   1.50797948   1.01292468   0.39113832   1.55514232  -1.80873512
  0.74167548  -0.06597684  -1.15766722  -0.09937388   1.50677692   1.01431918   0.39095333   1.55477102  -1.81208542
  0.74411246  -0.06598714  -1.15637005  -0.09959947   1.50561955   1.01592595   0.39055762   1.55411962  -1.81542184
  0.74654435  -0.06590947  -1.15498477  -0.10003636   1.50440343   1.01777295   0.38976501   1.55318448  -1.81861466
  0.74897665  -0.06574643  -1.15353932  -0.10062029   1.50320467   1.01966155   0.38894707   1.55219460  -1.82175731
  0.75140909  -0.06549923  -1.15201690  -0.10127021   1.50198261   1.02156071   0.38823082   1.55125258  -1.82492221
  0.75384231  -0.06517834  -1.15043119  -0.10190464   1.50076652   1.02332383   0.38778301   1.55052465  -1.82815923
  0.75627691  -0.06479854  -1.14879987  -0.10251858   1.49955217   1.02487864   0.38753556   1.55006602  -1.83141287
  0.75870849  -0.06437714  -1.14713602  -0.10300980   1.49835520   1.02613765   0.38754704   1.54997024  -1.83472462
  0.76113208  -0.06392947  -1.14546636  -0.10331030   1.49718685   1.02708211   0.38790023   1.55028035  -1.83813676
  0.76354683  -0.06346475  -1.14383593  -0.10349735   1.49607468   1.02776898   0.38848590   1.55089481  -1.84156911
  0.76595131  -0.06298851  -1.14228107  -0.10367178   1.49506135   1.02825251   0.38911470   1.55167183  -1.84491123
  0.76834373  -0.06249770  -1.14080757  -0.10393265   1.49411697   1.02872619   0.38952870   1.55237732  -1.84807713
  0.77072300  -0.06198810  -1.13942348  -0.10438065   1.49321424   1.02933307   0.38958686   1.55285397  -1.85099943
  0.77308315  -0.06145438  -1.13811732  -0.10503201   1.49236150   1.03013602   0.38923493   1.55301140  -1.85367977
  0.77542001  -0.06089615  -1.13688227  -0.10581052   1.49160871   1.03100626   0.38872399   1.55299908  -1.85621418
  0.77772922  -0.06031531  -1.13570093  -0.10668021   1.49096275   1.03182699   0.38815963   1.55294267  -1.85862538
  0.78000633  -0.05971234  -1.13456004  -0.10758813   1.49044136   1.03252014   0.38765660   1.55293108  -1.86096374
  0.78224718  -0.05908736  -1.13345266  -0.10845113   1.49009348   1.03300236   0.38737327   1.55305032  -1.86331614
  0.78444938  -0.05843938  -1.13235706  -0.10928495   1.48983540   1.03336519   0.38723223   1.55325851  -1.86566555
  0.78661007  -0.05776778  -1.13125079  -0.11005495   1.48960550   1.03368695   0.38721393   1.55352847  -1.86804571
  0.78872322  -0.05707900  -1.13010067  -0.11058066   1.48943292   1.03385085   0.38742779   1.55397699  -1.87058267
  0.79078800  -0.05638299  -1.12892313  -0.11076064   1.48937025   1.03372089   0.38812163   1.55477271  -1.87337286
  0.79280529  -0.05569411  -1.12775352  -0.11069229   1.48941461   1.03322715   0.38921653   1.55595625  -1.87628586
  0.79477066  -0.05502706  -1.12661315  -0.11047656   1.48954273   1.03237405   0.39046921   1.55745746  -1.87916092
  0.79668427  -0.05438027  -1.12550691  -0.11028093   1.48969005   1.03138472   0.39145579   1.55897766  -1.88182058
  0.79855161  -0.05374369  -1.12446103  -0.11015523   1.48987115   1.03043483   0.39220886   1.56036274  -1.88430157
  0.80037785  -0.05310529  -1.12349022  -0.11016921   1.49008394   1.02970843   0.39267986   1.56143370  -1.88660901
  0.80216542  -0.05245611  -1.12258613  -0.11038872   1.49032081   1.02930145   0.39272666   1.56205516  -1.88870087
  0.80391521  -0.05178656  -1.12170641  -0.11069600   1.49056671   1.02921965   0.39252309   1.56229153  -1.89072733
  0.80562794  -0.05108716  -1.12080357  -0.11112356   1.49071092   1.02956642   0.39197045   1.56209607  -1.89267030
  0.80731038  -0.05035717  -1.11990017  -0.11172538   1.49080706   1.03019698   0.39122139   1.56160870  -1.89450209
  0.80896480  -0.04959887  -1.11896727  -0.11239478   1.49090905   1.03089177   0.39038007   1.56101488  -1.89627795
  0.81059809  -0.04881671  -1.11801029  -0.11312533   1.49100705   1.03154506   0.38956115   1.56046226  -1.89799828
  0.81221180  -0.04801618  -1.11701981  -0.11387494   1.49109228   1.03207760   0.38877783   1.56003444  -1.89966847
  0.81380537  -0.04719641  -1.11596634  -0.11458625   1.49108692   1.03259703   0.38795991   1.55967369  -1.90133177
  0.81537898  -0.04636260  -1.11484335  -0.11508024   1.49102284   1.03302436   0.38736949   1.55952665  -1.90316379
  0.81693146  -0.04552768  -1.11365911  -0.11520945   1.49095720   1.03320778   0.38721435   1.55976409  -1.90527693
  0.81846321  -0.04470777  -1.11246425  -0.11495086   1.49097691   1.03299142   0.38765196   1.56052112  -1.90767631
  0.81997246  -0.04391967  -1.11131525  -0.11441180   1.49109896   1.03235575   0.38859612   1.56177553  -1.91023171
  0.82144818  -0.04318185  -1.11022776  -0.11365452   1.49131365   1.03131597   0.38975875   1.56340901  -1.91279789
  0.82288728  -0.04249147  -1.10917970  -0.11285912   1.49155412   1.03009217   0.39052045   1.56503259  -1.91514265
  0.82429822  -0.04184306  -1.10820043  -0.11212147   1.49182693   1.02873972   0.39094018   1.56661608  -1.91723867
  0.82568612  -0.04122822  -1.10730048  -0.11146378   1.49216373   1.02730122   0.39106099   1.56811244  -1.91911083
  0.82705506  -0.04062658  -1.10645766  -0.11092665   1.49253530   1.02601223   0.39070352   1.56926401  -1.92077324
  0.82841528  -0.04001735  -1.10569555  -0.11053813   1.49294200   1.02504927   0.39011833   1.57002020  -1.92234346
  0.82976623  -0.03938412  -1.10497864  -0.11026549   1.49338382   1.02445491   0.38933653   1.57034995  -1.92388811
  0.83110915  -0.03871723  -1.10426528  -0.10999545   1.49391843   1.02403577   0.38857738   1.57045793  -1.92551940
  0.83245339  -0.03801222  -1.10355032  -0.10987874   1.49446266   1.02379960   0.38771437   1.57035614  -1.92709462
  0.83380350  -0.03726708  -1.10283581  -0.10997846   1.49499171   1.02371417   0.38674576   1.57009445  -1.92855765
  0.83515726  -0.03648090  -1.10210710  -0.11027184   1.49549716   1.02376305   0.38565305   1.56968476  -1.92991437
  0.83651003  -0.03565448  -1.10132792  -0.11059888   1.49600697   1.02382243   0.38458804   1.56926943  -1.93129103
  0.83785805  -0.03478602  -1.10043487  -0.11082698   1.49640074   1.02399934   0.38352337   1.56883455  -1.93279384
  0.83920240  -0.03388039  -1.09939770  -0.11079636   1.49668292   1.02421619   0.38255311   1.56848065  -1.93454239
  0.84055141  -0.03294074  -1.09821235  -0.11058035   1.49682729   1.02454135   0.38132503   1.56802596  -1.93641078
  0.84191801  -0.03197221  -1.09690059  -0.11007348   1.49685278   1.02488769   0.38021178   1.56769241  -1.93855056
  0.84331598  -0.03098910  -1.09552321  -0.10927772   1.49682619   1.02507256   0.37948595   1.56771238  -1.94097685
  0.84476099  -0.03000551  -1.09415748  -0.10845438   1.49675341   1.02509655   0.37884319   1.56797158  -1.94340695
  0.84626082  -0.02903120  -1.09287291  -0.10774840   1.49669044   1.02495025   0.37816375   1.56839600  -1.94569486
  0.84781256  -0.02807087  -1.09169621  -0.10717706   1.49666078   1.02467939   0.37740570   1.56891168  -1.94782118
  0.84940924  -0.02712089  -1.09062692  -0.10677576   1.49663736   1.02446096   0.37637684   1.56930090  -1.94975176
  0.85104323  -0.02617443  -1.08966656  -0.10655452   1.49662922   1.02443574   0.37499607   1.56939338  -1.95149908
  0.85270766  -0.02522472  -1.08880358  -0.10636171   1.49671027   1.02452593   0.37362834   1.56934507  -1.95326488
  0.85439709  -0.02426897  -1.08803096  -0.10611387   1.49692245   1.02462631   0.37256929   1.56933636  -1.95516726
  0.85610286  -0.02330949  -1.08731846  -0.10580552   1.49723783   1.02466767   0.37178289   1.56942787  -1.95717770
  0.85781847  -0.02234747  -1.08663243  -0.10553702   1.49757551   1.02468972   0.37095088   1.56950685  -1.95914127
  0.85954129  -0.02138580  -1.08598156  -0.10537494   1.49795844   1.02460979   0.37003373   1.56961032  -1.96097714
  0.86126642  -0.02042288  -1.08536390  -0.10535580   1.49836469   1.02448350   0.36896684   1.56967709  -1.96265188
  0.86298741  -0.01945509  -1.08477175  -0.10549834   1.49875253   1.02442708   0.36768407   1.56960651  -1.96415850
  0.86469762  -0.01848023  -1.08419763  -0.10577048   1.49911822   1.02447915   0.36622987   1.56938233  -1.96554020
  0.86638989  -0.01749573  -1.08360382  -0.10603889   1.49946845   1.02460861   0.36471665   1.56906422  -1.96692127
  0.86806568  -0.01650199  -1.08300557  -0.10635525   1.49977479   1.02486323   0.36316567   1.56864693  -1.96827534
  0.86972411  -0.01550211  -1.08243155  -0.10673146   1.50011342   1.02515505   0.36165951   1.56818586  -1.96959592
  0.87135926  -0.01449557  -1.08186807  -0.10712586   1.50049998   1.02547925   0.36017805   1.56765766  -1.97090827
  0.87296503  -0.01348204  -1.08128287  -0.10740058   1.50092708   1.02579767   0.35890148   1.56717224  -1.97235242
  0.87453483  -0.01246730  -1.08064233  -0.10741813   1.50140189   1.02597983   0.35798190   1.56689618  -1.97403477
  0.87606385  -0.01146298  -1.07992629  -0.10712676   1.50189811   1.02593771   0.35740423   1.56691603  -1.97595510
  0.87755602  -0.01048013  -1.07911872  -0.10668601   1.50223264   1.02589758   0.35666777   1.56695835  -1.97789302
  0.87901991  -0.00952257  -1.07825903  -0.10632855   1.50234450   1.02605119   0.35536521   1.56673167  -1.97960663
  0.88046428  -0.00859182  -1.07742498  -0.10617405   1.50236473   1.02632417   0.35355654   1.56623662  -1.98101590
  0.88188988  -0.00768518  -1.07664264  -0.10608348   1.50254419   1.02639324   0.35159045   1.56570905  -1.98226966
  0.88329898  -0.00679385  -1.07590686  -0.10598053   1.50285041   1.02631166   0.34975949   1.56526330  -1.98351877
  0.88468991  -0.00591209  -1.07519330  -0.10579324   1.50324163   1.02612841   0.34815787   1.56492917  -1.98485378
  0.88606431  -0.00503540  -1.07449357  -0.10554368   1.50368978   1.02589156   0.34671939   1.56465840  -1.98625400
  0.88742271  -0.00415718  -1.07378864  -0.10527143   1.50416274   1.02569411   0.34522133   1.56429076  -1.98765677
  0.88876770  -0.00327056  -1.07307601  -0.10505053   1.50459726   1.02568702   0.34351833   1.56368104  -1.98900290
  0.89010425  -0.00237334  -1.07238570  -0.10492740   1.50500488   1.02586897   0.34176135   1.56290070  -1.99029988
  0.89143257  -0.00146755  -1.07173286  -0.10484980   1.50549002   1.02604136   0.34018153   1.56214810  -1.99161190
  0.89274900  -0.00055415  -1.07109370  -0.10472954   1.50607556   1.02609710   0.33888578   1.56154112  -1.99301219
  0.89405020   0.00036538  -1.07044185  -0.10450501   1.50673049   1.02600825   0.33791475   1.56114265  -1.99454805
  0.89533698   0.00128882  -1.06976633  -0.10420771   1.50741028   1.02579557   0.33714358   1.56091368  -1.99616203
  0.89660999   0.00221680  -1.06904518  -0.10388130   1.50806627   1.02553716   0.33628156   1.56068591  -1.99775830
  0.89787148   0.00315168  -1.06826612  -0.10355690   1.50862272   1.02536584   0.33518255   1.56033479  -1.99929922
  0.89913103   0.00409009  -1.06747738  -0.10330075   1.50910549   1.02523802   0.33400275   1.55996795  -2.00076746
  0.90039240   0.00502629  -1.06671533  -0.10309745   1.50961077   1.02501927   0.33288357   1.55969944  -2.00218541
  0.90165279   0.00595753  -1.06597151  -0.10287436   1.51016005   1.02468138   0.33185279   1.55954322  -2.00360694
  0.90291155   0.00688530  -1.06523166  -0.10263288   1.51068324   1.02436278   0.33080190   1.55937936  -2.00502661
  0.90416943   0.00781093  -1.06449842  -0.10242154   1.51113510   1.02418812   0.32959621   1.55907209  -2.00639470
  0.90542759   0.00873483  -1.06378594  -0.10225981   1.51151022   1.02420606   0.32826931   1.55860221  -2.00771546
  0.90668543   0.00965522  -1.06308417  -0.10207089   1.51185076   1.02431904   0.32694577   1.55807396  -2.00906477
  0.90794517   0.01057176  -1.06239853  -0.10187442   1.51215004   1.02452977   0.32565064   1.55750542  -2.01043651
  0.90920899   0.01148191  -1.06174940  -0.10170762   1.51245147   1.02476563   0.32441665   1.55694785  -2.01179864
  0.91047577   0.01238456  -1.06114010  -0.10158276   1.51278924   1.02497137   0.32322070   1.55641137  -2.01312617
  0.91174161   0.01328089  -1.06054960  -0.10146912   1.51316035   1.02513418   0.32203111   1.55588675  -2.01443247
  0.91300218   0.01417292  -1.05994206  -0.10127257   1.51354574   1.02523661   0.32091707   1.55542519  -2.01580612
  0.91425829   0.01506375  -1.05930347  -0.10102324   1.51388098   1.02537539   0.31978460   1.55494744  -2.01721786
  0.91551268   0.01595441  -1.05864432  -0.10076825   1.51413838   1.02561403   0.31860254   1.55441083  -2.01863549
  0.91676719   0.01684177  -1.05796703  -0.10047639   1.51435419   1.02585379   0.31745787   1.55391519  -2.02008851
  0.91802571   0.01772181  -1.05728862  -0.10018648   1.51455268   1.02602921   0.31634403   1.55350314  -2.02153181
  0.91928895   0.01859120  -1.05661585  -0.09988712   1.51476034   1.02608405   0.31527697   1.55321175  -2.02296534
  0.92055902   0.01944631  -1.05596694  -0.09958851   1.51501538   1.02595339   0.31428936   1.55308912  -2.02437642
  0.92183744   0.02028545  -1.05535761  -0.09927854   1.51534680   1.02562578   0.31342186   1.55314466  -2.02578264
  0.92312394   0.02111025  -1.05479471  -0.09894311   1.51576525   1.02513823   0.31268735   1.55334341  -2.02720612
  0.92441796   0.02192195  -1.05428347  -0.09860668   1.51627248   1.02451671   0.31203816   1.55363979  -2.02862001
  0.92571787   0.02272232  -1.05382589  -0.09828282   1.51686499   1.02379229   0.31144910   1.55399762  -2.03001264
  0.92702088   0.02351474  -1.05341130  -0.09798583   1.51751879   1.02302993   0.31082628   1.55432898  -2.03135956
  0.92832235   0.02430424  -1.05301254  -0.09768529   1.51820679   1.02228931   0.31010104   1.55455790  -2.03267836
  0.92962065   0.02509467  -1.05261230  -0.09732290   1.51891421   1.02156098   0.30942101   1.55477304  -2.03405703
  0.93091650   0.02588777  -1.05220152  -0.09693266   1.51961482   1.02085234   0.30873744   1.55496638  -2.03545982
  0.93221135   0.02668255  -1.05178973  -0.09651453   1.52035067   1.02007663   0.30812244   1.55522054  -2.03689314
  0.93350674   0.02747985  -1.05138046  -0.09611312   1.52109865   1.01927156   0.30751519   1.55549527  -2.03831295
  0.93480273   0.02828098  -1.05097212  -0.09575161   1.52183308   1.01849259   0.30684951   1.55572985  -2.03969253
  0.93609713   0.02908623  -1.05055331  -0.09539326   1.52255961   1.01772504   0.30613083   1.55592877  -2.04105849
  0.93738905   0.02989729  -1.05011434  -0.09506403   1.52323652   1.01704403   0.30525099   1.55600258  -2.04237364
  0.93868027   0.03071655  -1.04966147  -0.09478376   1.52382535   1.01653124   0.30424661   1.55593348  -2.04364855
  0.93997114   0.03154372  -1.04918634  -0.09449003   1.52436045   1.01610631   0.30322684   1.55581410  -2.04495030
  0.94126467   0.03237552  -1.04870661  -0.09415391   1.52490583   1.01564404   0.30235324   1.55579064  -2.04632491
  0.94256174   0.03320584  -1.04823805  -0.09375791   1.52551492   1.01504459   0.30168362   1.55594015  -2.04778032
  0.94386245   0.03402486  -1.04777470  -0.09328360   1.52615524   1.01430573   0.30116338   1.55625875  -2.04930502
  0.94516802   0.03482625  -1.04732780  -0.09278282   1.52683471   1.01340160   0.30068845   1.55671422  -2.05082186
  0.94647780   0.03561211  -1.04689525  -0.09231521   1.52753249   1.01241151   0.30006955   1.55715566  -2.05224750
  0.94779041   0.03638993  -1.04646541  -0.09189335   1.52819920   1.01147622   0.29922403   1.55745176  -2.05357791
  0.94910323   0.03716625  -1.04601773  -0.09142926   1.52886123   1.01057291   0.29825835   1.55764343  -2.05491341
  0.95041433   0.03794773  -1.04552834  -0.09086790   1.52948775   1.00975128   0.29722804   1.55773090  -2.05632469
  0.95172476   0.03873806  -1.04499136  -0.09017121   1.53009000   1.00897310   0.29625967   1.55780347  -2.05787453
  0.95303993   0.03954062  -1.04441818  -0.08942845   1.53062267   1.00831343   0.29528702   1.55781061  -2.05949245
  0.95436303   0.04035474  -1.04382198  -0.08866434   1.53112473   1.00770333   0.29431431   1.55779036  -2.06115053
  0.95569420   0.04117877  -1.04320588  -0.08786797   1.53163359   1.00706814   0.29335260   1.55778376  -2.06284648
  0.95703308   0.04201320  -1.04255818  -0.08704407   1.53210998   1.00645036   0.29234472   1.55775223  -2.06456629
  0.95838068   0.04285691  -1.04188046  -0.08618890   1.53256683   1.00580997   0.29130984   1.55773150  -2.06631117
  0.95974091   0.04371007  -1.04118605  -0.08537078   1.53298082   1.00518620   0.29018577   1.55768383  -2.06801827
  0.96111648   0.04457190  -1.04049145  -0.08460457   1.53337664   1.00455480   0.28900000   1.55763167  -2.06967982
  0.96250948   0.04544118  -1.03981785  -0.08391212   1.53378738   1.00389166   0.28776606   1.55758425  -2.07127776
  0.96391909   0.04631706  -1.03917793  -0.08328139   1.53425182   1.00317029   0.28650915   1.55754763  -2.07282198
  0.96534319   0.04719851  -1.03858226  -0.08268074   1.53482576   1.00233240   0.28529292   1.55756046  -2.07434348
  0.96677839   0.04808647  -1.03802725  -0.08208815   1.53549084   1.00141946   0.28416651   1.55762467  -2.07587802
  0.96822136   0.04898321  -1.03748960  -0.08148773   1.53618388   1.00052438   0.28309322   1.55768102  -2.07744293
  0.96967202   0.04988841  -1.03696592  -0.08091042   1.53688277   0.99966488   0.28202774   1.55770994  -2.07900523
  0.97112978   0.05080056  -1.03646061  -0.08038732   1.53759802   0.99882347   0.28091183   1.55768961  -2.08052075
  0.97259372   0.05171902  -1.03597863  -0.07993085   1.53834488   0.99798363   0.27973600   1.55761883  -2.08197413
  0.97406236   0.05264370  -1.03552250  -0.07952446   1.53914874   0.99710889   0.27855524   1.55753840  -2.08338817
  0.97553353   0.05357512  -1.03508709  -0.07916315   1.53999852   0.99621576   0.27737230   1.55744214  -2.08476948
  0.97700498   0.05451616  -1.03465514  -0.07885401   1.54082766   0.99540775   0.27613754   1.55726111  -2.08611553
  0.97847444   0.05546818  -1.03421051  -0.07854706   1.54164125   0.99466072   0.27491187   1.55703644  -2.08748046
  0.97994060   0.05642954  -1.03374918  -0.07820749   1.54246499   0.99390393   0.27377038   1.55684764  -2.08890085
  0.98140202   0.05739833  -1.03327016  -0.07784079   1.54327613   0.99314601   0.27273411   1.55671944  -2.09037685
  0.98285768   0.05837196  -1.03277601  -0.07747727   1.54404506   0.99241910   0.27175672   1.55662607  -2.09187272
  0.98430684   0.05934864  -1.03226905  -0.07715461   1.54473453   0.99178795   0.27074931   1.55649434  -2.09334013
  0.98574851   0.06032500  -1.03175958  -0.07688385   1.54536117   0.99123833   0.26968459   1.55631001  -2.09475598
  0.98718041   0.06129702  -1.03125864  -0.07664743   1.54597316   0.99071043   0.26857905   1.55609401  -2.09612407
  0.98860085   0.06226338  -1.03076680  -0.07641495   1.54659313   0.99016814   0.26749686   1.55589234  -2.09747973
  0.99000899   0.06322397  -1.03027995  -0.07617765   1.54721194   0.98962879   0.26643839   1.55569444  -2.09883239
  0.99140509   0.06417749  -1.02980225  -0.07592071   1.54784990   0.98905468   0.26545987   1.55554943  -2.10020405
  0.99279007   0.06512273  -1.02933793  -0.07565892   1.54849945   0.98845011   0.26456218   1.55546444  -2.10158387
  0.99416412   0.06605930  -1.02888380  -0.07540723   1.54914110   0.98784925   0.26368345   1.55538958  -2.10294729
  0.99552784   0.06698735  -1.02843776  -0.07519767   1.54973109   0.98732308   0.26275434   1.55526118  -2.10425968
  0.99688038   0.06790501  -1.02800580  -0.07503382   1.55027922   0.98686327   0.26176732   1.55507527  -2.10551188
  0.99822029   0.06881110  -1.02759340  -0.07490638   1.55079988   0.98645590   0.26075557   1.55485144  -2.10671630
  0.99954474   0.06970357  -1.02720446  -0.07478970   1.55133169   0.98604545   0.25976192   1.55462846  -2.10789386
  1.00085200   0.07058231  -1.02683628  -0.07466378   1.55189031   0.98560201   0.25883263   1.55444382  -2.10906950
  1.00214202   0.07144885  -1.02648071  -0.07453854   1.55245017   0.98515988   0.25794308   1.55427333  -2.11023603
  1.00341501   0.07230325  -1.02613536  -0.07441511   1.55301025   0.98471088   0.25709638   1.55412721  -2.11139346
  1.00467185   0.07314648  -1.02579814  -0.07431267   1.55353481   0.98430444   0.25628043   1.55398763  -2.11253180
  1.00591209   0.07397784  -1.02547071  -0.07423997   1.55401518   0.98395605   0.25547542   1.55383783  -2.11363901
  1.00713494   0.07479622  -1.02515563  -0.07419936   1.55445638   0.98365713   0.25467825   1.55368041  -2.11470932
  1.00833970   0.07560021  -1.02485664  -0.07418770   1.55487676   0.98337612   0.25390087   1.55353597  -2.11574261
  1.00952558   0.07638863  -1.02457597  -0.07419354   1.55530075   0.98307637   0.25315372   1.55342153  -2.11674426
  1.01069209   0.07716171  -1.02431157  -0.07421589   1.55572023   0.98277795   0.25241799   1.55331338  -2.11771184
  1.01183886   0.07791930  -1.02406379  -0.07424957   1.55613630   0.98248238   0.25169988   1.55321221  -2.11865080
  1.01296488   0.07866078  -1.02383198  -0.07427926   1.55656623   0.98216563   0.25100637   1.55312602  -2.11957047
  1.01406939   0.07938710  -1.02360999  -0.07429941   1.55699861   0.98185004   0.25031843   1.55302965  -2.12047315
  1.01515265   0.08009909  -1.02339536  -0.07430504   1.55742686   0.98154125   0.24965751   1.55293593  -2.12137114
  1.01621516   0.08079774  -1.02318523  -0.07430935   1.55782425   0.98127723   0.24900845   1.55282610  -2.12225617
  1.01725655   0.08148243  -1.02298076  -0.07431152   1.55819952   0.98104205   0.24837176   1.55270760  -2.12312608
  1.01827666   0.08215248  -1.02278424  -0.07430512   1.55857190   0.98079963   0.24777217   1.55261179  -2.12398798
  1.01927487   0.08280715  -1.02259642  -0.07429096   1.55894932   0.98053578   0.24720131   1.55253969  -2.12483586
  1.02025147   0.08344701  -1.02241562  -0.07428520   1.55931156   0.98027912   0.24663575   1.55247100  -2.12565504
  1.02120692   0.08407223  -1.02224260  -0.07429380   1.55965376   0.98003528   0.24607656   1.55240716  -2.12644251
  1.02214142   0.08468264  -1.02207921  -0.07431090   1.55998612   0.97979070   0.24553653   1.55235930  -2.12720461
  1.02305464   0.08527859  -1.02192373  -0.07433094   1.56030817   0.97955535   0.24500172   1.55230821  -2.12794253
  1.02394610   0.08586033  -1.02177460  -0.07434515   1.56062470   0.97932860   0.24446789   1.55224529  -2.12866139
  1.02481592   0.08642808  -1.02163142  -0.07434597   1.56094486   0.97909473   0.24395163   1.55218609  -2.12937048
  1.02566423   0.08698205  -1.02149357  -0.07433208   1.56127050   0.97885051   0.24345311   1.55213179  -2.13007085
  1.02649113   0.08752273  -1.02135938  -0.07430536   1.56159634   0.97860493   0.24296382   1.55207339  -2.13076027
  1.02729732   0.08805117  -1.02122673  -0.07427165   1.56190835   0.97837765   0.24248301   1.55200570  -2.13143834
  1.02808357   0.08856793  -1.02109509  -0.07423620   1.56220158   0.97817434   0.24200780   1.55192732  -2.13210210
  1.02885036   0.08907303  -1.02096519  -0.07419688   1.56248546   0.97797952   0.24154208   1.55184663  -2.13275279
  1.02959825   0.08956669  -1.02083725  -0.07414935   1.56276986   0.97777751   0.24109323   1.55177356  -2.13339466
  1.03032812   0.09005029  -1.02070781  -0.07410138   1.56303684   0.97759819   0.24064137   1.55168466  -2.13402162
  1.03104054   0.09052425  -1.02057615  -0.07405051   1.56328997   0.97743781   0.24018346   1.55157779  -2.13463491
  1.03173621   0.09098888  -1.02044255  -0.07399309   1.56353757   0.97728150   0.23972978   1.55146557  -2.13523937
  1.03241628   0.09144447  -1.02030828  -0.07393031   1.56378433   0.97711806   0.23929193   1.55136275  -2.13583731
  1.03308196   0.09189121  -1.02017523  -0.07386549   1.56403243   0.97694242   0.23887458   1.55127676  -2.13642776
  1.03373410   0.09232931  -1.02004446  -0.07380214   1.56428024   0.97675881   0.23847082   1.55120202  -2.13700684
  1.03437361   0.09275916  -1.01991657  -0.07374433   1.56452312   0.97657577   0.23807479   1.55113229  -2.13757135
  1.03500113   0.09318103  -1.01979205  -0.07369177   1.56476031   0.97639673   0.23768479   1.55106434  -2.13812173
  1.03561710   0.09359527  -1.01967065  -0.07364262   1.56499057   0.97622598   0.23729899   1.55099385  -2.13865964
  1.03622218   0.09400232  -1.01955190  -0.07359731   1.56521024   0.97606882   0.23691807   1.55091990  -2.13918636
  1.03681704   0.09440244  -1.01943608  -0.07355604   1.56541938   0.97592421   0.23654356   1.55084478  -2.13970255
  1.03740216   0.09479568  -1.01932369  -0.07351647   1.56562214   0.97578611   0.23617732   1.55077144  -2.14020997
  1.03797802   0.09518219  -1.01921509  -0.07347689   1.56582183   0.97564923   0.23582218   1.55070363  -2.14071046
  1.03854515   0.09556220  -1.01911029  -0.07343737   1.56601856   0.97551321   0.23547790   1.55064167  -2.14120428
  1.03910389   0.09593600  -1.01900880  -0.07339829   1.56621045   0.97538144   0.23514086   1.55058185  -2.14169087
  1.03965455   0.09630391  -1.01890996  -0.07335933   1.56639618   0.97525620   0.23480909   1.55052182  -2.14217059
  1.04019742   0.09666617  -1.01881335  -0.07331964   1.56657625   0.97513626   0.23448346   1.55046274  -2.14264463
  1.04073293   0.09702303  -1.01871881  -0.07328041   1.56674988   0.97502153   0.23416483   1.55040634  -2.14311288
  1.04126150   0.09737468  -1.01862647  -0.07324306   1.56691653   0.97491219   0.23385272   1.55035314  -2.14357459
  1.04178355   0.09772128  -1.01853661  -0.07320909   1.56707572   0.97480858   0.23354642   1.55030332  -2.14402877
  1.04229943   0.09806294  -1.01844961  -0.07317971   1.56722724   0.97471122   0.23324518   1.55025666  -2.14447461
  1.04280948   0.09839975  -1.01836595  -0.07315528   1.56737173   0.97461971   0.23294889   1.55021318  -2.14491187
  1.04331390   0.09873177  -1.01828602  -0.07313512   1.56751067   0.97453271   0.23265845   1.55017348  -2.14534129
  1.04381284   0.09905909  -1.01821000  -0.07311822   1.56764523   0.97444924   0.23237473   1.55013788  -2.14576385
  1.04430643   0.09938182  -1.01813778  -0.07310411   1.56777549   0.97436966   0.23209768   1.55010591  -2.14618007
  1.04479482   0.09970005  -1.01806930  -0.07309298   1.56790115   0.97429435   0.23182713   1.55007748  -2.14658998
  1.04527815   0.10001389  -1.01800451  -0.07308529   1.56802190   0.97422361   0.23156258   1.55005238  -2.14699328
  1.04575654   0.10032337  -1.01794344  -0.07308135   1.56813771   0.97415745   0.23130350   1.55003048  -2.14738968
  1.04623008   0.10062854  -1.01788614  -0.07308124   1.56824882   0.97409552   0.23104954   1.55001169  -2.14777905
  1.04669885   0.10092944  -1.01783262  -0.07308484   1.56835559   0.97403737   0.23080059   1.54999610  -2.14816144
  1.04716290   0.10122609  -1.01778288  -0.07309194   1.56845840   0.97398253   0.23055665   1.54998378  -2.14853698
  1.04762228   0.10151853  -1.01773693  -0.07310239   1.56855750   0.97393069   0.23031773   1.54997480  -2.14890583
  1.04807701   0.10180679  -1.01769475  -0.07311609   1.56865307   0.97388166   0.23008382   1.54996920  -2.14926807
  1.04852716   0.10209090  -1.01765635  -0.07313302   1.56874522   0.97383535   0.22985484   1.54996692  -2.14962371
  1.04897274   0.10237089  -1.01762172  -0.07315316   1.56883407   0.97379169   0.22963066   1.54996788  -2.14997277
  1.04941378   0.10264677  -1.01759088  -0.07317646   1.56891975   0.97375060   0.22941115   1.54997197  -2.15031526
  1.04985032   0.10291857  -1.01756381  -0.07320288   1.56900238   0.97371205   0.22919614   1.54997900  -2.15065118
  1.05028237   0.10318633  -1.01754051  -0.07323232   1.56908207   0.97367601   0.22898547   1.54998878  -2.15098056
  1.05070994   0.10345005  -1.01752094  -0.07326464   1.56915899   0.97364240   0.22877901   1.55000118  -2.15130351
  1.05113305   0.10370979  -1.01750504  -0.07329965   1.56923333   0.97361106   0.22857669   1.55001605  -2.15162016
  1.05155169   0.10396555  -1.01749272  -0.07333714   1.56930524   0.97358187   0.22837842   1.55003327  -2.15193064
  1.05196588   0.10421740  -1.01748389  -0.07337688   1.56937484   0.97355473   0.22818406   1.55005268  -2.15223513
  1.05237560   0.10446536  -1.01747841  -0.07341868   1.56944225   0.97352953   0.22799351   1.55007415  -2.15253378
  1.05278087   0.10470949  -1.01747614  -0.07346230   1.56950758   0.97350617   0.22780666   1.55009752  -2.15282677
  1.05318169   0.10494983  -1.01747691  -0.07350755   1.56957088   0.97348457   0.22762335   1.55012266  -2.15311426
  1.05357805   0.10518644  -1.01748057  -0.07355426   1.56963219   0.97346469   0.22744344   1.55014940  -2.15339639
  1.05396996   0.10541937  -1.01748693  -0.07360224   1.56969158   0.97344642   0.22726680   1.55017762  -2.15367333
  1.05435743   0.10564868  -1.01749585  -0.07365133   1.56974912   0.97342968   0.22709331   1.55020723  -2.15394522
  1.05474047   0.10587443  -1.01750716  -0.07370138   1.56980489   0.97341433   0.22692290   1.55023815  -2.15421224
  1.05511910   0.10609667  -1.01752071  -0.07375223   1.56985898   0.97340027   0.22675548   1.55027031  -2.15447452
  1.05549334   0.10631547  -1.01753637  -0.07380380   1.56991141   0.97338745   0.22659093   1.55030360  -2.15473217
  1.05586320   0.10653089  -1.01755399  -0.07385599   1.56996221   0.97337585   0.22642913   1.55033790  -2.15498532
  1.05622871   0.10674298  -1.01757345  -0.07390873   1.57001145   0.97336544   0.22626998   1.55037311  -2.15523407
