  0.74358098   0.46159759  -1.17336507  -0.31175404   1.87211910   0.73031584   0.40424744   1.80723933  -1.54474855
  0.74358174   0.46159586  -1.17336159  -0.31175574   1.87212255   0.73029889   0.40425109   1.80724812  -1.54474534
  0.74358398   0.46159165  -1.17335382  -0.31176472   1.87212265   0.73027481   0.40426025   1.80726002  -1.54473723
  0.74358799   0.46158441  -1.17334078  -0.31178201   1.87211821   0.73024662   0.40427382   1.80727212  -1.54472518
  0.74359423   0.46157327  -1.17332328  -0.31180859   1.87211250   0.73020717   0.40429241   1.80728740  -1.54470694
  0.74360307   0.46155771  -1.17330221  -0.31184504   1.87210680   0.73015243   0.40431758   1.80730818  -1.54468089
  0.74361463   0.46153761  -1.17327826  -0.31188925   1.87210351   0.73007859   0.40434857   1.80733680  -1.54464775
  0.74362888   0.46151310  -1.17325128  -0.31193921   1.87210200   0.72998713   0.40437867   1.80737330  -1.54460916
  0.74364599   0.46148446  -1.17322165  -0.31199586   1.87209786   0.72988847   0.40440264   1.80741236  -1.54456639
  0.74366602   0.46145187  -1.17319004  -0.31205931   1.87208866   0.72978991   0.40441719   1.80744998  -1.54452078
  0.74368895   0.46141554  -1.17315748  -0.31212545   1.87208382   0.72968513   0.40443063   1.80748520  -1.54447653
  0.74371494   0.46137534  -1.17312502  -0.31219107   1.87210106   0.72958146   0.40443309   1.80749664  -1.54444541
  0.74374389   0.46133091  -1.17309091  -0.31224897   1.87214793   0.72949212   0.40441149   1.80746688  -1.54444213
  0.74377641   0.46128116  -1.17305525  -0.31229083   1.87222985   0.72940564   0.40436638   1.80740357  -1.54447158
  0.74381359   0.46122544  -1.17301657  -0.31231732   1.87233960   0.72931021   0.40430804   1.80732263  -1.54452822
  0.74385689   0.46116381  -1.17297420  -0.31233759   1.87246265   0.72921891   0.40425371   1.80722148  -1.54460702
  0.74390744   0.46109380  -1.17292916  -0.31235338   1.87260370   0.72914246   0.40419134   1.80708429  -1.54471321
  0.74396754   0.46101238  -1.17288066  -0.31237762   1.87275965   0.72906978   0.40412096   1.80691707  -1.54483417
  0.74403921   0.46091698  -1.17282734  -0.31242363   1.87290640   0.72901045   0.40403344   1.80672626  -1.54495634
  0.74412286   0.46080684  -1.17276862  -0.31249423   1.87303617   0.72895662   0.40392566   1.80652456  -1.54507187
  0.74421729   0.46068391  -1.17269884  -0.31257935   1.87315590   0.72887797   0.40379736   1.80633569  -1.54518135
  0.74432164   0.46054390  -1.17262668  -0.31264904   1.87326649   0.72878031   0.40366793   1.80616439  -1.54530658
  0.74444130   0.46035252  -1.17261469  -0.31268048   1.87333508   0.72877287   0.40353774   1.80595327  -1.54546719
  0.74458155   0.46008434  -1.17268406  -0.31265494   1.87332592   0.72892332   0.40338812   1.80567137  -1.54568630
  0.74474335   0.45972955  -1.17282352  -0.31256706   1.87323977   0.72920983   0.40320260   1.80532764  -1.54596918
  0.74492143   0.45928670  -1.17301358  -0.31242848   1.87310590   0.72956599   0.40295783   1.80494227  -1.54629818
  0.74511303   0.45876253  -1.17323131  -0.31225617   1.87295291   0.72993567   0.40266978   1.80452819  -1.54666076
  0.74531968   0.45816382  -1.17346040  -0.31205439   1.87281054   0.73028772   0.40235364   1.80408194  -1.54706486
  0.74554345   0.45749830  -1.17368541  -0.31182907   1.87270192   0.73057755   0.40202177   1.80361912  -1.54750859
  0.74578548   0.45677102  -1.17389551  -0.31158096   1.87261789   0.73081020   0.40167510   1.80314170  -1.54799712
  0.74604430   0.45598238  -1.17408211  -0.31130496   1.87251333   0.73102739   0.40129876   1.80265101  -1.54853647
  0.74632578   0.45511540  -1.17426571  -0.31097197   1.87234152   0.73132942   0.40086808   1.80210550  -1.54916556
  0.74663345   0.45415775  -1.17446122  -0.31058682   1.87210613   0.73171537   0.40038407   1.80149909  -1.54987762
  0.74697005   0.45311139  -1.17466257  -0.31017003   1.87183563   0.73213577   0.39986290   1.80084212  -1.55065513
  0.74733719   0.45198783  -1.17485627  -0.30974119   1.87156015   0.73253394   0.39933271   1.80015372  -1.55148168
  0.74773506   0.45079552  -1.17504102  -0.30932127   1.87128815   0.73291484   0.39878718   1.79942003  -1.55234502
  0.74816475   0.44954562  -1.17521626  -0.30894456   1.87102106   0.73327533   0.39823208   1.79863888  -1.55321679
  0.74862700   0.44824066  -1.17539023  -0.30861876   1.87075597   0.73362047   0.39765273   1.79781187  -1.55408545
  0.74912244   0.44685898  -1.17559790  -0.30830738   1.87043964   0.73402253   0.39702565   1.79693538  -1.55496755
  0.74964882   0.44539205  -1.17583824  -0.30795943   1.87006504   0.73447647   0.39632761   1.79603136  -1.55589716
  0.75020574   0.44384338  -1.17610142  -0.30755790   1.86966096   0.73495193   0.39558404   1.79510428  -1.55689415
  0.75079418   0.44221611  -1.17638381  -0.30709481   1.86925258   0.73543816   0.39481603   1.79414358  -1.55797459
  0.75141540   0.44051327  -1.17667844  -0.30657563   1.86884445   0.73593826   0.39402813   1.79313894  -1.55914276
  0.75206975   0.43874136  -1.17697244  -0.30601736   1.86845107   0.73642825   0.39322046   1.79209185  -1.56038897
  0.75275831   0.43690277  -1.17726434  -0.30544481   1.86805779   0.73694570   0.39237817   1.79097390  -1.56170315
  0.75348201   0.43499731  -1.17755497  -0.30487811   1.86765136   0.73749443   0.39148877   1.78978743  -1.56306496
  0.75424414   0.43300353  -1.17787873  -0.30429772   1.86719229   0.73811367   0.39055788   1.78854011  -1.56447430
  0.75504212   0.43091586  -1.17823013  -0.30367629   1.86668384   0.73878790   0.38959032   1.78724547  -1.56595030
  0.75587376   0.42873894  -1.17859250  -0.30301159   1.86613655   0.73950245   0.38857526   1.78590324  -1.56750015
  0.75674092   0.42646295  -1.17898129  -0.30229446   1.86554471   0.74027284   0.38751276   1.78450746  -1.56912810
  0.75764267   0.42408950  -1.17938792  -0.30152528   1.86491531   0.74109341   0.38640886   1.78305354  -1.57083903
  0.75857734   0.42162534  -1.17979975  -0.30071299   1.86427374   0.74193552   0.38527277   1.78154007  -1.57263053
  0.75954471   0.41906981  -1.18021221  -0.29986109   1.86360147   0.74283983   0.38407664   1.77994244  -1.57450898
  0.76054311   0.41642622  -1.18061735  -0.29899281   1.86290614   0.74378311   0.38280495   1.77826576  -1.57645126
  0.76157171   0.41369749  -1.18101466  -0.29811657   1.86220785   0.74474918   0.38146677   1.77650528  -1.57845144
  0.76262952   0.41088771  -1.18139942  -0.29722871   1.86151129   0.74573137   0.38007544   1.77466449  -1.58051363
  0.76371722   0.40799282  -1.18177521  -0.29631364   1.86079450   0.74675985   0.37862348   1.77273916  -1.58265124
  0.76483463   0.40501376  -1.18214220  -0.29536616   1.86006957   0.74780429   0.37712549   1.77074846  -1.58486160
  0.76598161   0.40195249  -1.18250290  -0.29438604   1.85934446   0.74885741   0.37560376   1.76869446  -1.58714451
  0.76715777   0.39881274  -1.18285612  -0.29337617   1.85863435   0.74989417   0.37408034   1.76658768  -1.58949534
  0.76836423   0.39558918  -1.18320384  -0.29231748   1.85791896   0.75095944   0.37252816   1.76440774  -1.59193652
  0.76960154   0.39228016  -1.18354449  -0.29122343   1.85716991   0.75207184   0.37093513   1.76215711  -1.59445412
  0.77086914   0.38888281  -1.18388234  -0.29008656   1.85639437   0.75322767   0.36928498   1.75983408  -1.59705029
  0.77216525   0.38540075  -1.18422168  -0.28891635   1.85561771   0.75440235   0.36759826   1.75743979  -1.59971398
  0.77348743   0.38182902  -1.18457817  -0.28771156   1.85483538   0.75561910   0.36588207   1.75496117  -1.60244124
  0.77483220   0.37817130  -1.18494197  -0.28646331   1.85403788   0.75690049   0.36412084   1.75238567  -1.60524406
  0.77619962   0.37442423  -1.18531464  -0.28516504   1.85321269   0.75826160   0.36230587   1.74971045  -1.60812643
  0.77758793   0.37059351  -1.18568570  -0.28382181   1.85238878   0.75963695   0.36044945   1.74696677  -1.61107566
  0.77899532   0.36667752  -1.18606027  -0.28243983   1.85156131   0.76104087   0.35855229   1.74414481  -1.61408482
  0.78041797   0.36268513  -1.18642124  -0.28101272   1.85075620   0.76242020   0.35660873   1.74126905  -1.61715357
  0.78185518   0.35862431  -1.18675588  -0.27953405   1.84996868   0.76380329   0.35460834   1.73831765  -1.62029991
  0.78330721   0.35450744  -1.18705143  -0.27801819   1.84920271   0.76518024   0.35257243   1.73529483  -1.62351886
  0.78477552   0.35033731  -1.18730571  -0.27645470   1.84842780   0.76660839   0.35048539   1.73217786  -1.62682781
  0.78626166   0.34611959  -1.18752382  -0.27485640   1.84765683   0.76806335   0.34836690   1.72898073  -1.63021134
  0.78776739   0.34185133  -1.18772314  -0.27323427   1.84687740   0.76956550   0.34622827   1.72569934  -1.63365506
  0.78929017   0.33754153  -1.18789250  -0.27159662   1.84610899   0.77107077   0.34405313   1.72235391  -1.63714423
  0.79082782   0.33320291  -1.18802092  -0.26996409   1.84537087   0.77254798   0.34183392   1.71895263  -1.64065983
  0.79237810   0.32882902  -1.18812988  -0.26833278   1.84462532   0.77406993   0.33959002   1.71547052  -1.64420370
  0.79393337   0.32442510  -1.18820675  -0.26668583   1.84386914   0.77562468   0.33732808   1.71192380  -1.64778385
  0.79549074   0.32000047  -1.18824141  -0.26500474   1.84312323   0.77717852   0.33506974   1.70833212  -1.65141504
  0.79705352   0.31554996  -1.18823638  -0.26321487   1.84235507   0.77881455   0.33281515   1.70466411  -1.65517402
  0.79862697   0.31107882  -1.18818562  -0.26132578   1.84157566   0.78049075   0.33056591   1.70094635  -1.65905082
  0.80021461   0.30659894  -1.18808499  -0.25937930   1.84083272   0.78212333   0.32832016   1.69720740  -1.66300440
  0.80181924   0.30210555  -1.18795938  -0.25740168   1.84011942   0.78372078   0.32608999   1.69344865  -1.66700385
  0.80343951   0.29760240  -1.18780785  -0.25541264   1.83942368   0.78528920   0.32386893   1.68967227  -1.67102951
  0.80507402   0.29309131  -1.18763367  -0.25341364   1.83874183   0.78683670   0.32164785   1.68587555  -1.67507617
  0.80672140   0.28858319  -1.18742514  -0.25142014   1.83806459   0.78837277   0.31942163   1.68205578  -1.67913559
  0.80838224   0.28407777  -1.18718980  -0.24942619   1.83738112   0.78991751   0.31719506   1.67820945  -1.68321154
  0.81005414   0.27958503  -1.18691127  -0.24742511   1.83669071   0.79146850   0.31494742   1.67433736  -1.68731079
  0.81173730   0.27511131  -1.18658536  -0.24541977   1.83599713   0.79302947   0.31266817   1.67043230  -1.69143301
  0.81343034   0.27066884  -1.18619754  -0.24341161   1.83530916   0.79458368   0.31037135   1.66650377  -1.69558292
  0.81513405   0.26626456  -1.18574436  -0.24138837   1.83461751   0.79615367   0.30807679   1.66254681  -1.69977933
  0.81684888   0.26190869  -1.18522011  -0.23936276   1.83392871   0.79771534   0.30579006   1.65857984  -1.70401050
  0.81857828   0.25760437  -1.18463488  -0.23733255   1.83325323   0.79925889   0.30352634   1.65461165  -1.70827744
  0.82032405   0.25336462  -1.18397820  -0.23530909   1.83260890   0.80075284   0.30128164   1.65065596  -1.71257327
  0.82208815   0.24920616  -1.18323448  -0.23329259   1.83202226   0.80216164   0.29903976   1.64672259  -1.71690122
  0.82387575   0.24513297  -1.18240349  -0.23125137   1.83146611   0.80353064   0.29681267   1.64280464  -1.72129776
  0.82569153   0.24114911  -1.18150131  -0.22920145   1.83095845   0.80482139   0.29462336   1.63893238  -1.72574317
  0.82753777   0.23726068  -1.18053662  -0.22716538   1.83051228   0.80602162   0.29246753   1.63510865  -1.73021571
  0.82941904   0.23346409  -1.17951571  -0.22512186   1.83008190   0.80721134   0.29034674   1.63130581  -1.73474317
  0.83133816   0.22975640  -1.17845133  -0.22308535   1.82965406   0.80839170   0.28825927   1.62753694  -1.73930605
  0.83329614   0.22613720  -1.17736180  -0.22108545   1.82924995   0.80952214   0.28620949   1.62382518  -1.74386713
  0.83529258   0.22259704  -1.17627198  -0.21911764   1.82886452   0.81061541   0.28421280   1.62017326  -1.74842102
  0.83732500   0.21913708  -1.17518096  -0.21718905   1.82848718   0.81169070   0.28225565   1.61657047  -1.75296035
  0.83938995   0.21576645  -1.17408069  -0.21531033   1.82814852   0.81270558   0.28033450   1.61302859  -1.75747411
  0.84148456   0.21249232  -1.17296700  -0.21349390   1.82785092   0.81366440   0.27843805   1.60954054  -1.76195160
  0.84360704   0.20930744  -1.17185099  -0.21172644   1.82755535   0.81462084   0.27658296   1.60609898  -1.76640372
  0.84575344   0.20621292  -1.17072551  -0.20997997   1.82726676   0.81555489   0.27479127   1.60272487  -1.77085389
  0.84792076   0.20321817  -1.16957616  -0.20825521   1.82700701   0.81643460   0.27305885   1.59942678  -1.77530353
  0.85010706   0.20033402  -1.16839421  -0.20657313   1.82679322   0.81723244   0.27137983   1.59621409  -1.77973592
  0.85230980   0.19756708  -1.16717596  -0.20495566   1.82661567   0.81795936   0.26973856   1.59308267  -1.78413094
  0.85452796   0.19492236  -1.16591459  -0.20340377   1.82646000   0.81864242   0.26810456   1.59001430  -1.78848631
  0.85676081   0.19239131  -1.16459886  -0.20184876   1.82627490   0.81934927   0.26647957   1.58699176  -1.79286515
  0.85901192   0.18996481  -1.16324034  -0.20026482   1.82604699   0.82008245   0.26489825   1.58403613  -1.79729068
  0.86128744   0.18764146  -1.16186167  -0.19867532   1.82582238   0.82076976   0.26338171   1.58118487  -1.80173700
  0.86358976   0.18542655  -1.16046966  -0.19712613   1.82561541   0.82139840   0.26190386   1.57843224  -1.80616175
  0.86591935   0.18332660  -1.15906727  -0.19565362   1.82543513   0.82196107   0.26044727   1.57577464  -1.81053247
  0.86827577   0.18134837  -1.15765409  -0.19427543   1.82528343   0.82246350   0.25901162   1.57320764  -1.81483789
  0.87065857   0.17949312  -1.15623224  -0.19298550   1.82514683   0.82292845   0.25761644   1.57073068  -1.81908933
  0.87306813   0.17774385  -1.15481812  -0.19173877   1.82496436   0.82342503   0.25632247   1.56835402  -1.82333263
  0.87550229   0.17608833  -1.15341382  -0.19047587   1.82472899   0.82394742   0.25515763   1.56609762  -1.82761479
  0.87795927   0.17452454  -1.15200938  -0.18917724   1.82445374   0.82447521   0.25407994   1.56395435  -1.83194103
  0.88043940   0.17305519  -1.15059623  -0.18786861   1.82415423   0.82498037   0.25301828   1.56191285  -1.83627412
  0.88294436   0.17168529  -1.14917346  -0.18658901   1.82384050   0.82545017   0.25193811   1.55996551  -1.84057682
  0.88547496   0.17042110  -1.14774188  -0.18535544   1.82353082   0.82586566   0.25085023   1.55811872  -1.84483985
  0.88803146   0.16926893  -1.14629929  -0.18417207   1.82323762   0.82620432   0.24978976   1.55639479  -1.84907002
  0.89061460   0.16823437  -1.14484546  -0.18304512   1.82295453   0.82647942   0.24877721   1.55479644  -1.85327180
  0.89322514   0.16732202  -1.14338038  -0.18198005   1.82267295   0.82670214   0.24782542   1.55332823  -1.85744686
  0.89586367   0.16653503  -1.14190593  -0.18098275   1.82238299   0.82688853   0.24692057   1.55198368  -1.86158766
  0.89853035   0.16587581  -1.14042365  -0.18004944   1.82208441   0.82703042   0.24607521   1.55077818  -1.86569829
  0.90122555   0.16534613  -1.13893769  -0.17917533   1.82177349   0.82713051   0.24530860   1.54972302  -1.86978617
  0.90394940   0.16494685  -1.13745317  -0.17836074   1.82144346   0.82720382   0.24460535   1.54880959  -1.87384523
  0.90670175   0.16467849  -1.13597343  -0.17760719   1.82109170   0.82724939   0.24395909   1.54804214  -1.87786957
  0.90948184   0.16454142  -1.13449848  -0.17691513   1.82071695   0.82725511   0.24336523   1.54743322  -1.88185382
  0.91228899   0.16453550  -1.13303441  -0.17629012   1.82031411   0.82723300   0.24281016   1.54697496  -1.88578701
  0.91512155   0.16466110  -1.13158473  -0.17572980   1.81989028   0.82717974   0.24228589   1.54666361  -1.88966533
  0.91797757   0.16491986  -1.13014312  -0.17522752   1.81944857   0.82708130   0.24180393   1.54651227  -1.89349693
  0.92085596   0.16531190  -1.12870953  -0.17478563   1.81898168   0.82694261   0.24136869   1.54652499  -1.89728036
  0.92375545   0.16583731  -1.12729101  -0.17439372   1.81849773   0.82677240   0.24100700   1.54669880  -1.90103012
  0.92667455   0.16649647  -1.12588986  -0.17404527   1.81800310   0.82657720   0.24073182   1.54702777  -1.90475525
  0.92961201   0.16728905  -1.12450221  -0.17375068   1.81748900   0.82636280   0.24051669   1.54750383  -1.90844048
  0.93256619   0.16821493  -1.12312107  -0.17351580   1.81695485   0.82611839   0.24033670   1.54812614  -1.91207381
  0.93553585   0.16927326  -1.12174517  -0.17334396   1.81640211   0.82583888   0.24018456   1.54889454  -1.91564945
  0.93851995   0.17046415  -1.12037362  -0.17323323   1.81583594   0.82551766   0.24008154   1.54981789  -1.91917509
  0.94151742   0.17178735  -1.11900854  -0.17318110   1.81525827   0.82516150   0.24004334   1.55089456  -1.92265736
  0.94452687   0.17324144  -1.11765633  -0.17317788   1.81467404   0.82478300   0.24008323   1.55211511  -1.92610594
  0.94754656   0.17482545  -1.11631479  -0.17322151   1.81408820   0.82437764   0.24019484   1.55347556  -1.92951991
  0.95057485   0.17653721  -1.11497818  -0.17331563   1.81350123   0.82395431   0.24033329   1.55494619  -1.93288629
  0.95361085   0.17837438  -1.11364907  -0.17346150   1.81290782   0.82351218   0.24051081   1.55653723  -1.93620444
  0.95665383   0.18033441  -1.11233791  -0.17366376   1.81231038   0.82304531   0.24074614   1.55826235  -1.93946909
  0.95970188   0.18241780  -1.11104369  -0.17392595   1.81171235   0.82254259   0.24104984   1.56013293  -1.94267782
  0.96275294   0.18462519  -1.10976454  -0.17425489   1.81111473   0.82200089   0.24141044   1.56214617  -1.94582029
  0.96580478   0.18695566  -1.10850200  -0.17464704   1.81052120   0.82142347   0.24182184   1.56429315  -1.94889498
  0.96885504   0.18940877  -1.10725661  -0.17509414   1.80993571   0.82081604   0.24229206   1.56656766  -1.95190935
  0.97190143   0.19198304  -1.10602708  -0.17559316   1.80935836   0.82018200   0.24280988   1.56896024  -1.95486097
  0.97494173   0.19467781  -1.10480857  -0.17614989   1.80878841   0.81951146   0.24335918   1.57147186  -1.95773872
  0.97797372   0.19749200  -1.10359850  -0.17676196   1.80822366   0.81880611   0.24393804   1.57410013  -1.96054269
  0.98099537   0.20042352  -1.10239758  -0.17742636   1.80765968   0.81808032   0.24454246   1.57683239  -1.96327348
  0.98400491   0.20347058  -1.10120808  -0.17814463   1.80710168   0.81733078   0.24517862   1.57966880  -1.96592897
  0.98699991   0.20663378  -1.10003258  -0.17892221   1.80656346   0.81655414   0.24584636   1.58260008  -1.96850314
  0.98997756   0.20992515  -1.09887010  -0.17979444   1.80609894   0.81569322   0.24656704   1.58564441  -1.97097249
  0.99293476   0.21334989  -1.09771652  -0.18076188   1.80570590   0.81476092   0.24735140   1.58879694  -1.97334052
  0.99586823   0.21690464  -1.09656318  -0.18179530   1.80534349   0.81380769   0.24819356   1.59204012  -1.97563024
  0.99877574   0.22058151  -1.09540491  -0.18286499   1.80498109   0.81285354   0.24909506   1.59537792  -1.97786196
  1.00165598   0.22437045  -1.09424217  -0.18394325   1.80459570   0.81191673   0.25006478   1.59881290  -1.98005584
  1.00450823   0.22826296  -1.09307456  -0.18502158   1.80417661   0.81099656   0.25109479   1.60234736  -1.98221291
  1.00733217   0.23225416  -1.09190845  -0.18610886   1.80373886   0.81007844   0.25217337   1.60597515  -1.98431911
  1.01012625   0.23635325  -1.09074797  -0.18725891   1.80335934   0.80907168   0.25328296   1.60970811  -1.98632148
  1.01288769   0.24056273  -1.08959423  -0.18848363   1.80304725   0.80798072   0.25440477   1.61352589  -1.98820493
  1.01561449   0.24487727  -1.08844290  -0.18976321   1.80275408   0.80686945   0.25554355   1.61741030  -1.98998987
  1.01830604   0.24929252  -1.08729287  -0.19108036   1.80246728   0.80574514   0.25673574   1.62137909  -1.99169766
  1.02096025   0.25381395  -1.08614513  -0.19245669   1.80222570   0.80456579   0.25799163   1.62544270  -1.99331041
  1.02357378   0.25843952  -1.08499589  -0.19388239   1.80201463   0.80335915   0.25928819   1.62957514  -1.99483066
  1.02614417   0.26316329  -1.08384252  -0.19533782   1.80181644   0.80214104   0.26062217   1.63377189  -1.99627050
  1.02866932   0.26798830  -1.08268711  -0.19683767   1.80166092   0.80087948   0.26200647   1.63804265  -1.99761751
  1.03114686   0.27290989  -1.08152716  -0.19836409   1.80152585   0.79960593   0.26343837   1.64237341  -1.99888542
  1.03357665   0.27791614  -1.08036167  -0.19987736   1.80137635   0.79835141   0.26493776   1.64676994  -2.00010855
  1.03595983   0.28299413  -1.07919915  -0.20136540   1.80119855   0.79711647   0.26651138   1.65124380  -2.00129058
  1.03829470   0.28814804  -1.07803796  -0.20287079   1.80102637   0.79586863   0.26813046   1.65578121  -2.00239193
  1.04057921   0.29337428  -1.07687971  -0.20439256   1.80086247   0.79461194   0.26977922   1.66036655  -2.00340797
  1.04281234   0.29866406  -1.07573071  -0.20591306   1.80070468   0.79334381   0.27147159   1.66500790  -2.00434915
  1.04499032   0.30402342  -1.07458343  -0.20743726   1.80061671   0.79198488   0.27321856   1.66972538  -2.00520969
  1.04710870   0.30944876  -1.07343151  -0.20896450   1.80057133   0.79057416   0.27500088   1.67449429  -2.00598855
  1.04917031   0.31493623  -1.07226524  -0.21046908   1.80054841   0.78914458   0.27683598   1.67930554  -2.00672135
  1.05117887   0.32049059  -1.07108095  -0.21197799   1.80057353   0.78766188   0.27873448   1.68417276  -2.00739297
  1.05313605   0.32611096  -1.06987878  -0.21352588   1.80059646   0.78620193   0.28065901   1.68905261  -2.00797814
  1.05504281   0.33179959  -1.06865493  -0.21513470   1.80059521   0.78479602   0.28258960   1.69392582  -2.00846171
  1.05690060   0.33754779  -1.06741761  -0.21678969   1.80054697   0.78347581   0.28451514   1.69877677  -2.00885203
  1.05870926   0.34334475  -1.06617072  -0.21846045   1.80044825   0.78224674   0.28641608   1.70359055  -2.00916742
  1.06046889   0.34919436  -1.06490532  -0.22013097   1.80038700   0.78098213   0.28829481   1.70840454  -2.00941475
  1.06218129   0.35509231  -1.06362373  -0.22178856   1.80035528   0.77969700   0.29017766   1.71322322  -2.00961191
  1.06384726   0.36102820  -1.06233676  -0.22341456   1.80033034   0.77842268   0.29210739   1.71805691  -2.00977864
  1.06546462   0.36700036  -1.06105393  -0.22503524   1.80035064   0.77708518   0.29411545   1.72295425  -2.00988172
  1.06702626   0.37300533  -1.05976455  -0.22665481   1.80037656   0.77571842   0.29618172   1.72790573  -2.00991247
  1.06852603   0.37904497  -1.05845688  -0.22825921   1.80042498   0.77429735   0.29828135   1.73290553  -2.00987517
  1.06996331   0.38511379  -1.05713445  -0.22984074   1.80048462   0.77286680   0.30038831   1.73790862  -2.00977890
  1.07133712   0.39120564  -1.05580427  -0.23139897   1.80054159   0.77146281   0.30252721   1.74290456  -2.00963009
  1.07264157   0.39732627  -1.05446053  -0.23297877   1.80058518   0.77010382   0.30468068   1.74787682  -2.00939139
  1.07387203   0.40347779  -1.05309739  -0.23458447   1.80061965   0.76879424   0.30682747   1.75280658  -2.00905790
  1.07502425   0.40966433  -1.05171336  -0.23624195   1.80063821   0.76755174   0.30896675   1.75768326  -2.00860941
  1.07609696   0.41588201  -1.05030014  -0.23791016   1.80065551   0.76634742   0.31109263   1.76251600  -2.00807721
  1.07709202   0.42212609  -1.04884852  -0.23954887   1.80068103   0.76514011   0.31322525   1.76734185  -2.00749389
  1.07801266   0.42838554  -1.04736748  -0.24113700   1.80071099   0.76392126   0.31539066   1.77218291  -2.00687440
  1.07885792   0.43465344  -1.04586765  -0.24265361   1.80080400   0.76258963   0.31759973   1.77708481  -2.00621525
  1.07961915   0.44091335  -1.04438679  -0.24412642   1.80091817   0.76118332   0.31986620   1.78205607  -2.00546382
  1.08029292   0.44715843  -1.04294866  -0.24557663   1.80107655   0.75966250   0.32220804   1.78712039  -2.00458110
  1.08087069   0.45339237  -1.04153594  -0.24701080   1.80125140   0.75809375   0.32455846   1.79220809  -2.00356887
  1.08134436   0.45960440  -1.04017651  -0.24843762   1.80138738   0.75659990   0.32695357   1.79727340  -2.00242123
  1.08170039   0.46580125  -1.03886554  -0.24981884   1.80156783   0.75507634   0.32947582   1.80237868  -2.00115672
  1.08192443   0.47197754  -1.03760983  -0.25117929   1.80171815   0.75360949   0.33212082   1.80750664  -1.99974034
  1.08200948   0.47812838  -1.03639587  -0.25246704   1.80187544   0.75212390   0.33488603   1.81269024  -1.99820079
  1.08196329   0.48425732  -1.03520071  -0.25366769   1.80209770   0.75054862   0.33774612   1.81792770  -1.99656393
  1.08180628   0.49035869  -1.03401938  -0.25479238   1.80239759   0.74885845   0.34067531   1.82321353  -1.99483844
  1.08155503   0.49643744  -1.03283036  -0.25587435   1.80277558   0.74707392   0.34362123   1.82849955  -1.99303123
  1.08121623   0.50249972  -1.03160561  -0.25695120   1.80315490   0.74535418   0.34650268   1.83366849  -1.99116100
  1.08078949   0.50854332  -1.03037625  -0.25811315   1.80342942   0.74384496   0.34936291   1.83869809  -1.98915355
  1.08025875   0.51456746  -1.02914540  -0.25930086   1.80362718   0.74250084   0.35222568   1.84362235  -1.98703385
  1.07961093   0.52057897  -1.02788894  -0.26046922   1.80378210   0.74127029   0.35505812   1.84844762  -1.98483227
  1.07884294   0.52656482  -1.02662225  -0.26162148   1.80387876   0.74012845   0.35781653   1.85318828  -1.98252010
  1.07795851   0.53251330  -1.02537123  -0.26281343   1.80382205   0.73918147   0.36052702   1.85783751  -1.98004816
  1.07694827   0.53842586  -1.02412363  -0.26402087   1.80366458   0.73831282   0.36316394   1.86244375  -1.97741100
  1.07580797   0.54429666  -1.02289372  -0.26518058   1.80348961   0.73741541   0.36575214   1.86704842  -1.97463914
  1.07453830   0.55012598  -1.02169176  -0.26628234   1.80334570   0.73644096   0.36832039   1.87166758  -1.97173598
  1.07314406   0.55591202  -1.02051517  -0.26730131   1.80325643   0.73538833   0.37086994   1.87628502  -1.96873727
  1.07163246   0.56165780  -1.01935947  -0.26826513   1.80320989   0.73430296   0.37340909   1.88087132  -1.96564383
  1.07000839   0.56735609  -1.01824258  -0.26921288   1.80309902   0.73336533   0.37594960   1.88536005  -1.96244742
  1.06827248   0.57300967  -1.01715632  -0.27013062   1.80293203   0.73258787   0.37851064   1.88974328  -1.95917351
  1.06643334   0.57861435  -1.01610845  -0.27103433   1.80272282   0.73197920   0.38105973   1.89398532  -1.95582327
  1.06449090   0.58417388  -1.01507713  -0.27191264   1.80249326   0.73149740   0.38355454   1.89808805  -1.95241354
  1.06244316   0.58968249  -1.01405658  -0.27273405   1.80229204   0.73100602   0.38601358   1.90213873  -1.94893977
  1.06029339   0.59514215  -1.01303629  -0.27350918   1.80214657   0.73043029   0.38846513   1.90618784  -1.94538491
  1.05804864   0.60054645  -1.01201697  -0.27422615   1.80204106   0.72979919   0.39091259   1.91022472  -1.94177192
  1.05571823   0.60588331  -1.01100610  -0.27487178   1.80193724   0.72918217   0.39335180   1.91421880  -1.93813112
  1.05330846   0.61115452  -1.00999678  -0.27546591   1.80183645   0.72859776   0.39578290   1.91814911  -1.93446533
  1.05082671   0.61635420  -1.00899816  -0.27602276   1.80174990   0.72803373   0.39819998   1.92201075  -1.93076593
  1.04827789   0.62148357  -1.00801157  -0.27655577   1.80170364   0.72745060   0.40062462   1.92582163  -1.92701990
  1.04566744   0.62653863  -1.00704108  -0.27705750   1.80169403   0.72685997   0.40307154   1.92958031  -1.92323971
  1.04300154   0.63151257  -1.00609247  -0.27752748   1.80170963   0.72627641   0.40553078   1.93327803  -1.91943143
  1.04028216   0.63641185  -1.00515870  -0.27799467   1.80177201   0.72567864   0.40798402   1.93690389  -1.91557799
  1.03751187   0.64123731  -1.00423608  -0.27846099   1.80188072   0.72507447   0.41041135   1.94044401  -1.91168727
  1.03469211   0.64599357  -1.00331695  -0.27892020   1.80204750   0.72445151   0.41283446   1.94390870  -1.90776879
  1.03182613   0.65067701  -1.00240000  -0.27936501   1.80224394   0.72385227   0.41522652   1.94727648  -1.90384161
  1.02891658   0.65528674  -1.00148283  -0.27980414   1.80246952   0.72326614   0.41756622   1.95054733  -1.89990055
  1.02596848   0.65981264  -1.00057769  -0.28021960   1.80270387   0.72271739   0.41986115   1.95372205  -1.89596158
  1.02298753   0.66424213  -0.99969830  -0.28059371   1.80292511   0.72222356   0.42213115   1.95681133  -1.89203612
  1.01997636   0.66857287  -0.99884671  -0.28093766   1.80314590   0.72175940   0.42437224   1.95982158  -1.88811243
  1.01693895   0.67279700  -0.99803005  -0.28125496   1.80335441   0.72134265   0.42656829   1.96273929  -1.88419325
  1.01387945   0.67690532  -0.99725731  -0.28154172   1.80354024   0.72098657   0.42873060   1.96556352  -1.88028303
  1.01079699   0.68090466  -0.99652412  -0.28180315   1.80376244   0.72062490   0.43088703   1.96831067  -1.87637301
  1.00769326   0.68479417  -0.99583250  -0.28205189   1.80401127   0.72027779   0.43303662   1.97096807  -1.87245836
  1.00457174   0.68856335  -0.99519109  -0.28228337   1.80425255   0.71998138   0.43515756   1.97352471  -1.86854651
  1.00143471   0.69220447  -0.99460335  -0.28250043   1.80447502   0.71973478   0.43721939   1.97597799  -1.86463523
  0.99827911   0.69572971  -0.99405678  -0.28274049   1.80472365   0.71948181   0.43920868   1.97832822  -1.86069323
  0.99510343   0.69914462  -0.99354837  -0.28299953   1.80502240   0.71919899   0.44114527   1.98058433  -1.85672196
  0.99190885   0.70244367  -0.99307963  -0.28325713   1.80533032   0.71894566   0.44302451   1.98273225  -1.85274911
  0.98869933   0.70561482  -0.99266112  -0.28349452   1.80561212   0.71875772   0.44486331   1.98477692  -1.84878906
  0.98547916   0.70864504  -0.99230428  -0.28370167   1.80585499   0.71863270   0.44666990   1.98673154  -1.84484275
  0.98225138   0.71152375  -0.99201917  -0.28387243   1.80606379   0.71855516   0.44843388   1.98860048  -1.84091119
  0.97901812   0.71424464  -0.99181178  -0.28400596   1.80624611   0.71851840   0.45015250   1.99038039  -1.83699605
  0.97578057   0.71680483  -0.99168332  -0.28411174   1.80641127   0.71851456   0.45181581   1.99206369  -1.83309291
  0.97253930   0.71920447  -0.99162948  -0.28420499   1.80656963   0.71853107   0.45341649   1.99364544  -1.82919284
  0.96929427   0.72144599  -0.99164531  -0.28429509   1.80673375   0.71855843   0.45495899   1.99512192  -1.82529199
  0.96604497   0.72353351  -0.99172493  -0.28438384   1.80691518   0.71859539   0.45645238   1.99648724  -1.82139521
  0.96279122   0.72547055  -0.99186274  -0.28448212   1.80711423   0.71864837   0.45788608   1.99773074  -1.81750105
  0.95953288   0.72726036  -0.99205514  -0.28459436   1.80733849   0.71870810   0.45926413   1.99885456  -1.81360635
  0.95626998   0.72890615  -0.99230038  -0.28471576   1.80759995   0.71875819   0.46062027   1.99987305  -1.80970949
  0.95300304   0.73041019  -0.99259244  -0.28485523   1.80788961   0.71880641   0.46194406   2.00078184  -1.80580796
  0.94973196   0.73177460  -0.99292887  -0.28500381   1.80820891   0.71886204   0.46322173   2.00157185  -1.80191745
  0.94645717   0.73300000  -0.99331259  -0.28514805   1.80856278   0.71893135   0.46444842   2.00223768  -1.79805389
  0.94317979   0.73408572  -0.99374729  -0.28528191   1.80894924   0.71902193   0.46561842   2.00277575  -1.79422510
  0.93990159   0.73502999  -0.99423894  -0.28540277   1.80936766   0.71913305   0.46673879   2.00319001  -1.79043045
  0.93662477   0.73583029  -0.99479334  -0.28551276   1.80980989   0.71926892   0.46782096   2.00348551  -1.78666412
  0.93335227   0.73648367  -0.99541510  -0.28562543   1.81025797   0.71943963   0.46888781   2.00366853  -1.78290876
  0.93008670   0.73698613  -0.99610162  -0.28576728   1.81068888   0.71965145   0.46989455   2.00373261  -1.77914598
  0.92682922   0.73733460  -0.99685850  -0.28593167   1.81110380   0.71990742   0.47081537   2.00367080  -1.77538554
  0.92358098   0.73752704  -0.99769666  -0.28610050   1.81151313   0.72020839   0.47168017   2.00348688  -1.77163859
  0.92034321   0.73756138  -0.99862256  -0.28626228   1.81192336   0.72054649   0.47251222   2.00319080  -1.76790855
  0.91711649   0.73743542  -0.99963834  -0.28641390   1.81233146   0.72092704   0.47328461   2.00277593  -1.76420284
  0.91390187   0.73714616  -1.00074412  -0.28657570   1.81272875   0.72134927   0.47396361   2.00223598  -1.76050646
  0.91069942   0.73669218  -1.00193812  -0.28674546   1.81311800   0.72180275   0.47452661   2.00157348  -1.75682239
  0.90750923   0.73607395  -1.00322144  -0.28690657   1.81350449   0.72228905   0.47500807   2.00079542  -1.75316208
  0.90433205   0.73529107  -1.00459847  -0.28705966   1.81388375   0.72282434   0.47544912   1.99990010  -1.74952268
  0.90116772   0.73434388  -1.00606572  -0.28719859   1.81425438   0.72340907   0.47584766   1.99888950  -1.74591104
  0.89801648   0.73323181  -1.00761898  -0.28733310   1.81461409   0.72403615   0.47617949   1.99776303  -1.74232083
  0.89487804   0.73195632  -1.00925410  -0.28745598   1.81496537   0.72470263   0.47644573   1.99652377  -1.73875950
  0.89175264   0.73051829  -1.01097139  -0.28756185   1.81531631   0.72539461   0.47667766   1.99518441  -1.73522411
  0.88864038   0.72892022  -1.01276642  -0.28765109   1.81566789   0.72610970   0.47688165   1.99374743  -1.73171490
  0.88554136   0.72716288  -1.01463583  -0.28773738   1.81601079   0.72686326   0.47700965   1.99219527  -1.72823171
  0.88245547   0.72524682  -1.01657801  -0.28782629   1.81634622   0.72765249   0.47703853   1.99052415  -1.72477268
  0.87938282   0.72317349  -1.01859135  -0.28791815   1.81667578   0.72847232   0.47698181   1.98873988  -1.72133437
  0.87632333   0.72094493  -1.02067398  -0.28801006   1.81700019   0.72932159   0.47685171   1.98684679  -1.71791750
  0.87327670   0.71856462  -1.02282249  -0.28809833   1.81732023   0.73020027   0.47666490   1.98484932  -1.71452399
  0.87024203   0.71603892  -1.02503113  -0.28817635   1.81764000   0.73110562   0.47645118   1.98275516  -1.71115714
  0.86721848   0.71337511  -1.02729368  -0.28824575   1.81796931   0.73202050   0.47623600   1.98057612  -1.70781017
  0.86420515   0.71058014  -1.02960337  -0.28831760   1.81830891   0.73294357   0.47600174   1.97830874  -1.70447752
  0.86120105   0.70766043  -1.03195559  -0.28839994   1.81866124   0.73387602   0.47572190   1.97594622  -1.70115784
  0.85820535   0.70462171  -1.03434837  -0.28849621   1.81902976   0.73482084   0.47538130   1.97348303  -1.69785205
  0.85521732   0.70146889  -1.03678146  -0.28860465   1.81941677   0.73578559   0.47496772   1.97091305  -1.69456566
  0.85223640   0.69820628  -1.03925566  -0.28871998   1.81982611   0.73677280   0.47448317   1.96823618  -1.69130332
  0.84926234   0.69483786  -1.04177241  -0.28883378   1.82026174   0.73778229   0.47394483   1.96545742  -1.68806929
  0.84629554   0.69136607  -1.04433393  -0.28894497   1.82072301   0.73881612   0.47336628   1.96257992  -1.68486156
  0.84333711   0.68778996  -1.04694546  -0.28904920   1.82120602   0.73988581   0.47274236   1.95959927  -1.68168538
  0.84038758   0.68411092  -1.04960540  -0.28914349   1.82170229   0.74099308   0.47208265   1.95652387  -1.67853972
  0.83744690   0.68033171  -1.05231351  -0.28922344   1.82221819   0.74212495   0.47140425   1.95336469  -1.67542241
  0.83451551   0.67645313  -1.05507115  -0.28928975   1.82275595   0.74328075   0.47069985   1.95012036  -1.67233333
  0.83159328   0.67247821  -1.05787466  -0.28934543   1.82331152   0.74446174   0.46996979   1.94679308  -1.66926977
  0.82868012   0.66840942  -1.06072271  -0.28939305   1.82388912   0.74566517   0.46920870   1.94338138  -1.66623056
  0.82577535   0.66425145  -1.06360748  -0.28944108   1.82448710   0.74688427   0.46840914   1.93988938  -1.66320828
  0.82287825   0.66000832  -1.06652640  -0.28949114   1.82511181   0.74811622   0.46756387   1.93631466  -1.66020337
  0.81998764   0.65568612  -1.06947219  -0.28954722   1.82576374   0.74935624   0.46667430   1.93266134  -1.65721201
  0.81710254   0.65128979  -1.07244068  -0.28961410   1.82644806   0.75060314   0.46572660   1.92892500  -1.65423326
  0.81422180   0.64682596  -1.07542598  -0.28969520   1.82716349   0.75185730   0.46473140   1.92510855  -1.65126365
  0.81134447   0.64229965  -1.07842804  -0.28978827   1.82791883   0.75311481   0.46369688   1.92121267  -1.64830415
  0.80846901   0.63771808  -1.08144115  -0.28989313   1.82871556   0.75436878   0.46263164   1.91724565  -1.64535194
  0.80559373   0.63308914  -1.08446072  -0.29001235   1.82956006   0.75561266   0.46154111   1.91321081  -1.64240364
  0.80271788   0.62841724  -1.08748667  -0.29014721   1.83045270   0.75685862   0.46041122   1.90909851  -1.63946288
  0.79984094   0.62370584  -1.09051785  -0.29029268   1.83138849   0.75811441   0.45923961   1.90490993  -1.63653413
  0.79696233   0.61895814  -1.09355306  -0.29044499   1.83236820   0.75937547   0.45802271   1.90065137  -1.63361775
  0.79408169   0.61417767  -1.09659207  -0.29060229   1.83339081   0.76064268   0.45676771   1.89632647  -1.63071330
  0.79119859   0.60936821  -1.09963460  -0.29076264   1.83445960   0.76191075   0.45548497   1.89194094  -1.62781932
  0.78831247   0.60453406  -1.10267956  -0.29092628   1.83557647   0.76318048   0.45417988   1.88749515  -1.62493545
  0.78542272   0.59967963  -1.10572491  -0.29109511   1.83674415   0.76445067   0.45285480   1.88298939  -1.62206010
  0.78252883   0.59480946  -1.10876880  -0.29127012   1.83796482   0.76572097   0.45151592   1.87842438  -1.61919248
  0.77963033   0.58992804  -1.11180896  -0.29145284   1.83924121   0.76698601   0.45016567   1.87380419  -1.61632985
  0.77672659   0.58504010  -1.11484239  -0.29164463   1.84057413   0.76824311   0.44880588   1.86913203  -1.61347028
  0.77381699   0.58015030  -1.11786636  -0.29184836   1.84196172   0.76949648   0.44743291   1.86440665  -1.61061244
  0.77090087   0.57526326  -1.12087856  -0.29206438   1.84340673   0.77074347   0.44604722   1.85963006  -1.60775573
  0.76797771   0.57038331  -1.12387670  -0.29229378   1.84490987   0.77198296   0.44464804   1.85480416  -1.60489888
  0.76504697   0.56551494  -1.12685753  -0.29253635   1.84647411   0.77320914   0.44323731   1.84993342  -1.60204112
  0.76210834   0.56066236  -1.12981865  -0.29279314   1.84809875   0.77442138   0.44181500   1.84502048  -1.59918113
  0.75916159   0.55582946  -1.13275935  -0.29306359   1.84978537   0.77561790   0.44038451   1.84006824  -1.59631850
  0.75620656   0.55102000  -1.13567863  -0.29334761   1.85153467   0.77679788   0.43894800   1.83507901  -1.59345283
  0.75324317   0.54623800  -1.13857372  -0.29364736   1.85334505   0.77795817   0.43750559   1.83005787  -1.59058095
  0.75027095   0.54148933  -1.14143780  -0.29396439   1.85521518   0.77909069   0.43606006   1.82501391  -1.58770023
  0.74728981   0.53677818  -1.14427089  -0.29430163   1.85714971   0.78019434   0.43461011   1.81994573  -1.58480876
  0.74429980   0.53210824  -1.14707246  -0.29465832   1.85915051   0.78127052   0.43315920   1.81485306  -1.58190830
  0.74130099   0.52748420  -1.14983868  -0.29503016   1.86121489   0.78231687   0.43171737   1.80974367  -1.57900216
  0.73829383   0.52290935  -1.15257094  -0.29541840   1.86334302   0.78333641   0.43028680   1.80461711  -1.57608976
  0.73527854   0.51838739  -1.15526799  -0.29582175   1.86553452   0.78432810   0.42886017   1.79947704  -1.57317156
  0.73225589   0.51391990  -1.15793467  -0.29624591   1.86779218   0.78529425   0.42743363   1.79432002  -1.57024219
  0.72922646   0.50950808  -1.16057392  -0.29669448   1.87011383   0.78624228   0.42600491   1.78914222  -1.56729918
  0.72619041   0.50515485  -1.16318169  -0.29716240   1.87249661   0.78716901   0.42457743   1.78395121  -1.56434637
  0.72314857   0.50086155  -1.16576049  -0.29765205   1.87494502   0.78806520   0.42315859   1.77875257  -1.56137922
  0.72010122   0.49663020  -1.16830982  -0.29816297   1.87745825   0.78893209   0.42175592   1.77354726  -1.55839914
  0.71704846   0.49246398  -1.17082453  -0.29869380   1.88002788   0.78976957   0.42037482   1.76834325  -1.55540717
  0.71399058   0.48836567  -1.17330254  -0.29924883   1.88265156   0.79057481   0.41901374   1.76314464  -1.55239891
  0.71092808   0.48433698  -1.17574518  -0.29983514   1.88533138   0.79134852   0.41766237   1.75794826  -1.54936843
  0.70786151   0.48037948  -1.17815364  -0.30045670   1.88806982   0.79208765   0.41631813   1.75275490  -1.54631168
  0.70479096   0.47649558  -1.18052630  -0.30111153   1.89086340   0.79279926   0.41498344   1.74756298  -1.54323279
  0.70171630   0.47268893  -1.18285640  -0.30179196   1.89370869   0.79348074   0.41365544   1.74238026  -1.54013882
  0.69863800   0.46896197  -1.18514475  -0.30249673   1.89661328   0.79411841   0.41234510   1.73721472  -1.53702914
  0.69555673   0.46531697  -1.18739206  -0.30322856   1.89957959   0.79470489   0.41105823   1.73207176  -1.53390024
  0.69247284   0.46175675  -1.18959492  -0.30398667   1.90260014   0.79523966   0.40979376   1.72695934  -1.53075176
  0.68938667   0.45828414  -1.19175584  -0.30476935   1.90567942   0.79572373   0.40856648   1.72187586  -1.52758791
  0.68629861   0.45490199  -1.19387697  -0.30557824   1.90881988   0.79616282   0.40738035   1.71681617  -1.52441024
  0.68320909   0.45161302  -1.19595697  -0.30641927   1.91202010   0.79655723   0.40622097   1.71178088  -1.52121288
  0.68011872   0.44842002  -1.19799324  -0.30729775   1.91527910   0.79689818   0.40508048   1.70677806  -1.51798870
  0.67702800   0.44532597  -1.19998132  -0.30821079   1.91858902   0.79718503   0.40395932   1.70181650  -1.51473982
  0.67393784   0.44233274  -1.20192191  -0.30916223   1.92195058   0.79740877   0.40285826   1.69690418  -1.51146044
  0.67084885   0.43944278  -1.20381521  -0.31015727   1.92536220   0.79757290   0.40177752   1.69203935  -1.50814761
  0.66776158   0.43665871  -1.20566158  -0.31119926   1.92882440   0.79767646   0.40072413   1.68722302  -1.50479994
  0.66467668   0.43398321  -1.20746152  -0.31229064   1.93233642   0.79771982   0.39970527   1.68245643  -1.50141688
  0.66159471   0.43141883  -1.20921599  -0.31343201   1.93589557   0.79770675   0.39872961   1.67774019  -1.49800003
  0.65851608   0.42896786  -1.21092528  -0.31461846   1.93950044   0.79763624   0.39780150   1.67307989  -1.49455357
  0.65544096   0.42663204  -1.21258686  -0.31583433   1.94314482   0.79750802   0.39691468   1.66848763  -1.49108844
  0.65237037   0.42441101  -1.21420176  -0.31707145   1.94680613   0.79735149   0.39605773   1.66396129  -1.48761266
  0.64930562   0.42230346  -1.21577458  -0.31832998   1.95048026   0.79717469   0.39522932   1.65949877  -1.48412633
  0.64624760   0.42030927  -1.21731169  -0.31961946   1.95418677   0.79695770   0.39443892   1.65509954  -1.48062078
  0.64319652   0.41843098  -1.21881500  -0.32095241   1.95794940   0.79667273   0.39369601   1.65076483  -1.47708544
  0.64015238   0.41667302  -1.22028177  -0.32234202   1.96178257   0.79629786   0.39300662   1.64649782  -1.47350988
  0.63711500   0.41504033  -1.22170697  -0.32379747   1.96568142   0.79583734   0.39237195   1.64229630  -1.46988988
  0.63408394   0.41353988  -1.22308637  -0.32533141   1.96964208   0.79529173   0.39179964   1.63816057  -1.46621767
  0.63105739   0.41218792  -1.22441659  -0.32698075   1.97369481   0.79462101   0.39132201   1.63409280  -1.46246578
  0.62803198   0.41099362  -1.22569324  -0.32873223   1.97785023   0.79379255   0.39093848   1.63012273  -1.45863501
  0.62500370   0.40995567  -1.22690700  -0.33055897   1.98203164   0.79290176   0.39060601   1.62624086  -1.45474742
  0.62197275   0.40906672  -1.22806385  -0.33242033   1.98620449   0.79200232   0.39028278   1.62244724  -1.45083078
  0.61894138   0.40831799  -1.22917780  -0.33428243   1.99037433   0.79109574   0.38996400   1.61875059  -1.44690797
  0.61591231   0.40770633  -1.23025589  -0.33615029   1.99455349   0.79016626   0.38966297   1.61515258  -1.44297559
  0.61288667   0.40724477  -1.23129620  -0.33808128   1.99880287   0.78912079   0.38944459   1.61166219  -1.43899237
  0.60986355   0.40694218  -1.23228837  -0.34007905   2.00312982   0.78794932   0.38931028   1.60828098  -1.43495989
  0.60684402   0.40679497  -1.23323026  -0.34212051   2.00748673   0.78671872   0.38923305   1.60499909  -1.43090087
  0.60382987   0.40679697  -1.23412649  -0.34418758   2.01185716   0.78544966   0.38919885   1.60181916  -1.42682795
  0.60082182   0.40695599  -1.23497448  -0.34630458   2.01628984   0.78408005   0.38923837   1.59874439  -1.42272628
  0.59782188   0.40727440  -1.23576505  -0.34848286   2.02074761   0.78263429   0.38931662   1.59578325  -1.41858093
  0.59483058   0.40775346  -1.23650128  -0.35073595   2.02523746   0.78110137   0.38944109   1.59293558  -1.41438025
  0.59184783   0.40838817  -1.23718484  -0.35304785   2.02971937   0.77954429   0.38960554   1.59018423  -1.41014401
  0.58887218   0.40917957  -1.23781757  -0.35540770   2.03423212   0.77792485   0.38981769   1.58753376  -1.40588048
  0.58590416   0.41012389  -1.23839966  -0.35780473   2.03875558   0.77625769   0.39006065   1.58499329  -1.40159273
  0.58294382   0.41122624  -1.23893623  -0.36025152   2.04333492   0.77447911   0.39039782   1.58257164  -1.39727756
  0.57999178   0.41248434  -1.23942499  -0.36274511   2.04791438   0.77266133   0.39082591   1.58025150  -1.39294578
  0.57704740   0.41389603  -1.23986976  -0.36528974   2.05249714   0.77078959   0.39133057   1.57804418  -1.38858322
  0.57411074   0.41545999  -1.24024282  -0.36790298   2.05701979   0.76891272   0.39182768   1.57595220  -1.38416532
  0.57118367   0.41720364  -1.24041929  -0.37073317   2.06137718   0.76708326   0.39220964   1.57392723  -1.37960448
  0.56827520   0.41914245  -1.24029799  -0.37391420   2.06545981   0.76540325   0.39244443   1.57187567  -1.37485679
  0.56539133   0.42132039  -1.23967681  -0.37768787   2.06918466   0.76391630   0.39239094   1.56966902  -1.36980797
  0.56250048   0.42370651  -1.23847195  -0.38196353   2.07249174   0.76252282   0.39188714   1.56744635  -1.36444974
  0.55958030   0.42625760  -1.23671441  -0.38660726   2.07542167   0.76116629   0.39106073   1.56523824  -1.35888374
  0.55664261   0.42900398  -1.23426585  -0.39177945   2.07793121   0.75980870   0.38965412   1.56304639  -1.35297201
  0.55374226   0.43195201  -1.23119576  -0.39768584   2.07991975   0.75870648   0.38778616   1.56066794  -1.34665257
  0.55086190   0.43504336  -1.22764804  -0.40421592   2.08149453   0.75767186   0.38531639   1.55830413  -1.33983280
  0.54797689   0.43828886  -1.22349136  -0.41142386   2.08269490   0.75643570   0.38182201   1.55617737  -1.33231168
  0.54510494   0.44169611  -1.21882088  -0.41911471   2.08359682   0.75522253   0.37767327   1.55409217  -1.32442133
  0.54229173   0.44525120  -1.21390296  -0.42706734   2.08425542   0.75443047   0.37366101   1.55170296  -1.31662115
  0.53956122   0.44894206  -1.20895565  -0.43507057   2.08482352   0.75393635   0.37027489   1.54907659  -1.30912287
  0.53698712   0.45277588  -1.20409925  -0.44307037   2.08536731   0.75358782   0.36747933   1.54639682  -1.30191789
  0.53458806   0.45674113  -1.19940016  -0.45107337   2.08591750   0.75330557   0.36501851   1.54379623  -1.29487754
  0.53228476   0.46086558  -1.19467365  -0.45907296   2.08645628   0.75313742   0.36237183   1.54129283  -1.28788711
  0.53005733   0.46516676  -1.18982346  -0.46707591   2.08700036   0.75284509   0.35947626   1.53906474  -1.28088207
  0.52787339   0.46967547  -1.18467475  -0.47507558   2.08751209   0.75214331   0.35580997   1.53749007  -1.27365673
  0.52572543   0.47440089  -1.17923118  -0.48307842   2.08801693   0.75102061   0.35141244   1.53656872  -1.26621081
  0.52363293   0.47936740  -1.17350609  -0.49107899   2.08856447   0.74982506   0.34679572   1.53582199  -1.25886561
  0.52155377   0.48462275  -1.16747880  -0.49908199   2.08914837   0.74880030   0.34235875   1.53493529  -1.25179598
  0.51948063   0.49015892  -1.16123518  -0.50708248   2.08972771   0.74795380   0.33827779   1.53393132  -1.24498857
  0.51738505   0.49594074  -1.15477842  -0.51508540   2.09024775   0.74739672   0.33417724   1.53284397  -1.23830276
  0.51518929   0.50195276  -1.14804299  -0.52308585   2.09077183   0.74724340   0.32946201   1.53165369  -1.23155911
  0.51286059   0.50816770  -1.14103988  -0.53108898   2.09137594   0.74718832   0.32396069   1.53062848  -1.22457700
  0.51041250   0.51457704  -1.13371906  -0.53908990   2.09203010   0.74700619   0.31766979   1.52998853  -1.21732087
  0.50788588   0.52118404  -1.12609571  -0.54709352   2.09273491   0.74668275   0.31090221   1.52966282  -1.20992000
  0.50527486   0.52804541  -1.11819889  -0.55509448   2.09367419   0.74653931   0.30338992   1.52936216  -1.20239533
  0.50262377   0.53513373  -1.11019822  -0.56309825   2.09485234   0.74659203   0.29546246   1.52904549  -1.19479141
  0.49998207   0.54241003  -1.10220505  -0.57109960   2.09616046   0.74681354   0.28755602   1.52872584  -1.18720169
  0.49739377   0.54984595  -1.09420383  -0.57910358   2.09754219   0.74699258   0.27956690   1.52866165  -1.17956532
  0.49486337   0.55739919  -1.08620397  -0.58710525   2.09895697   0.74694703   0.27155829   1.52901201  -1.17185586
  0.49234081   0.56506882  -1.07820092  -0.59510934   2.10042933   0.74682454   0.26354389   1.52960633  -1.16407832
  0.48977535   0.57285472  -1.07020003  -0.60311081   2.10195174   0.74701483   0.25553617   1.53008318  -1.15628794
  0.48715078   0.58074894  -1.06219636  -0.61111450   2.10368935   0.74753106   0.24752320   1.53026542  -1.14850431
  0.48449940   0.58871272  -1.05419576  -0.61911605   2.10556790   0.74818874   0.23951433   1.53036615  -1.14069765
  0.48185016   0.59669827  -1.04619224  -0.62711951   2.10750290   0.74911697   0.23150227   1.53029264  -1.13290914
  0.47920492   0.60469615  -1.03819155  -0.63512106   2.10945917   0.75048554   0.22349382   1.52990819  -1.12516859
  0.47655055   0.61268237  -1.03018814  -0.64312321   2.11140125   0.75216072   0.21548175   1.52935225  -1.11741988
  0.47388886   0.62060076  -1.02218785  -0.65112067   2.11330466   0.75380512   0.20747289   1.52892426  -1.10959522
  0.47123042   0.62846464  -1.01418436  -0.65912729   2.11523613   0.75533854   0.19946056   1.52864476  -1.10169039
  0.46858817   0.63623260  -1.00618414  -0.66712604   2.11722859   0.75669482   0.19145213   1.52851240  -1.09373460
  0.46596327   0.64389386  -0.99818067  -0.67512767   2.11922701   0.75800485   0.18343986   1.52843830  -1.08573991
  0.46332110   0.65145705  -0.99018036  -0.68305910   2.12119939   0.75932023   0.17543317   1.52844071  -1.07773470
  0.46062779   0.65894141  -0.98217724  -0.69078744   2.12314222   0.76027764   0.16742420   1.52894605  -1.06973064
  0.45786888   0.66638039  -0.97417696  -0.69830346   2.12510201   0.76088602   0.15941227   1.52994378  -1.06172881
  0.45502514   0.67379325  -0.96617352  -0.70566399   2.12706896   0.76149555   0.15140298   1.53109583  -1.05372806
  0.45209986   0.68116691  -0.95817342  -0.71278639   2.12905780   0.76202714   0.14339029   1.53248636  -1.04579046
  0.44908348   0.68851469  -0.95016980  -0.71964882   2.13119313   0.76262616   0.13538241   1.53385977  -1.03797113
  0.44592479   0.69584248  -0.94216960  -0.72622832   2.13341188   0.76343194   0.12737008   1.53516984  -1.03023800
  0.44255732   0.70311813  -0.93416637  -0.73224448   2.13567444   0.76424366   0.11936154   1.53669949  -1.02274215
  0.43895164   0.71032434  -0.92616635  -0.73766769   2.13799001   0.76507485   0.11135028   1.53842421  -1.01548100
  0.43510292   0.71743200  -0.91816323  -0.74260354   2.14027587   0.76599092   0.10334288   1.54028516  -1.00837137
  0.43098837   0.72435671  -0.91016351  -0.74699447   2.14249360   0.76667659   0.09533203   1.54256594  -1.00141245
  0.42658232   0.73104794  -0.90216068  -0.75078011   2.14470823   0.76691304   0.08732550   1.54536747  -0.99463922
  0.42180482   0.73752554  -0.89416088  -0.75386408   2.14703652   0.76687867   0.07931637   1.54845770  -0.98808462
  0.41661106   0.74381619  -0.88615810  -0.75615566   2.14952494   0.76681633   0.07131132   1.55158830  -0.98181687
  0.41101171   0.74993348  -0.87815857  -0.75759931   2.15208441   0.76677137   0.06330189   1.55482688  -0.97588658
  0.40504987   0.75587990  -0.87015610  -0.75820793   2.15471639   0.76667782   0.05529940   1.55820039  -0.97033282
  0.39879562   0.76164265  -0.86215683  -0.75809875   2.15737245   0.76639437   0.04729615   1.56183764  -0.96511211
  0.39231160   0.76721154  -0.85415459  -0.75737295   2.15999998   0.76576796   0.03928819   1.56587885  -0.96019857
  0.38561425   0.77258604  -0.84615550  -0.75603088   2.16246302   0.76504741   0.03128397   1.57019188  -0.95562372
  0.37872159   0.77779504  -0.83815344  -0.75409066   2.16483198   0.76415581   0.02327758   1.57479111  -0.95139671
  0.37167064   0.78285900  -0.83015454  -0.75163313   2.16712861   0.76308528   0.01531673   1.57961862  -0.94750292
  0.36452031   0.78777703  -0.82215262  -0.74882602   2.16918428   0.76205811   0.00765945   1.58437107  -0.94395430
  0.35733420   0.79255050  -0.81415388  -0.74569274   2.17091603   0.76106614   0.00078712   1.58876315  -0.94096213
  0.35017468   0.79718380  -0.80615210  -0.74235521   2.17231923   0.75980830  -0.00535312   1.59308222  -0.93846010
  0.34310897   0.80168926  -0.79815346  -0.73896460   2.17341661   0.75803568  -0.01099033   1.59768446  -0.93629725
  0.33617387   0.80610396  -0.79015176  -0.73555895   2.17429204   0.75570896  -0.01632878   1.60268558  -0.93441288
  0.32934751   0.81049314  -0.78215323  -0.73207386   2.17513247   0.75299281  -0.02186476   1.60818866  -0.93267139
  0.32265444   0.81491689  -0.77415164  -0.72850631   2.17582799   0.75059222  -0.02745271   1.61354458  -0.93114580
  0.31612961   0.81940703  -0.76615323  -0.72491537   2.17634166   0.74870331  -0.03273764   1.61835470  -0.92992521
  0.30980901   0.82397107  -0.75815164  -0.72143439   2.17670120   0.74704810  -0.03779934   1.62290266  -0.92890012
  0.30372707   0.82861984  -0.75015318  -0.71815389   2.17689216   0.74550999  -0.04272964   1.62738647  -0.92798898
  0.29791094   0.83336785  -0.74215153  -0.71512220   2.17685603   0.74412501  -0.04728922   1.63164891  -0.92725223
  0.29238570   0.83821519  -0.73415296  -0.71237211   2.17655093   0.74279615  -0.05131913   1.63570699  -0.92673458
  0.28716734   0.84316366  -0.72615123  -0.70996065   2.17592294   0.74159493  -0.05467812   1.63942553  -0.92644062
  0.28225098   0.84820385  -0.71815257  -0.70783808   2.17496403   0.74050585  -0.05725724   1.64274926  -0.92643754
  0.27764189   0.85333142  -0.71015078  -0.70597907   2.17368275   0.73957548  -0.05903090   1.64559543  -0.92675527
  0.27334898   0.85852776  -0.70215203  -0.70442560   2.17214981   0.73859147  -0.06029859   1.64831178  -0.92727443
  0.26938085   0.86378216  -0.69415012  -0.70320729   2.17039870   0.73748907  -0.06123943   1.65104407  -0.92792493
  0.26574082   0.86908707  -0.68615126  -0.70236673   2.16842325   0.73638829  -0.06190174   1.65371394  -0.92864469
  0.26242083   0.87443391  -0.67814922  -0.70186449   2.16625886   0.73522945  -0.06237074   1.65640184  -0.92944047
  0.25940843   0.87981279  -0.67015025  -0.70164847   2.16393825   0.73398168  -0.06266788   1.65912812  -0.93033782
  0.25669326   0.88522014  -0.66214810  -0.70170442   2.16149960   0.73265964  -0.06288330   1.66190470  -0.93131263
  0.25426455   0.89065140  -0.65414904  -0.70201323   2.15898744   0.73130178  -0.06311439   1.66473063  -0.93233597
  0.25210814   0.89610795  -0.64614681  -0.70253489   2.15639627   0.73006446  -0.06326933   1.66739355  -0.93344910
  0.25020951   0.90158979  -0.63814773  -0.70318887   2.15367218   0.72920429  -0.06301679   1.66946767  -0.93478542
  0.24855755   0.90709017  -0.63014552  -0.70396687   2.15085791   0.72856250  -0.06251600   1.67118023  -0.93630626
  0.24712830   0.91260329  -0.62214649  -0.70491543   2.14803423   0.72791122  -0.06208140   1.67291677  -0.93786507
  0.24590069   0.91811467  -0.61414427  -0.70610399   2.14531898   0.72682078  -0.06226071   1.67536723  -0.93925517
  0.24485449   0.92360224  -0.60614517  -0.70747777   2.14274676   0.72506391  -0.06315875   1.67878714  -0.94049426
  0.24397740   0.92908402  -0.59814285  -0.70885460   2.14017400   0.72315019  -0.06408971   1.68234290  -0.94190179
  0.24326321   0.93458103  -0.59014374  -0.71009026   2.13752510   0.72143627  -0.06460289   1.68547299  -0.94369864
  0.24272220   0.94010301  -0.58214142  -0.71126175   2.13484089   0.71990652  -0.06485453   1.68826762  -0.94578101
  0.24235487   0.94564423  -0.57414237  -0.71248379   2.13218087   0.71838164  -0.06509390   1.69102225  -0.94798329
  0.24214869   0.95120097  -0.56614009  -0.71380583   2.12953191   0.71685988  -0.06543384   1.69382424  -0.95022321
  0.24208934   0.95675881  -0.55814108  -0.71525151   2.12689076   0.71531786  -0.06595608   1.69675087  -0.95244514
  0.24215267   0.96230051  -0.55013884  -0.71679751   2.12427480   0.71384181  -0.06650197   1.69956807  -0.95468251
  0.24231292   0.96780012  -0.54213993  -0.71839869   2.12164824   0.71232087  -0.06701497   1.70236777  -0.95697314
  0.24254190   0.97326851  -0.53413783  -0.71996065   2.11888021   0.71115792  -0.06697046   1.70453466  -0.95947878
  0.24282378   0.97870600  -0.52613900  -0.72137972   2.11600669   0.71043205  -0.06636987   1.70597882  -0.96226288
  0.24317056   0.98409397  -0.51813690  -0.72265865   2.11307581   0.70990079  -0.06570316   1.70720790  -0.96523916
  0.24359339   0.98941477  -0.51013814  -0.72387124   2.11012169   0.70936465  -0.06507229   1.70843822  -0.96833772
  0.24408930   0.99466116  -0.50213612  -0.72511388   2.10712734   0.70893855  -0.06441118   1.70950855  -0.97147973
  0.24464520   0.99980757  -0.49413747  -0.72644734   2.10415740   0.70825400  -0.06396308   1.71086155  -0.97456383
  0.24524467   1.00484067  -0.48613549  -0.72785559   2.10118499   0.70730526  -0.06386093   1.71259982  -0.97756828
  0.24587773   1.00975469  -0.47813688  -0.72926956   2.09816398   0.70623118  -0.06396465   1.71454072  -0.98057071
  0.24653585   1.01455731  -0.47013491  -0.73060305   2.09507533   0.70532623  -0.06400790   1.71624247  -0.98368444
  0.24722060   1.01924393  -0.46213638  -0.73185637   2.09187799   0.70469331  -0.06388103   1.71757388  -0.98692758
  0.24793010   1.02380840  -0.45413449  -0.73307717   2.08858904   0.70421867  -0.06377052   1.71873939  -0.99022707
  0.24865974   1.02823897  -0.44613706  -0.73432137   2.08521138   0.70377889  -0.06388432   1.71998522  -0.99349194
  0.24940321   1.03252856  -0.43813831  -0.73558770   2.08176377   0.70320113  -0.06424559   1.72146470  -0.99672927
  0.25015819   1.03667272  -0.43013793  -0.73684321   2.07823402   0.70248227  -0.06472676   1.72310629  -0.99999734
  0.25092222   1.04067109  -0.42213814  -0.73799352   2.07460306   0.70176221  -0.06507658   1.72463866  -1.00342242
  0.25169960   1.04451912  -0.41413782  -0.73910113   2.07084551   0.70110899  -0.06533563   1.72603618  -1.00694379
  0.25248922   1.04821530  -0.40613813  -0.74022744   2.06691619   0.70054812  -0.06549379   1.72730981  -1.01050896
  0.25328798   1.05176303  -0.39813796  -0.74146364   2.06273634   0.70020267  -0.06556328   1.72842227  -1.01402902
  0.25408342   1.05517079  -0.39013844  -0.74277244   2.05844868   0.69985032  -0.06573297   1.72958539  -1.01749480
  0.25487149   1.05842622  -0.38213864  -0.74416012   2.05420529   0.69921587  -0.06622475   1.73104096  -1.02086907
  0.25564735   1.06152092  -0.37413872  -0.74551737   2.04994971   0.69858760  -0.06667959   1.73233797  -1.02430093
  0.25640415   1.06444883  -0.36613889  -0.74680861   2.04559717   0.69810637  -0.06687955   1.73328729  -1.02785460
  0.25714177   1.06721530  -0.35813907  -0.74809922   2.04107770   0.69794337  -0.06685215   1.73381008  -1.03145965
  0.25786910   1.06982053  -0.35013938  -0.74953417   2.03632238   0.69838383  -0.06688206   1.73385204  -1.03493156
  0.25858792   1.07227061  -0.34213944  -0.75101345   2.03154706   0.69928679  -0.06725931   1.73352319  -1.03830621
  0.25930838   1.07457011  -0.33414071  -0.75258192   2.02682573   0.70038132  -0.06817626   1.73312914  -1.04153525
  0.26003397   1.07672495  -0.32614558  -0.75432412   2.02216327   0.70152212  -0.06972390   1.73285732  -1.04454170
  0.26076506   1.07874738  -0.31815819  -0.75630893   2.01753271   0.70275966  -0.07197222   1.73272950  -1.04724959
  0.26150159   1.08063523  -0.31025831  -0.75849147   2.01296090   0.70409593  -0.07498740   1.73281714  -1.04964482
  0.26225504   1.08234459  -0.30266616  -0.76075219   2.00841097   0.70564472  -0.07852547   1.73304529  -1.05177289
  0.26303848   1.08383538  -0.29559287  -0.76289611   2.00397951   0.70727074  -0.08235595   1.73346405  -1.05375463
  0.26386693   1.08505746  -0.28930163  -0.76475410   1.99975147   0.70872578  -0.08602385   1.73415075  -1.05571181
  0.26474428   1.08597943  -0.28394141  -0.76625766   1.99561045   0.71028993  -0.08915444   1.73482291  -1.05768202
  0.26566923   1.08658862  -0.27956888  -0.76731978   1.99160056   0.71177883  -0.09169774   1.73562665  -1.05972812
  0.26664945   1.08687466  -0.27621444  -0.76809774   1.98783999   0.71262070  -0.09390204   1.73714631  -1.06170266
  0.26768274   1.08685835  -0.27375447  -0.76878342   1.98427684   0.71263089  -0.09615865   1.73973410  -1.06345592
  0.26873836   1.08659367  -0.27209993  -0.76928994   1.98074163   0.71233432  -0.09804865   1.74279698  -1.06510707
  0.26978320   1.08613227  -0.27115701  -0.76970770   1.97687691   0.71271774  -0.09907368   1.74541513  -1.06660104
  0.27076787   1.08548095  -0.27088104  -0.76994687   1.97288254   0.71350236  -0.09937806   1.74772411  -1.06796491
  0.27166349   1.08466391  -0.27108999  -0.77012611   1.96850914   0.71496987  -0.09931818   1.74975727  -1.06909369
  0.27244927   1.08373270  -0.27162204  -0.77004793   1.96396411   0.71682084  -0.09886128   1.75152476  -1.07022472
  0.27312790   1.08270220  -0.27235642  -0.76973817   1.95932405   0.71876221  -0.09826478   1.75329506  -1.07138095
  0.27372256   1.08157360  -0.27319039  -0.76930794   1.95440078   0.72112757  -0.09758974   1.75486841  -1.07251996
  0.27426084   1.08035328  -0.27403461  -0.76872802   1.94943820   0.72357158  -0.09699777   1.75636719  -1.07372788
  0.27478119   1.07900603  -0.27492232  -0.76814932   1.94450441   0.72579109  -0.09654488   1.75803137  -1.07491876
  0.27530557   1.07750532  -0.27588668  -0.76770732   1.93960187   0.72760334  -0.09630562   1.76006674  -1.07599359
  0.27582081   1.07585427  -0.27689699  -0.76738394   1.93471389   0.72912509  -0.09636849   1.76240015  -1.07694938
  0.27632198   1.07406979  -0.27792561  -0.76712360   1.92983709   0.73051057  -0.09658355   1.76480237  -1.07784848
  0.27681736   1.07214658  -0.27895565  -0.76693874   1.92488850   0.73192571  -0.09701172   1.76720267  -1.07868383
  0.27731920   1.07008395  -0.27998845  -0.76678051   1.91986993   0.73347312  -0.09750808   1.76942507  -1.07951979
  0.27784468   1.06786639  -0.28104155  -0.76666083   1.91476350   0.73511446  -0.09809476   1.77153285  -1.08036070
  0.27840915   1.06548050  -0.28217735  -0.76658964   1.90960983   0.73670743  -0.09866248   1.77360415  -1.08120700
  0.27901571   1.06291761  -0.28346556  -0.76658692   1.90438936   0.73835570  -0.09903063   1.77550766  -1.08202256
  0.27965444   1.06018432  -0.28489138  -0.76656596   1.89913748   0.73999576  -0.09927664   1.77731311  -1.08287024
  0.28032343   1.05728768  -0.28642529  -0.76650621   1.89380651   0.74174159  -0.09946275   1.77897335  -1.08376472
  0.28102538   1.05423461  -0.28805756  -0.76642112   1.88847544   0.74347485  -0.09965989   1.78056296  -1.08469567
  0.28176352   1.05103625  -0.28974772  -0.76629287   1.88319563   0.74516812  -0.09998204   1.78209816  -1.08568510
  0.28254532   1.04770743  -0.29144754  -0.76614791   1.87795513   0.74690798  -0.10050568   1.78352020  -1.08672505
  0.28338022   1.04424965  -0.29314518  -0.76602927   1.87268616   0.74887179  -0.10122719   1.78470804  -1.08778444
  0.28427161   1.04066539  -0.29484268  -0.76593029   1.86741712   0.75100011  -0.10212073   1.78568343  -1.08887754
  0.28522439   1.03695355  -0.29654024  -0.76584083   1.86212678   0.75330729  -0.10316692   1.78644267  -1.09002127
  0.28624319   1.03312245  -0.29823492  -0.76573529   1.85683274   0.75575603  -0.10428200   1.78697077  -1.09125330
  0.28733120   1.02916613  -0.29994972  -0.76560689   1.85156693   0.75827926  -0.10544219   1.78730272  -1.09257702
  0.28849218   1.02507809  -0.30169438  -0.76545657   1.84634011   0.76082920  -0.10666737   1.78748581  -1.09399275
  0.28972960   1.02086146  -0.30346118  -0.76528701   1.84115591   0.76337938  -0.10795474   1.78753828  -1.09550779
  0.29104556   1.01653135  -0.30522913  -0.76510449   1.83602404   0.76590809  -0.10928934   1.78746361  -1.09713013
  0.29244322   1.01209001  -0.30700177  -0.76491787   1.83092105   0.76844467  -0.11067783   1.78726416  -1.09885131
  0.29392467   1.00753938  -0.30878522  -0.76473214   1.82584244   0.77098678  -0.11212330   1.78695502  -1.10066550
  0.29548922   1.00289231  -0.31056824  -0.76454730   1.82079958   0.77350528  -0.11362092   1.78655621  -1.10257791
  0.29713728   0.99815427  -0.31234866  -0.76436656   1.81576358   0.77603723  -0.11518663   1.78607172  -1.10458339
  0.29886774   0.99333855  -0.31411930  -0.76418378   1.81077263   0.77851099  -0.11681274   1.78553959  -1.10669176
  0.30067795   0.98844759  -0.31589185  -0.76399024   1.80583988   0.78091152  -0.11849053   1.78496989  -1.10890142
  0.30256442   0.98349362  -0.31765658  -0.76378516   1.80096536   0.78327669  -0.12019673   1.78431956  -1.11121023
  0.30452527   0.97847746  -0.31941643  -0.76358117   1.79609814   0.78570932  -0.12194720   1.78354791  -1.11359553
  0.30655864   0.97339503  -0.32118338  -0.76337828   1.79121524   0.78823479  -0.12375015   1.78266170  -1.11604774
  0.30866005   0.96825075  -0.32295305  -0.76316937   1.78633939   0.79080841  -0.12561204   1.78168728  -1.11857138
  0.31082380   0.96305855  -0.32471000  -0.76295564   1.78151167   0.79335721  -0.12753076   1.78065750  -1.12116948
  0.31304586   0.95781843  -0.32645758  -0.76274254   1.77670264   0.79589696  -0.12952669   1.77959747  -1.12383085
  0.31532154   0.95253461  -0.32818804  -0.76251794   1.77189941   0.79843403  -0.13159144   1.77850862  -1.12656592
  0.31764635   0.94721143  -0.32989324  -0.76225351   1.76710813   0.80093920  -0.13369635   1.77739990  -1.12940327
  0.32001474   0.94186422  -0.33154611  -0.76193923   1.76231006   0.80346879  -0.13580202   1.77621209  -1.13235719
  0.32242514   0.93649190  -0.33315493  -0.76158013   1.75750636   0.80600228  -0.13792460   1.77497673  -1.13541798
  0.32487484   0.93109568  -0.33472464  -0.76118162   1.75272347   0.80848665  -0.14009489   1.77373869  -1.13857534
  0.32735957   0.92567905  -0.33625278  -0.76075226   1.74794899   0.81095095  -0.14233796   1.77249407  -1.14181333
  0.32987336   0.92025542  -0.33772301  -0.76029340   1.74317240   0.81345271  -0.14463158   1.77118801  -1.14512717
  0.33241374   0.91482247  -0.33914763  -0.75983023   1.73836170   0.81603339  -0.14700343   1.76982886  -1.14848236
  0.33497706   0.90937707  -0.34053928  -0.75935781   1.73356422   0.81860075  -0.14948290   1.76847947  -1.15187519
  0.33756134   0.90391805  -0.34191764  -0.75887282   1.72885762   0.82103829  -0.15202362   1.76717029  -1.15530609
  0.34016372   0.89845542  -0.34328584  -0.75840067   1.72425009   0.82339415  -0.15453260   1.76581693  -1.15875049
  0.34277649   0.89299260  -0.34463301  -0.75793624   1.71970162   0.82573798  -0.15706452   1.76440991  -1.16219911
  0.34539288   0.88753882  -0.34595710  -0.75746535   1.71524537   0.82804434  -0.15957901   1.76293315  -1.16565899
  0.34800751   0.88209239  -0.34725542  -0.75697917   1.71079347   0.83045165  -0.16207547   1.76133398  -1.16912507
  0.35062110   0.87665712  -0.34852619  -0.75645816   1.70640237   0.83287129  -0.16452086   1.75963357  -1.17262241
  0.35323193   0.87122896  -0.34978185  -0.75593325   1.70205729   0.83531342  -0.16695109   1.75785573  -1.17611421
  0.35583652   0.86581243  -0.35101841  -0.75540998   1.69779370   0.83771321  -0.16939964   1.75604445  -1.17959446
  0.35843003   0.86040422  -0.35224662  -0.75490578   1.69357753   0.84011008  -0.17190032   1.75421209  -1.18303335
  0.36100683   0.85501011  -0.35347068  -0.75441318   1.68946345   0.84243230  -0.17442644   1.75237322  -1.18643338
  0.36356097   0.84963100  -0.35468578  -0.75393118   1.68542669   0.84471215  -0.17701231   1.75053124  -1.18978593
  0.36608738   0.84427269  -0.35588952  -0.75345847   1.68146984   0.84695288  -0.17962482   1.74867101  -1.19309020
  0.36858124   0.83893601  -0.35707550  -0.75297928   1.67752040   0.84926060  -0.18224391   1.74674828  -1.19635330
  0.37104141   0.83363198  -0.35823405  -0.75246783   1.67365282   0.85152696  -0.18481677   1.74478004  -1.19961031
  0.37346599   0.82837273  -0.35935931  -0.75192745   1.66991693   0.85369863  -0.18730294   1.74276223  -1.20286378
  0.37585420   0.82315813  -0.36045049  -0.75137134   1.66627061   0.85584626  -0.18973123   1.74067778  -1.20609400
  0.37820338   0.81799094  -0.36150696  -0.75081263   1.66271184   0.85795094  -0.19213753   1.73856309  -1.20928709
  0.38051043   0.81286929  -0.36253057  -0.75026806   1.65919588   0.86005985  -0.19457978   1.73643681  -1.21241774
  0.38277487   0.80779058  -0.36353234  -0.74974666   1.65572179   0.86216134  -0.19706512   1.73431866  -1.21547369
  0.38499408   0.80276000  -0.36450638  -0.74923488   1.65231528   0.86420628  -0.19959492   1.73223243  -1.21846925
  0.38716775   0.79777819  -0.36545386  -0.74872841   1.64895651   0.86622758  -0.20216609   1.73016532  -1.22140408
  0.38929572   0.79285461  -0.36636832  -0.74820849   1.64567559   0.86819255  -0.20471642   1.72810180  -1.22430360
  0.39137656   0.78799996  -0.36724130  -0.74767075   1.64249797   0.87007896  -0.20722024   1.72603402  -1.22717581
  0.39341064   0.78321172  -0.36807485  -0.74712294   1.63937436   0.87195622  -0.20970714   1.72395207  -1.23000590
  0.39539859   0.77849169  -0.36887465  -0.74656340   1.63629826   0.87383978  -0.21213801   1.72183934  -1.23279590
  0.39734016   0.77384507  -0.36963993  -0.74598956   1.63329472   0.87568623  -0.21450280   1.71971483  -1.23555236
  0.39923641   0.76926961  -0.37037631  -0.74540939   1.63033971   0.87751439  -0.21681903   1.71759170  -1.23826600
  0.40108808   0.76476929  -0.37108724  -0.74482480   1.62744885   0.87930756  -0.21906248   1.71546922  -1.24093753
  0.40289506   0.76034743  -0.37176990  -0.74423647   1.62462378   0.88105915  -0.22126011   1.71336283  -1.24356437
  0.40465739   0.75601151  -0.37242242  -0.74363972   1.62189321   0.88273965  -0.22339115   1.71127239  -1.24615334
  0.40637506   0.75176808  -0.37304030  -0.74303576   1.61925945   0.88435958  -0.22545537   1.70918878  -1.24870244
  0.40805010   0.74761369  -0.37362655  -0.74242952   1.61668045   0.88597363  -0.22748439   1.70710937  -1.25120094
  0.40968681   0.74354658  -0.37418631  -0.74183369   1.61416097   0.88755665  -0.22948944   1.70505960  -1.25364416
  0.41128638   0.73957056  -0.37472265  -0.74126042   1.61172253   0.88908397  -0.23145527   1.70304358  -1.25602557
  0.41284726   0.73569120  -0.37523071  -0.74071834   1.60937261   0.89054550  -0.23340279   1.70107289  -1.25833668
  0.41436894   0.73190452  -0.37571547  -0.74020266   1.60706867   0.89198923  -0.23534949   1.69914734  -1.26057395
  0.41585151   0.72821163  -0.37618126  -0.73971232   1.60483460   0.89337091  -0.23728300   1.69728652  -1.26274251
  0.41729367   0.72462122  -0.37662205  -0.73923503   1.60270220   0.89466486  -0.23915512   1.69547309  -1.26485918
  0.41869409   0.72114011  -0.37703310  -0.73876318   1.60067272   0.89588692  -0.24094112   1.69368598  -1.26693030
  0.42005207   0.71777012  -0.37741211  -0.73829941   1.59872535   0.89706589  -0.24265695   1.69192304  -1.26894995
  0.42136764   0.71451040  -0.37776144  -0.73784793   1.59684417   0.89821842  -0.24431738   1.69018925  -1.27091135
  0.42264146   0.71135673  -0.37808576  -0.73740718   1.59500680   0.89936685  -0.24593360   1.68848734  -1.27281230
  0.42387410   0.70830974  -0.37838325  -0.73697239   1.59323357   0.90047519  -0.24749980   1.68682980  -1.27466290
  0.42506682   0.70536716  -0.37865718  -0.73654802   1.59152807   0.90153365  -0.24902879   1.68522675  -1.27645908
  0.42622100   0.70252434  -0.37891160  -0.73613600   1.58987455   0.90256223  -0.25052915   1.68367511  -1.27819682
  0.42733801   0.69977779  -0.37914915  -0.73573475   1.58826960   0.90356791  -0.25199928   1.68216936  -1.27987718
  0.42841933   0.69712196  -0.37937456  -0.73534466   1.58669792   0.90456980  -0.25344460   1.68070536  -1.28149763
  0.42946621   0.69455593  -0.37958617  -0.73495829   1.58518234   0.90553533  -0.25484429   1.67928398  -1.28307244
  0.43047955   0.69208124  -0.37978379  -0.73457468   1.58374934   0.90643261  -0.25618521   1.67790783  -1.28460715
  0.43145993   0.68969749  -0.37996727  -0.73420649   1.58238794   0.90727928  -0.25749044   1.67657750  -1.28608794
  0.43240801   0.68740202  -0.38013838  -0.73385463   1.58108096   0.90809697  -0.25875898   1.67528719  -1.28751352
  0.43332422   0.68519406  -0.38029439  -0.73351765   1.57983021   0.90887922  -0.25998508   1.67403712  -1.28888980
  0.43420920   0.68307293  -0.38043634  -0.73319168   1.57864118   0.90962109  -0.26114982   1.67282125  -1.29022339
  0.43506308   0.68103937  -0.38056856  -0.73288532   1.57751788   0.91031216  -0.26224972   1.67164895  -1.29150842
  0.43588610   0.67908712  -0.38069841  -0.73260866   1.57642011   0.91099419  -0.26331992   1.67052852  -1.29272763
  0.43667827   0.67721310  -0.38083199  -0.73236220   1.57534978   0.91165165  -0.26436032   1.66947434  -1.29388127
  0.43743940   0.67541544  -0.38096748  -0.73213321   1.57431445   0.91227376  -0.26536841   1.66848508  -1.29498072
  0.43816920   0.67369580  -0.38110214  -0.73191662   1.57332744   0.91285226  -0.26632934   1.66755120  -1.29603242
  0.43886752   0.67205456  -0.38123239  -0.73170392   1.57238821   0.91340523  -0.26722995   1.66664966  -1.29704225
  0.43953419   0.67049300  -0.38135570  -0.73149364   1.57150609   0.91392672  -0.26805947   1.66577374  -1.29801389
  0.44016944   0.66900874  -0.38146693  -0.73127987   1.57067233   0.91443148  -0.26883957   1.66491774  -1.29894921
  0.44077451   0.66759687  -0.38156111  -0.73105292   1.56987318   0.91493774  -0.26959644   1.66407612  -1.29985332
  0.44135158   0.66625012  -0.38164054  -0.73082054   1.56909537   0.91545094  -0.27035148   1.66325743  -1.30072091
  0.44190258   0.66496492  -0.38170969  -0.73058960   1.56834687   0.91595245  -0.27108744   1.66246718  -1.30155385
  0.44242911   0.66373865  -0.38176587  -0.73035669   1.56763783   0.91642602  -0.27179298   1.66170358  -1.30236237
  0.44293291   0.66256877  -0.38181317  -0.73012619   1.56697083   0.91686818  -0.27245836   1.66096552  -1.30314567
  0.44341478   0.66145642  -0.38185561  -0.72991215   1.56635305   0.91726393  -0.27307038   1.66026158  -1.30389767
  0.44387458   0.66040362  -0.38189604  -0.72972624   1.56578430   0.91760961  -0.27362942   1.65960025  -1.30460954
  0.44431267   0.65940375  -0.38193780  -0.72956344   1.56522538   0.91795953  -0.27416853   1.65897185  -1.30527291
  0.44473000   0.65844958  -0.38197591  -0.72940639   1.56465397   0.91833662  -0.27471346   1.65837148  -1.30589899
  0.44512815   0.65753759  -0.38200884  -0.72924686   1.56408436   0.91871350  -0.27525660   1.65780474  -1.30650168
  0.44550834   0.65666843  -0.38203774  -0.72909146   1.56353906   0.91905632  -0.27578385   1.65728042  -1.30708331
  0.44587102   0.65584567  -0.38206452  -0.72895144   1.56303128   0.91935187  -0.27627378   1.65679819  -1.30763988
  0.44621580   0.65507435  -0.38209021  -0.72883642   1.56257262   0.91958609  -0.27671250   1.65636281  -1.30816691
  0.44654177   0.65435839  -0.38211495  -0.72874845   1.56216356   0.91976518  -0.27709952   1.65597170  -1.30865968
  0.44684894   0.65369437  -0.38214147  -0.72867494   1.56178505   0.91993624  -0.27745330   1.65560081  -1.30911337
  0.44713771   0.65307727  -0.38217071  -0.72860412   1.56142957   0.92011957  -0.27778965   1.65523727  -1.30952935
  0.44740894   0.65250045  -0.38219661  -0.72852430   1.56109209   0.92031675  -0.27813846   1.65488122  -1.30991563
  0.44766426   0.65195855  -0.38221755  -0.72842657   1.56077339   0.92052531  -0.27848442   1.65452343  -1.31028553
  0.44790513   0.65144868  -0.38223442  -0.72831554   1.56047799   0.92073459  -0.27880882   1.65416305  -1.31064344
  0.44813234   0.65097029  -0.38224790  -0.72820318   1.56021120   0.92092651  -0.27910721   1.65381191  -1.31098671
  0.44834618   0.65052416  -0.38225893  -0.72810108   1.55997431   0.92109004  -0.27937652   1.65348069  -1.31131091
  0.44854648   0.65011184  -0.38226774  -0.72801958   1.55976705   0.92121586  -0.27962229   1.65318241  -1.31161029
  0.44873291   0.64973533  -0.38227481  -0.72796325   1.55958653   0.92130561  -0.27984342   1.65292053  -1.31188151
  0.44890520   0.64939614  -0.38228130  -0.72793275   1.55943019   0.92136294  -0.28003539   1.65269504  -1.31212359
  0.44906293   0.64909537  -0.38228738  -0.72792586   1.55929547   0.92139210  -0.28019941   1.65250568  -1.31233647
  0.44920573   0.64883379  -0.38229296  -0.72793469   1.55917768   0.92140708  -0.28032881   1.65234190  -1.31252364
  0.44933331   0.64861159  -0.38229765  -0.72795168   1.55907466   0.92141658  -0.28042410   1.65219695  -1.31268789
  0.44944603   0.64842531  -0.38230274  -0.72796754   1.55897704   0.92143500  -0.28049457   1.65206541  -1.31283189
  0.44954570   0.64826132  -0.38231211  -0.72796857   1.55884591   0.92151152  -0.28058365   1.65193776  -1.31295378
  0.44963505   0.64810621  -0.38233144  -0.72794623   1.55867728   0.92164403  -0.28070709   1.65181463  -1.31305901
  0.44971651   0.64795154  -0.38236467  -0.72789492   1.55848506   0.92181166  -0.28084391   1.65169148  -1.31315935
  0.44979176   0.64779322  -0.38241250  -0.72781761   1.55828549   0.92199161  -0.28097439   1.65156632  -1.31326130
  0.44986156   0.64763089  -0.38247144  -0.72772397   1.55808912   0.92217049  -0.28109236   1.65143828  -1.31336398
  0.44992611   0.64746597  -0.38253641  -0.72762737   1.55790434   0.92233444  -0.28120582   1.65131357  -1.31346183
  0.44998555   0.64730049  -0.38260345  -0.72753802   1.55773821   0.92246973  -0.28131349   1.65119825  -1.31355284
  0.45003979   0.64713721  -0.38266879  -0.72746322   1.55759251   0.92257237  -0.28141175   1.65109407  -1.31363564
  0.45008854   0.64697938  -0.38272864  -0.72740885   1.55746691   0.92264225  -0.28150847   1.65100446  -1.31370634
  0.45013165   0.64682962  -0.38278133  -0.72737351   1.55736000   0.92268360  -0.28159743   1.65092629  -1.31376684
  0.45016906   0.64668998  -0.38282593  -0.72735440   1.55726930   0.92270130  -0.28167253   1.65085674  -1.31381978
  0.45020068   0.64656192  -0.38286147  -0.72735137   1.55719254   0.92269536  -0.28174305   1.65080115  -1.31386402
  0.45022655   0.64644656  -0.38288774  -0.72736323   1.55712659   0.92267091  -0.28181596   1.65076020  -1.31389815
  0.45024701   0.64634497  -0.38290628  -0.72738327   1.55706959   0.92263878  -0.28187871   1.65072358  -1.31392584
  0.45026251   0.64625728  -0.38291913  -0.72740529   1.55702033   0.92260503  -0.28192115   1.65068504  -1.31395104
  0.45027348   0.64618350  -0.38292767  -0.72742501   1.55697677   0.92257655  -0.28193940   1.65063956  -1.31397547
  0.45028043   0.64612308  -0.38293323  -0.72744097   1.55693806   0.92255599  -0.28193587   1.65058628  -1.31399877
  0.45028384   0.64607519  -0.38293681  -0.72745447   1.55690491   0.92253869  -0.28191954   1.65053135  -1.31401923
  0.45028419   0.64603887  -0.38293935  -0.72746598   1.55687706   0.92252146  -0.28189916   1.65048009  -1.31403557
  0.45028183   0.64601312  -0.38294130  -0.72747576   1.55685323   0.92250422  -0.28188346   1.65043549  -1.31404631
  0.45027722   0.64599685  -0.38294318  -0.72748479   1.55683318   0.92248454  -0.28187778   1.65040085  -1.31405073
  0.45027086   0.64598888  -0.38294577  -0.72749275   1.55681640   0.92246241  -0.28188054   1.65037570  -1.31404976
  0.45026319   0.64598810  -0.38294927  -0.72749931   1.55680125   0.92244191  -0.28188980   1.65035626  -1.31404389
  0.45025468   0.64599305  -0.38295402  -0.72750413   1.55678761   0.92242195  -0.28190018   1.65034111  -1.31403546
  0.45024566   0.64600275  -0.38295981  -0.72750623   1.55677475   0.92240357  -0.28190610   1.65032742  -1.31402692
  0.45023634   0.64601644  -0.38296616  -0.72750598   1.55676211   0.92238775  -0.28190998   1.65031438  -1.31401806
  0.45022694   0.64603317  -0.38297284  -0.72750548   1.55675078   0.92236970  -0.28191869   1.65030645  -1.31400760
  0.45021773   0.64605210  -0.38298010  -0.72750430   1.55673987   0.92235182  -0.28192910   1.65030072  -1.31399638
  0.45020899   0.64607218  -0.38298800  -0.72750357   1.55672882   0.92233429  -0.28194012   1.65029643  -1.31398449
  0.45020082   0.64609300  -0.38299595  -0.72750388   1.55671741   0.92231849  -0.28195242   1.65029188  -1.31397165
  0.45019327   0.64611401  -0.38300400  -0.72750311   1.55670591   0.92230426  -0.28196180   1.65028527  -1.31396025
  0.45018631   0.64613496  -0.38301174  -0.72750222   1.55669432   0.92229045  -0.28197275   1.65027843  -1.31394928
  0.45018006   0.64615538  -0.38301962  -0.72750274   1.55668352   0.92227356  -0.28198643   1.65027411  -1.31393820
  0.45017454   0.64617523  -0.38302787  -0.72750230   1.55667202   0.92225864  -0.28199649   1.65026723  -1.31392879
  0.45016968   0.64619458  -0.38303624  -0.72750071   1.55665956   0.92224718  -0.28200503   1.65025703  -1.31392043
  0.45016549   0.64621314  -0.38304498  -0.72749817   1.55664772   0.92223380  -0.28201254   1.65024719  -1.31391386
  0.45016197   0.64623054  -0.38305429  -0.72749557   1.55663677   0.92221432  -0.28201978   1.65024147  -1.31390943
  0.45015915   0.64624671  -0.38306434  -0.72749217   1.55662519   0.92219261  -0.28202116   1.65023619  -1.31390812
  0.45015690   0.64626179  -0.38307431  -0.72749046   1.55661340   0.92216732  -0.28202680   1.65023465  -1.31390669
  0.45015523   0.64627582  -0.38308435  -0.72749144   1.55660171   0.92213835  -0.28203648   1.65023678  -1.31390443
  0.45015420   0.64628905  -0.38309483  -0.72749373   1.55658945   0.92210995  -0.28204353   1.65023781  -1.31390245
  0.45015367   0.64630189  -0.38310557  -0.72749371   1.55657580   0.92208745  -0.28204216   1.65023192  -1.31390297
  0.45015350   0.64631459  -0.38311629  -0.72749087   1.55656119   0.92207103  -0.28203368   1.65021886  -1.31390585
  0.45015363   0.64632744  -0.38312682  -0.72748527   1.55654485   0.92206511  -0.28201869   1.65019547  -1.31390985
  0.45015396   0.64634053  -0.38313686  -0.72747827   1.55652748   0.92206770  -0.28200123   1.65016403  -1.31391366
  0.45015441   0.64635359  -0.38314617  -0.72747309   1.55651169   0.92206751  -0.28199184   1.65013540  -1.31391544
  0.45015495   0.64636650  -0.38315477  -0.72747272   1.55649793   0.92205953  -0.28199808   1.65011602  -1.31391284
  0.45015566   0.64637914  -0.38316350  -0.72747591   1.55648582   0.92204429  -0.28201285   1.65010425  -1.31390781
  0.45015656   0.64639162  -0.38317285  -0.72747891   1.55647409   0.92202649  -0.28202486   1.65009404  -1.31390395
  0.45015756   0.64640404  -0.38318267  -0.72747931   1.55646155   0.92201003  -0.28202924   1.65008135  -1.31390314
  0.45015863   0.64641634  -0.38319255  -0.72747654   1.55644692   0.92199939  -0.28202393   1.65006217  -1.31390554
  0.45015967   0.64642866  -0.38320190  -0.72747145   1.55643108   0.92199396  -0.28201196   1.65003689  -1.31391010
  0.45016060   0.64644122  -0.38321025  -0.72746644   1.55641461   0.92199204  -0.28200071   1.65000854  -1.31391413
  0.45016145   0.64645391  -0.38321804  -0.72746229   1.55639883   0.92198937  -0.28199222   1.64998072  -1.31391727
  0.45016220   0.64646653  -0.38322541  -0.72746097   1.55638407   0.92198211  -0.28199302   1.64995852  -1.31391772
  0.45016294   0.64647876  -0.38323242  -0.72746481   1.55636872   0.92197333  -0.28200633   1.64994132  -1.31391298
  0.45016372   0.64649046  -0.38323941  -0.72747145   1.55635333   0.92196275  -0.28202334   1.64992649  -1.31390631
  0.45016445   0.64650196  -0.38324633  -0.72747780   1.55633818   0.92195099  -0.28203735   1.64991145  -1.31390082
  0.45016505   0.64651342  -0.38325329  -0.72748307   1.55632408   0.92193526  -0.28205001   1.64989869  -1.31389703
  0.45016560   0.64652500  -0.38326084  -0.72748676   1.55631043   0.92191792  -0.28205901   1.64988641  -1.31389493
  0.45016622   0.64653667  -0.38326955  -0.72748876   1.55629745   0.92189861  -0.28206235   1.64987457  -1.31389485
  0.45016693   0.64654843  -0.38327955  -0.72748834   1.55628469   0.92187829  -0.28205834   1.64986229  -1.31389743
  0.45016770   0.64656015  -0.38329052  -0.72748673   1.55627240   0.92185428  -0.28205187   1.64985290  -1.31390168
  0.45016847   0.64657181  -0.38330194  -0.72748420   1.55625974   0.92182811  -0.28204508   1.64984594  -1.31390704
  0.45016918   0.64658396  -0.38331293  -0.72748096   1.55624475   0.92180903  -0.28203782   1.64983438  -1.31391172
  0.45016986   0.64659684  -0.38332337  -0.72747681   1.55622847   0.92179824  -0.28202856   1.64981580  -1.31391562
  0.45017054   0.64661036  -0.38333348  -0.72747164   1.55621210   0.92179282  -0.28201750   1.64979193  -1.31391917
  0.45017115   0.64662448  -0.38334296  -0.72746720   1.55619603   0.92178981  -0.28201155   1.64976693  -1.31392055
  0.45017168   0.64663921  -0.38335162  -0.72746551   1.55618019   0.92178863  -0.28201629   1.64974292  -1.31391751
  0.45017216   0.64665443  -0.38335978  -0.72746602   1.55616500   0.92178774  -0.28202982   1.64972051  -1.31391099
  0.45017259   0.64666985  -0.38336788  -0.72746728   1.55615156   0.92178270  -0.28204826   1.64970184  -1.31390352
  0.45017295   0.64668534  -0.38337604  -0.72746814   1.55613952   0.92177315  -0.28206830   1.64968654  -1.31389672
  0.45017338   0.64670079  -0.38338471  -0.72746806   1.55612764   0.92176236  -0.28208257   1.64967096  -1.31389187
  0.45017396   0.64671608  -0.38339417  -0.72746684   1.55611538   0.92175154  -0.28208749   1.64965355  -1.31388965
  0.45017459   0.64673111  -0.38340400  -0.72746479   1.55610285   0.92173895  -0.28208701   1.64963658  -1.31388965
  0.45017525   0.64674597  -0.38341381  -0.72746264   1.55608936   0.92172682  -0.28208440   1.64961928  -1.31389040
  0.45017589   0.64676069  -0.38342328  -0.72746195   1.55607563   0.92171320  -0.28208509   1.64960419  -1.31389022
  0.45017661   0.64677517  -0.38343267  -0.72746320   1.55606188   0.92169817  -0.28208839   1.64959095  -1.31388880
  0.45017742   0.64678922  -0.38344191  -0.72746560   1.55604702   0.92168539  -0.28209187   1.64957619  -1.31388659
  0.45017836   0.64680266  -0.38345099  -0.72746886   1.55603233   0.92167181  -0.28209385   1.64956096  -1.31388472
  0.45017932   0.64681568  -0.38345927  -0.72747580   1.55601800   0.92165571  -0.28210460   1.64954937  -1.31387977
  0.45018035   0.64682826  -0.38346745  -0.72748347   1.55600394   0.92163899  -0.28211564   1.64953770  -1.31387464
  0.45018143   0.64684029  -0.38347588  -0.72749035   1.55599113   0.92161751  -0.28212539   1.64952858  -1.31387130
  0.45018239   0.64685201  -0.38348439  -0.72749503   1.55597868   0.92159300  -0.28213449   1.64952140  -1.31387016
  0.45018322   0.64686359  -0.38349305  -0.72749825   1.55596629   0.92156594  -0.28214453   1.64951661  -1.31387025
  0.45018411   0.64687511  -0.38350243  -0.72750001   1.55595302   0.92154132  -0.28214898   1.64950915  -1.31387170
  0.45018505   0.64688671  -0.38351201  -0.72750413   1.55593957   0.92151702  -0.28215839   1.64950317  -1.31387039
  0.45018612   0.64689813  -0.38352178  -0.72751409   1.55592727   0.92148753  -0.28218098   1.64950482  -1.31386360
  0.45018740   0.64690936  -0.38353207  -0.72752853   1.55591554   0.92145476  -0.28221120   1.64951146  -1.31385293
  0.45018872   0.64692100  -0.38354250  -0.72754123   1.55590212   0.92142966  -0.28223695   1.64951155  -1.31384253
  0.45018994   0.64693337  -0.38355312  -0.72754710   1.55588749   0.92141421  -0.28224844   1.64950006  -1.31383691
  0.45019092   0.64694648  -0.38356378  -0.72754494   1.55587235   0.92140596  -0.28224616   1.64947867  -1.31383721
  0.45019164   0.64696031  -0.38357414  -0.72753821   1.55585688   0.92140171  -0.28223825   1.64945237  -1.31384043
  0.45019211   0.64697472  -0.38358387  -0.72753186   1.55584183   0.92139629  -0.28223667   1.64942852  -1.31384222
  0.45019247   0.64698937  -0.38359364  -0.72752595   1.55582794   0.92138645  -0.28223756   1.64940864  -1.31384392
  0.45019282   0.64700377  -0.38360383  -0.72751946   1.55581475   0.92137089  -0.28223511   1.64939265  -1.31384795
  0.45019314   0.64701802  -0.38361420  -0.72751094   1.55580064   0.92135483  -0.28222421   1.64937556  -1.31385547
  0.45019344   0.64703218  -0.38362445  -0.72750056   1.55578498   0.92134232  -0.28220456   1.64935393  -1.31386569
  0.45019368   0.64704622  -0.38363391  -0.72749265   1.55576957   0.92132777  -0.28219053   1.64933495  -1.31387405
  0.45019380   0.64706044  -0.38364221  -0.72748932   1.55575396   0.92131408  -0.28219017   1.64931857  -1.31387683
  0.45019379   0.64707490  -0.38364957  -0.72749075   1.55573931   0.92129917  -0.28220572   1.64930647  -1.31387351
  0.45019383   0.64708953  -0.38365705  -0.72749372   1.55572536   0.92128494  -0.28222382   1.64929401  -1.31386818
  0.45019402   0.64710425  -0.38366527  -0.72749605   1.55571103   0.92127412  -0.28223547   1.64927743  -1.31386351
  0.45019438   0.64711864  -0.38367398  -0.72750054   1.55569772   0.92125859  -0.28224864   1.64926492  -1.31385811
  0.45019501   0.64713261  -0.38368350  -0.72750646   1.55568482   0.92123996  -0.28225815   1.64925420  -1.31385322
  0.45019589   0.64714626  -0.38369374  -0.72751001   1.55567069   0.92122426  -0.28225533   1.64923858  -1.31385202
  0.45019693   0.64715949  -0.38370415  -0.72751308   1.55565652   0.92120616  -0.28224827   1.64922383  -1.31385290
  0.45019804   0.64717211  -0.38371435  -0.72751952   1.55564309   0.92117976  -0.28225103   1.64921833  -1.31385193
  0.45019927   0.64718434  -0.38372440  -0.72753098   1.55562962   0.92114824  -0.28226760   1.64922120  -1.31384642
  0.45020071   0.64719653  -0.38373485  -0.72754331   1.55561526   0.92112026  -0.28228567   1.64922216  -1.31383922
  0.45020225   0.64720898  -0.38374501  -0.72755542   1.55559874   0.92110393  -0.28230477   1.64921432  -1.31382946
  0.45020369   0.64722185  -0.38375437  -0.72756522   1.55558244   0.92109339  -0.28232278   1.64920006  -1.31382006
  0.45020495   0.64723516  -0.38376320  -0.72757010   1.55556637   0.92108689  -0.28233406   1.64917959  -1.31381416
  0.45020612   0.64724844  -0.38377188  -0.72757299   1.55555108   0.92107857  -0.28234301   1.64915918  -1.31381035
  0.45020715   0.64726187  -0.38378023  -0.72757404   1.55553473   0.92107353  -0.28234920   1.64913564  -1.31380777
  0.45020804   0.64727536  -0.38378770  -0.72757697   1.55551732   0.92107157  -0.28236300   1.64911170  -1.31380211
  0.45020883   0.64728879  -0.38379475  -0.72758144   1.55550146   0.92106533  -0.28238078   1.64909112  -1.31379555
  0.45020962   0.64730213  -0.38380257  -0.72758353   1.55548700   0.92105505  -0.28238983   1.64907098  -1.31379276
  0.45021053   0.64731516  -0.38381203  -0.72758215   1.55547351   0.92104048  -0.28238542   1.64905101  -1.31379528
  0.45021140   0.64732803  -0.38382228  -0.72757924   1.55545980   0.92102242  -0.28237792   1.64903395  -1.31380001
  0.45021220   0.64734085  -0.38383246  -0.72757652   1.55544349   0.92100906  -0.28237251   1.64901531  -1.31380355
  0.45021295   0.64735379  -0.38384248  -0.72757139   1.55542562   0.92100249  -0.28236034   1.64898968  -1.31380868
  0.45021351   0.64736708  -0.38385206  -0.72756333   1.55540762   0.92099924  -0.28234273   1.64895933  -1.31381604
  0.45021380   0.64738075  -0.38386107  -0.72755432   1.55539084   0.92099374  -0.28232929   1.64893088  -1.31382337
  0.45021385   0.64739449  -0.38386967  -0.72754779   1.55537647   0.92097887  -0.28232898   1.64891244  -1.31382814
  0.45021378   0.64740842  -0.38387815  -0.72754505   1.55536273   0.92095973  -0.28234082   1.64890095  -1.31382872
  0.45021372   0.64742229  -0.38388650  -0.72754969   1.55534991   0.92093493  -0.28237036   1.64889895  -1.31382206
  0.45021371   0.64743640  -0.38389502  -0.72755746   1.55533730   0.92091083  -0.28240476   1.64889783  -1.31381196
  0.45021381   0.64745078  -0.38390426  -0.72756280   1.55532458   0.92089019  -0.28242769   1.64889103  -1.31380463
  0.45021405   0.64746513  -0.38391438  -0.72756320   1.55530990   0.92087695  -0.28243143   1.64887415  -1.31380283
  0.45021436   0.64747962  -0.38392492  -0.72755911   1.55529354   0.92087094  -0.28241861   1.64884768  -1.31380582
  0.45021465   0.64749433  -0.38393564  -0.72755117   1.55527687   0.92086761  -0.28239521   1.64881618  -1.31381281
  0.45021485   0.64750912  -0.38394650  -0.72754010   1.55526154   0.92086093  -0.28236856   1.64878561  -1.31382290
  0.45021495   0.64752400  -0.38395734  -0.72752799   1.55524698   0.92085086  -0.28234473   1.64875822  -1.31383364
  0.45021506   0.64753885  -0.38396810  -0.72751938   1.55523234   0.92083766  -0.28233057   1.64873653  -1.31384095
  0.45021530   0.64755319  -0.38397834  -0.72751991   1.55521746   0.92081881  -0.28233785   1.64872584  -1.31383987
  0.45021569   0.64756733  -0.38398809  -0.72752565   1.55520218   0.92079943  -0.28235286   1.64871787  -1.31383453
  0.45021614   0.64758171  -0.38399723  -0.72753311   1.55518609   0.92078360  -0.28236995   1.64870771  -1.31382726
  0.45021658   0.64759632  -0.38400602  -0.72754101   1.55517086   0.92076631  -0.28239038   1.64869893  -1.31381931
  0.45021699   0.64761118  -0.38401503  -0.72754630   1.55515638   0.92074844  -0.28240858   1.64868953  -1.31381323
  0.45021741   0.64762595  -0.38402486  -0.72754740   1.55514355   0.92072580  -0.28242042   1.64868155  -1.31381163
  0.45021788   0.64764038  -0.38403577  -0.72754424   1.55513126   0.92069883  -0.28242255   1.64867470  -1.31381544
  0.45021841   0.64765489  -0.38404738  -0.72753720   1.55511702   0.92067694  -0.28241288   1.64866197  -1.31382308
  0.45021894   0.64766982  -0.38405915  -0.72752774   1.55510067   0.92066323  -0.28239592   1.64864180  -1.31383200
  0.45021941   0.64768526  -0.38407061  -0.72751770   1.55508330   0.92065570  -0.28237909   1.64861690  -1.31383984
  0.45021987   0.64770089  -0.38408196  -0.72750693   1.55506674   0.92064963  -0.28236180   1.64858972  -1.31384761
  0.45022031   0.64771637  -0.38409285  -0.72749957   1.55505210   0.92063666  -0.28235356   1.64856937  -1.31385290
  0.45022079   0.64773137  -0.38410322  -0.72749951   1.55503901   0.92061317  -0.28236215   1.64856167  -1.31385279
  0.45022130   0.64774626  -0.38411273  -0.72750709   1.55502527   0.92058772  -0.28238844   1.64856089  -1.31384519
  0.45022186   0.64776102  -0.38412152  -0.72752075   1.55501251   0.92055828  -0.28243047   1.64856687  -1.31383159
  0.45022256   0.64777585  -0.38413047  -0.72753405   1.55499952   0.92053207  -0.28246741   1.64856875  -1.31381853
  0.45022335   0.64779104  -0.38413953  -0.72754425   1.55498474   0.92051536  -0.28249349   1.64856056  -1.31380768
  0.45022427   0.64780635  -0.38414904  -0.72754821   1.55496880   0.92050795  -0.28250078   1.64853958  -1.31380253
  0.45022535   0.64782135  -0.38415875  -0.72755068   1.55495362   0.92049988  -0.28249939   1.64851591  -1.31380039
  0.45022653   0.64783603  -0.38416877  -0.72755134   1.55493854   0.92049046  -0.28248990   1.64849104  -1.31380156
  0.45022769   0.64785060  -0.38417889  -0.72754927   1.55492216   0.92048366  -0.28247494   1.64846321  -1.31380526
  0.45022887   0.64786475  -0.38418943  -0.72754402   1.55490541   0.92047666  -0.28245393   1.64843392  -1.31381235
