  0.41770027   0.46579948  -1.27410013  -0.43299994   2.09290044   0.69139885   0.43859996   1.64320028  -1.13520004
  0.41770029   0.46579944  -1.27410014  -0.43299993   2.09290046   0.69139878   0.43859996   1.64320030  -1.13520004
  0.41770036   0.46579931  -1.27410017  -0.43299993   2.09290051   0.69139859   0.43859994   1.64320033  -1.13520007
  0.41770054   0.46579901  -1.27410021  -0.43299994   2.09290056   0.69139825   0.43859990   1.64320034  -1.13520014
  0.41770088   0.46579844  -1.27410029  -0.43299995   2.09290056   0.69139776   0.43859981   1.64320031  -1.13520032
  0.41770146   0.46579747  -1.27410042  -0.43299995   2.09290042   0.69139715   0.43859963   1.64320021  -1.13520068
  0.41770238   0.46579599  -1.27410061  -0.43299993   2.09290006   0.69139644   0.43859931   1.64320000  -1.13520130
  0.41770372   0.46579383  -1.27410088  -0.43299983   2.09289937   0.69139566   0.43859882   1.64319967  -1.13520230
  0.41770560   0.46579085  -1.27410125  -0.43299955   2.09289823   0.69139488   0.43859812   1.64319919  -1.13520386
  0.41770813   0.46578687  -1.27410171  -0.43299897   2.09289649   0.69139415   0.43859717   1.64319855  -1.13520619
  0.41771143   0.46578172  -1.27410223  -0.43299796   2.09289400   0.69139355   0.43859590   1.64319774  -1.13520953
  0.41771564   0.46577522  -1.27410278  -0.43299634   2.09289056   0.69139321   0.43859415   1.64319675  -1.13521413
  0.41772091   0.46576717  -1.27410334  -0.43299397   2.09288598   0.69139327   0.43859179   1.64319558  -1.13522028
  0.41772737   0.46575736  -1.27410390  -0.43299067   2.09288012   0.69139378   0.43858868   1.64319426  -1.13522823
  0.41773521   0.46574558  -1.27410445  -0.43298624   2.09287273   0.69139492   0.43858467   1.64319278  -1.13523830
  0.41774458   0.46573159  -1.27410501  -0.43298049   2.09286351   0.69139690   0.43857959   1.64319117  -1.13525080
  0.41775569   0.46571513  -1.27410561  -0.43297319   2.09285211   0.69140005   0.43857326   1.64318945  -1.13526604
  0.41776874   0.46569586  -1.27410638  -0.43296411   2.09283791   0.69140499   0.43856549   1.64318758  -1.13528439
  0.41778397   0.46567339  -1.27410752  -0.43295300   2.09282030   0.69141231   0.43855613   1.64318551  -1.13530618
  0.41780161   0.46564727  -1.27410929  -0.43293954   2.09279884   0.69142234   0.43854507   1.64318334  -1.13533175
  0.41782191   0.46561702  -1.27411192  -0.43292338   2.09277322   0.69143516   0.43853218   1.64318122  -1.13536142
  0.41784510   0.46558217  -1.27411558  -0.43290425   2.09274315   0.69145087   0.43851731   1.64317920  -1.13539552
  0.41787143   0.46554226  -1.27412035  -0.43288195   2.09270829   0.69146960   0.43850025   1.64317725  -1.13543435
  0.41790111   0.46549681  -1.27412627  -0.43285629   2.09266819   0.69149162   0.43848074   1.64317532  -1.13547827
  0.41793440   0.46544533  -1.27413339  -0.43282699   2.09262219   0.69151756   0.43845855   1.64317322  -1.13552770
  0.41797156   0.46538727  -1.27414187  -0.43279375   2.09256974   0.69154784   0.43843358   1.64317085  -1.13558313
  0.41801286   0.46532203  -1.27415190  -0.43275626   2.09251041   0.69158272   0.43840582   1.64316811  -1.13564498
  0.41805857   0.46524903  -1.27416367  -0.43271424   2.09244379   0.69162235   0.43837512   1.64316499  -1.13571359
  0.41810895   0.46516766  -1.27417734  -0.43266745   2.09236927   0.69166719   0.43834126   1.64316136  -1.13578935
  0.41816428   0.46507728  -1.27419307  -0.43261559   2.09228627   0.69171765   0.43830397   1.64315714  -1.13587265
  0.41822481   0.46497727  -1.27421102  -0.43255837   2.09219436   0.69177394   0.43826312   1.64315227  -1.13596389
  0.41829082   0.46486704  -1.27423132  -0.43249553   2.09209311   0.69183626   0.43821852   1.64314665  -1.13606346
  0.41836255   0.46474595  -1.27425405  -0.43242673   2.09198186   0.69190516   0.43816985   1.64314017  -1.13617182
  0.41844026   0.46461336  -1.27427938  -0.43235159   2.09186009   0.69198093   0.43811695   1.64313278  -1.13628944
  0.41852421   0.46446865  -1.27430745  -0.43226984   2.09172727   0.69206393   0.43805972   1.64312431  -1.13641674
  0.41861465   0.46431119  -1.27433838  -0.43218126   2.09158286   0.69215448   0.43799810   1.64311457  -1.13655410
  0.41871182   0.46414033  -1.27437229  -0.43208567   2.09142611   0.69225320   0.43793188   1.64310331  -1.13670186
  0.41881594   0.46395543  -1.27440932  -0.43198277   2.09125643   0.69236047   0.43786089   1.64309045  -1.13686040
  0.41892723   0.46375585  -1.27444959  -0.43187226   2.09107330   0.69247658   0.43778501   1.64307582  -1.13703013
  0.41904592   0.46354093  -1.27449325  -0.43175382   2.09087603   0.69260216   0.43770409   1.64305920  -1.13721149
  0.41917221   0.46331002  -1.27454041  -0.43162718   2.09066396   0.69273769   0.43761801   1.64304038  -1.13740488
  0.41930629   0.46306248  -1.27459123  -0.43149197   2.09043682   0.69288305   0.43752659   1.64301948  -1.13761063
  0.41944834   0.46279767  -1.27464582  -0.43134781   2.09019444   0.69303796   0.43742959   1.64299666  -1.13782900
  0.41959852   0.46251495  -1.27470430  -0.43119433   2.08993658   0.69320230   0.43732690   1.64297195  -1.13806035
  0.41975700   0.46221374  -1.27476662  -0.43103110   2.08966262   0.69337671   0.43721828   1.64294508  -1.13830530
  0.41992395   0.46189348  -1.27483276  -0.43085773   2.08937175   0.69356226   0.43710373   1.64291540  -1.13856460
  0.42009955   0.46155359  -1.27490271  -0.43067396   2.08906340   0.69375956   0.43698312   1.64288252  -1.13883874
  0.42028397   0.46119350  -1.27497641  -0.43047954   2.08873716   0.69396874   0.43685599   1.64284641  -1.13912804
  0.42047738   0.46081268  -1.27505379  -0.43027417   2.08839246   0.69419034   0.43672199   1.64280683  -1.13943298
  0.42067998   0.46041062  -1.27513481  -0.43005758   2.08802867   0.69442506   0.43658109   1.64276332  -1.13975416
  0.42089199   0.45998680  -1.27521953  -0.42982946   2.08764543   0.69467305   0.43643354   1.64271567  -1.14009205
  0.42111358   0.45954068  -1.27530806  -0.42958947   2.08724248   0.69493411   0.43627918   1.64266412  -1.14044695
  0.42134495   0.45907172  -1.27540045  -0.42933739   2.08681929   0.69520835   0.43611786   1.64260874  -1.14081908
  0.42158625   0.45857940  -1.27549680  -0.42907300   2.08637537   0.69549596   0.43594939   1.64254956  -1.14120865
  0.42183762   0.45806315  -1.27559718  -0.42879606   2.08591033   0.69579698   0.43577352   1.64248664  -1.14161588
  0.42209918   0.45752246  -1.27570164  -0.42850604   2.08542402   0.69611133   0.43559009   1.64242007  -1.14204123
  0.42237109   0.45695689  -1.27581011  -0.42820232   2.08491618   0.69643965   0.43539906   1.64234934  -1.14248565
  0.42265352   0.45636603  -1.27592237  -0.42788424   2.08438647   0.69678296   0.43520029   1.64227368  -1.14295032
  0.42294669   0.45574951  -1.27603817  -0.42755113   2.08383481   0.69714131   0.43499309   1.64219316  -1.14343603
  0.42325084   0.45510696  -1.27615732  -0.42720282   2.08326075   0.69751531   0.43477727   1.64210729  -1.14394343
  0.42356625   0.45443801  -1.27627966  -0.42683928   2.08266384   0.69790513   0.43455255   1.64201601  -1.14447280
  0.42389317   0.45374226  -1.27640513  -0.42646059   2.08204345   0.69831094   0.43431873   1.64191934  -1.14502423
  0.42423179   0.45301933  -1.27653374  -0.42606670   2.08139904   0.69873284   0.43407583   1.64181735  -1.14559787
  0.42458230   0.45226883  -1.27666559  -0.42565727   2.08073037   0.69917064   0.43382401   1.64171022  -1.14619404
  0.42494483   0.45149039  -1.27680074  -0.42523204   2.08003727   0.69962413   0.43356354   1.64159805  -1.14681302
  0.42531948   0.45068364  -1.27693928  -0.42479072   2.07931959   0.70009299   0.43329454   1.64148107  -1.14745503
  0.42570635   0.44984826  -1.27708122  -0.42433295   2.07857728   0.70057699   0.43301698   1.64135944  -1.14812035
  0.42610549   0.44898400  -1.27722633  -0.42385814   2.07781032   0.70107652   0.43273070   1.64123278  -1.14880983
  0.42651697   0.44809068  -1.27737427  -0.42336553   2.07701880   0.70159168   0.43243511   1.64110105  -1.14952433
  0.42694091   0.44716817  -1.27752450  -0.42285476   2.07620143   0.70212483   0.43212988   1.64096304  -1.15026499
  0.42737739   0.44621637  -1.27767658  -0.42232598   2.07535709   0.70267819   0.43181537   1.64081711  -1.15103265
  0.42782651   0.44523515  -1.27783014  -0.42177890   2.07448571   0.70325175   0.43149109   1.64066326  -1.15182775
  0.42828839   0.44422437  -1.27798492  -0.42121281   2.07358777   0.70384415   0.43115622   1.64050261  -1.15265056
  0.42876319   0.44318396  -1.27814070  -0.42062713   2.07266277   0.70445596   0.43081102   1.64033503  -1.15350199
  0.42925111   0.44211382  -1.27829736  -0.42002170   2.07171006   0.70508798   0.43045625   1.64016000  -1.15438270
  0.42975234   0.44101386  -1.27845481  -0.41939629   2.07072938   0.70574009   0.43009197   1.63997780  -1.15529297
  0.43026706   0.43988396  -1.27861302  -0.41875085   2.06972045   0.70641228   0.42971828   1.63978858  -1.15623297
  0.43079540   0.43872399  -1.27877196  -0.41808526   2.06868322   0.70710398   0.42933494   1.63959287  -1.15720268
  0.43133749   0.43753387  -1.27893151  -0.41739962   2.06761752   0.70781499   0.42894165   1.63939089  -1.15820198
  0.43189338   0.43631350  -1.27909155  -0.41669408   2.06652318   0.70854507   0.42853813   1.63918288  -1.15923071
  0.43246312   0.43506281  -1.27925194  -0.41596858   2.06540003   0.70929409   0.42812450   1.63896888  -1.16028896
  0.43304673   0.43378172  -1.27941259  -0.41522264   2.06424835   0.71006133   0.42770100   1.63874932  -1.16137706
  0.43364420   0.43247020  -1.27957336  -0.41445560   2.06306873   0.71084586   0.42726791   1.63852459  -1.16249557
  0.43425552   0.43112837  -1.27973377  -0.41366707   2.06186100   0.71164892   0.42682560   1.63829349  -1.16364556
  0.43488066   0.42975640  -1.27989311  -0.41285726   2.06062443   0.71247286   0.42637444   1.63805394  -1.16482801
  0.43551959   0.42835444  -1.28005076  -0.41202667   2.05935836   0.71331928   0.42591450   1.63780451  -1.16604326
  0.43617225   0.42692259  -1.28020620  -0.41117537   2.05806325   0.71418703   0.42544480   1.63754578  -1.16729100
  0.43683857   0.42546087  -1.28035906  -0.41030312   2.05674005   0.71507345   0.42496418   1.63727955  -1.16857061
  0.43751846   0.42396932  -1.28050907  -0.40940983   2.05538923   0.71597651   0.42447209   1.63700726  -1.16988153
  0.43821186   0.42244810  -1.28065579  -0.40849486   2.05401077   0.71689658   0.42396927   1.63672847  -1.17122471
  0.43891871   0.42089756  -1.28079854  -0.40755759   2.05260425   0.71783597   0.42345709   1.63644108  -1.17260206
  0.43963903   0.41931807  -1.28093659  -0.40659820   2.05116897   0.71879744   0.42293674   1.63614257  -1.17401491
  0.44037286   0.41770996  -1.28106937  -0.40561765   2.04970404   0.71978289   0.42240862   1.63583137  -1.17546337
  0.44112027   0.41607341  -1.28119666  -0.40461671   2.04820883   0.72079225   0.42187237   1.63550785  -1.17694664
  0.44188129   0.41440851  -1.28131851  -0.40359549   2.04668361   0.72182360   0.42132760   1.63517374  -1.17846388
  0.44265596   0.41271537  -1.28143513  -0.40255345   2.04512905   0.72287489   0.42077489   1.63483064  -1.18001497
  0.44344426   0.41099412  -1.28154667  -0.40148998   2.04354586   0.72394407   0.42021508   1.63448005  -1.18159992
  0.44424615   0.40924494  -1.28165317  -0.40040484   2.04193391   0.72503077   0.41964956   1.63412236  -1.18321899
  0.44506154   0.40746810  -1.28175445  -0.39929813   2.04029240   0.72613601   0.41907983   1.63375708  -1.18487253
  0.44589033   0.40566386  -1.28185019  -0.39816983   2.03862143   0.72725924   0.41850566   1.63338472  -1.18656038
  0.44673241   0.40383252  -1.28194015  -0.39701978   2.03692196   0.72839911   0.41792666   1.63300590  -1.18828237
  0.44758775   0.40197450  -1.28202387  -0.39584812   2.03519438   0.72955620   0.41734283   1.63261967  -1.19003890
  0.44845629   0.40009025  -1.28210080  -0.39465555   2.03343840   0.73073229   0.41675417   1.63222437  -1.19183021
  0.44933804   0.39818024  -1.28217034  -0.39344297   2.03165344   0.73192925   0.41616064   1.63181844  -1.19365633
  0.45023297   0.39624498  -1.28223181  -0.39221072   2.02983925   0.73314826   0.41556209   1.63140085  -1.19551764
  0.45114114   0.39428495  -1.28228447  -0.39095772   2.02799688   0.73438767   0.41495745   1.63097272  -1.19741481
  0.45206274   0.39230068  -1.28232792  -0.38968350   2.02612661   0.73564699   0.41434786   1.63053439  -1.19934878
  0.45299803   0.39029256  -1.28236199  -0.38838782   2.02422853   0.73692452   0.41373352   1.63008762  -1.20131943
  0.45394724   0.38826093  -1.28238662  -0.38707051   2.02230327   0.73821729   0.41311343   1.62963511  -1.20332594
  0.45491061   0.38620628  -1.28240165  -0.38573191   2.02035138   0.73952414   0.41248753   1.62917754  -1.20536806
  0.45588839   0.38412918  -1.28240685  -0.38437258   2.01837305   0.74084557   0.41185695   1.62871425  -1.20744614
  0.45688079   0.38203032  -1.28240175  -0.38299332   2.01636810   0.74218308   0.41122218   1.62824379  -1.20956057
  0.45788802   0.37991037  -1.28238578  -0.38159534   2.01433597   0.74353871   0.41058334   1.62776454  -1.21171141
  0.45891024   0.37776996  -1.28235854  -0.38017981   2.01227610   0.74491364   0.40994030   1.62727570  -1.21389824
  0.45994758   0.37560953  -1.28231988  -0.37874706   2.01018878   0.74630627   0.40929220   1.62677878  -1.21612024
  0.46100011   0.37342941  -1.28226998  -0.37729677   2.00807551   0.74771290   0.40863907   1.62627636  -1.21837668
  0.46206783   0.37122994  -1.28220910  -0.37582883   2.00593730   0.74913066   0.40798159   1.62577053  -1.22066694
  0.46315069   0.36901153  -1.28213731  -0.37434283   2.00377490   0.75055821   0.40732108   1.62526222  -1.22299126
  0.46424867   0.36677463  -1.28205463  -0.37283789   2.00158900   0.75199448   0.40665870   1.62475229  -1.22535030
  0.46536179   0.36451986  -1.28196074  -0.37131350   1.99937988   0.75344036   0.40599515   1.62424005  -1.22774510
  0.46649020   0.36224790  -1.28185531  -0.36976927   1.99714826   0.75489540   0.40533046   1.62372570  -1.23017620
  0.46763412   0.35995941  -1.28173813  -0.36820602   1.99489433   0.75635977   0.40466492   1.62320900  -1.23264340
  0.46879376   0.35765524  -1.28160859  -0.36662505   1.99261775   0.75783508   0.40399812   1.62268862  -1.23514648
  0.46996935   0.35533627  -1.28146608  -0.36502784   1.99031779   0.75932393   0.40333020   1.62216262  -1.23768547
  0.47116106   0.35300334  -1.28131001  -0.36341585   1.98799362   0.76082888   0.40266134   1.62162918  -1.24026030
  0.47236908   0.35065712  -1.28114011  -0.36179032   1.98564470   0.76235044   0.40199090   1.62108832  -1.24287010
  0.47359361   0.34829818  -1.28095642  -0.36015165   1.98327102   0.76388787   0.40131896   1.62054110  -1.24551432
  0.47483484   0.34592713  -1.28075887  -0.35849949   1.98087302   0.76544062   0.40064597   1.61998819  -1.24819341
  0.47609300   0.34354449  -1.28054752  -0.35683256   1.97845209   0.76700583   0.39997183   1.61943183  -1.25090773
  0.47736835   0.34115055  -1.28032292  -0.35515012   1.97600820   0.76858293   0.39929670   1.61887339  -1.25365744
  0.47866118   0.33874566  -1.28008565  -0.35345232   1.97354146   0.77017233   0.39862092   1.61831296  -1.25644243
  0.47997170   0.33633025  -1.27983598  -0.35173975   1.97105254   0.77177316   0.39794389   1.61775106  -1.25926193
  0.48130008   0.33390481  -1.27957390  -0.35001230   1.96854247   0.77338347   0.39726540   1.61718895  -1.26211566
  0.48264650   0.33147003  -1.27929908  -0.34827021   1.96601152   0.77500356   0.39658609   1.61662634  -1.26500403
  0.48401114   0.32902676  -1.27901093  -0.34651480   1.96345954   0.77663452   0.39590595   1.61606220  -1.26792680
  0.48539418   0.32657587  -1.27870888  -0.34474753   1.96088626   0.77827760   0.39522506   1.61549547  -1.27088363
  0.48679576   0.32411826  -1.27839217  -0.34297001   1.95829097   0.77993459   0.39454272   1.61492488  -1.27387396
  0.48821599   0.32165477  -1.27806028  -0.34118335   1.95567315   0.78160674   0.39385865   1.61434974  -1.27689746
  0.48965503   0.31918602  -1.27771292  -0.33938660   1.95303288   0.78329296   0.39317261   1.61377156  -1.27995452
  0.49111312   0.31671257  -1.27735032  -0.33757949   1.95037050   0.78499203   0.39248540   1.61319183  -1.28304520
  0.49259049   0.31423487  -1.27697296  -0.33576178   1.94768665   0.78670207   0.39179764   1.61261239  -1.28616922
  0.49408735   0.31175339  -1.27658138  -0.33393366   1.94498231   0.78842132   0.39110975   1.61203466  -1.28932601
  0.49560386   0.30926861  -1.27617610  -0.33209538   1.94225862   0.79014797   0.39042217   1.61145985  -1.29251495
  0.49714011   0.30678107  -1.27575748  -0.33024743   1.93951663   0.79188103   0.38973541   1.61088846  -1.29573559
  0.49869617   0.30429139  -1.27532566  -0.32839064   1.93675737   0.79361979   0.38904947   1.61032049  -1.29898723
  0.50027205   0.30180030  -1.27488045  -0.32652631   1.93398140   0.79536441   0.38836339   1.60975529  -1.30226891
  0.50186773   0.29930862  -1.27442134  -0.32465567   1.93118875   0.79711635   0.38767646   1.60919141  -1.30558015
  0.50348318   0.29681732  -1.27394738  -0.32278005   1.92837904   0.79887810   0.38698689   1.60862652  -1.30892054
  0.50511836   0.29432735  -1.27345766  -0.32090036   1.92555164   0.80065218   0.38629360   1.60805866  -1.31229008
  0.50677328   0.29183935  -1.27295146  -0.31901396   1.92270699   0.80243711   0.38559648   1.60748939  -1.31569048
  0.50844800   0.28935370  -1.27242866  -0.31711619   1.91984714   0.80422804   0.38489663   1.60692268  -1.31912434
  0.51014292   0.28687102  -1.27188939  -0.31520559   1.91697368   0.80602260   0.38419421   1.60636005  -1.32259254
  0.51185861   0.28439222  -1.27133352  -0.31328308   1.91408718   0.80782112   0.38348773   1.60580085  -1.32609466
  0.51359569   0.28191835  -1.27076091  -0.31135038   1.91118779   0.80962469   0.38277645   1.60524403  -1.32963018
  0.51535481   0.27945035  -1.27017188  -0.30940915   1.90827697   0.81143203   0.38206171   1.60469002  -1.33319863
  0.51713649   0.27698897  -1.26956691  -0.30746023   1.90535547   0.81324154   0.38134501   1.60414041  -1.33679966
  0.51894119   0.27453474  -1.26894682  -0.30550396   1.90242476   0.81505023   0.38062756   1.60359753  -1.34043271
  0.52076923   0.27208820  -1.26831244  -0.30354140   1.89948632   0.81685609   0.37990958   1.60306255  -1.34409658
  0.52262084   0.26964999  -1.26766425  -0.30157394   1.89654095   0.81865903   0.37919004   1.60253507  -1.34779001
  0.52449614   0.26722089  -1.26700208  -0.29960252   1.89358917   0.82046027   0.37846720   1.60201342  -1.35151237
  0.52639527   0.26480173  -1.26632589  -0.29762809   1.89063206   0.82226003   0.37774155   1.60149676  -1.35526357
  0.52831835   0.26239336  -1.26563548  -0.29565172   1.88767028   0.82405871   0.37701324   1.60098430  -1.35904333
  0.53026541   0.25999672  -1.26493014  -0.29367442   1.88470406   0.82585735   0.37628105   1.60047465  -1.36285128
  0.53223654   0.25761268  -1.26420947  -0.29169742   1.88173392   0.82765595   0.37554465   1.59996733  -1.36668683
  0.53423178   0.25524198  -1.26347307  -0.28972041   1.87876048   0.82945343   0.37480399   1.59946305  -1.37055018
  0.53625121   0.25288532  -1.26272064  -0.28774309   1.87578412   0.83124932   0.37405839   1.59896203  -1.37444138
  0.53829499   0.25054337  -1.26195249  -0.28576543   1.87280598   0.83304236   0.37330942   1.59846524  -1.37836071
  0.54036326   0.24821666  -1.26116921  -0.28378775   1.86982720   0.83483125   0.37255837   1.59797371  -1.38230793
  0.54245610   0.24590564  -1.26037150  -0.28181037   1.86684885   0.83661453   0.37180588   1.59748850  -1.38628245
  0.54457355   0.24361076  -1.25956000  -0.27983393   1.86387209   0.83839108   0.37105183   1.59701010  -1.39028331
  0.54671559   0.24133256  -1.25873497  -0.27785937   1.86089767   0.84016078   0.37029466   1.59653787  -1.39430926
  0.54888209   0.23907165  -1.25789639  -0.27588785   1.85792612   0.84192434   0.36953275   1.59607049  -1.39835918
  0.55107292   0.23682875  -1.25704424  -0.27392070   1.85495842   0.84368195   0.36876629   1.59560703  -1.40243235
  0.55328792   0.23460457  -1.25617860  -0.27195925   1.85199598   0.84543321   0.36799701   1.59514726  -1.40652840
  0.55552686   0.23239972  -1.25529934  -0.27000403   1.84903962   0.84717743   0.36722610   1.59469152  -1.41064717
  0.55778950   0.23021467  -1.25440637  -0.26805498   1.84609001   0.84891355   0.36645407   1.59424056  -1.41478847
  0.56007560   0.22804990  -1.25349979  -0.26611228   1.84314805   0.85064064   0.36568094   1.59379470  -1.41895179
  0.56238493   0.22590579  -1.25257975  -0.26417564   1.84021466   0.85235747   0.36490704   1.59335464  -1.42313691
  0.56471724   0.22378267  -1.25164654  -0.26224498   1.83729067   0.85406282   0.36413250   1.59292112  -1.42734334
  0.56707231   0.22168089  -1.25070042  -0.26032052   1.83437672   0.85575601   0.36335651   1.59249426  -1.43157017
  0.56944991   0.21960079  -1.24974170  -0.25840234   1.83147365   0.85743637   0.36257885   1.59207416  -1.43581684
  0.57184978   0.21754274  -1.24877063  -0.25649026   1.82858242   0.85910297   0.36179984   1.59166121  -1.44008306
  0.57427163   0.21550706  -1.24778742  -0.25458435   1.82570383   0.86075506   0.36101966   1.59125567  -1.44436840
  0.57671519   0.21349418  -1.24679203  -0.25268524   1.82283824   0.86239287   0.36023697   1.59085669  -1.44867184
  0.57918017   0.21150460  -1.24578442  -0.25079422   1.81998621   0.86401706   0.35945005   1.59046270  -1.45299203
  0.58166634   0.20953887  -1.24476456  -0.24891267   1.81714837   0.86562825   0.35865800   1.59007240  -1.45732784
  0.58417342   0.20759761  -1.24373232  -0.24704155   1.81432550   0.86722673   0.35786122   1.58968508  -1.46167880
  0.58670113   0.20568137  -1.24268749  -0.24518116   1.81151824   0.86881222   0.35706080   1.58930088  -1.46604494
  0.58924920   0.20379065  -1.24162994  -0.24333179   1.80872724   0.87038413   0.35625727   1.58892010  -1.47042603
  0.59181735   0.20192591  -1.24055961  -0.24149383   1.80595312   0.87194194   0.35545040   1.58854275  -1.47482143
  0.59440532   0.20008757  -1.23947651  -0.23966749   1.80319648   0.87348508   0.35464014   1.58816897  -1.47923067
  0.59701284   0.19827600  -1.23838085  -0.23785316   1.80045799   0.87501296   0.35382664   1.58779903  -1.48365314
  0.59963968   0.19649155  -1.23727295  -0.23605134   1.79773837   0.87652503   0.35301004   1.58743314  -1.48808813
  0.60228556   0.19473453  -1.23615311  -0.23426236   1.79503842   0.87802062   0.35219072   1.58707162  -1.49253503
  0.60495019   0.19300520  -1.23502173  -0.23248667   1.79235895   0.87949907   0.35136877   1.58671466  -1.49699310
  0.60763325   0.19130385  -1.23387915  -0.23072481   1.78970084   0.88095986   0.35054395   1.58636214  -1.50146142
  0.61033435   0.18963073  -1.23272546  -0.22897685   1.78706472   0.88240275   0.34971623   1.58601383  -1.50593954
  0.61305304   0.18798608  -1.23156071  -0.22724255   1.78445120   0.88382723   0.34888597   1.58566988  -1.51042728
  0.61578892   0.18637006  -1.23038515  -0.22552196   1.78186098   0.88523251   0.34805359   1.58533072  -1.51492413
  0.61854164   0.18478283  -1.22919924  -0.22381579   1.77929472   0.88661816   0.34721913   1.58499643  -1.51942908
  0.62131085   0.18322454  -1.22800347  -0.22212489   1.77675300   0.88798413   0.34638246   1.58466679  -1.52394099
  0.62409616   0.18169534  -1.22679829  -0.22045003   1.77423640   0.88933050   0.34554349   1.58434141  -1.52845889
  0.62689719   0.18019541  -1.22558401  -0.21879184   1.77174547   0.89065760   0.34470213   1.58401967  -1.53298194
  0.62971349   0.17872491  -1.22436082  -0.21715070   1.76928071   0.89196560   0.34385880   1.58370127  -1.53750969
  0.63254462   0.17728397  -1.22312885  -0.21552671   1.76684264   0.89325415   0.34301396   1.58338635  -1.54204171
  0.63539006   0.17587261  -1.22188823  -0.21391985   1.76443187   0.89452257   0.34216751   1.58307498  -1.54657740
  0.63824932   0.17449088  -1.22063915  -0.21233046   1.76204875   0.89577082   0.34131912   1.58276682  -1.55111588
  0.64112191   0.17313882  -1.21938187  -0.21075912   1.75969373   0.89699891   0.34046854   1.58246145  -1.55565622
  0.64400738   0.17181648  -1.21811658  -0.20920612   1.75736731   0.89820671   0.33961588   1.58215868  -1.56019779
  0.64690519   0.17052387  -1.21684329  -0.20767134   1.75506974   0.89939422   0.33876122   1.58185829  -1.56474020
  0.64981481   0.16926094  -1.21556206  -0.20615446   1.75280093   0.90056139   0.33790493   1.58156050  -1.56928321
  0.65273575   0.16802758  -1.21427315  -0.20465540   1.75056109   0.90170782   0.33704716   1.58126561  -1.57382627
  0.65566756   0.16682362  -1.21297699  -0.20317406   1.74835066   0.90283296   0.33618792   1.58097382  -1.57836869
  0.65860974   0.16564892  -1.21167387  -0.20171008   1.74617000   0.90393656   0.33532705   1.58068494  -1.58291002
  0.66156185   0.16450335  -1.21036414  -0.20026345   1.74401910   0.90501897   0.33446458   1.58039869  -1.58744975
  0.66452349   0.16338678  -1.20904810  -0.19883433   1.74189780   0.90608075   0.33360042   1.58011472  -1.59198725
  0.66749426   0.16229907  -1.20772604  -0.19742278   1.73980590   0.90712235   0.33273462   1.57983285  -1.59652205
  0.67047375   0.16124008  -1.20639820  -0.19602874   1.73774317   0.90814403   0.33186728   1.57955307  -1.60105367
  0.67346157   0.16020961  -1.20506489  -0.19465217   1.73570940   0.90914597   0.33099830   1.57927538  -1.60558157
  0.67645734   0.15920741  -1.20372644  -0.19329305   1.73370442   0.91012822   0.33012755   1.57899981  -1.61010512
  0.67946069   0.15823326  -1.20238328  -0.19195127   1.73172823   0.91109076   0.32925493   1.57872634  -1.61462376
  0.68247120   0.15728693  -1.20103574  -0.19062667   1.72978087   0.91203368   0.32838048   1.57845486  -1.61913705
  0.68548846   0.15636819  -1.19968410  -0.18931906   1.72786229   0.91295714   0.32750429   1.57818524  -1.62364462
  0.68851201   0.15547682  -1.19832851  -0.18802813   1.72597238   0.91386128   0.32662666   1.57791748  -1.62814624
  0.69154133   0.15461260  -1.19696906  -0.18675350   1.72411111   0.91474611   0.32574792   1.57765162  -1.63264172
  0.69457583   0.15377524  -1.19560579  -0.18549475   1.72227845   0.91561144   0.32486821   1.57738771  -1.63713078
  0.69761493   0.15296445  -1.19423876  -0.18425150   1.72047431   0.91645712   0.32398728   1.57712562  -1.64161293
  0.70065804   0.15217987  -1.19286812  -0.18302333   1.71869866   0.91728299   0.32310520   1.57686532  -1.64608778
  0.70370462   0.15142120  -1.19149405  -0.18180986   1.71695154   0.91808900   0.32222195   1.57660664  -1.65055493
  0.70675420   0.15068816  -1.19011684  -0.18061114   1.71523287   0.91887553   0.32133725   1.57634907  -1.65501376
  0.70980639   0.14998050  -1.18873679  -0.17942721   1.71354248   0.91964306   0.32045129   1.57609237  -1.65946382
  0.71286079   0.14929795  -1.18735427  -0.17825848   1.71187991   0.92039250   0.31956399   1.57583613  -1.66390435
  0.71591704   0.14864022  -1.18596961  -0.17710521   1.71024465   0.92112478   0.31867459   1.57557948  -1.66833450
  0.71897480   0.14800705  -1.18458298  -0.17596730   1.70863568   0.92184121   0.31778258   1.57532168  -1.67275383
  0.72203375   0.14739814  -1.18319439  -0.17484430   1.70705169   0.92254315   0.31688778   1.57506235  -1.67716226
  0.72509364   0.14681316  -1.18180406  -0.17373540   1.70549241   0.92323023   0.31599017   1.57480180  -1.68155978
  0.72815424   0.14625170  -1.18041241  -0.17263969   1.70395850   0.92390074   0.31508986   1.57454091  -1.68594629
  0.73121532   0.14571338  -1.17902005  -0.17155694   1.70245004   0.92455420   0.31418735   1.57428036  -1.69032147
  0.73427664   0.14519785  -1.17762759  -0.17048689   1.70096751   0.92518977   0.31328291   1.57402064  -1.69468494
  0.73733793   0.14470474  -1.17623552  -0.16942923   1.69951176   0.92580629   0.31237655   1.57376198  -1.69903626
  0.74039890   0.14423380  -1.17484430  -0.16838445   1.69808249   0.92640463   0.31146814   1.57350388  -1.70337469
  0.74345922   0.14378481  -1.17345425  -0.16735344   1.69667889   0.92698656   0.31055723   1.57324522  -1.70769924
  0.74651845   0.14335746  -1.17206597  -0.16633686   1.69530129   0.92755221   0.30964539   1.57298676  -1.71200947
  0.74957607   0.14295142  -1.17068026  -0.16533527   1.69395076   0.92810070   0.30873551   1.57273041  -1.71630514
  0.75263140   0.14256630  -1.16929762  -0.16434978   1.69262681   0.92863353   0.30782762   1.57247542  -1.72058494
  0.75568369   0.14220162  -1.16791819  -0.16338039   1.69132889   0.92915164   0.30692200   1.57222142  -1.72484826
  0.75873213   0.14185692  -1.16654172  -0.16242649   1.69005600   0.92965601   0.30601781   1.57196734  -1.72909460
  0.76177601   0.14153171  -1.16516782  -0.16148721   1.68880705   0.93014738   0.30511407   1.57171231  -1.73332366
  0.76481472   0.14122553  -1.16379620  -0.16056165   1.68758105   0.93062597   0.30421009   1.57145603  -1.73753520
  0.76784772   0.14093785  -1.16242686  -0.15964881   1.68637763   0.93109107   0.30330633   1.57119940  -1.74172931
  0.77087457   0.14066818  -1.16105996  -0.15874750   1.68519688   0.93154158   0.30240362   1.57094347  -1.74590632
  0.77389487   0.14041609  -1.15969572  -0.15785707   1.68403873   0.93197734   0.30150197   1.57068820  -1.75006611
  0.77690831   0.14018122  -1.15833476  -0.15697821   1.68290277   0.93239944   0.30060101   1.57043291  -1.75420762
  0.77991459   0.13996324  -1.15697788  -0.15611268   1.68178831   0.93280993   0.29969994   1.57017626  -1.75832905
  0.78291339   0.13976185  -1.15562532  -0.15526122   1.68069446   0.93321076   0.29879694   1.56991610  -1.76242905
  0.78590438   0.13957676  -1.15427695  -0.15442323   1.67962046   0.93360288   0.29789126   1.56965138  -1.76650754
  0.78888727   0.13940759  -1.15293311  -0.15359833   1.67856645   0.93398577   0.29698419   1.56938320  -1.77056469
  0.79186173   0.13925386  -1.15159427  -0.15278554   1.67753339   0.93435710   0.29607856   1.56911456  -1.77460133
  0.79482741   0.13911503  -1.15026051  -0.15198320   1.67652193   0.93471427   0.29517606   1.56884792  -1.77861840
  0.79778402   0.13899061  -1.14893175  -0.15119013   1.67553168   0.93505674   0.29427637   1.56858339  -1.78261612
  0.80073127   0.13888020  -1.14760791  -0.15040556   1.67456177   0.93538524   0.29337896   1.56832035  -1.78659454
  0.80366897   0.13878348  -1.14628921  -0.14962953   1.67361126   0.93570127   0.29248294   1.56805752  -1.79055314
  0.80659692   0.13870016  -1.14497584  -0.14886170   1.67267963   0.93600591   0.29158824   1.56779421  -1.79449192
  0.80951494   0.13862999  -1.14366791  -0.14810166   1.67176638   0.93629991   0.29069501   1.56753003  -1.79841102
  0.81242286   0.13857274  -1.14236543  -0.14734969   1.67087051   0.93658461   0.28980230   1.56726399  -1.80230987
  0.81532056   0.13852818  -1.14106849  -0.14660649   1.66999102   0.93686110   0.28890903   1.56699527  -1.80618749
  0.81820782   0.13849598  -1.13977750  -0.14587227   1.66912796   0.93712874   0.28801631   1.56672534  -1.81004366
  0.82108437   0.13847573  -1.13849339  -0.14514845   1.66828163   0.93738766   0.28712467   1.56645469  -1.81387703
  0.82394975   0.13846708  -1.13721695  -0.14443665   1.66745204   0.93763930   0.28623320   1.56618181  -1.81768570
  0.82680345   0.13846970  -1.13594829  -0.14373706   1.66663904   0.93788493   0.28534107   1.56590496  -1.82146889
  0.82964486   0.13848325  -1.13468745  -0.14304954   1.66584270   0.93812496   0.28444885   1.56562391  -1.82522644
  0.83247333   0.13850733  -1.13343385  -0.14237338   1.66506227   0.93835977   0.28355608   1.56533807  -1.82895831
  0.83528820   0.13854155  -1.13218632  -0.14170713   1.66429629   0.93858970   0.28266136   1.56504652  -1.83266472
  0.83808897   0.13858552  -1.13094397  -0.14104875   1.66354405   0.93881393   0.28176495   1.56474985  -1.83634681
  0.84087531   0.13863885  -1.12970643  -0.14039651   1.66280520   0.93903154   0.28086802   1.56444934  -1.84000578
  0.84364705   0.13870113  -1.12847388  -0.13974939   1.66207947   0.93924213   0.27997159   1.56414600  -1.84364230
  0.84640410   0.13877190  -1.12724709  -0.13910702   1.66136749   0.93944446   0.27907751   1.56384183  -1.84725668
  0.84914635   0.13885070  -1.12602749  -0.13847078   1.66067010   0.93963792   0.27818693   1.56353814  -1.85084770
  0.85187360   0.13893702  -1.12481643  -0.13784132   1.65998910   0.93982021   0.27730204   1.56323756  -1.85441477
  0.85458547   0.13903031  -1.12361565  -0.13722069   1.65932610   0.93999035   0.27642457   1.56294183  -1.85795616
  0.85728144   0.13913011  -1.12242660  -0.13661191   1.65868163   0.94015025   0.27555347   1.56264902  -1.86146874
  0.85996088   0.13923616  -1.12124933  -0.13601622   1.65805468   0.94030367   0.27468573   1.56235449  -1.86495048
  0.86262321   0.13934834  -1.12008273  -0.13543245   1.65744384   0.94045303   0.27382029   1.56205566  -1.86840201
  0.86526798   0.13946649  -1.11892557  -0.13485842   1.65684825   0.94059821   0.27295869   1.56175354  -1.87182538
  0.86789485   0.13959029  -1.11777725  -0.13429293   1.65626758   0.94073751   0.27210237   1.56145047  -1.87522166
  0.87050363   0.13971930  -1.11663785  -0.13373603   1.65570188   0.94086879   0.27125181   1.56114877  -1.87859042
  0.87309409   0.13985316  -1.11550772  -0.13318836   1.65515084   0.94099226   0.27040605   1.56084802  -1.88193052
  0.87566602   0.13999158  -1.11438697  -0.13265014   1.65461373   0.94110963   0.26956388   1.56054636  -1.88524128
  0.87821923   0.14013443  -1.11327542  -0.13212109   1.65408966   0.94122283   0.26872484   1.56024222  -1.88852283
  0.88075356   0.14028152  -1.11217272  -0.13159987   1.65357809   0.94133233   0.26789035   1.55993620  -1.89177664
  0.88326893   0.14043257  -1.11107872  -0.13108535   1.65307889   0.94143704   0.26706206   1.55963027  -1.89500385
  0.88576533   0.14058721  -1.10999369  -0.13057721   1.65259221   0.94153510   0.26624103   1.55932677  -1.89820470
  0.88824270   0.14074508  -1.10891825  -0.13007626   1.65211794   0.94162651   0.26542698   1.55902595  -1.90137817
  0.89070083   0.14090587  -1.10785251  -0.12958234   1.65165526   0.94171283   0.26461891   1.55872622  -1.90452387
  0.89313946   0.14106931  -1.10679651  -0.12909533   1.65120355   0.94179548   0.26381636   1.55842636  -1.90764159
  0.89555832   0.14123517  -1.10574994  -0.12861488   1.65076188   0.94187579   0.26301852   1.55812507  -1.91073124
  0.89795720   0.14140326  -1.10471224  -0.12814046   1.65032918   0.94195470   0.26222477   1.55782159  -1.91379306
  0.90033598   0.14157337  -1.10368282  -0.12767084   1.64990474   0.94203181   0.26143596   1.55751702  -1.91682821
  0.90269467   0.14174526  -1.10266132  -0.12720464   1.64948813   0.94210588   0.26065338   1.55721334  -1.91983801
  0.90503334   0.14191860  -1.10164764  -0.12674098   1.64907889   0.94217561   0.25987770   1.55691237  -1.92282315
  0.90735216   0.14209309  -1.10064235  -0.12628022   1.64867686   0.94224043   0.25910892   1.55661508  -1.92578313
  0.90965124   0.14226840  -1.09964609  -0.12582226   1.64828223   0.94229953   0.25834813   1.55632297  -1.92871811
  0.91193063   0.14244423  -1.09865966  -0.12536757   1.64789529   0.94235277   0.25759554   1.55603642  -1.93162754
  0.91419032   0.14262031  -1.09768327  -0.12491569   1.64751589   0.94240012   0.25685145   1.55575571  -1.93451168
  0.91643030   0.14279640  -1.09671677  -0.12446605   1.64714305   0.94244255   0.25611496   1.55547984  -1.93737059
  0.91865060   0.14297231  -1.09576007  -0.12401835   1.64677576   0.94248092   0.25538519   1.55520811  -1.94020423
  0.92085131   0.14314782  -1.09481325  -0.12357234   1.64641348   0.94251543   0.25466200   1.55494066  -1.94301269
  0.92303252   0.14332270  -1.09387644  -0.12312771   1.64605588   0.94254586   0.25394563   1.55467806  -1.94579620
  0.92519433   0.14349677  -1.09294954  -0.12268404   1.64570217   0.94257276   0.25323550   1.55441992  -1.94855492
  0.92733686   0.14366990  -1.09203246  -0.12224126   1.64535133   0.94259720   0.25253053   1.55416528  -1.95128867
  0.92946028   0.14384199  -1.09112515  -0.12179943   1.64500243   0.94262042   0.25182989   1.55391317  -1.95399735
  0.93156474   0.14401297  -1.09022768  -0.12135871   1.64465493   0.94264314   0.25113354   1.55366346  -1.95668102
  0.93365042   0.14418277  -1.08934028  -0.12091993   1.64430830   0.94266653   0.25044101   1.55341548  -1.95933914
  0.93571742   0.14435136  -1.08846356  -0.12048446   1.64396293   0.94269109   0.24975273   1.55316938  -1.96197103
  0.93776574   0.14451870  -1.08759767  -0.12005267   1.64361905   0.94271747   0.24906919   1.55292485  -1.96457674
  0.93979534   0.14468472  -1.08674273  -0.11962502   1.64327684   0.94274598   0.24839134   1.55268234  -1.96715638
  0.94180610   0.14484932  -1.08589890  -0.11920244   1.64293637   0.94277699   0.24771953   1.55244204  -1.96970946
  0.94379788   0.14501233  -1.08506630  -0.11878532   1.64259818   0.94280941   0.24705529   1.55220578  -1.97223610
  0.94577048   0.14517351  -1.08424485  -0.11837345   1.64226294   0.94284129   0.24639989   1.55197563  -1.97473665
  0.94772372   0.14533261  -1.08343476  -0.11796737   1.64193093   0.94287200   0.24575367   1.55175238  -1.97721060
  0.94965738   0.14548936  -1.08263632  -0.11756736   1.64160243   0.94290121   0.24511732   1.55153672  -1.97965770
  0.95157117   0.14564352  -1.08184965  -0.11717388   1.64127701   0.94293029   0.24448973   1.55132700  -1.98207710
  0.95346481   0.14579492  -1.08107435  -0.11678683   1.64095350   0.94296147   0.24386897   1.55112045  -1.98446824
  0.95533800   0.14594343  -1.08030966  -0.11640545   1.64063047   0.94299689   0.24325335   1.55091455  -1.98683122
  0.95719053   0.14608888  -1.07955500  -0.11602864   1.64030753   0.94303635   0.24264346   1.55070976  -1.98916700
  0.95902225   0.14623109  -1.07880988  -0.11565507   1.63998449   0.94307882   0.24204077   1.55050776  -1.99147698
  0.96083315   0.14636986  -1.07807398  -0.11528384   1.63966139   0.94312259   0.24144615   1.55031039  -1.99376198
  0.96262331   0.14650497  -1.07734714  -0.11491438   1.63933832   0.94316594   0.24085973   1.55011906  -1.99602229
  0.96439287   0.14663626  -1.07662929  -0.11454633   1.63901482   0.94320863   0.24028095   1.54993384  -1.99825799
  0.96614203   0.14676363  -1.07592074  -0.11418008   1.63869049   0.94325136   0.23970944   1.54975438  -2.00046877
  0.96787100   0.14688698  -1.07522223  -0.11381642   1.63836553   0.94329450   0.23914585   1.54958111  -2.00265431
  0.96957995   0.14700622  -1.07453468  -0.11345670   1.63804026   0.94333898   0.23859035   1.54941370  -2.00481371
  0.97126893   0.14712127  -1.07385884  -0.11310188   1.63771539   0.94338495   0.23804422   1.54925281  -2.00694670
  0.97293795   0.14723206  -1.07319496  -0.11275205   1.63739149   0.94343201   0.23750878   1.54909941  -2.00905364
  0.97458690   0.14733853  -1.07254293  -0.11240770   1.63706821   0.94348101   0.23698361   1.54895283  -2.01113416
  0.97621565   0.14744062  -1.07190262  -0.11206920   1.63674522   0.94353255   0.23646868   1.54881279  -2.01318804
  0.97782403   0.14753821  -1.07127373  -0.11173620   1.63642223   0.94358671   0.23596453   1.54867967  -2.01521572
  0.97941185   0.14763115  -1.07065572  -0.11140785   1.63609856   0.94364369   0.23547109   1.54855338  -2.01721777
  0.98097897   0.14771925  -1.07004808  -0.11108357   1.63577325   0.94370402   0.23498734   1.54843315  -2.01919424
  0.98252529   0.14780230  -1.06945055  -0.11076295   1.63544551   0.94376808   0.23451248   1.54831846  -2.02114510
  0.98405078   0.14788010  -1.06886296  -0.11044540   1.63511482   0.94383583   0.23404645   1.54820952  -2.02307065
  0.98555543   0.14795243  -1.06828524  -0.11013025   1.63478081   0.94390694   0.23358965   1.54810700  -2.02497141
  0.98703928   0.14801913  -1.06771720  -0.10981665   1.63444305   0.94398137   0.23314220   1.54801110  -2.02684802
  0.98850238   0.14808007  -1.06715860  -0.10950371   1.63410098   0.94405942   0.23270379   1.54792140  -2.02870105
  0.98994483   0.14813518  -1.06660920  -0.10919110   1.63375380   0.94414184   0.23227378   1.54783732  -2.03053072
  0.99136680   0.14818442  -1.06606884  -0.10887925   1.63340065   0.94422961   0.23185116   1.54775802  -2.03233663
  0.99276846   0.14822782  -1.06553746  -0.10856875   1.63304112   0.94432330   0.23143506   1.54768286  -2.03411838
  0.99415000   0.14826541  -1.06501514  -0.10826009   1.63267532   0.94442267   0.23102590   1.54761247  -2.03587593
  0.99551160   0.14829721  -1.06450198  -0.10795386   1.63230329   0.94452776   0.23062417   1.54754742  -2.03760927
  0.99685342   0.14832326  -1.06399817  -0.10765044   1.63192560   0.94463793   0.23023049   1.54748840  -2.03931846
  0.99817556   0.14834358  -1.06350386  -0.10735042   1.63154275   0.94475305   0.22984452   1.54743510  -2.04100308
  0.99947813   0.14835823  -1.06301912  -0.10705430   1.63115503   0.94487340   0.22946612   1.54738702  -2.04266294
  1.00076118   0.14836728  -1.06254397  -0.10676207   1.63076320   0.94499833   0.22909601   1.54734468  -2.04429841
  1.00202477   0.14837077  -1.06207842  -0.10647395   1.63036782   0.94512752   0.22873447   1.54730811  -2.04590955
  1.00326891   0.14836876  -1.06162224  -0.10619011   1.62996904   0.94526133   0.22838124   1.54727665  -2.04749639
  1.00449357   0.14836134  -1.06117496  -0.10591010   1.62956722   0.94539937   0.22803617   1.54724996  -2.04905942
  1.00569877   0.14834864  -1.06073595  -0.10563331   1.62916259   0.94554122   0.22769909   1.54722775  -2.05059928
  1.00688457   0.14833075  -1.06030471  -0.10535933   1.62875518   0.94568660   0.22737011   1.54721009  -2.05211662
  1.00805112   0.14830778  -1.05988080  -0.10508789   1.62834512   0.94583511   0.22704901   1.54719692  -2.05361184
  1.00919858   0.14827983  -1.05946384  -0.10481881   1.62793253   0.94598648   0.22673509   1.54718774  -2.05508515
  1.01032716   0.14824702  -1.05905352  -0.10455190   1.62751748   0.94614068   0.22642784   1.54718199  -2.05653686
  1.01143712   0.14820947  -1.05864975  -0.10428720   1.62710014   0.94629771   0.22612746   1.54717972  -2.05796737
  1.01252875   0.14816730  -1.05825253  -0.10402498   1.62668072   0.94645771   0.22583395   1.54718073  -2.05937685
  1.01360232   0.14812062  -1.05786180  -0.10376518   1.62625998   0.94661993   0.22554733   1.54718503  -2.06076565
  1.01465808   0.14806959  -1.05747736  -0.10350767   1.62583842   0.94678394   0.22526743   1.54719241  -2.06213414
  1.01569633   0.14801438  -1.05709894  -0.10325257   1.62541600   0.94695004   0.22499398   1.54720244  -2.06348266
  1.01671738   0.14795518  -1.05672633  -0.10300006   1.62499265   0.94711855   0.22472700   1.54721493  -2.06481156
  1.01772154   0.14789217  -1.05635931  -0.10275034   1.62456840   0.94728960   0.22446624   1.54722963  -2.06612110
  1.01870912   0.14782548  -1.05599771  -0.10250330   1.62414366   0.94746265   0.22421180   1.54724671  -2.06741176
  1.01968040   0.14775526  -1.05564134  -0.10225873   1.62371884   0.94763711   0.22396367   1.54726629  -2.06868400
  1.02063568   0.14768161  -1.05529005  -0.10201657   1.62329411   0.94781279   0.22372162   1.54728819  -2.06993814
  1.02157525   0.14760465  -1.05494376  -0.10177675   1.62286973   0.94798942   0.22348555   1.54731238  -2.07117452
  1.02249940   0.14752449  -1.05460233  -0.10153920   1.62244581   0.94816692   0.22325524   1.54733865  -2.07239349
  1.02340845   0.14744126  -1.05426567  -0.10130388   1.62202241   0.94834531   0.22303060   1.54736690  -2.07359536
  1.02430274   0.14735507  -1.05393379  -0.10107095   1.62159955   0.94852470   0.22281159   1.54739708  -2.07478040
  1.02518257   0.14726603  -1.05360668  -0.10084049   1.62117743   0.94870489   0.22259815   1.54742921  -2.07594884
  1.02604823   0.14717425  -1.05328425  -0.10061249   1.62075622   0.94888579   0.22238986   1.54746296  -2.07710084
  1.02690001   0.14707985  -1.05296645  -0.10038699   1.62033604   0.94906732   0.22218656   1.54749821  -2.07823666
  1.02773818   0.14698294  -1.05265317  -0.10016403   1.61991693   0.94924960   0.22198807   1.54753472  -2.07935656
  1.02856299   0.14688365  -1.05234431  -0.09994363   1.61949891   0.94943268   0.22179447   1.54757252  -2.08046087
  1.02937472   0.14678211  -1.05203973  -0.09972579   1.61908213   0.94961644   0.22160573   1.54761157  -2.08154992
  1.03017359   0.14667845  -1.05173930  -0.09951049   1.61866678   0.94980064   0.22142175   1.54765188  -2.08262399
  1.03095985   0.14657278  -1.05144286  -0.09929771   1.61825297   0.94998514   0.22124245   1.54769342  -2.08368337
  1.03173374   0.14646522  -1.05115033  -0.09908749   1.61784072   0.95016994   0.22106776   1.54773615  -2.08472831
  1.03249552   0.14635586  -1.05086168  -0.09887995   1.61743007   0.95035507   0.22089765   1.54778007  -2.08575900
  1.03324542   0.14624480  -1.05057687  -0.09867513   1.61702108   0.95054053   0.22073202   1.54782510  -2.08677564
  1.03398367   0.14613211  -1.05029587  -0.09847301   1.61661387   0.95072624   0.22057079   1.54787119  -2.08777845
  1.03471049   0.14601788  -1.05001867  -0.09827360   1.61620857   0.95091208   0.22041392   1.54791834  -2.08876764
  1.03542610   0.14590218  -1.04974524  -0.09807691   1.61580528   0.95109797   0.22026130   1.54796649  -2.08974338
  1.03613070   0.14578509  -1.04947554  -0.09788294   1.61540405   0.95128387   0.22011281   1.54801556  -2.09070586
  1.03682448   0.14566666  -1.04920950  -0.09769161   1.61500494   0.95146973   0.21996830   1.54806547  -2.09165529
  1.03750763   0.14554696  -1.04894704  -0.09750284   1.61460803   0.95165543   0.21982768   1.54811615  -2.09259193
  1.03818031   0.14542607  -1.04868806  -0.09731653   1.61421337   0.95184089   0.21969084   1.54816756  -2.09351600
  1.03884272   0.14530404  -1.04843246  -0.09713260   1.61382101   0.95202604   0.21955771   1.54821965  -2.09442775
  1.03949500   0.14518095  -1.04818017  -0.09695102   1.61343100   0.95221079   0.21942825   1.54827242  -2.09532739
  1.04013735   0.14505686  -1.04793113  -0.09677181   1.61304340   0.95239512   0.21930239   1.54832585  -2.09621508
  1.04076992   0.14493182  -1.04768532  -0.09659502   1.61265822   0.95257901   0.21918003   1.54837987  -2.09709096
  1.04139288   0.14480589  -1.04744270  -0.09642064   1.61227553   0.95276244   0.21906108   1.54843444  -2.09795517
  1.04200640   0.14467913  -1.04720320  -0.09624863   1.61189538   0.95294534   0.21894547   1.54848950  -2.09880790
  1.04261061   0.14455157  -1.04696678  -0.09607894   1.61151782   0.95312763   0.21883311   1.54854501  -2.09964933
  1.04320566   0.14442328  -1.04673335  -0.09591151   1.61114291   0.95330928   0.21872392   1.54860092  -2.10047965
  1.04379171   0.14429429  -1.04650289  -0.09574633   1.61077064   0.95349026   0.21861777   1.54865715  -2.10129899
  1.04436890   0.14416465  -1.04627532  -0.09558335   1.61040105   0.95367056   0.21851458   1.54871364  -2.10210753
  1.04493736   0.14403441  -1.04605058  -0.09542250   1.61003415   0.95385011   0.21841429   1.54877038  -2.10290544
  1.04549724   0.14390361  -1.04582863  -0.09526375   1.60966998   0.95402888   0.21831680   1.54882731  -2.10369290
  1.04604866   0.14377229  -1.04560940  -0.09510707   1.60930853   0.95420687   0.21822201   1.54888437  -2.10447003
  1.04659177   0.14364048  -1.04539287  -0.09495242   1.60894982   0.95438404   0.21812986   1.54894153  -2.10523699
  1.04712670   0.14350822  -1.04517899  -0.09479977   1.60859390   0.95456035   0.21804027   1.54899874  -2.10599394
  1.04765357   0.14337556  -1.04496772  -0.09464905   1.60824079   0.95473576   0.21795319   1.54905599  -2.10674102
  1.04817251   0.14324252  -1.04475901  -0.09450022   1.60789053   0.95491021   0.21786855   1.54911325  -2.10747841
  1.04868365   0.14310913  -1.04455280  -0.09435322   1.60754310   0.95508368   0.21778629   1.54917050  -2.10820626
  1.04918709   0.14297545  -1.04434902  -0.09420797   1.60719852   0.95525613   0.21770633   1.54922769  -2.10892474
  1.04968297   0.14284150  -1.04414761  -0.09406445   1.60685680   0.95542753   0.21762862   1.54928480  -2.10963401
  1.05017138   0.14270733  -1.04394850  -0.09392261   1.60651791   0.95559787   0.21755306   1.54934179  -2.11033419
  1.05065246   0.14257296  -1.04375163  -0.09378242   1.60618185   0.95576715   0.21747957   1.54939861  -2.11102544
  1.05112631   0.14243844  -1.04355696  -0.09364385   1.60584865   0.95593534   0.21740811   1.54945525  -2.11170789
  1.05159306   0.14230379  -1.04336445  -0.09350686   1.60551830   0.95610242   0.21733862   1.54951167  -2.11238168
  1.05205280   0.14216905  -1.04317404  -0.09337140   1.60519081   0.95626837   0.21727104   1.54956785  -2.11304696
  1.05250566   0.14203425  -1.04298570  -0.09323745   1.60486618   0.95643319   0.21720532   1.54962376  -2.11370385
  1.05295174   0.14189943  -1.04279938  -0.09310497   1.60454439   0.95659687   0.21714139   1.54967939  -2.11435250
  1.05339115   0.14176460  -1.04261503  -0.09297390   1.60422544   0.95675939   0.21707921   1.54973470  -2.11499303
  1.05382399   0.14162980  -1.04243262  -0.09284423   1.60390933   0.95692072   0.21701872   1.54978970  -2.11562557
  1.05425038   0.14149507  -1.04225209  -0.09271592   1.60359604   0.95708088   0.21695987   1.54984436  -2.11625026
  1.05467041   0.14136041  -1.04207342  -0.09258893   1.60328556   0.95723984   0.21690261   1.54989866  -2.11686721
  1.05508419   0.14122587  -1.04189657  -0.09246324   1.60297789   0.95739760   0.21684689   1.54995260  -2.11747654
  1.05549181   0.14109146  -1.04172149  -0.09233882   1.60267301   0.95755415   0.21679266   1.55000616  -2.11807838
  1.05589338   0.14095722  -1.04154816  -0.09221565   1.60237091   0.95770950   0.21673988   1.55005933  -2.11867284
  1.05628900   0.14082317  -1.04137654  -0.09209369   1.60207157   0.95786363   0.21668851   1.55011209  -2.11926003
  1.05667876   0.14068933  -1.04120659  -0.09197293   1.60177499   0.95801655   0.21663851   1.55016445  -2.11984007
  1.05706276   0.14055573  -1.04103830  -0.09185334   1.60148115   0.95816825   0.21658982   1.55021639  -2.12041306
  1.05744108   0.14042238  -1.04087162  -0.09173490   1.60119004   0.95831872   0.21654243   1.55026791  -2.12097912
  1.05781383   0.14028932  -1.04070653  -0.09161759   1.60090163   0.95846798   0.21649628   1.55031900  -2.12153834
  1.05818110   0.14015656  -1.04054300  -0.09150140   1.60061592   0.95861601   0.21645134   1.55036965  -2.12209083
  1.05854298   0.14002412  -1.04038101  -0.09138631   1.60033289   0.95876283   0.21640758   1.55041987  -2.12263670
  1.05889954   0.13989202  -1.04022053  -0.09127231   1.60005253   0.95890843   0.21636496   1.55046965  -2.12317603
  1.05925089   0.13976029  -1.04006153  -0.09115936   1.59977481   0.95905281   0.21632345   1.55051898  -2.12370893
  1.05959711   0.13962894  -1.03990401  -0.09104747   1.59949972   0.95919598   0.21628302   1.55056788  -2.12423548
  1.05993828   0.13949798  -1.03974793  -0.09093662   1.59922724   0.95933793   0.21624363   1.55061633  -2.12475579
  1.06027449   0.13936744  -1.03959327  -0.09082680   1.59895736   0.95947869   0.21620526   1.55066433  -2.12526994
  1.06060582   0.13923733  -1.03944002  -0.09071799   1.59869006   0.95961824   0.21616787   1.55071188  -2.12577802
  1.06093234   0.13910767  -1.03928815  -0.09061018   1.59842532   0.95975659   0.21613145   1.55075900  -2.12628011
  1.06125415   0.13897847  -1.03913766  -0.09050335   1.59816313   0.95989375   0.21609595   1.55080566  -2.12677631
  1.06157131   0.13884975  -1.03898852  -0.09039750   1.59790346   0.96002972   0.21606136   1.55085188  -2.12726670
  1.06188391   0.13872152  -1.03884071  -0.09029262   1.59764631   0.96016452   0.21602765   1.55089766  -2.12775135
  1.06219201   0.13859380  -1.03869423  -0.09018869   1.59739164   0.96029813   0.21599479   1.55094300  -2.12823036
  1.06249570   0.13846658  -1.03854905  -0.09008570   1.59713944   0.96043058   0.21596275   1.55098789  -2.12870379
  1.06279505   0.13833990  -1.03840515  -0.08998365   1.59688970   0.96056186   0.21593153   1.55103235  -2.12917173
  1.06309013   0.13821376  -1.03826254  -0.08988252   1.59664240   0.96069199   0.21590108   1.55107638  -2.12963426
  1.06338100   0.13808817  -1.03812118  -0.08978229   1.59639751   0.96082096   0.21587139   1.55111997  -2.13009144
  1.06366774   0.13796314  -1.03798108  -0.08968298   1.59615502   0.96094879   0.21584244   1.55116313  -2.13054336
