  0.41770018   0.46579952  -1.27410012  -0.43299972   2.09289980   0.69139993   0.43859985   1.64320008  -1.13520028
  0.41770154   0.46579607  -1.27410093  -0.43299789   2.09289817   0.69139970   0.43859880   1.64320038  -1.13520227
  0.41770565   0.46578637  -1.27410291  -0.43299350   2.09289282   0.69140027   0.43859585   1.64320024  -1.13520795
  0.41771432   0.46576728  -1.27410646  -0.43298572   2.09288090   0.69140343   0.43858992   1.64319868  -1.13521957
  0.41772942   0.46573604  -1.27411206  -0.43297351   2.09285978   0.69141091   0.43857992   1.64319519  -1.13523948
  0.41775277   0.46569029  -1.27412027  -0.43295560   2.09282722   0.69142408   0.43856481   1.64318977  -1.13527000
  0.41778604   0.46562802  -1.27413171  -0.43293066   2.09278129   0.69144410   0.43854363   1.64318274  -1.13531335
  0.41783077   0.46554747  -1.27414698  -0.43289728   2.09272016   0.69147228   0.43851562   1.64317437  -1.13537174
  0.41788835   0.46544710  -1.27416637  -0.43285375   2.09264197   0.69151022   0.43848030   1.64316472  -1.13544782
  0.41796003   0.46532551  -1.27419000  -0.43279840   2.09254496   0.69155928   0.43843706   1.64315395  -1.13554412
  0.41804701   0.46518133  -1.27421781  -0.43272985   2.09242755   0.69162051   0.43838500   1.64314235  -1.13566279
  0.41815031   0.46501325  -1.27424963  -0.43264683   2.09228780   0.69169561   0.43832248   1.64313009  -1.13580578
  0.41827070   0.46481989  -1.27428508  -0.43254734   2.09212328   0.69178758   0.43824672   1.64311730  -1.13597557
  0.41840900   0.46459986  -1.27432463  -0.43242963   2.09193506   0.69189423   0.43815822   1.64310467  -1.13617398
  0.41856616   0.46435168  -1.27436845  -0.43229361   2.09172048   0.69201828   0.43805767   1.64309052  -1.13640249
  0.41874291   0.46407355  -1.27441623  -0.43213931   2.09147180   0.69216959   0.43794207   1.64307220  -1.13666264
  0.41894001   0.46376325  -1.27446939  -0.43196475   2.09118869   0.69234588   0.43781042   1.64305253  -1.13695485
  0.41915822   0.46341768  -1.27452973  -0.43176772   2.09086520   0.69255278   0.43766068   1.64303212  -1.13728047
  0.41939847   0.46303322  -1.27460013  -0.43154453   2.09049974   0.69278980   0.43749283   1.64301344  -1.13764121
  0.41966178   0.46260623  -1.27468358  -0.43129226   2.09009287   0.69305434   0.43730884   1.64299763  -1.13803877
  0.41994906   0.46213330  -1.27478164  -0.43100987   2.08964339   0.69334693   0.43710963   1.64298322  -1.13847456
  0.42026089   0.46161145  -1.27489437  -0.43069824   2.08914849   0.69367059   0.43689469   1.64296680  -1.13894910
  0.42059758   0.46103825  -1.27502074  -0.43035752   2.08860695   0.69402586   0.43666165   1.64294677  -1.13946303
  0.42095952   0.46041167  -1.27515948  -0.42998742   2.08801859   0.69441197   0.43640964   1.64292153  -1.14001774
  0.42134745   0.45972932  -1.27530934  -0.42958781   2.08737715   0.69483694   0.43613723   1.64288680  -1.14061593
  0.42176219   0.45898846  -1.27547067  -0.42915892   2.08667861   0.69530475   0.43584597   1.64283931  -1.14125905
  0.42220427   0.45818622  -1.27564484  -0.42869836   2.08592656   0.69580603   0.43553513   1.64278415  -1.14194654
  0.42267407   0.45732011  -1.27583323  -0.42820542   2.08512375   0.69633388   0.43520594   1.64272351  -1.14267747
  0.42317187   0.45638773  -1.27603589  -0.42768061   2.08426422   0.69689520   0.43485597   1.64265501  -1.14345208
  0.42369783   0.45538684  -1.27625353  -0.42712188   2.08334753   0.69748782   0.43448166   1.64258203  -1.14427014
  0.42425199   0.45431555  -1.27648800  -0.42652751   2.08237640   0.69810743   0.43408779   1.64250432  -1.14513271
  0.42483402   0.45317256  -1.27673948  -0.42589906   2.08134798   0.69875864   0.43367727   1.64241697  -1.14603992
  0.42544346   0.45195659  -1.27700629  -0.42523845   2.08024970   0.69946207   0.43324975   1.64230918  -1.14699471
  0.42607969   0.45066652  -1.27728608  -0.42454287   2.07907500   0.70022583   0.43279483   1.64218276  -1.14799859
  0.42674246   0.44930145  -1.27757969  -0.42381188   2.07783589   0.70102813   0.43231240   1.64204675  -1.14904705
  0.42743166   0.44786119  -1.27788670  -0.42304428   2.07653331   0.70186881   0.43180579   1.64189907  -1.15014244
  0.42814722   0.44634500  -1.27820787  -0.42223796   2.07516829   0.70274663   0.43127932   1.64173897  -1.15128697
  0.42888910   0.44475242  -1.27854219  -0.42138982   2.07373329   0.70367449   0.43073191   1.64156236  -1.15248584
  0.42965728   0.44308288  -1.27889046  -0.42049375   2.07224192   0.70462693   0.43015471   1.64138736  -1.15373604
  0.43045196   0.44133586  -1.27925361  -0.41955072   2.07069879   0.70559578   0.42954961   1.64121605  -1.15503548
  0.43127393   0.43951214  -1.27962765  -0.41855722   2.06908270   0.70662126   0.42891583   1.64103080  -1.15639819
  0.43212441   0.43761195  -1.28001728  -0.41751484   2.06741136   0.70768214   0.42828031   1.64082603  -1.15782608
  0.43300366   0.43563491  -1.28042286  -0.41643347   2.06568601   0.70877159   0.42764414   1.64060122  -1.15930945
  0.43391085   0.43358069  -1.28084066  -0.41532005   2.06389374   0.70990254   0.42699024   1.64035719  -1.16084050
  0.43484446   0.43144997  -1.28126400  -0.41417480   2.06200906   0.71111854   0.42630582   1.64007835  -1.16242650
  0.43580253   0.42924276  -1.28169056  -0.41299832   2.06002141   0.71244485   0.42559856   1.63974581  -1.16407479
  0.43678275   0.42695831  -1.28212035  -0.41178315   2.05793851   0.71386874   0.42486579   1.63936847  -1.16578617
  0.43778452   0.42459647  -1.28255617  -0.41049652   2.05580863   0.71530706   0.42408762   1.63900586  -1.16756370
  0.43881032   0.42215784  -1.28300886  -0.40913856   2.05366719   0.71671548   0.42332130   1.63865042  -1.16941268
  0.43986141   0.41964302  -1.28347479  -0.40773646   2.05149079   0.71811934   0.42255904   1.63828772  -1.17131458
  0.44093714   0.41705213  -1.28394696  -0.40630608   2.04925883   0.71953024   0.42175776   1.63793107  -1.17324674
  0.44203649   0.41438544  -1.28442319  -0.40485052   2.04695618   0.72097486   0.42091636   1.63756733  -1.17521179
  0.44315788   0.41164518  -1.28489781  -0.40335630   2.04456667   0.72250778   0.42004813   1.63716022  -1.17724151
  0.44430033   0.40883338  -1.28536785  -0.40181828   2.04208583   0.72416321   0.41917776   1.63667440  -1.17935910
  0.44546350   0.40594947  -1.28583620  -0.40024904   2.03953140   0.72590433   0.41830951   1.63612109  -1.18154561
  0.44664668   0.40299133  -1.28630364  -0.39864823   2.03692534   0.72765900   0.41739215   1.63556656  -1.18376663
  0.44784929   0.39995732  -1.28677295  -0.39701720   2.03427110   0.72939850   0.41640812   1.63504102  -1.18600401
  0.44907025   0.39684679  -1.28725043  -0.39533638   2.03157255   0.73112642   0.41538624   1.63453962  -1.18827798
  0.45031001   0.39366438  -1.28773121  -0.39358812   2.02881404   0.73291772   0.41436714   1.63400076  -1.19063977
  0.45157122   0.39041341  -1.28821074  -0.39178747   2.02596924   0.73482666   0.41337182   1.63338262  -1.19309962
  0.45285593   0.38709457  -1.28868646  -0.38992923   2.02307597   0.73675846   0.41234173   1.63276269  -1.19562674
  0.45416563   0.38370769  -1.28916152  -0.38802178   2.02016253   0.73864084   0.41126244   1.63218531  -1.19819227
  0.45550087   0.38025541  -1.28963503  -0.38608126   2.01719566   0.74054455   0.41018746   1.63158853  -1.20081337
  0.45686085   0.37673842  -1.29010691  -0.38410751   2.01415542   0.74250002   0.40912772   1.63095928  -1.20349637
  0.45824313   0.37315832  -1.29057188  -0.38210455   2.01100813   0.74457208   0.40808274   1.63026484  -1.20625164
  0.45964358   0.36951577  -1.29103037  -0.38006887   2.00775476   0.74678027   0.40706823   1.62948324  -1.20908951
  0.46105668   0.36581208  -1.29147584  -0.37799991   2.00440854   0.74911237   0.40606097   1.62861936  -1.21200356
  0.46247929   0.36204569  -1.29191005  -0.37588837   2.00102252   0.75144422   0.40501103   1.62776244  -1.21495527
  0.46391025   0.35821756  -1.29233339  -0.37370461   1.99764320   0.75368782   0.40388469   1.62697887  -1.21794028
  0.46535509   0.35433834  -1.29273153  -0.37142753   1.99427351   0.75589958   0.40269060   1.62621975  -1.22101394
  0.46682455   0.35040983  -1.29311469  -0.36908414   1.99090332   0.75806354   0.40144419   1.62549912  -1.22415201
  0.46832513   0.34643564  -1.29348525  -0.36671297   1.98747331   0.76028621   0.40021077   1.62473577  -1.22736462
  0.46985724   0.34241923  -1.29383770  -0.36432848   1.98396495   0.76261256   0.39899467   1.62389610  -1.23065577
  0.47141954   0.33835922  -1.29417751  -0.36192628   1.98040449   0.76497050   0.39777751   1.62303434  -1.23400089
  0.47300889   0.33425525  -1.29450986  -0.35947604   1.97681959   0.76731243   0.39656356   1.62218557  -1.23740955
  0.47462318   0.33011234  -1.29482921  -0.35697795   1.97320606   0.76969601   0.39538149   1.62129084  -1.24091082
  0.47626103   0.32593107  -1.29513625  -0.35445332   1.96956435   0.77210639   0.39422499   1.62035694  -1.24447903
  0.47791890   0.32171172  -1.29542260  -0.35193123   1.96584819   0.77459203   0.39306788   1.61937154  -1.24808834
  0.47959039   0.31745476  -1.29568093  -0.34941131   1.96205121   0.77715769   0.39189323   1.61833726  -1.25173266
  0.48126831   0.31316309  -1.29589923  -0.34687982   1.95819092   0.77979638   0.39069164   1.61724789  -1.25542469
  0.48294850   0.30883731  -1.29607356  -0.34432013   1.95430870   0.78242288   0.38943445   1.61615879  -1.25915091
  0.48463031   0.30447958  -1.29620432  -0.34172365   1.95038298   0.78508230   0.38816977   1.61503843  -1.26293812
  0.48631453   0.30008919  -1.29630300  -0.33905918   1.94643972   0.78772395   0.38692291   1.61392364  -1.26679983
  0.48800383   0.29567134  -1.29636948  -0.33632227   1.94248382   0.79038471   0.38571991   1.61277426  -1.27076376
  0.48970193   0.29122724  -1.29641020  -0.33352237   1.93853465   0.79302184   0.38455127   1.61161674  -1.27481001
  0.49141159   0.28676372  -1.29640451  -0.33067349   1.93456592   0.79568534   0.38333096   1.61044064  -1.27892968
  0.49313684   0.28228155  -1.29635546  -0.32775613   1.93061818   0.79827038   0.38201829   1.60932926  -1.28310346
  0.49488401   0.27778065  -1.29628583  -0.32481780   1.92664922   0.80083835   0.38075401   1.60821668  -1.28733074
  0.49665175   0.27326286  -1.29619368  -0.32187704   1.92260964   0.80347434   0.37956968   1.60705269  -1.29161922
  0.49843590   0.26872928  -1.29607293  -0.31893444   1.91849462   0.80618719   0.37844058   1.60583817  -1.29596331
  0.50023160   0.26418215  -1.29591629  -0.31599327   1.91430043   0.80900528   0.37735802   1.60454877  -1.30036734
  0.50203408   0.25962230  -1.29571725  -0.31306587   1.91002749   0.81192741   0.37628660   1.60318637  -1.30481180
  0.50383785   0.25505317  -1.29546457  -0.31015551   1.90567890   0.81496998   0.37521013   1.60173121  -1.30929877
  0.50563871   0.25047737  -1.29514926  -0.30726834   1.90124482   0.81815010   0.37411980   1.60017227  -1.31382542
  0.50743475   0.24589161  -1.29477871  -0.30439076   1.89674529   0.82138358   0.37299205   1.59858377  -1.31836509
  0.50922819   0.24129096  -1.29437475  -0.30143462   1.89223696   0.82453121   0.37182919   1.59709088  -1.32294102
  0.51102704   0.23668216  -1.29394398  -0.29841159   1.88773756   0.82762066   0.37066945   1.59564656  -1.32757340
  0.51283603   0.23206494  -1.29349880  -0.29533192   1.88330876   0.83052973   0.36950284   1.59431344  -1.33222541
  0.51465486   0.22743811  -1.29304284  -0.29219017   1.87895837   0.83322696   0.36833054   1.59311667  -1.33689019
  0.51648624   0.22281847  -1.29255137  -0.28898301   1.87466277   0.83587905   0.36720856   1.59190799  -1.34165448
  0.51833721   0.21821456  -1.29202660  -0.28574902   1.87038127   0.83859046   0.36623469   1.59059826  -1.34654384
  0.52021027   0.21363358  -1.29143907  -0.28252947   1.86604141   0.84144337   0.36527205   1.58918020  -1.35151439
  0.52210970   0.20908049  -1.29078088  -0.27928950   1.86172538   0.84427869   0.36424854   1.58775593  -1.35655195
  0.52404634   0.20456462  -1.29004169  -0.27610186   1.85734500   0.84722721   0.36318066   1.58625270  -1.36163894
  0.52603006   0.20010228  -1.28919707  -0.27291435   1.85296162   0.85025295   0.36205308   1.58466892  -1.36684127
  0.52807409   0.19570409  -1.28824439  -0.26977498   1.84854751   0.85343111   0.36092778   1.58293521  -1.37217077
  0.53018843   0.19135489  -1.28723567  -0.26671598   1.84406264   0.85667584   0.35992353   1.58115541  -1.37756961
  0.53236964   0.18703145  -1.28621621  -0.26371150   1.83951236   0.85981906   0.35898748   1.57951534  -1.38295372
  0.53460361   0.18272015  -1.28521483  -0.26067922   1.83499703   0.86273690   0.35808865   1.57808436  -1.38833476
  0.53688037   0.17842408  -1.28423431  -0.25760993   1.83050628   0.86559354   0.35728848   1.57671512  -1.39377929
  0.53919224   0.17414542  -1.28326263  -0.25456393   1.82600192   0.86847867   0.35654014   1.57533827  -1.39924879
  0.54152865   0.16988727  -1.28227456  -0.25156733   1.82146294   0.87142971   0.35578575   1.57392431  -1.40472003
  0.54387794   0.16565739  -1.28123486  -0.24861446   1.81685966   0.87453518   0.35502616   1.57240268  -1.41022983
  0.54623094   0.16146031  -1.28011219  -0.24573894   1.81215804   0.87782868   0.35421897   1.57075023  -1.41575357
  0.54858225   0.15728682  -1.27890912  -0.24295673   1.80737791   0.88114718   0.35329874   1.56909881  -1.42120540
  0.55092918   0.15312588  -1.27765627  -0.24019098   1.80255557   0.88436460   0.35233670   1.56756086  -1.42660841
  0.55327235   0.14897980  -1.27637714  -0.23734465   1.79771992   0.88755099   0.35148770   1.56607426  -1.43209588
  0.55561307   0.14485209  -1.27508656  -0.23432477   1.79293129   0.89071323   0.35083552   1.56461233  -1.43777200
  0.55795450   0.14073781  -1.27378949  -0.23108448   1.78831996   0.89354306   0.35024420   1.56337827  -1.44356773
  0.56030724   0.13663484  -1.27251302  -0.22770732   1.78380423   0.89611339   0.34985780   1.56234748  -1.44945606
  0.56267641   0.13255396  -1.27122798  -0.22431939   1.77925828   0.89865765   0.34954410   1.56138094  -1.45536790
  0.56506548   0.12851048  -1.26990441  -0.22100960   1.77466895   0.90129473   0.34917512   1.56035694  -1.46125894
  0.56747918   0.12451015  -1.26853698  -0.21783437   1.77005058   0.90400249   0.34868697   1.55927089  -1.46707461
  0.56991988   0.12055238  -1.26713247  -0.21476569   1.76544414   0.90665917   0.34807821   1.55821180  -1.47280422
  0.57238916   0.11663419  -1.26571118  -0.21171828   1.76084931   0.90922671   0.34750807   1.55723952  -1.47853139
  0.57488792   0.11275639  -1.26428748  -0.20867177   1.75621983   0.91180702   0.34708623   1.55630895  -1.48431381
  0.57741466   0.10892132  -1.26285943  -0.20566872   1.75153310   0.91446597   0.34674571   1.55537320  -1.49011535
  0.57996603   0.10513193  -1.26142075  -0.20273249   1.74680252   0.91720734   0.34642109   1.55441311  -1.49590594
  0.58253762   0.10139280  -1.25996166  -0.19984209   1.74204366   0.92005557   0.34611646   1.55339554  -1.50171662
  0.58512828   0.09769912  -1.25849413  -0.19695305   1.73732343   0.92286443   0.34587988   1.55241062  -1.50755771
  0.58773836   0.09404728  -1.25702379  -0.19408545   1.73263628   0.92559500   0.34570106   1.55149557  -1.51339447
  0.59036614   0.09043594  -1.25553456  -0.19129235   1.72792298   0.92829480   0.34544302   1.55064115  -1.51915383
  0.59300815   0.08686623  -1.25400616  -0.18859749   1.72310085   0.93108348   0.34505055   1.54979477  -1.52482571
  0.59566091   0.08333381  -1.25245974  -0.18597824   1.71824510   0.93389754   0.34460672   1.54895688  -1.53043830
  0.59831997   0.07982807  -1.25090986  -0.18335755   1.71340562   0.93663006   0.34412184   1.54820485  -1.53601573
  0.60098383   0.07634411  -1.24938032  -0.18066041   1.70865606   0.93919319   0.34375431   1.54758021  -1.54163688
  0.60365290   0.07288748  -1.24787222  -0.17790775   1.70401216   0.94162087   0.34355606   1.54703388  -1.54731892
  0.60632692   0.06946820  -1.24635300  -0.17517580   1.69940722   0.94403335   0.34341503   1.54648385  -1.55301341
  0.60900411   0.06610218  -1.24477276  -0.17252609   1.69477097   0.94660860   0.34316200   1.54579521  -1.55869124
  0.61168218   0.06280478  -1.24309194  -0.17001368   1.69005688   0.94948307   0.34268269   1.54485423  -1.56433152
  0.61436023   0.05958389  -1.24130583  -0.16760574   1.68532394   0.95258358   0.34206073   1.54368425  -1.56997865
  0.61704578   0.05643804  -1.23942367  -0.16505509   1.68080667   0.95541641   0.34143909   1.54260559  -1.57575720
  0.61976816   0.05335327  -1.23753021  -0.16243335   1.67637567   0.95798759   0.34108434   1.54175799  -1.58163612
  0.62254802   0.05032984  -1.23563623  -0.15982018   1.67196143   0.96034666   0.34084818   1.54114739  -1.58752096
  0.62539750   0.04736764  -1.23376200  -0.15727242   1.66756253   0.96255637   0.34062811   1.54071423  -1.59335916
  0.62831740   0.04445905  -1.23193951  -0.15476896   1.66323113   0.96458874   0.34045221   1.54045678  -1.59916171
  0.63130236   0.04160516  -1.23017678  -0.15228995   1.65896659   0.96655033   0.34038789   1.54028851  -1.60498754
  0.63434324   0.03879552  -1.22848005  -0.14979869   1.65477894   0.96840159   0.34035343   1.54024066  -1.61081322
  0.63743128   0.03602956  -1.22685406  -0.14728783   1.65068319   0.97018007   0.34040183   1.54026947  -1.61666616
  0.64055866   0.03332449  -1.22525145  -0.14484899   1.64665211   0.97204275   0.34037968   1.54020516  -1.62250162
  0.64372033   0.03069742  -1.22363532  -0.14253335   1.64268483   0.97404901   0.34035825   1.53997240  -1.62834678
  0.64690829   0.02816801  -1.22193480  -0.14040930   1.63872668   0.97627068   0.34020022   1.53950111  -1.63415701
  0.65011671   0.02574555  -1.22011801  -0.13854505   1.63472216   0.97872855   0.33990004   1.53879323  -1.63989068
  0.65333942   0.02342336  -1.21819535  -0.13687279   1.63067781   0.98130743   0.33961748   1.53797984  -1.64559675
  0.65657371   0.02117484  -1.21619504  -0.13518050   1.62658634   0.98384336   0.33938941   1.53727599  -1.65135097
  0.65982393   0.01896446  -1.21420001  -0.13331046   1.62254959   0.98615709   0.33919888   1.53681590  -1.65717636
  0.66309802   0.01676347  -1.21229382  -0.13129228   1.61853291   0.98833974   0.33904146   1.53656643  -1.66302533
  0.66639634   0.01456265  -1.21050129  -0.12918358   1.61460485   0.99032923   0.33880031   1.53650317  -1.66880876
  0.66971858   0.01237882  -1.20878919  -0.12709164   1.61076490   0.99223063   0.33836450   1.53648166  -1.67447530
  0.67306457   0.01023837  -1.20711471  -0.12505364   1.60703397   0.99408969   0.33790540   1.53643922  -1.68010433
  0.67643320   0.00817354  -1.20539987  -0.12308425   1.60336586   0.99601543   0.33745909   1.53629438  -1.68576644
  0.67982869   0.00619914  -1.20362030  -0.12121513   1.59971538   0.99801644   0.33712803   1.53608447  -1.69148207
  0.68325252   0.00431884  -1.20176605  -0.11945484   1.59606931   1.00002875   0.33685734   1.53587347  -1.69721038
  0.68670608   0.00252243  -1.19987020  -0.11771649   1.59249283   1.00188381   0.33671494   1.53580055  -1.70297517
  0.69019176   0.00080289  -1.19797179  -0.11600224   1.58899014   1.00360354   0.33669792   1.53586029  -1.70875890
  0.69370672  -0.00085391  -1.19609926  -0.11430075   1.58559196   1.00513035   0.33666907   1.53606912  -1.71449438
  0.69725054  -0.00243402  -1.19421949  -0.11266583   1.58227837   1.00662280   0.33634360   1.53623464  -1.72011818
  0.70082331  -0.00391678  -1.19229263  -0.11112997   1.57895586   1.00833616   0.33567509   1.53617840  -1.72567119
  0.70442647  -0.00529420  -1.19034184  -0.10975632   1.57563768   1.01030894   0.33490486   1.53589125  -1.73119463
  0.70805904  -0.00657782  -1.18837325  -0.10839885   1.57238395   1.01228646   0.33421862   1.53560882  -1.73677516
  0.71172562  -0.00778537  -1.18641947  -0.10702669   1.56917348   1.01416427   0.33365328   1.53546935  -1.74238917
  0.71542821  -0.00892618  -1.18449840  -0.10567073   1.56601563   1.01593075   0.33308920   1.53545372  -1.74796845
  0.71916510  -0.01001255  -1.18263093  -0.10431091   1.56292721   1.01753798   0.33255521   1.53560296  -1.75351159
  0.72293129  -0.01105063  -1.18082911  -0.10294917   1.55992994   1.01896851   0.33210954   1.53592506  -1.75902656
  0.72671697  -0.01204217  -1.17908681  -0.10159566   1.55703928   1.02023418   0.33176262   1.53638920  -1.76451479
  0.73050996  -0.01298791  -1.17738875  -0.10026594   1.55426204   1.02135992   0.33148103   1.53694652  -1.76996493
  0.73430088  -0.01387935  -1.17570439  -0.09900827   1.55159075   1.02243629   0.33116730   1.53747930  -1.77535208
  0.73808268  -0.01470645  -1.17400199  -0.09783676   1.54899555   1.02356784   0.33083027   1.53790465  -1.78070814
  0.74184891  -0.01545816  -1.17224782  -0.09680081   1.54646003   1.02481277   0.33041032   1.53815083  -1.78601169
  0.74559432  -0.01612597  -1.17042805  -0.09591246   1.54403681   1.02610406   0.32998056   1.53824332  -1.79127811
  0.74931616  -0.01671400  -1.16853944  -0.09503902   1.54182535   1.02718570   0.32974719   1.53839204  -1.79660789
  0.75301864  -0.01724292  -1.16656293  -0.09410289   1.53958421   1.02821684   0.32953073   1.53862286  -1.80198446
  0.75671167  -0.01772863  -1.16453536  -0.09321473   1.53728407   1.02920447   0.32895456   1.53886386  -1.80719423
  0.76040731  -0.01817767  -1.16253595  -0.09240055   1.53502016   1.03008288   0.32818624   1.53916036  -1.81224428
  0.76411139  -0.01858210  -1.16059751  -0.09162635   1.53286076   1.03088603   0.32742257   1.53948977  -1.81723464
  0.76782541  -0.01892830  -1.15871462  -0.09088801   1.53082562   1.03167301   0.32673178   1.53980152  -1.82221808
  0.77154819  -0.01920648  -1.15686692  -0.09019665   1.52889778   1.03247039   0.32611289   1.54008123  -1.82720164
  0.77527662  -0.01941620  -1.15503516  -0.08952459   1.52704739   1.03323919   0.32559102   1.54039451  -1.83219918
  0.77900633  -0.01956280  -1.15321331  -0.08884239   1.52525798   1.03393917   0.32516908   1.54079296  -1.83721273
  0.78273370  -0.01965198  -1.15140011  -0.08817204   1.52350723   1.03460940   0.32470940   1.54121655  -1.84218670
  0.78645614  -0.01967354  -1.14959776  -0.08759388   1.52184812   1.03532261   0.32411955   1.54151890  -1.84707491
  0.79016790  -0.01961489  -1.14777796  -0.08710187   1.52028468   1.03610736   0.32347653   1.54168263  -1.85192871
  0.79386714  -0.01947662  -1.14591727  -0.08657223   1.51884112   1.03679545   0.32297372   1.54189893  -1.85685698
  0.79756094  -0.01925977  -1.14403074  -0.08607227   1.51749695   1.03736546   0.32257044   1.54219897  -1.86178930
  0.80125412  -0.01896783  -1.14213962  -0.08568067   1.51623776   1.03783925   0.32215263   1.54254568  -1.86663317
  0.80494709  -0.01860789  -1.14025435  -0.08539008   1.51503914   1.03825233   0.32166663   1.54291425  -1.87137318
  0.80863888  -0.01819277  -1.13839188  -0.08512032   1.51391197   1.03856505   0.32118757   1.54336199  -1.87606371
  0.81232587  -0.01773769  -1.13658431  -0.08478448   1.51293711   1.03866004   0.32086860   1.54398497  -1.88077415
  0.81599768  -0.01725611  -1.13484665  -0.08439269   1.51210573   1.03855589   0.32069013   1.54476522  -1.88547706
  0.81964660  -0.01674203  -1.13315964  -0.08404807   1.51137838   1.03840392   0.32040474   1.54550189  -1.89006696
  0.82326939  -0.01618124  -1.13148343  -0.08380843   1.51073844   1.03830087   0.31982900   1.54604093  -1.89449442
  0.82687013  -0.01556477  -1.12977868  -0.08354564   1.51016671   1.03822041   0.31917769   1.54648904  -1.89892398
  0.83045848  -0.01489497  -1.12805790  -0.08322054   1.50966021   1.03809644   0.31863712   1.54698238  -1.90342156
  0.83404007  -0.01417802  -1.12634786  -0.08288902   1.50923319   1.03787369   0.31820280   1.54756622  -1.90792775
  0.83761455  -0.01341701  -1.12465359  -0.08259832   1.50888208   1.03755757   0.31776873   1.54820061  -1.91237619
  0.84117921  -0.01261123  -1.12293695  -0.08229427   1.50854181   1.03723327   0.31719987   1.54880187  -1.91678406
  0.84473965  -0.01176279  -1.12121095  -0.08193311   1.50822615   1.03687159   0.31662441   1.54943735  -1.92121268
  0.84830346  -0.01087142  -1.11950968  -0.08157746   1.50797718   1.03645525   0.31606917   1.55010788  -1.92562498
  0.85187154  -0.00993268  -1.11781284  -0.08125799   1.50775497   1.03607224   0.31535179   1.55069133  -1.92997053
  0.85544421  -0.00894031  -1.11611421  -0.08101813   1.50752643   1.03580931   0.31444113   1.55112228  -1.93423294
  0.85902324  -0.00789331  -1.11443589  -0.08087623   1.50733622   1.03561514   0.31350273   1.55147922  -1.93844084
  0.86260473  -0.00678863  -1.11277453  -0.08084446   1.50722011   1.03544487   0.31257125   1.55178337  -1.94259355
  0.86618239  -0.00562392  -1.11110956  -0.08090837   1.50717521   1.03526910   0.31165814   1.55206150  -1.94670132
  0.86975262  -0.00440265  -1.10943831  -0.08105376   1.50721195   1.03501827   0.31079109   1.55237817  -1.95076289
  0.87331281  -0.00313200  -1.10776532  -0.08125890   1.50731996   1.03467184   0.30994860   1.55275311  -1.95477038
  0.87686117  -0.00182181  -1.10610062  -0.08147759   1.50748724   1.03422837   0.30912070   1.55319512  -1.95873718
  0.88039449  -0.00048353  -1.10446039  -0.08164021   1.50773615   1.03364974   0.30835298   1.55373928  -1.96270325
  0.88390682   0.00087112  -1.10286478  -0.08171357   1.50808663   1.03291522   0.30767481   1.55440044  -1.96668052
  0.88739381   0.00223641  -1.10133042  -0.08172412   1.50854220   1.03206651   0.30704643   1.55512251  -1.97063885
  0.89085234   0.00361235  -1.09983104  -0.08171299   1.50898988   1.03128228   0.30628229   1.55575041  -1.97452651
  0.89428089   0.00500587  -1.09833880  -0.08171553   1.50939964   1.03063844   0.30525337   1.55617367  -1.97830933
  0.89768485   0.00642428  -1.09683445  -0.08167482   1.50981852   1.03002595   0.30414179   1.55652280  -1.98208119
  0.90107283   0.00787249  -1.09531982  -0.08158425   1.51027984   1.02936449   0.30308775   1.55690717  -1.98588550
  0.90445151   0.00935049  -1.09379349  -0.08147376   1.51076204   1.02865802   0.30203906   1.55732104  -1.98968947
  0.90782404   0.01085902  -1.09225510  -0.08137195   1.51125331   1.02793345   0.30091017   1.55771279  -1.99345502
  0.91119329   0.01240259  -1.09072174  -0.08134480   1.51178333   1.02721477   0.29963797   1.55801418  -1.99712734
  0.91456083   0.01398787  -1.08921401  -0.08139273   1.51242629   1.02645749   0.29837067   1.55827720  -2.00075051
  0.91792452   0.01562052  -1.08772709  -0.08150350   1.51318009   1.02568414   0.29718153   1.55851683  -2.00436236
  0.92128068   0.01730269  -1.08624322  -0.08166388   1.51401526   1.02491167   0.29605413   1.55873072  -2.00796970
  0.92462521   0.01903354  -1.08474469  -0.08185804   1.51489817   1.02415055   0.29493936   1.55890919  -2.01156689
  0.92795719   0.02080880  -1.08323569  -0.08208678   1.51581563   1.02338031   0.29384283   1.55908676  -2.01514257
  0.93127622   0.02262040  -1.08173011  -0.08234696   1.51677855   1.02254551   0.29275993   1.55930566  -2.01867583
  0.93458209   0.02445925  -1.08024417  -0.08264604   1.51778457   1.02162399   0.29164760   1.55957126  -2.02213097
  0.93787349   0.02631776  -1.07879572  -0.08296130   1.51883659   1.02062064   0.29053199   1.55989119  -2.02552065
  0.94114895   0.02819181  -1.07739571  -0.08328604   1.51989586   1.01962297   0.28942935   1.56022857  -2.02886018
  0.94440514   0.03007471  -1.07605517  -0.08360029   1.52098469   1.01860344   0.28837211   1.56060395  -2.03216148
  0.94763772   0.03196102  -1.07477401  -0.08391932   1.52207495   1.01759759   0.28731990   1.56098709  -2.03540073
  0.95084103   0.03384662  -1.07354515  -0.08424547   1.52313847   1.01664089   0.28625348   1.56135484  -2.03857217
  0.95400754   0.03572795  -1.07235381  -0.08455935   1.52417659   1.01572976   0.28514178   1.56168234  -2.04167966
  0.95713161   0.03760088  -1.07119450  -0.08481715   1.52525559   1.01475356   0.28405110   1.56203700  -2.04475848
  0.96020731   0.03946170  -1.07006261  -0.08502456   1.52637375   1.01371041   0.28298048   1.56241679  -2.04780208
  0.96322860   0.04130890  -1.06894751  -0.08520304   1.52748324   1.01267053   0.28191693   1.56278835  -2.05080126
  0.96619304   0.04314320  -1.06783840  -0.08536680   1.52854177   1.01170099   0.28087389   1.56313110  -2.05376396
  0.96910041   0.04496379  -1.06673066  -0.08552385   1.52954971   1.01080712   0.27983730   1.56343037  -2.05668526
  0.97195111   0.04676871  -1.06561935  -0.08567833   1.53051956   1.00997235   0.27874986   1.56365700  -2.05954606
  0.97474869   0.04855647  -1.06450410  -0.08580786   1.53148906   1.00913227   0.27763029   1.56384396  -2.06236283
  0.97750004   0.05032678  -1.06339696  -0.08593166   1.53244495   1.00830230   0.27653071   1.56402438  -2.06514113
  0.98020827   0.05207698  -1.06230972  -0.08606524   1.53339345   1.00747914   0.27544261   1.56419636  -2.06786502
  0.98287421   0.05380574  -1.06124401  -0.08621222   1.53433480   1.00668005   0.27432038   1.56431898  -2.07052134
  0.98549789   0.05551292  -1.06019521  -0.08636500   1.53525940   1.00592126   0.27316202   1.56438191  -2.07311885
  0.98808040   0.05719818  -1.05915675  -0.08649976   1.53617966   1.00516814   0.27198572   1.56441123  -2.07567768
  0.99062468   0.05886149  -1.05812777  -0.08662049   1.53708592   1.00442463   0.27078232   1.56440755  -2.07819422
  0.99313410   0.06050294  -1.05711138  -0.08670755   1.53800362   1.00364638   0.26959490   1.56441278  -2.08069122
  0.99561260   0.06212515  -1.05610661  -0.08677104   1.53890977   1.00287738   0.26841054   1.56440199  -2.08316788
  0.99806276   0.06372940  -1.05511796  -0.08683582   1.53977738   1.00216397   0.26722311   1.56435855  -2.08561153
  1.00048367   0.06531396  -1.05415476  -0.08691729   1.54061626   1.00149242   0.26604845   1.56429993  -2.08801029
  1.00287193   0.06687611  -1.05322297  -0.08701448   1.54145014   1.00082899   0.26490293   1.56424597  -2.09036076
  1.00522551   0.06841427  -1.05232301  -0.08711580   1.54229621   1.00014952   0.26379432   1.56420618  -2.09266875
  1.00754441   0.06992828  -1.05145371  -0.08721609   1.54315469   0.99945576   0.26272197   1.56417757  -2.09493852
  1.00982801   0.07141719  -1.05061375  -0.08731294   1.54401793   0.99875126   0.26168498   1.56416260  -2.09717063
  1.01207475   0.07287999  -1.04979584  -0.08739170   1.54487589   0.99803858   0.26066430   1.56415224  -2.09936894
  1.01428343   0.07431598  -1.04899298  -0.08744075   1.54570770   0.99733021   0.25966232   1.56415129  -2.10154288
  1.01645385   0.07572456  -1.04820219  -0.08746389   1.54649822   0.99664294   0.25864458   1.56413684  -2.10368049
  1.01858662   0.07710563  -1.04742288  -0.08746770   1.54723969   0.99598964   0.25758132   1.56408687  -2.10576972
  1.02068458   0.07846102  -1.04666106  -0.08745527   1.54794654   0.99536154   0.25650832   1.56402112  -2.10782106
  1.02275093   0.07979186  -1.04592742  -0.08743235   1.54864278   0.99473582   0.25546502   1.56396816  -2.10984091
  1.02478635   0.08109855  -1.04522950  -0.08741486   1.54934030   0.99411118   0.25445004   1.56392278  -2.11181736
  1.02678723   0.08237943  -1.04457117  -0.08741622   1.55003704   0.99349823   0.25345373   1.56387351  -2.11373517
  1.02874874   0.08363418  -1.04394464  -0.08742948   1.55073414   0.99289946   0.25246584   1.56380617  -2.11559632
  1.03066737   0.08486312  -1.04333938  -0.08743723   1.55143487   0.99230306   0.25150287   1.56373248  -2.11741849
  1.03254059   0.08606598  -1.04274586  -0.08742952   1.55212889   0.99170628   0.25057696   1.56366705  -2.11921273
  1.03436733   0.08724235  -1.04215861  -0.08741944   1.55278393   0.99114405   0.24966735   1.56359425  -2.12096722
  1.03614706   0.08839082  -1.04157827  -0.08741359   1.55339442   0.99062242   0.24875091   1.56350015  -2.12266919
  1.03787836   0.08950770  -1.04101516  -0.08740262   1.55398599   0.99010517   0.24784259   1.56340527  -2.12431917
  1.03956106   0.09059188  -1.04047261  -0.08736923   1.55457991   0.98957095   0.24694216   1.56330800  -2.12592520
  1.04119747   0.09164553  -1.03995071  -0.08731155   1.55517739   0.98903046   0.24605130   1.56319914  -2.12749379
  1.04278931   0.09267076  -1.03944855  -0.08723067   1.55578112   0.98848224   0.24518370   1.56308730  -2.12903139
  1.04433819   0.09366987  -1.03896009  -0.08712768   1.55637765   0.98794014   0.24433778   1.56297034  -2.13054222
  1.04584637   0.09464487  -1.03848292  -0.08702667   1.55693351   0.98744673   0.24350274   1.56283697  -2.13201368
  1.04731561   0.09559677  -1.03801696  -0.08693144   1.55746538   0.98698182   0.24265877   1.56267957  -2.13343719
  1.04874777   0.09652644  -1.03756373  -0.08684485   1.55797651   0.98654262   0.24181519   1.56250548  -2.13481510
  1.05014411   0.09743383  -1.03712638  -0.08675980   1.55848222   0.98610794   0.24099383   1.56233468  -2.13615725
  1.05150564   0.09831935  -1.03670330  -0.08667469   1.55897790   0.98568564   0.24018451   1.56215717  -2.13746373
  1.05283372   0.09918382  -1.03629233  -0.08658862   1.55945251   0.98529141   0.23938393   1.56196606  -2.13873769
  1.05412959   0.10002816  -1.03589062  -0.08650737   1.55989021   0.98494399   0.23858923   1.56175722  -2.13997832
  1.05539416   0.10085238  -1.03549599  -0.08643039   1.56028896   0.98464019   0.23779420   1.56153103  -2.14118482
  1.05662861   0.10165519  -1.03510982  -0.08634185   1.56066063   0.98435246   0.23701129   1.56130812  -2.14236794
  1.05783428   0.10243443  -1.03473942  -0.08623326   1.56102161   0.98404706   0.23625943   1.56111816  -2.14353240
  1.05901147   0.10318884  -1.03439125  -0.08611198   1.56137621   0.98372215   0.23553029   1.56095683  -2.14466762
  1.06016003   0.10391754  -1.03407036  -0.08597485   1.56173726   0.98336401   0.23483161   1.56083128  -2.14577473
  1.06127924   0.10462071  -1.03377900  -0.08582232   1.56211041   0.98297105   0.23416915   1.56074259  -2.14685435
  1.06236802   0.10530144  -1.03350968  -0.08567214   1.56247337   0.98259272   0.23349975   1.56063819  -2.14788989
  1.06342593   0.10596391  -1.03325399  -0.08554221   1.56280237   0.98227410   0.23281620   1.56049480  -2.14887739
  1.06445224   0.10661019  -1.03300586  -0.08543029   1.56310632   0.98200286   0.23212432   1.56031791  -2.14982248
  1.06544542   0.10723911  -1.03276862  -0.08532990   1.56340415   0.98174210   0.23146852   1.56015376  -2.15073748
  1.06640334   0.10784878  -1.03254360  -0.08522650   1.56371911   0.98145176   0.23086937   1.56002930  -2.15163210
  1.06732469   0.10843814  -1.03232880  -0.08511406   1.56404784   0.98113163   0.23032587   1.55994512  -2.15250905
  1.06820799   0.10900604  -1.03212415  -0.08501742   1.56435049   0.98084032   0.22980317   1.55986419  -2.15334383
  1.06905056   0.10955093  -1.03192834  -0.08492499   1.56465108   0.98054846   0.22928402   1.55977692  -2.15413429
  1.06985157   0.11007340  -1.03173343  -0.08482141   1.56494846   0.98025854   0.22875757   1.55966911  -2.15489032
  1.07061246   0.11057498  -1.03153372  -0.08470049   1.56522717   0.97998976   0.22823062   1.55953908  -2.15562394
  1.07133629   0.11105752  -1.03132880  -0.08456457   1.56548466   0.97974472   0.22771725   1.55939758  -2.15634194
  1.07202661   0.11152284  -1.03112036  -0.08442292   1.56572275   0.97952231   0.22721986   1.55924926  -2.15704190
  1.07268688   0.11197257  -1.03091029  -0.08428446   1.56594153   0.97932480   0.22673572   1.55909361  -2.15772000
  1.07332021   0.11240771  -1.03070074  -0.08415769   1.56614075   0.97915205   0.22625899   1.55893049  -2.15837040
  1.07392925   0.11282890  -1.03049458  -0.08404979   1.56632200   0.97900192   0.22578511   1.55876052  -2.15898765
  1.07451633   0.11323664  -1.03029436  -0.08396491   1.56648638   0.97887338   0.22531198   1.55858459  -2.15956907
  1.07508277   0.11363093  -1.03010140  -0.08389360   1.56663766   0.97875981   0.22485231   1.55841283  -2.16012479
  1.07562909   0.11401048  -1.02991969  -0.08381617   1.56679822   0.97862243   0.22443819   1.55827994  -2.16067286
  1.07615595   0.11437455  -1.02975094  -0.08372727   1.56697006   0.97845433   0.22407377   1.55819289  -2.16121662
  1.07666452   0.11472310  -1.02959649  -0.08363278   1.56714495   0.97826761   0.22374688   1.55814159  -2.16174926
  1.07715495   0.11505614  -1.02945734  -0.08355519   1.56729183   0.97811374   0.22342073   1.55808645  -2.16224778
  1.07762593   0.11537311  -1.02933385  -0.08349306   1.56741813   0.97798688   0.22308119   1.55801600  -2.16270671
  1.07807599   0.11567374  -1.02922598  -0.08343648   1.56753729   0.97786766   0.22274606   1.55794588  -2.16313581
  1.07850356   0.11595815  -1.02913252  -0.08337882   1.56765476   0.97774792   0.22243312   1.55788900  -2.16354427
  1.07890697   0.11622680  -1.02905018  -0.08331858   1.56776896   0.97763140   0.22214182   1.55784151  -2.16393368
  1.07928472   0.11648006  -1.02897672  -0.08325567   1.56788082   0.97751602   0.22187869   1.55780827  -2.16430622
  1.07963559   0.11671871  -1.02890741  -0.08318794   1.56799320   0.97739620   0.22164008   1.55778755  -2.16466301
  1.07995913   0.11694396  -1.02883700  -0.08311747   1.56810146   0.97727803   0.22141435   1.55776908  -2.16500164
  1.08025541   0.11715630  -1.02876516  -0.08305262   1.56819850   0.97717001   0.22120143   1.55775333  -2.16531765
  1.08052427   0.11735545  -1.02869367  -0.08299651   1.56828702   0.97706978   0.22100068   1.55774085  -2.16560772
  1.08076549   0.11754154  -1.02862212  -0.08295009   1.56836464   0.97698522   0.22080258   1.55771997  -2.16586896
  1.08097925   0.11771471  -1.02855063  -0.08290969   1.56843498   0.97691374   0.22060893   1.55769031  -2.16610452
  1.08116626   0.11787519  -1.02847997  -0.08286983   1.56850525   0.97684591   0.22042836   1.55765929  -2.16632056
  1.08132787   0.11802353  -1.02841047  -0.08282800   1.56857820   0.97677839   0.22026385   1.55762945  -2.16652060
  1.08146602   0.11816060  -1.02834195  -0.08278403   1.56865301   0.97671287   0.22011263   1.55759856  -2.16670580
  1.08158312   0.11828751  -1.02827375  -0.08273763   1.56872830   0.97665090   0.21997065   1.55756399  -2.16687754
  1.08168170   0.11840563  -1.02820412  -0.08268713   1.56880297   0.97659199   0.21983500   1.55752507  -2.16703885
  1.08176458   0.11851645  -1.02813162  -0.08263200   1.56887639   0.97653463   0.21970436   1.55748319  -2.16719261
  1.08183481   0.11862144  -1.02805603  -0.08257352   1.56894847   0.97647759   0.21957791   1.55744010  -2.16734043
  1.08189553   0.11872187  -1.02797832  -0.08251371   1.56901946   0.97642080   0.21945503   1.55739679  -2.16748321
  1.08194949   0.11881889  -1.02789915  -0.08245322   1.56908924   0.97636513   0.21933517   1.55735323  -2.16762265
  1.08199908   0.11891340  -1.02781913  -0.08239276   1.56915767   0.97631112   0.21921767   1.55730952  -2.16775997
  1.08204609   0.11900611  -1.02773836  -0.08233247   1.56922463   0.97625859   0.21910176   1.55726593  -2.16789640
  1.08209187   0.11909749  -1.02765685  -0.08227288   1.56929004   0.97620691   0.21898678   1.55722309  -2.16803246
  1.08213728   0.11918783  -1.02757462  -0.08221456   1.56935394   0.97615550   0.21887243   1.55718162  -2.16816838
  1.08218279   0.11927721  -1.02749196  -0.08215847   1.56941640   0.97610429   0.21875865   1.55714187  -2.16830384
  1.08222871   0.11936551  -1.02740985  -0.08210584   1.56947798   0.97605339   0.21864592   1.55710408  -2.16843812
  1.08227522   0.11945246  -1.02732997  -0.08205793   1.56953938   0.97600385   0.21853503   1.55706795  -2.16857024
  1.08232229   0.11953775  -1.02725358  -0.08201462   1.56960107   0.97595671   0.21842670   1.55703276  -2.16870007
  1.08236955   0.11962109  -1.02718049  -0.08197423   1.56966296   0.97591209   0.21832102   1.55699801  -2.16882843
  1.08241621   0.11970237  -1.02710874  -0.08193428   1.56972399   0.97586915   0.21821707   1.55696347  -2.16895660
  1.08246158   0.11978152  -1.02703666  -0.08189427   1.56978315   0.97582678   0.21811380   1.55692969  -2.16908444
  1.08250525   0.11985845  -1.02696410  -0.08185543   1.56984036   0.97578443   0.21801111   1.55689735  -2.16921073
  1.08254715   0.11993306  -1.02689246  -0.08181964   1.56989656   0.97574241   0.21790994   1.55686680  -2.16933402
  1.08258721   0.12000528  -1.02682279  -0.08178710   1.56995267   0.97570141   0.21781142   1.55683769  -2.16945421
  1.08262543   0.12007514  -1.02675567  -0.08175755   1.57000905   0.97566218   0.21771610   1.55680950  -2.16957147
  1.08266175   0.12014270  -1.02669105  -0.08173022   1.57006571   0.97562487   0.21762388   1.55678187  -2.16968626
  1.08269624   0.12020807  -1.02662870  -0.08170454   1.57012232   0.97558943   0.21753419   1.55675463  -2.16979881
  1.08272890   0.12027142  -1.02656796  -0.08167969   1.57017836   0.97555554   0.21744629   1.55672774  -2.16990955
  1.08275985   0.12033289  -1.02650857  -0.08165555   1.57023347   0.97552285   0.21735963   1.55670147  -2.17001847
  1.08278920   0.12039263  -1.02645019  -0.08163180   1.57028731   0.97549121   0.21727381   1.55667590  -2.17012582
  1.08281712   0.12045078  -1.02639303  -0.08160872   1.57033988   0.97546055   0.21718890   1.55665137  -2.17023147
  1.08284385   0.12050741  -1.02633754  -0.08158644   1.57039153   0.97543080   0.21710521   1.55662808  -2.17033541
  1.08286938   0.12056261  -1.02628344  -0.08156414   1.57044225   0.97540184   0.21702276   1.55660593  -2.17043829
  1.08289370   0.12061648  -1.02623041  -0.08154176   1.57049194   0.97537349   0.21694139   1.55658500  -2.17054022
  1.08291682   0.12066911  -1.02617838  -0.08151993   1.57054061   0.97534571   0.21686086   1.55656531  -2.17064075
  1.08293884   0.12072053  -1.02612792  -0.08149974   1.57058860   0.97531879   0.21678146   1.55654694  -2.17073921
  1.08295986   0.12077075  -1.02607955  -0.08148159   1.57063626   0.97529322   0.21670362   1.55652967  -2.17083545
  1.08297995   0.12081976  -1.02603360  -0.08146539   1.57068380   0.97526929   0.21662755   1.55651324  -2.17092956
  1.08299907   0.12086753  -1.02598987  -0.08145040   1.57073123   0.97524687   0.21655309   1.55649745  -2.17102200
  1.08301700   0.12091407  -1.02594728  -0.08143515   1.57077800   0.97522541   0.21647962   1.55648216  -2.17111367
  1.08303364   0.12095937  -1.02590531  -0.08141955   1.57082365   0.97520453   0.21640683   1.55646773  -2.17120457
  1.08304905   0.12100339  -1.02586431  -0.08140441   1.57086832   0.97518417   0.21633481   1.55645447  -2.17129409
  1.08306328   0.12104613  -1.02582457  -0.08139002   1.57091219   0.97516452   0.21626372   1.55644229  -2.17138209
  1.08307628   0.12108759  -1.02578592  -0.08137621   1.57095526   0.97514575   0.21619352   1.55643092  -2.17146871
  1.08308802   0.12112780  -1.02574828  -0.08136302   1.57099755   0.97512779   0.21612418   1.55642034  -2.17155397
  1.08309844   0.12116680  -1.02571128  -0.08135021   1.57103899   0.97511058   0.21605563   1.55641047  -2.17163809
  1.08310750   0.12120461  -1.02567485  -0.08133793   1.57107962   0.97509402   0.21598789   1.55640139  -2.17172101
  1.08311524   0.12124120  -1.02563920  -0.08132648   1.57111969   0.97507805   0.21592115   1.55639321  -2.17180257
  1.08312174   0.12127657  -1.02560469  -0.08131603   1.57115942   0.97506281   0.21585564   1.55638588  -2.17188265
  1.08312704   0.12131069  -1.02557152  -0.08130654   1.57119886   0.97504855   0.21579138   1.55637920  -2.17196128
  1.08313115   0.12134355  -1.02553958  -0.08129765   1.57123787   0.97503533   0.21572824   1.55637303  -2.17203869
  1.08313413   0.12137516  -1.02550893  -0.08128943   1.57127638   0.97502311   0.21566613   1.55636747  -2.17211479
  1.08313610   0.12140550  -1.02547978  -0.08128195   1.57131449   0.97501178   0.21560506   1.55636263  -2.17218953
  1.08313714   0.12143458  -1.02545232  -0.08127512   1.57135229   0.97500124   0.21554500   1.55635854  -2.17226291
  1.08313732   0.12146242  -1.02542645  -0.08126852   1.57138969   0.97499144   0.21548573   1.55635508  -2.17233519
  1.08313658   0.12148906  -1.02540156  -0.08126141   1.57142633   0.97498218   0.21542685   1.55635217  -2.17240689
  1.08313487   0.12151459  -1.02537717  -0.08125359   1.57146189   0.97497325   0.21536816   1.55634993  -2.17247817
  1.08313219   0.12153908  -1.02535316  -0.08124555   1.57149640   0.97496454   0.21530968   1.55634859  -2.17254883
  1.08312857   0.12156261  -1.02532961  -0.08123780   1.57153005   0.97495611   0.21525157   1.55634820  -2.17261861
  1.08312403   0.12158523  -1.02530671  -0.08123085   1.57156314   0.97494811   0.21519408   1.55634871  -2.17268731
  1.08311862   0.12160700  -1.02528470  -0.08122497   1.57159592   0.97494083   0.21513744   1.55634992  -2.17275483
  1.08311237   0.12162791  -1.02526379  -0.08122019   1.57162860   0.97493445   0.21508177   1.55635166  -2.17282119
  1.08310530   0.12164797  -1.02524394  -0.08121621   1.57166124   0.97492895   0.21502705   1.55635377  -2.17288661
  1.08309739   0.12166720  -1.02522496  -0.08121262   1.57169371   0.97492423   0.21497307   1.55635619  -2.17295129
  1.08308863   0.12168558  -1.02520670  -0.08120924   1.57172587   0.97492007   0.21491962   1.55635902  -2.17301531
  1.08307904   0.12170311  -1.02518903  -0.08120588   1.57175753   0.97491634   0.21486651   1.55636231  -2.17307871
  1.08306860   0.12171978  -1.02517187  -0.08120244   1.57178857   0.97491300   0.21481365   1.55636615  -2.17314155
  1.08305727   0.12173561  -1.02515495  -0.08119864   1.57181881   0.97490997   0.21476096   1.55637054  -2.17320402
  1.08304504   0.12175061  -1.02513833  -0.08119482   1.57184831   0.97490718   0.21470857   1.55637570  -2.17326594
  1.08303200   0.12176479  -1.02512236  -0.08119145   1.57187732   0.97490469   0.21465664   1.55638168  -2.17332700
  1.08301816   0.12177812  -1.02510730  -0.08118862   1.57190604   0.97490265   0.21460524   1.55638829  -2.17338708
  1.08300361   0.12179059  -1.02509347  -0.08118647   1.57193461   0.97490140   0.21455455   1.55639537  -2.17344615
  1.08298837   0.12180224  -1.02508094  -0.08118497   1.57196311   0.97490107   0.21450469   1.55640282  -2.17350431
  1.08297242   0.12181313  -1.02506931  -0.08118382   1.57199146   0.97490143   0.21445550   1.55641065  -2.17356180
  1.08295568   0.12182333  -1.02505811  -0.08118279   1.57201950   0.97490210   0.21440668   1.55641897  -2.17361879
  1.08293822   0.12183290  -1.02504734  -0.08118230   1.57204727   0.97490298   0.21435821   1.55642794  -2.17367506
  1.08292012   0.12184186  -1.02503719  -0.08118255   1.57207490   0.97490421   0.21431018   1.55643751  -2.17373052
  1.08290137   0.12185025  -1.02502752  -0.08118318   1.57210234   0.97490591   0.21426254   1.55644746  -2.17378546
  1.08288196   0.12185810  -1.02501813  -0.08118385   1.57212944   0.97490810   0.21421525   1.55645773  -2.17384017
  1.08286192   0.12186543  -1.02500901  -0.08118470   1.57215622   0.97491074   0.21416830   1.55646839  -2.17389458
  1.08284132   0.12187226  -1.02500035  -0.08118606   1.57218282   0.97491378   0.21412169   1.55647950  -2.17394846
  1.08282024   0.12187859  -1.02499236  -0.08118805   1.57220939   0.97491726   0.21407545   1.55649103  -2.17400173
  1.08279871   0.12188443  -1.02498502  -0.08119043   1.57223589   0.97492122   0.21402953   1.55650288  -2.17405454
  1.08277664   0.12188981  -1.02497787  -0.08119261   1.57226209   0.97492554   0.21398378   1.55651498  -2.17410735
  1.08275405   0.12189476  -1.02497079  -0.08119473   1.57228785   0.97493013   0.21393813   1.55652752  -2.17416007
  1.08273097   0.12189926  -1.02496401  -0.08119709   1.57231326   0.97493493   0.21389262   1.55654060  -2.17421245
  1.08270744   0.12190326  -1.02495768  -0.08119966   1.57233839   0.97494002   0.21384717   1.55655412  -2.17426444
  1.08268351   0.12190673  -1.02495211  -0.08120255   1.57236335   0.97494560   0.21380200   1.55656801  -2.17431596
  1.08265928   0.12190967  -1.02494773  -0.08120604   1.57238833   0.97495187   0.21375735   1.55658232  -2.17436686
  1.08263482   0.12191208  -1.02494466  -0.08121012   1.57241348   0.97495880   0.21371329   1.55659702  -2.17441716
  1.08261011   0.12191401  -1.02494266  -0.08121446   1.57243874   0.97496618   0.21366958   1.55661206  -2.17446708
  1.08258511   0.12191553  -1.02494109  -0.08121858   1.57246378   0.97497380   0.21362586   1.55662741  -2.17451698
  1.08255975   0.12191671  -1.02493951  -0.08122243   1.57248836   0.97498144   0.21358188   1.55664317  -2.17456694
  1.08253403   0.12191760  -1.02493780  -0.08122613   1.57251243   0.97498905   0.21353760   1.55665942  -2.17461692
  1.08250795   0.12191823  -1.02493594  -0.08122977   1.57253606   0.97499670   0.21349314   1.55667613  -2.17466693
  1.08248153   0.12191859  -1.02493417  -0.08123361   1.57255940   0.97500456   0.21344869   1.55669329  -2.17471685
  1.08245481   0.12191866  -1.02493275  -0.08123778   1.57258264   0.97501277   0.21340443   1.55671080  -2.17476658
  1.08242778   0.12191844  -1.02493176  -0.08124219   1.57260588   0.97502140   0.21336041   1.55672856  -2.17481618
  1.08240043   0.12191790  -1.02493122  -0.08124682   1.57262909   0.97503046   0.21331660   1.55674655  -2.17486562
  1.08237274   0.12191704  -1.02493101  -0.08125159   1.57265219   0.97503986   0.21327289   1.55676478  -2.17491493
  1.08234469   0.12191585  -1.02493117  -0.08125669   1.57267518   0.97504955   0.21322928   1.55678338  -2.17496396
  1.08231634   0.12191430  -1.02493191  -0.08126227   1.57269813   0.97505956   0.21318583   1.55680239  -2.17501257
  1.08228770   0.12191240  -1.02493328  -0.08126822   1.57272109   0.97506990   0.21314260   1.55682176  -2.17506084
  1.08225874   0.12191015  -1.02493514  -0.08127427   1.57274403   0.97508053   0.21309955   1.55684147  -2.17510897
  1.08222947   0.12190756  -1.02493743  -0.08128040   1.57276687   0.97509140   0.21305660   1.55686151  -2.17515695
  1.08219988   0.12190465  -1.02494004  -0.08128657   1.57278959   0.97510248   0.21301367   1.55688189  -2.17520484
  1.08216999   0.12190144  -1.02494293  -0.08129281   1.57281214   0.97511376   0.21297071   1.55690257  -2.17525262
  1.08213978   0.12189795  -1.02494608  -0.08129915   1.57283454   0.97512528   0.21292771   1.55692356  -2.17530029
  1.08210928   0.12189420  -1.02494947  -0.08130564   1.57285683   0.97513702   0.21288472   1.55694484  -2.17534784
  1.08207849   0.12189020  -1.02495316  -0.08131234   1.57287907   0.97514899   0.21284177   1.55696643  -2.17539527
  1.08204741   0.12188596  -1.02495706  -0.08131916   1.57290126   0.97516119   0.21279890   1.55698830  -2.17544266
  1.08201601   0.12188151  -1.02496111  -0.08132612   1.57292337   0.97517362   0.21275606   1.55701044  -2.17549002
  1.08198431   0.12187685  -1.02496534  -0.08133336   1.57294542   0.97518629   0.21271326   1.55703286  -2.17553725
  1.08195230   0.12187197  -1.02496978  -0.08134090   1.57296744   0.97519921   0.21267051   1.55705555  -2.17558434
  1.08192001   0.12186688  -1.02497450  -0.08134882   1.57298952   0.97521238   0.21262787   1.55707854  -2.17563123
  1.08188744   0.12186157  -1.02497963  -0.08135716   1.57301171   0.97522584   0.21258541   1.55710180  -2.17567791
  1.08185464   0.12185602  -1.02498522  -0.08136581   1.57303404   0.97523960   0.21254311   1.55712530  -2.17572442
  1.08182157   0.12185025  -1.02499117  -0.08137459   1.57305643   0.97525367   0.21250091   1.55714898  -2.17577089
  1.08178825   0.12184425  -1.02499735  -0.08138340   1.57307878   0.97526796   0.21245871   1.55717288  -2.17581736
  1.08175464   0.12183805  -1.02500363  -0.08139217   1.57310102   0.97528241   0.21241641   1.55719700  -2.17586389
  1.08172073   0.12183166  -1.02500991  -0.08140096   1.57312309   0.97529697   0.21237398   1.55722142  -2.17591047
  1.08168650   0.12182511  -1.02501614  -0.08140984   1.57314502   0.97531160   0.21233146   1.55724616  -2.17595705
  1.08165199   0.12181839  -1.02502246  -0.08141910   1.57316690   0.97532640   0.21228895   1.55727124  -2.17600349
  1.08161725   0.12181150  -1.02502918  -0.08142900   1.57318892   0.97534151   0.21224662   1.55729664  -2.17604962
  1.08158233   0.12180443  -1.02503653  -0.08143954   1.57321126   0.97535704   0.21220457   1.55732224  -2.17609544
  1.08154724   0.12179718  -1.02504446  -0.08145046   1.57323388   0.97537301   0.21216277   1.55734793  -2.17614113
  1.08151199   0.12178975  -1.02505284  -0.08146153   1.57325669   0.97538935   0.21212106   1.55737371  -2.17618683
  1.08147659   0.12178217  -1.02506154  -0.08147264   1.57327956   0.97540591   0.21207931   1.55739963  -2.17623258
