  0.74364253   0.46154926  -1.17336197  -0.31171980   1.87206096   0.73033979   0.40422073   1.80724623  -1.54483391
  0.74366314   0.46148658  -1.17336809  -0.31167630   1.87195337   0.73037754   0.40418469   1.80728339  -1.54486734
  0.74372047   0.46132951  -1.17340118  -0.31158003   1.87169139   0.73052902   0.40411127   1.80732084  -1.54496206
  0.74383316   0.46105675  -1.17346870  -0.31135067   1.87130601   0.73079923   0.40399957   1.80734108  -1.54521463
  0.74401426   0.46066312  -1.17355373  -0.31095162   1.87079321   0.73127925   0.40381005   1.80726531  -1.54571319
  0.74427448   0.46014859  -1.17363750  -0.31039435   1.87013691   0.73201043   0.40353781   1.80705700  -1.54648205
  0.74462852   0.45951191  -1.17372043  -0.30970268   1.86938154   0.73284311   0.40326014   1.80680222  -1.54747794
  0.74508703   0.45876066  -1.17377436  -0.30883224   1.86857485   0.73364305   0.40294552   1.80658834  -1.54872706
  0.74565928   0.45790611  -1.17377642  -0.30778006   1.86776205   0.73430890   0.40256771   1.80646549  -1.55022970
  0.74635606   0.45696611  -1.17369677  -0.30659677   1.86689937   0.73497887   0.40206461   1.80632847  -1.55200804
  0.74718455   0.45595526  -1.17351169  -0.30532978   1.86592537   0.73573524   0.40141538   1.80614061  -1.55405186
  0.74815341   0.45488174  -1.17322753  -0.30401718   1.86486609   0.73644792   0.40070301   1.80599167  -1.55629570
  0.74926661   0.45375692  -1.17285101  -0.30272501   1.86367918   0.73716720   0.39997806   1.80586237  -1.55869032
  0.75052006   0.45259234  -1.17238783  -0.30147470   1.86237325   0.73790119   0.39923373   1.80574142  -1.56121496
  0.75190995   0.45139770  -1.17184602  -0.30023856   1.86101938   0.73854059   0.39847627   1.80568460  -1.56386544
  0.75343111   0.45018146  -1.17123743  -0.29901385   1.85965323   0.73902811   0.39771732   1.80572486  -1.56662121
  0.75507858   0.44895207  -1.17057379  -0.29784382   1.85823998   0.73943242   0.39695753   1.80582870  -1.56944739
  0.75684417   0.44771711  -1.16986841  -0.29673997   1.85677287   0.73980157   0.39619287   1.80596663  -1.57233285
  0.75871856   0.44648159  -1.16913909  -0.29569785   1.85527494   0.74013794   0.39542898   1.80612941  -1.57526958
  0.76069252   0.44524609  -1.16840513  -0.29470449   1.85375491   0.74045898   0.39466256   1.80630731  -1.57825600
  0.76275627   0.44401265  -1.16767738  -0.29375290   1.85220091   0.74082124   0.39387531   1.80646820  -1.58129716
  0.76490211   0.44278376  -1.16696929  -0.29284052   1.85065218   0.74119038   0.39308021   1.80661689  -1.58438048
  0.76712111   0.44156271  -1.16629160  -0.29198661   1.84912741   0.74155396   0.39229107   1.80674910  -1.58747714
  0.76940244   0.44035326  -1.16564937  -0.29120525   1.84763126   0.74191971   0.39150979   1.80685427  -1.59056599
  0.77173440   0.43915914  -1.16504435  -0.29049800   1.84617403   0.74228444   0.39073842   1.80692916  -1.59363504
  0.77410516   0.43798372  -1.16447640  -0.28985469   1.84477747   0.74262338   0.38998365   1.80698255  -1.59667908
  0.77650351   0.43683028  -1.16394138  -0.28926759   1.84344658   0.74293290   0.38924677   1.80701628  -1.59969566
  0.77891925   0.43570141  -1.16343359  -0.28873118   1.84217498   0.74322141   0.38852639   1.80702954  -1.60268293
  0.78134339   0.43459843  -1.16294731  -0.28823931   1.84094803   0.74350562   0.38781872   1.80702066  -1.60564092
  0.78376782   0.43352187  -1.16247776  -0.28778467   1.83975363   0.74379698   0.38711972   1.80699061  -1.60856984
  0.78618523   0.43247178  -1.16202149  -0.28735668   1.83859108   0.74408958   0.38642910   1.80694720  -1.61147040
  0.78858932   0.43144794  -1.16157525  -0.28694746   1.83745851   0.74437897   0.38574686   1.80689706  -1.61434220
  0.79097481   0.43044976  -1.16113649  -0.28655014   1.83635386   0.74466099   0.38507413   1.80684640  -1.61718479
  0.79333733   0.42947625  -1.16070197  -0.28615799   1.83526721   0.74494504   0.38440792   1.80679538  -1.62000111
  0.79567345   0.42852615  -1.16026956  -0.28576723   1.83419007   0.74523878   0.38374539   1.80674387  -1.62279185
  0.79798044   0.42759819  -1.15983839  -0.28537314   1.83312292   0.74553819   0.38308634   1.80669511  -1.62555744
  0.80025633   0.42669116  -1.15940814  -0.28497296   1.83206810   0.74583714   0.38243192   1.80665238  -1.62829709
  0.80249981   0.42580390  -1.15897849  -0.28456527   1.83102604   0.74613316   0.38178310   1.80661698  -1.63101028
  0.80471013   0.42493509  -1.15854854  -0.28414739   1.82999290   0.74643124   0.38113854   1.80658714  -1.63369959
  0.80688713   0.42408340  -1.15811813  -0.28371880   1.82896654   0.74673350   0.38049733   1.80656185  -1.63636558
  0.80903104   0.42324777  -1.15768735  -0.28327903   1.82794891   0.74703731   0.37985918   1.80654104  -1.63900869
  0.81114248   0.42242735  -1.15725635  -0.28282923   1.82694250   0.74733906   0.37922473   1.80652486  -1.64162829
  0.81322236   0.42162150  -1.15682512  -0.28237142   1.82594882   0.74763662   0.37859503   1.80651282  -1.64422362
  0.81527181   0.42082985  -1.15639306  -0.28190649   1.82496886   0.74792962   0.37797009   1.80650348  -1.64679582
  0.81729215   0.42005207  -1.15595943  -0.28143622   1.82400169   0.74821986   0.37734941   1.80649491  -1.64934569
  0.81928492   0.41928780  -1.15552354  -0.28096196   1.82304515   0.74851038   0.37673256   1.80648526  -1.65187451
  0.82125175   0.41853639  -1.15508444  -0.28048226   1.82209520   0.74880689   0.37611799   1.80647237  -1.65438639
  0.82319445   0.41779713  -1.15464196  -0.27999711   1.82115000   0.74911083   0.37550497   1.80645597  -1.65688317
  0.82511481   0.41706949  -1.15419630  -0.27950624   1.82021217   0.74941775   0.37489369   1.80643751  -1.65936614
  0.82701468   0.41635315  -1.15374786  -0.27901081   1.81928500   0.74972179   0.37428557   1.80641906  -1.66183509
  0.82889585   0.41564792  -1.15329691  -0.27851282   1.81837059   0.75001893   0.37368227   1.80640194  -1.66428947
  0.83076000   0.41495385  -1.15284302  -0.27801299   1.81747042   0.75030739   0.37308399   1.80638611  -1.66673054
  0.83260879   0.41427108  -1.15238564  -0.27751302   1.81658379   0.75058805   0.37249040   1.80637073  -1.66915904
  0.83444379   0.41359969  -1.15192435  -0.27701486   1.81570919   0.75086279   0.37190139   1.80635482  -1.67157539
  0.83626645   0.41293984  -1.15145854  -0.27651867   1.81484620   0.75113259   0.37131638   1.80633760  -1.67398150
  0.83807816   0.41229160  -1.15098780  -0.27602526   1.81399368   0.75139873   0.37073489   1.80631855  -1.67637837
  0.83988023   0.41165497  -1.15051205  -0.27553557   1.81315060   0.75166205   0.37015699   1.80629761  -1.67876658
  0.84167382   0.41102998  -1.15003107  -0.27504874   1.81231744   0.75192193   0.36958240   1.80627501  -1.68114801
  0.84346001   0.41041657  -1.14954484  -0.27456489   1.81149389   0.75217825   0.36901093   1.80625108  -1.68352353
  0.84523982   0.40981463  -1.14905358  -0.27408470   1.81067928   0.75243122   0.36844277   1.80622613  -1.68589331
  0.84701412   0.40922411  -1.14855730  -0.27360735   1.80987407   0.75268026   0.36787756   1.80620039  -1.68825879
  0.84878369   0.40864488  -1.14805621  -0.27313311   1.80907804   0.75292519   0.36731516   1.80617418  -1.69062029
  0.85054926   0.40807677  -1.14755071  -0.27266279   1.80829065   0.75316612   0.36675592   1.80614780  -1.69297750
  0.85231140   0.40751969  -1.14704090  -0.27219561   1.80751248   0.75340251   0.36619945   1.80612133  -1.69533154
  0.85407060   0.40697353  -1.14652695  -0.27173202   1.80674308   0.75363477   0.36564546   1.80609469  -1.69768245
  0.85582732   0.40643809  -1.14600931  -0.27127293   1.80598208   0.75386287   0.36509447   1.80606815  -1.70002957
  0.85758187   0.40591328  -1.14548810  -0.27081748   1.80523043   0.75408584   0.36454628   1.80604189  -1.70237379
  0.85933450   0.40539898  -1.14496321  -0.27036539   1.80448711   0.75430529   0.36400004   1.80601524  -1.70471586
  0.86108543   0.40489490  -1.14443406  -0.26991502   1.80374844   0.75452682   0.36345375   1.80598613  -1.70705832
  0.86283490   0.40440064  -1.14390091  -0.26946639   1.80301320   0.75475135   0.36290697   1.80595459  -1.70940117
  0.86458308   0.40391591  -1.14336450  -0.26901922   1.80228477   0.75497367   0.36236097   1.80592270  -1.71174372
  0.86633007   0.40344055  -1.14282565  -0.26857465   1.80156639   0.75518849   0.36181752   1.80589246  -1.71408402
  0.86807591   0.40297460  -1.14228462  -0.26813328   1.80086107   0.75539201   0.36127770   1.80586481  -1.71642121
  0.86982058   0.40251820  -1.14174122  -0.26769638   1.80016856   0.75558484   0.36074170   1.80583912  -1.71875453
  0.87156403   0.40207133  -1.14119470  -0.26726374   1.79948546   0.75577234   0.36020835   1.80581317  -1.72108526
  0.87330625   0.40163388  -1.14064501  -0.26683646   1.79880967   0.75595711   0.35967720   1.80578607  -1.72341275
  0.87504718   0.40120577  -1.14009243  -0.26641513   1.79814242   0.75613746   0.35914862   1.80575827  -1.72573614
  0.87678672   0.40078704  -1.13953739  -0.26600115   1.79748514   0.75631115   0.35862346   1.80573051  -1.72805372
  0.87852469   0.40037787  -1.13897988  -0.26559449   1.79683990   0.75647602   0.35810218   1.80570309  -1.73036528
  0.88026092   0.39997845  -1.13841961  -0.26519530   1.79620685   0.75663219   0.35758497   1.80567581  -1.73267079
  0.88199522   0.39958883  -1.13785582  -0.26480212   1.79558348   0.75678362   0.35707085   1.80564725  -1.73497221
  0.88372750   0.39920894  -1.13728833  -0.26441507   1.79496794   0.75693251   0.35655921   1.80561686  -1.73726956
  0.88545763   0.39883874  -1.13671741  -0.26403388   1.79436169   0.75707668   0.35605048   1.80558558  -1.73956250
  0.88718551   0.39847822  -1.13614353  -0.26365934   1.79376613   0.75721370   0.35554551   1.80555448  -1.74184968
  0.88891098   0.39812755  -1.13556669  -0.26329110   1.79318289   0.75734194   0.35504434   1.80552381  -1.74413119
  0.89063389   0.39778688  -1.13498660  -0.26292919   1.79261143   0.75746246   0.35454672   1.80549304  -1.74640719
  0.89235412   0.39745626  -1.13440256  -0.26257201   1.79204945   0.75757890   0.35405165   1.80546089  -1.74867970
  0.89407163   0.39713558  -1.13381455  -0.26221946   1.79149570   0.75769247   0.35355890   1.80542734  -1.75094876
  0.89578637   0.39682481  -1.13322281  -0.26187157   1.79095093   0.75780197   0.35306863   1.80539288  -1.75321398
  0.89749835   0.39652390  -1.13262794  -0.26152944   1.79041626   0.75790530   0.35258173   1.80535857  -1.75547383
  0.89920748   0.39623293  -1.13203012  -0.26119261   1.78989379   0.75799997   0.35209860   1.80532509  -1.75772829
  0.90091373   0.39595202  -1.13142925  -0.26086126   1.78938320   0.75808668   0.35161903   1.80529206  -1.75997740
  0.90261704   0.39568120  -1.13082464  -0.26053411   1.78888194   0.75816950   0.35114166   1.80525789  -1.76222299
  0.90431746   0.39542039  -1.13021623  -0.26021140   1.78838830   0.75825050   0.35066595   1.80522202  -1.76446509
  0.90601503   0.39516951  -1.12960440  -0.25989312   1.78790353   0.75832767   0.35019251   1.80518536  -1.76670324
  0.90770977   0.39492854  -1.12898982  -0.25957976   1.78743042   0.75839701   0.34972235   1.80514941  -1.76893630
  0.90940158   0.39469796  -1.12837232  -0.25926880   1.78697594   0.75845161   0.34925476   1.80511472  -1.77116609
  0.91109048   0.39447835  -1.12775091  -0.25896139   1.78653921   0.75849309   0.34879030   1.80508048  -1.77339261
  0.91277660   0.39426994  -1.12712490  -0.25866022   1.78611518   0.75852741   0.34832951   1.80504529  -1.77561467
  0.91446007   0.39407261  -1.12649376  -0.25836556   1.78569835   0.75856131   0.34787181   1.80500758  -1.77783296
  0.91614104   0.39388598  -1.12585797  -0.25807807   1.78528575   0.75859741   0.34741702   1.80496747  -1.78004677
  0.91781963   0.39370964  -1.12521844  -0.25779777   1.78487750   0.75863473   0.34696514   1.80492589  -1.78225534
  0.91949593   0.39354327  -1.12457639  -0.25752473   1.78447588   0.75866970   0.34651637   1.80488431  -1.78445749
  0.92116983   0.39338699  -1.12393231  -0.25725523   1.78408908   0.75869353   0.34606996   1.80484420  -1.78665539
  0.92284137   0.39324110  -1.12328583  -0.25698920   1.78371809   0.75870514   0.34562676   1.80480587  -1.78884933
  0.92451063   0.39310565  -1.12263664  -0.25672864   1.78335904   0.75870897   0.34518726   1.80476843  -1.79103830
  0.92617772   0.39298044  -1.12198435  -0.25647341   1.78300730   0.75871095   0.34475062   1.80473029  -1.79322321
  0.92784273   0.39286513  -1.12132930  -0.25622405   1.78266001   0.75871413   0.34431637   1.80469097  -1.79540359
  0.92950574   0.39275934  -1.12067209  -0.25597967   1.78231779   0.75871731   0.34388443   1.80465117  -1.79757970
  0.93116676   0.39266275  -1.12001290  -0.25573848   1.78198104   0.75871991   0.34345413   1.80461117  -1.79975274
  0.93282587   0.39257506  -1.11935230  -0.25550094   1.78164991   0.75872121   0.34302519   1.80457134  -1.80192191
  0.93448312   0.39249604  -1.11869089  -0.25526653   1.78132699   0.75871776   0.34259821   1.80453281  -1.80408700
  0.93613849   0.39242561  -1.11802868  -0.25503425   1.78101345   0.75870834   0.34217309   1.80449574  -1.80624877
  0.93779203   0.39236368  -1.11736591  -0.25480542   1.78070918   0.75869305   0.34174994   1.80445993  -1.80840612
  0.93944375   0.39231030  -1.11670272  -0.25458048   1.78041554   0.75867062   0.34132924   1.80442543  -1.81055866
  0.94109361   0.39226556  -1.11603872  -0.25435904   1.78013278   0.75864134   0.34091091   1.80439171  -1.81270707
  0.94274163   0.39222955  -1.11537387  -0.25414263   1.77986032   0.75860603   0.34049513   1.80435834  -1.81485032
  0.94438779   0.39220241  -1.11470804  -0.25393177   1.77959894   0.75856417   0.34008219   1.80432514  -1.81698812
  0.94603202   0.39218434  -1.11404067  -0.25372601   1.77934850   0.75851646   0.33967174   1.80429147  -1.81912130
  0.94767432   0.39217544  -1.11337166  -0.25352651   1.77910865   0.75846314   0.33926411   1.80425737  -1.82124897
  0.94931464   0.39217593  -1.11270090  -0.25333312   1.77888145   0.75840216   0.33885943   1.80422299  -1.82337124
  0.95095282   0.39218643  -1.11202775  -0.25314376   1.77867266   0.75832841   0.33845768   1.80418828  -1.82549009
  0.95258881   0.39220784  -1.11135110  -0.25295963   1.77848506   0.75823974   0.33806274   1.80415356  -1.82760561
  0.95422263   0.39224072  -1.11066969  -0.25278411   1.77831469   0.75814053   0.33767413   1.80411766  -1.82971606
  0.95585434   0.39228516  -1.10998261  -0.25261867   1.77815527   0.75803759   0.33728936   1.80407899  -1.83182097
  0.95748402   0.39234086  -1.10929013  -0.25246439   1.77800204   0.75793537   0.33690701   1.80403725  -1.83391926
  0.95911171   0.39240748  -1.10859306  -0.25231958   1.77785535   0.75783267   0.33652655   1.80399347  -1.83601148
  0.96073731   0.39248500  -1.10789190  -0.25218004   1.77772087   0.75772340   0.33614771   1.80394891  -1.83810026
  0.96236084   0.39257370  -1.10718670  -0.25204496   1.77760178   0.75760427   0.33577407   1.80390494  -1.84018635
  0.96398237   0.39267363  -1.10647731  -0.25191610   1.77749536   0.75747773   0.33540529   1.80386142  -1.84226846
  0.96560199   0.39278445  -1.10576378  -0.25179399   1.77739681   0.75734862   0.33503917   1.80381750  -1.84434616
  0.96721984   0.39290557  -1.10504707  -0.25167928   1.77730262   0.75721997   0.33467461   1.80377323  -1.84641829
  0.96883597   0.39303648  -1.10432836  -0.25157052   1.77721328   0.75709096   0.33431077   1.80372902  -1.84848516
  0.97045029   0.39317706  -1.10360820  -0.25146402   1.77713382   0.75695709   0.33394671   1.80368487  -1.85054928
  0.97206280   0.39332752  -1.10288673  -0.25135922   1.77706775   0.75681501   0.33358612   1.80364189  -1.85261129
  0.97367358   0.39348788  -1.10216379  -0.25125824   1.77701317   0.75666634   0.33322907   1.80359998  -1.85466959
  0.97528268   0.39365789  -1.10143935  -0.25116217   1.77696638   0.75651472   0.33287396   1.80355842  -1.85672338
  0.97689019   0.39383709  -1.10071412  -0.25107235   1.77692443   0.75636272   0.33252011   1.80351716  -1.85877111
  0.97849611   0.39402511  -1.09998886  -0.25098805   1.77688768   0.75621004   0.33216677   1.80347606  -1.86081288
  0.98010033   0.39422198  -1.09926369  -0.25090596   1.77686096   0.75605264   0.33181301   1.80343470  -1.86285123
  0.98170277   0.39442803  -1.09853831  -0.25082563   1.77684767   0.75588737   0.33146254   1.80339407  -1.86488693
  0.98330346   0.39464336  -1.09781235  -0.25074912   1.77684666   0.75571474   0.33111604   1.80335459  -1.86691847
  0.98490243   0.39486788  -1.09708549  -0.25067763   1.77685492   0.75553743   0.33077242   1.80331590  -1.86894499
  0.98649971   0.39510127  -1.09635812  -0.25061276   1.77686977   0.75535768   0.33043124   1.80327802  -1.87096493
  0.98809527   0.39534331  -1.09563070  -0.25055392   1.77689159   0.75517515   0.33009177   1.80324077  -1.87297840
  0.98968895   0.39559410  -1.09490302  -0.25049789   1.77692460   0.75498670   0.32975264   1.80320325  -1.87498810
  0.99128070   0.39585403  -1.09417451  -0.25044427   1.77697106   0.75479090   0.32941676   1.80316566  -1.87699507
  0.99287051   0.39612329  -1.09344456  -0.25039527   1.77702905   0.75458946   0.32908419   1.80312778  -1.87899793
  0.99445840   0.39640181  -1.09271280  -0.25035215   1.77709571   0.75438488   0.32875390   1.80308934  -1.88099579
  0.99604443   0.39668935  -1.09197965  -0.25031644   1.77716896   0.75417842   0.32842588   1.80305085  -1.88298701
  0.99762854   0.39698572  -1.09124560  -0.25028744   1.77724968   0.75396898   0.32809979   1.80301258  -1.88497169
  0.99921060   0.39729103  -1.09051048  -0.25026171   1.77734210   0.75375326   0.32777422   1.80297375  -1.88695263
  1.00079057   0.39760562  -1.08977371  -0.25023872   1.77744782   0.75353072   0.32745171   1.80293426  -1.88893106
  1.00236845   0.39792966  -1.08903483  -0.25022041   1.77756509   0.75330276   0.32713252   1.80289419  -1.89090570
  1.00394430   0.39826308  -1.08829365  -0.25020791   1.77769183   0.75307070   0.32681619   1.80285386  -1.89287555
  1.00551818   0.39860567  -1.08755067  -0.25020296   1.77782591   0.75283598   0.32650267   1.80281371  -1.89483882
  1.00709006   0.39895722  -1.08680644  -0.25020495   1.77796810   0.75259767   0.32619162   1.80277396  -1.89679554
  1.00865981   0.39931786  -1.08606082  -0.25021032   1.77812232   0.75235290   0.32588156   1.80273366  -1.89874861
  1.01022741   0.39968788  -1.08531328  -0.25021836   1.77828981   0.75210152   0.32557467   1.80269261  -1.90069940
  1.01179289   0.40006738  -1.08456344  -0.25023091   1.77846885   0.75184484   0.32527104   1.80265093  -1.90264662
  1.01335630   0.40045632  -1.08381119  -0.25024927   1.77865743   0.75158411   0.32496999   1.80260889  -1.90458909
  1.01491772   0.40085448  -1.08305710  -0.25027535   1.77885360   0.75132056   0.32467150   1.80256697  -1.90652486
  1.01647715   0.40126168  -1.08230178  -0.25030865   1.77905809   0.75105334   0.32437528   1.80252534  -1.90845385
  1.01803445   0.40167800  -1.08154511  -0.25034591   1.77927379   0.75078077   0.32407906   1.80248255  -1.91037873
  1.01958963   0.40210353  -1.08078701  -0.25038713   1.77950056   0.75050291   0.32378370   1.80243902  -1.91229957
  1.02114264   0.40253845  -1.08002782  -0.25043417   1.77973669   0.75022079   0.32349146   1.80239608  -1.91421457
  1.02269298   0.40298375  -1.07926716  -0.25048613   1.77998107   0.74993650   0.32320281   1.80235359  -1.91612435
  1.02423941   0.40344195  -1.07850315  -0.25053827   1.78023348   0.74965328   0.32291515   1.80230925  -1.91803287
  1.02578004   0.40391725  -1.07773319  -0.25058931   1.78048794   0.74938183   0.32262683   1.80225983  -1.91994160
  1.02731270   0.40441562  -1.07695577  -0.25064181   1.78073965   0.74913604   0.32233828   1.80219957  -1.92184927
  1.02883558   0.40494482  -1.07617452  -0.25069270   1.78102003   0.74888753   0.32206511   1.80213694  -1.92375464
  1.03034421   0.40551524  -1.07539059  -0.25074574   1.78134905   0.74863873   0.32179476   1.80205233  -1.92565390
  1.03183287   0.40613858  -1.07460722  -0.25081267   1.78175845   0.74837553   0.32151481   1.80193091  -1.92753263
  1.03329618   0.40682715  -1.07382674  -0.25091004   1.78226536   0.74808985   0.32123686   1.80177384  -1.92937254
  1.03473101   0.40759155  -1.07305806  -0.25105585   1.78289930   0.74772814   0.32101855   1.80163057  -1.93114512
  1.03613047   0.40844489  -1.07229860  -0.25126944   1.78364911   0.74731618   0.32083722   1.80148364  -1.93283080
  1.03748586   0.40940158  -1.07154530  -0.25156066   1.78454048   0.74683865   0.32064154   1.80131045  -1.93441181
  1.03879129   0.41047628  -1.07079463  -0.25194357   1.78557976   0.74630068   0.32042648   1.80110376  -1.93587426
  1.04004213   0.41168243  -1.07004528  -0.25242553   1.78677114   0.74569020   0.32023799   1.80089382  -1.93720712
  1.04122967   0.41303474  -1.06929253  -0.25300638   1.78812663   0.74498832   0.32009550   1.80070088  -1.93840130
  1.04234832   0.41454548  -1.06852938  -0.25367601   1.78964343   0.74420729   0.32000679   1.80052492  -1.93946505
  1.04339396   0.41622341  -1.06775068  -0.25442126   1.79131863   0.74335466   0.31996983   1.80036567  -1.94040742
  1.04436456   0.41807714  -1.06694628  -0.25524274   1.79314813   0.74239423   0.31999890   1.80026737  -1.94121897
  1.04525718   0.42011218  -1.06611504  -0.25613400   1.79513249   0.74131184   0.32009247   1.80024535  -1.94189676
  1.04607129   0.42233410  -1.06525349  -0.25709239   1.79727086   0.74009998   0.32025631   1.80031177  -1.94244121
  1.04680645   0.42474569  -1.06436462  -0.25811614   1.79956568   0.73877609   0.32046851   1.80044242  -1.94285531
  1.04745701   0.42735288  -1.06344944  -0.25923170   1.80201406   0.73737746   0.32069786   1.80059403  -1.94311978
  1.04801942   0.43015600  -1.06250876  -0.26043552   1.80461532   0.73591337   0.32096729   1.80076800  -1.94323784
  1.04848969   0.43315081  -1.06155514  -0.26174197   1.80737813   0.73437018   0.32130104   1.80097746  -1.94318689
  1.04886181   0.43633384  -1.06059903  -0.26318270   1.81029486   0.73279609   0.32167419   1.80117252  -1.94294126
  1.04913104   0.43969944  -1.05963809  -0.26473651   1.81335635   0.73124362   0.32207128   1.80130571  -1.94252821
  1.04929584   0.44324339  -1.05865978  -0.26638864   1.81655538   0.72972074   0.32250659   1.80137754  -1.94196827
  1.04935593   0.44695445  -1.05766004  -0.26810830   1.81990863   0.72815963   0.32302397   1.80144799  -1.94127663
  1.04931281   0.45081826  -1.05664197  -0.26987897   1.82342408   0.72653435   0.32362245   1.80152808  -1.94046231
  1.04917150   0.45481956  -1.05561411  -0.27169947   1.82712046   0.72477629   0.32433932   1.80167175  -1.93951488
  1.04893876   0.45894388  -1.05458000  -0.27355866   1.83099780   0.72287438   0.32517243   1.80188246  -1.93844634
  1.04861758   0.46318356  -1.05353181  -0.27545153   1.83504597   0.72085823   0.32608399   1.80212204  -1.93727370
  1.04821314   0.46752816  -1.05247116  -0.27739036   1.83925327   0.71876703   0.32703335   1.80234286  -1.93599940
  1.04773063   0.47196852  -1.05141002  -0.27942834   1.84358908   0.71671736   0.32796074   1.80243449  -1.93460481
  1.04717517   0.47650010  -1.05034892  -0.28160275   1.84804106   0.71474615   0.32889043   1.80237563  -1.93307675
  1.04654781   0.48111359  -1.04929340  -0.28390619   1.85263722   0.71277995   0.32989885   1.80223306  -1.93141099
  1.04584901   0.48580404  -1.04823525  -0.28635500   1.85736615   0.71082859   0.33094800   1.80198603  -1.92959802
  1.04508033   0.49056369  -1.04716946  -0.28894036   1.86222437   0.70889307   0.33199486   1.80161562  -1.92764691
  1.04424374   0.49537896  -1.04609978  -0.29162094   1.86724213   0.70689448   0.33303160   1.80116229  -1.92557514
  1.04334157   0.50024135  -1.04502271  -0.29437458   1.87241816   0.70481094   0.33404782   1.80064073  -1.92339777
  1.04237723   0.50514182  -1.04393546  -0.29717322   1.87773564   0.70263835   0.33505938   1.80007421  -1.92113813
  1.04135343   0.51007667  -1.04282618  -0.30001258   1.88316039   0.70040842   0.33604247   1.79945199  -1.91880825
  1.04027482   0.51503930  -1.04169078  -0.30286875   1.88866290   0.69813146   0.33703632   1.79880486  -1.91643229
  1.03914737   0.52002495  -1.04053050  -0.30573555   1.89422903   0.69581136   0.33806948   1.79815098  -1.91402009
  1.03797646   0.52502747  -1.03934603  -0.30858666   1.89983080   0.69348233   0.33916439   1.79749346  -1.91160284
  1.03676658   0.53004281  -1.03814373  -0.31141390   1.90549065   0.69111083   0.34032201   1.79684335  -1.90918452
  1.03552094   0.53506581  -1.03692232  -0.31422391   1.91116274   0.68876084   0.34151348   1.79616970  -1.90676908
  1.03424329   0.54009626  -1.03567762  -0.31701897   1.91684257   0.68644582   0.34271270   1.79545388  -1.90436248
  1.03293871   0.54513217  -1.03440637  -0.31979133   1.92251942   0.68417127   0.34392014   1.79470054  -1.90197695
  1.03161145   0.55017375  -1.03310785  -0.32253114   1.92822511   0.68187564   0.34515138   1.79394418  -1.89961620
  1.03026629   0.55521949  -1.03177471  -0.32523538   1.93392306   0.67959263   0.34640573   1.79318546  -1.89729169
  1.02890749   0.56026987  -1.03040588  -0.32790933   1.93962193   0.67729588   0.34768489   1.79244047  -1.89499803
  1.02753949   0.56532301  -1.02899634  -0.33055917   1.94527636   0.67503825   0.34896992   1.79169299  -1.89273950
  1.02616610   0.57037747  -1.02754903  -0.33318431   1.95089152   0.67280230   0.35025882   1.79095392  -1.89051419
  1.02479105   0.57542935  -1.02606448  -0.33578253   1.95643485   0.67062104   0.35153792   1.79021717  -1.88832697
  1.02341693   0.58047786  -1.02455115  -0.33836488   1.96192828   0.66846255   0.35280367   1.78949046  -1.88616215
  1.02204609   0.58552042  -1.02301382  -0.34092626   1.96736757   0.66633168   0.35404941   1.78877218  -1.88402310
  1.02068008   0.59055622  -1.02145748  -0.34346839   1.97275899   0.66422602   0.35526756   1.78805708  -1.88190750
  1.01932063   0.59558239  -1.01988510  -0.34598369   1.97808772   0.66216485   0.35645697   1.78734183  -1.87982330
  1.01796831   0.60060080  -1.01830342  -0.34848806   1.98338053   0.66011924   0.35762729   1.78663104  -1.87775338
  1.01662374   0.60561145  -1.01671672  -0.35097077   1.98865981   0.65806258   0.35878908   1.78593544  -1.87570365
  1.01528732   0.61061618  -1.01512696  -0.35342435   1.99394777   0.65598371   0.35993331   1.78524544  -1.87368218
  1.01396016   0.61561391  -1.01353467  -0.35583937   1.99923931   0.65389159   0.36106292   1.78456040  -1.87169937
  1.01264264   0.62060866  -1.01194150  -0.35822219   2.00457276   0.65173908   0.36219208   1.78389422  -1.86974666
  1.01133531   0.62560255  -1.01034154  -0.36058161   2.00992838   0.64955615   0.36331938   1.78323533  -1.86782451
  1.01003792   0.63060013  -1.00873115  -0.36292907   2.01531667   0.64734006   0.36444305   1.78257545  -1.86592746
  1.00875086   0.63560220  -1.00710371  -0.36527103   2.02070421   0.64513698   0.36555730   1.78189888  -1.86405896
  1.00747406   0.64061124  -1.00545492  -0.36761282   2.02608712   0.64295572   0.36665963   1.78119973  -1.86221842
  1.00620836   0.64562577  -1.00378114  -0.36995361   2.03143638   0.64082687   0.36774753   1.78047458  -1.86041033
  1.00495413   0.65064869  -1.00208499  -0.37229013   2.03679230   0.63870934   0.36881744   1.77972624  -1.85863488
  1.00371070   0.65568405  -1.00036961  -0.37462568   2.04220078   0.63654624   0.36988782   1.77897247  -1.85688340
  1.00247845   0.66072937  -0.99862923  -0.37697028   2.04760168   0.63440950   0.37094865   1.77819465  -1.85515567
  1.00125787   0.66577906  -0.99686562  -0.37932506   2.05295686   0.63233333   0.37198852   1.77739015  -1.85344853
  1.00004791   0.67083040  -0.99505019  -0.38170546   2.05820854   0.63034751   0.37291191   1.77654567  -1.85174695
  0.99884321   0.67591081  -0.99303252  -0.38426386   2.06326744   0.62844793   0.37335056   1.77558645  -1.84993757
  0.99764053   0.68104178  -0.99069065  -0.38717967   2.06793526   0.62682635   0.37314620   1.77441557  -1.84792105
  0.99642741   0.68622682  -0.98797424  -0.39060181   2.07214072   0.62546475   0.37233710   1.77308064  -1.84555815
  0.99522589   0.69150042  -0.98472235  -0.39488868   2.07573327   0.62442444   0.37061331   1.77147261  -1.84259765
  0.99404875   0.69689513  -0.98081379  -0.40012434   2.07860026   0.62387396   0.36790805   1.76949990  -1.83905964
  0.99288053   0.70244677  -0.97617779  -0.40623366   2.08086650   0.62377382   0.36421256   1.76711854  -1.83505101
  0.99172536   0.70816333  -0.97083045  -0.41307895   2.08261678   0.62414257   0.35980091   1.76436567  -1.83073638
  0.99060970   0.71401716  -0.96487952  -0.42042172   2.08396550   0.62493740   0.35512253   1.76137565  -1.82634452
  0.98951404   0.71995434  -0.95850548  -0.42812107   2.08505641   0.62594503   0.35053527   1.75835717  -1.82187881
  0.98843203   0.72595398  -0.95175387  -0.43604968   2.08600860   0.62691499   0.34590716   1.75543046  -1.81735088
  0.98734962   0.73201128  -0.94467274  -0.44405212   2.08694924   0.62772118   0.34130182   1.75266032  -1.81285585
  0.98625271   0.73811700  -0.93730677  -0.45204288   2.08791092   0.62840328   0.33675701   1.75001715  -1.80845603
  0.98515549   0.74424888  -0.92973222  -0.46002754   2.08882588   0.62910792   0.33231163   1.74743992  -1.80415047
  0.98406286   0.75039670  -0.92196779  -0.46802743   2.08952031   0.63017522   0.32758635   1.74467706  -1.79992578
  0.98300787   0.75654821  -0.91405934  -0.47602844   2.09008776   0.63151777   0.32222382   1.74164826  -1.79575352
  0.98199195   0.76270337  -0.90608705  -0.48403179   2.09068258   0.63305433   0.31635052   1.73833742  -1.79161734
  0.98101012   0.76886277  -0.89809055  -0.49203292   2.09139151   0.63466586   0.31019688   1.73484172  -1.78750321
  0.98005359   0.77502058  -0.89008750  -0.50003642   2.09224379   0.63623554   0.30354370   1.73119778  -1.78332455
  0.97911850   0.78116852  -0.88208644  -0.50803788   2.09324491   0.63763804   0.29621627   1.72748443  -1.77900933
  0.97820238   0.78730965  -0.87408349  -0.51604176   2.09430567   0.63901457   0.28838660   1.72369753  -1.77458690
  0.97730631   0.79345492  -0.86608248  -0.52404334   2.09538694   0.64055348   0.28039310   1.71978048  -1.77014594
  0.97643923   0.79960821  -0.85807982  -0.53204720   2.09646388   0.64228712   0.27238796   1.71575907  -1.76571236
  0.97555696   0.80577366  -0.85007848  -0.54004885   2.09762857   0.64417892   0.26437728   1.71158627  -1.76125530
  0.97464402   0.81194649  -0.84207569  -0.54805246   2.09889509   0.64628718   0.25637519   1.70719095  -1.75677504
  0.97371115   0.81809395  -0.83407454  -0.55604806   2.10015936   0.64864390   0.24837284   1.70262255  -1.75226795
  0.97275720   0.82419799  -0.82607193  -0.56402697   2.10139827   0.65121068   0.24036232   1.69792836  -1.74772271
  0.97177494   0.83026778  -0.81807065  -0.57201958   2.10269086   0.65398626   0.23235769   1.69303631  -1.74311998
  0.97075000   0.83627791  -0.81006810  -0.58002486   2.10404395   0.65671518   0.22434603   1.68817008  -1.73838543
  0.96967319   0.84219651  -0.80206702  -0.58802512   2.10538042   0.65929823   0.21634034   1.68348968  -1.73349001
  0.96854551   0.84801463  -0.79406454  -0.59603038   2.10660557   0.66193181   0.20832877   1.67888901  -1.72845364
  0.96737380   0.85373126  -0.78606347  -0.60402962   2.10767752   0.66478263   0.20032331   1.67425146  -1.72332243
  0.96616717   0.85933757  -0.77806107  -0.61202425   2.10859822   0.66786086   0.19231228   1.66955762  -1.71810686
  0.96489272   0.86480683  -0.77005999  -0.61996084   2.10943483   0.67092587   0.18430554   1.66497379  -1.71278993
  0.96353037   0.87011412  -0.76205774  -0.62772974   2.11020201   0.67388618   0.17629447   1.66057563  -1.70743877
  0.96207517   0.87523624  -0.75405684  -0.63525328   2.11089759   0.67668927   0.16828795   1.65641481  -1.70211555
  0.96052761   0.88015088  -0.74605478  -0.64248594   2.11152731   0.67924913   0.16027716   1.65255894  -1.69685648
  0.95889485   0.88483756  -0.73805408  -0.64938783   2.11209273   0.68152910   0.15227136   1.64903361  -1.69171011
  0.95717670   0.88927833  -0.73005218  -0.65592838   2.11259834   0.68347430   0.14426110   1.64587580  -1.68670692
  0.95537934   0.89345644  -0.72205168  -0.66209921   2.11303873   0.68503919   0.13625589   1.64312351  -1.68186673
  0.95350720   0.89736481  -0.71404992  -0.66790102   2.11339881   0.68626428   0.12824643   1.64074022  -1.67720899
  0.95157299   0.90099575  -0.70604958  -0.67336636   2.11367563   0.68709736   0.12024177   1.63876802  -1.67272348
  0.94957342   0.90435415  -0.69804797  -0.67848082   2.11385334   0.68756803   0.11223272   1.63719076  -1.66843156
  0.94751069   0.90745823  -0.69004772  -0.68326024   2.11390763   0.68784901   0.10422900   1.63586639  -1.66434803
  0.94539137   0.91032061  -0.68204629  -0.68775094   2.11382386   0.68794712   0.09622036   1.63479844  -1.66044330
  0.94321744   0.91295891  -0.67404612  -0.69199168   2.11358269   0.68794571   0.08821717   1.63392692  -1.65669757
  0.94098281   0.91539137  -0.66604492  -0.69597525   2.11316121   0.68794769   0.08020902   1.63317759  -1.65312081
  0.93868321   0.91763482  -0.65804471  -0.69968963   2.11254990   0.68801771   0.07220643   1.63250273  -1.64972700
  0.93632041   0.91970246  -0.65004361  -0.70315035   2.11175428   0.68810260   0.06422313   1.63195175  -1.64650591
  0.93388952   0.92161690  -0.64204347  -0.70629979   2.11076965   0.68830226   0.05642801   1.63145393  -1.64354853
  0.93139679   0.92340546  -0.63404249  -0.70911268   2.10962212   0.68864169   0.04910298   1.63098771  -1.64095181
  0.92885813   0.92508695  -0.62604248  -0.71150809   2.10841464   0.68890375   0.04246996   1.63068503  -1.63884618
  0.92629800   0.92668163  -0.61804168  -0.71355849   2.10714544   0.68910052   0.03666602   1.63054074  -1.63722597
  0.92372910   0.92820717  -0.61004182  -0.71529780   2.10590356   0.68906911   0.03173702   1.63063043  -1.63608104
  0.92114643   0.92967653  -0.60204113  -0.71673310   2.10472575   0.68875366   0.02763936   1.63096985  -1.63539088
  0.91854518   0.93110482  -0.59404139  -0.71787732   2.10360224   0.68830981   0.02425673   1.63140935  -1.63511475
  0.91594587   0.93250287  -0.58604084  -0.71879983   2.10244441   0.68804267   0.02138426   1.63171859  -1.63516866
  0.91337654   0.93387721  -0.57804165  -0.71963356   2.10124476   0.68796541   0.01889598   1.63188304  -1.63543070
  0.91085701   0.93522867  -0.57004333  -0.72046486   2.10002940   0.68794097   0.01667092   1.63200388  -1.63581311
  0.90839728   0.93655533  -0.56204702  -0.72132065   2.09883226   0.68781170   0.01459222   1.63219610  -1.63627211
  0.90600343   0.93785891  -0.55404851  -0.72225107   2.09766655   0.68751257   0.01251062   1.63250241  -1.63673685
  0.90367914   0.93914503  -0.54604802  -0.72330198   2.09650271   0.68716572   0.01027526   1.63282499  -1.63713692
  0.90142665   0.94041610  -0.53806081  -0.72447104   2.09531150   0.68690170   0.00783135   1.63306549  -1.63745706
  0.89925701   0.94165893  -0.53014874  -0.72570636   2.09411774   0.68667219   0.00527716   1.63326147  -1.63774493
  0.89717954   0.94285793  -0.52240137  -0.72696741   2.09293416   0.68652084   0.00272397   1.63337694  -1.63802516
  0.89520048   0.94399007  -0.51492025  -0.72816781   2.09179378   0.68641341   0.00027265   1.63343000  -1.63835057
  0.89331912   0.94503908  -0.50780372  -0.72925065   2.09072067   0.68641638  -0.00202631   1.63334710  -1.63872988
  0.89153624   0.94598905  -0.50114457  -0.73017862   2.08975564   0.68654206  -0.00410684   1.63309151  -1.63916217
  0.88985685   0.94681744  -0.49501393  -0.73090544   2.08892884   0.68668648  -0.00594415   1.63274026  -1.63966204
  0.88828592   0.94750756  -0.48946484  -0.73143022   2.08825782   0.68677509  -0.00755320   1.63235082  -1.64020484
  0.88682213   0.94805039  -0.48452996  -0.73175080   2.08775147   0.68677299  -0.00896245   1.63194881  -1.64076771
  0.88546000   0.94844650  -0.48021885  -0.73186909   2.08741081   0.68670154  -0.01021858   1.63151084  -1.64132652
  0.88419131   0.94870259  -0.47652031  -0.73179321   2.08723050   0.68659408  -0.01136104   1.63100754  -1.64186082
  0.88300750   0.94882744  -0.47340642  -0.73154461   2.08718637   0.68648721  -0.01241185   1.63042416  -1.64235135
  0.88189771   0.94882755  -0.47084026  -0.73116427   2.08722280   0.68641060  -0.01338142   1.62978244  -1.64276830
  0.88084899   0.94871323  -0.46878659  -0.73067940   2.08735763   0.68628024  -0.01426861   1.62914796  -1.64309346
  0.87984591   0.94849975  -0.46718785  -0.73011763   2.08756591   0.68612283  -0.01513727   1.62851147  -1.64330098
  0.87887106   0.94820019  -0.46599149  -0.72953135   2.08778673   0.68601037  -0.01599847   1.62785920  -1.64335184
  0.87790824   0.94782747  -0.46514745  -0.72888896   2.08804627   0.68585274  -0.01682624   1.62725269  -1.64328929
  0.87694624   0.94739684  -0.46460082  -0.72816518   2.08836150   0.68560408  -0.01759158   1.62671893  -1.64315876
  0.87597869   0.94692159  -0.46430327  -0.72735922   2.08873308   0.68524024  -0.01824394   1.62628222  -1.64299147
  0.87500008   0.94641366  -0.46420427  -0.72650383   2.08912714   0.68479377  -0.01877927   1.62594101  -1.64278058
  0.87400220   0.94588476  -0.46425259  -0.72568109   2.08943913   0.68444978  -0.01922118   1.62561151  -1.64246633
  0.87297469   0.94534587  -0.46441259  -0.72487110   2.08970811   0.68414178  -0.01956505   1.62531937  -1.64207482
  0.87191082   0.94480886  -0.46464458  -0.72406059   2.08994859   0.68387466  -0.01983827   1.62504065  -1.64162350
  0.87080751   0.94428275  -0.46491547  -0.72328473   2.09013125   0.68372498  -0.02006147   1.62472563  -1.64108978
  0.86966066   0.94376903  -0.46521766  -0.72256644   2.09031394   0.68354520  -0.02021101   1.62446588  -1.64046138
  0.86846496   0.94326921  -0.46552760  -0.72189686   2.09048698   0.68332427  -0.02034076   1.62427302  -1.63974077
  0.86721753   0.94278586  -0.46582296  -0.72131144   2.09057583   0.68320556  -0.02049544   1.62407247  -1.63889427
  0.86591555   0.94231794  -0.46611973  -0.72080248   2.09066304   0.68303388  -0.02058638   1.62394636  -1.63794017
  0.86455847   0.94186347  -0.46643199  -0.72036035   2.09081646   0.68268277  -0.02055162   1.62395955  -1.63689518
  0.86314117   0.94142528  -0.46673548  -0.71995859   2.09098242   0.68228213  -0.02048760   1.62402344  -1.63576476
  0.86166199   0.94100605  -0.46701717  -0.71962854   2.09108784   0.68201341  -0.02043674   1.62402621  -1.63451443
  0.86011820   0.94060276  -0.46728815  -0.71935035   2.09118823   0.68175950  -0.02036797   1.62403175  -1.63316185
  0.85850899   0.94021134  -0.46755560  -0.71908810   2.09131500   0.68144056  -0.02026041   1.62408758  -1.63173995
  0.85683513   0.93983301  -0.46780986  -0.71882796   2.09143296   0.68115105  -0.02014804   1.62412977  -1.63025699
  0.85510019   0.93946844  -0.46804128  -0.71859532   2.09146269   0.68105913  -0.02004620   1.62406720  -1.62869446
  0.85330614   0.93911432  -0.46826187  -0.71837208   2.09143672   0.68108773  -0.01990648   1.62394763  -1.62707654
  0.85145563   0.93876725  -0.46848509  -0.71814444   2.09138962   0.68115738  -0.01967923   1.62381953  -1.62542400
  0.84955164   0.93842819  -0.46870177  -0.71792725   2.09128671   0.68134634  -0.01941570   1.62363458  -1.62371862
  0.84759848   0.93809692  -0.46890784  -0.71774224   2.09115703   0.68158949  -0.01919047   1.62342388  -1.62193093
  0.84560108   0.93776941  -0.46912873  -0.71761733   2.09106110   0.68175413  -0.01892693   1.62326898  -1.62004869
  0.84355892   0.93744513  -0.46936898  -0.71753848   2.09094472   0.68196588  -0.01857995   1.62310103  -1.61809064
  0.84147230   0.93712284  -0.46963517  -0.71747735   2.09084167   0.68215868  -0.01813848   1.62295243  -1.61608135
  0.83934677   0.93679871  -0.46994462  -0.71745836   2.09082944   0.68215470  -0.01759285   1.62292649  -1.61400076
  0.83718814   0.93647061  -0.47030465  -0.71749610   2.09094509   0.68186637  -0.01696274   1.62307321  -1.61183443
  0.83499450   0.93614191  -0.47069300  -0.71757502   2.09113582   0.68141089  -0.01636999   1.62331786  -1.60957433
  0.83276417   0.93581660  -0.47109377  -0.71768151   2.09133690   0.68094241  -0.01585630   1.62356706  -1.60722664
  0.83049803   0.93549629  -0.47151440  -0.71779987   2.09154422   0.68049462  -0.01533666   1.62379778  -1.60482157
  0.82819676   0.93518285  -0.47195546  -0.71792015   2.09174416   0.68011228  -0.01476179   1.62398186  -1.60237921
  0.82586028   0.93487804  -0.47239968  -0.71805390   2.09187081   0.67991434  -0.01417773   1.62406078  -1.59988691
  0.82349119   0.93458341  -0.47283801  -0.71821601   2.09189205   0.67996206  -0.01360274   1.62400330  -1.59733448
  0.82109845   0.93430102  -0.47326989  -0.71843782   2.09181486   0.68025338  -0.01302293   1.62380656  -1.59470748
  0.81868367   0.93402933  -0.47370788  -0.71870372   2.09172455   0.68059421  -0.01239209   1.62358263  -1.59202715
  0.81624807   0.93376464  -0.47416158  -0.71903019   2.09166105   0.68085817  -0.01169914   1.62341844  -1.58927986
  0.81378995   0.93350536  -0.47462199  -0.71942034   2.09156732   0.68112576  -0.01098159   1.62328534  -1.58645707
  0.81130756   0.93325282  -0.47508741  -0.71985086   2.09145405   0.68139107  -0.01025071   1.62317789  -1.58357483
  0.80880080   0.93300738  -0.47556078  -0.72030677   2.09134807   0.68160962  -0.00950572   1.62311441  -1.58064453
  0.80627201   0.93276818  -0.47604967  -0.72078828   2.09127209   0.68173850  -0.00872383   1.62311687  -1.57766992
  0.80372287   0.93253493  -0.47655709  -0.72128917   2.09123841   0.68176043  -0.00790890   1.62319056  -1.57465537
  0.80115143   0.93230931  -0.47707285  -0.72178149   2.09124633   0.68168802  -0.00711825   1.62332060  -1.57161401
  0.79855874   0.93209294  -0.47759524  -0.72224181   2.09129277   0.68154894  -0.00633409   1.62348308  -1.56857165
  0.79594756   0.93188741  -0.47812389  -0.72265452   2.09137852   0.68135973  -0.00552737   1.62366178  -1.56555129
  0.79332089   0.93169526  -0.47865407  -0.72301245   2.09150468   0.68113670  -0.00469804   1.62383957  -1.56256406
  0.79068235   0.93151885  -0.47917874  -0.72332115   2.09166479   0.68090505  -0.00386870   1.62399727  -1.55960671
  0.78803675   0.93135982  -0.47969666  -0.72358440   2.09186820   0.68065731  -0.00303368   1.62413393  -1.55668261
  0.78538837   0.93121914  -0.48020344  -0.72380344   2.09210892   0.68040220  -0.00219560   1.62424619  -1.55379667
  0.78274145   0.93109681  -0.48069096  -0.72399331   2.09235279   0.68019258  -0.00138345   1.62431328  -1.55093774
  0.78009912   0.93099273  -0.48115897  -0.72414872   2.09262754   0.67996644  -0.00060508   1.62436976  -1.54811195
  0.77746549   0.93090611  -0.48160323  -0.72428161   2.09290501   0.67976408   0.00012861   1.62440202  -1.54531310
  0.77484558   0.93083582  -0.48202697  -0.72439713   2.09318653   0.67957412   0.00083079   1.62442043  -1.54254348
  0.77224306   0.93078062  -0.48243196  -0.72449000   2.09347239   0.67938599   0.00151052   1.62443511  -1.53981277
  0.76966240   0.93073857  -0.48281874  -0.72456965   2.09374140   0.67922404   0.00216483   1.62444189  -1.53711678
  0.76710782   0.93070824  -0.48319052  -0.72464083   2.09399322   0.67908243   0.00280076   1.62444696  -1.53445585
  0.76458135   0.93068897  -0.48354693  -0.72469418   2.09423585   0.67894069   0.00341512   1.62446258  -1.53183960
  0.76208551   0.93067963  -0.48388582  -0.72473482   2.09445466   0.67881715   0.00399576   1.62448406  -1.52926466
  0.75962257   0.93067914  -0.48420625  -0.72476810   2.09463851   0.67872624   0.00453261   1.62450758  -1.52672699
  0.75719452   0.93068640  -0.48450877  -0.72479969   2.09477633   0.67868561   0.00502294   1.62452628  -1.52422302
  0.75480257   0.93070142  -0.48479377  -0.72482760   2.09487899   0.67867764   0.00546878   1.62454729  -1.52175592
  0.75244754   0.93072464  -0.48506081  -0.72485016   2.09495813   0.67868593   0.00587551   1.62457559  -1.51932937
  0.75013010   0.93075628  -0.48530954  -0.72487121   2.09501572   0.67871232   0.00624727   1.62460737  -1.51694193
  0.74785037   0.93079679  -0.48553852  -0.72489400   2.09505595   0.67875339   0.00658423   1.62464182  -1.51459167
  0.74560807   0.93084693  -0.48574571  -0.72492340   2.09508836   0.67879505   0.00688074   1.62468365  -1.51227373
  0.74340242   0.93090711  -0.48593005  -0.72496341   2.09511593   0.67883628   0.00713528   1.62473103  -1.50998403
  0.74123227   0.93097736  -0.48609222  -0.72501307   2.09514227   0.67887595   0.00735471   1.62478154  -1.50772353
  0.73909617   0.93105734  -0.48623376  -0.72506998   2.09517062   0.67891200   0.00754477   1.62483417  -1.50549344
  0.73699233   0.93114636  -0.48635609  -0.72512965   2.09520154   0.67894507   0.00771091   1.62488768  -1.50329653
  0.73491880   0.93124383  -0.48646013  -0.72518905   2.09523483   0.67897697   0.00785603   1.62494031  -1.50113374
  0.73287342   0.93134923  -0.48654598  -0.72524542   2.09526948   0.67901017   0.00797995   1.62499046  -1.49900533
  0.73085405   0.93146187  -0.48661380  -0.72529626   2.09530334   0.67904783   0.00808478   1.62503670  -1.49691188
  0.72885863   0.93158117  -0.48666411  -0.72533994   2.09533707   0.67908899   0.00817511   1.62507887  -1.49485365
  0.72688507   0.93170642  -0.48669744  -0.72537598   2.09537297   0.67912792   0.00824946   1.62512029  -1.49282843
  0.72493132   0.93183692  -0.48671403  -0.72540412   2.09541034   0.67916378   0.00830699   1.62516217  -1.49083418
  0.72299540   0.93197193  -0.48671395  -0.72542559   2.09544578   0.67920140   0.00834641   1.62520271  -1.48886767
  0.72107062   0.93212420  -0.48663959  -0.72550747   2.09548198   0.67920406   0.00821479   1.62527351  -1.48685684
  0.71913010   0.93235999  -0.48621052  -0.72593581   2.09550901   0.67907439   0.00722862   1.62547076  -1.48450587
  0.71714065   0.93275340  -0.48516059  -0.72684969   2.09545795   0.67896294   0.00501605   1.62569563  -1.48170697
  0.71507890   0.93334633  -0.48338223  -0.72820801   2.09534000   0.67891825   0.00174161   1.62587210  -1.47856465
  0.71293338   0.93414772  -0.48089307  -0.72988587   2.09519100   0.67893428  -0.00216570   1.62595675  -1.47526700
  0.71069970   0.93514771  -0.47778092  -0.73173758   2.09505131   0.67903548  -0.00625146   1.62587823  -1.47199685
  0.70838014   0.93631972  -0.47416751  -0.73362186   2.09496589   0.67918200  -0.01017953   1.62563094  -1.46889493
  0.70598259   0.93762729  -0.47018407  -0.73541058   2.09496137   0.67931648  -0.01375316   1.62525032  -1.46605964
  0.70352042   0.93902757  -0.46596004  -0.73703185   2.09498016   0.67950106  -0.01688174   1.62473805  -1.46352355
  0.70100610   0.94047819  -0.46162088  -0.73840548   2.09499949   0.67973576  -0.01955468   1.62412990  -1.46130904
  0.69846254   0.94193764  -0.45730045  -0.73947482   2.09509687   0.67983034  -0.02175279   1.62355473  -1.45942828
  0.69591428   0.94337543  -0.45309301  -0.74027316   2.09522880   0.67989229  -0.02354960   1.62296661  -1.45781239
  0.69338233   0.94476102  -0.44909934  -0.74084338   2.09542006   0.67985505  -0.02496808   1.62242394  -1.45639154
  0.69087814   0.94606792  -0.44539448  -0.74121305   2.09566032   0.67969753  -0.02607970   1.62197444  -1.45510095
  0.68840760   0.94727700  -0.44202270  -0.74140719   2.09590142   0.67948291  -0.02699164   1.62161756  -1.45387817
  0.68597264   0.94837718  -0.43901154  -0.74142939   2.09612597   0.67924645  -0.02778027   1.62134685  -1.45269010
  0.68357396   0.94936401  -0.43637795  -0.74127334   2.09638048   0.67891730  -0.02849153   1.62119604  -1.45152395
  0.68121256   0.95023636  -0.43411938  -0.74096508   2.09662467   0.67858355  -0.02913954   1.62111750  -1.45035549
  0.67888793   0.95099780  -0.43221735  -0.74053680   2.09680938   0.67835529  -0.02973989   1.62104786  -1.44916074
  0.67659714   0.95165708  -0.43064223  -0.74001339   2.09693388   0.67826064  -0.03032478   1.62095877  -1.44792145
  0.67433540   0.95222482  -0.42935784  -0.73940733   2.09701750   0.67827894  -0.03092540   1.62084950  -1.44663243
  0.67209691   0.95271278  -0.42832531  -0.73871983   2.09709166   0.67836141  -0.03155153   1.62073257  -1.44530421
  0.66987105   0.95315024  -0.42743546  -0.73801826   2.09717697   0.67846693  -0.03237798   1.62062734  -1.44388036
  0.66762167   0.95363183  -0.42632132  -0.73753246   2.09727173   0.67856863  -0.03417351   1.62057602  -1.44212179
  0.66531474   0.95424165  -0.42468463  -0.73737561   2.09733654   0.67872800  -0.03721091   1.62053210  -1.43997663
  0.66294395   0.95502390  -0.42241634  -0.73757502   2.09735668   0.67899272  -0.04110755   1.62040601  -1.43755940
  0.66050693   0.95598829  -0.41951663  -0.73807294   2.09735824   0.67928069  -0.04544944   1.62021148  -1.43501854
  0.65800249   0.95712165  -0.41605151  -0.73876168   2.09736582   0.67950860  -0.04989142   1.61998119  -1.43249846
  0.65544006   0.95839126  -0.41214077  -0.73955387   2.09740863   0.67955086  -0.05412989   1.61979546  -1.43010410
  0.65282975   0.95976128  -0.40792039  -0.74036192   2.09751519   0.67934715  -0.05795117   1.61968438  -1.42790913
  0.65017928   0.96119565  -0.40351621  -0.74109894   2.09765192   0.67898844  -0.06125915   1.61959927  -1.42595626
  0.64750006   0.96266161  -0.39904339  -0.74171410   2.09775714   0.67866303  -0.06401576   1.61942847  -1.42424680
  0.64480260   0.96412738  -0.39460264  -0.74218674   2.09781144   0.67843794  -0.06630062   1.61915157  -1.42273712
  0.64210169   0.96556227  -0.39028803  -0.74253866   2.09783197   0.67828065  -0.06821651   1.61881413  -1.42135292
  0.63940954   0.96693921  -0.38618978  -0.74277039   2.09787426   0.67808973  -0.06982330   1.61848816  -1.42005007
  0.63673400   0.96823557  -0.38237245  -0.74287984   2.09793955   0.67785478  -0.07119794   1.61820448  -1.41878894
  0.63407996   0.96943448  -0.37888523  -0.74285438   2.09803754   0.67755748  -0.07239348   1.61798795  -1.41754922
  0.63145053   0.97052480  -0.37575899  -0.74268295   2.09814308   0.67725784  -0.07342478   1.61781109  -1.41632283
  0.62884768   0.97150050  -0.37300588  -0.74237208   2.09823741   0.67699556  -0.07432472   1.61765932  -1.41509108
  0.62627183   0.97236084  -0.37062030  -0.74193663   2.09830859   0.67679530  -0.07513973   1.61752493  -1.41383232
  0.62371386   0.97312872  -0.36851103  -0.74142289   2.09837903   0.67661139  -0.07609224   1.61744416  -1.41248881
  0.62113793   0.97389808  -0.36631902  -0.74101814   2.09850854   0.67630350  -0.07799348   1.61754008  -1.41084323
  0.61852476   0.97475125  -0.36377676  -0.74088479   2.09871925   0.67584362  -0.08100957   1.61779432  -1.40882622
  0.61586103   0.97573566  -0.36075446  -0.74103346   2.09898247   0.67530589  -0.08489267   1.61810487  -1.40653640
  0.61313270   0.97686978  -0.35721615  -0.74135621   2.09924007   0.67482090  -0.08929901   1.61834327  -1.40414860
  0.61034932   0.97813989  -0.35323761  -0.74179560   2.09952248   0.67429532  -0.09377710   1.61852228  -1.40180159
  0.60752396   0.97951655  -0.34892816  -0.74227715   2.09980648   0.67371623  -0.09797207   1.61864268  -1.39961068
  0.60466454   0.98097117  -0.34438169  -0.74273840   2.10003226   0.67318896  -0.10178229   1.61865774  -1.39761282
  0.60178374   0.98246898  -0.33971946  -0.74308932   2.10025663   0.67258636  -0.10512757   1.61864600  -1.39586554
  0.59889716   0.98397525  -0.33506374  -0.74331078   2.10046644   0.67194965  -0.10792737   1.61859132  -1.39435916
  0.59601659   0.98546026  -0.33051795  -0.74339447   2.10068472   0.67126233  -0.11021645   1.61851527  -1.39305342
  0.59315052   0.98689887  -0.32614994  -0.74335780   2.10083374   0.67069949  -0.11211093   1.61835245  -1.39187041
  0.59030290   0.98827312  -0.32200802  -0.74320193   2.10088647   0.67035777  -0.11375469   1.61806708  -1.39074609
  0.58748125   0.98956449  -0.31815093  -0.74293686   2.10090760   0.67014030  -0.11521100   1.61771611  -1.38963865
  0.58469016   0.99075443  -0.31462436  -0.74256590   2.10093011   0.66998085  -0.11651809   1.61734699  -1.38852279
  0.58193097   0.99182678  -0.31145344  -0.74208768   2.10096684   0.66983402  -0.11772523   1.61700042  -1.38738191
  0.57920389   0.99276804  -0.30865661  -0.74148841   2.10105612   0.66961066  -0.11883024   1.61672443  -1.38622730
  0.57650697   0.99356658  -0.30623188  -0.74075766   2.10119054   0.66929212  -0.11983991   1.61653565  -1.38507091
  0.57383912   0.99421324  -0.30415873  -0.73991069   2.10132472   0.66892961  -0.12077979   1.61641666  -1.38390471
  0.57120017   0.99470238  -0.30240566  -0.73897338   2.10141493   0.66858759  -0.12167563   1.61633321  -1.38271594
  0.56858889   0.99502933  -0.30093751  -0.73795783   2.10142935   0.66830421  -0.12253351   1.61625981  -1.38151085
  0.56600439   0.99518969  -0.29972052  -0.73687044   2.10136423   0.66805907  -0.12335284   1.61620042  -1.38030538
  0.56344729   0.99518009  -0.29871552  -0.73572821   2.10119023   0.66788901  -0.12413749   1.61612675  -1.37910567
  0.56092135   0.99499139  -0.29789364  -0.73456587   2.10086717   0.66779711  -0.12487373   1.61605238  -1.37791169
  0.55843045   0.99461606  -0.29723006  -0.73341575   2.10037657   0.66775568  -0.12555989   1.61600522  -1.37672113
  0.55597706   0.99405468  -0.29669766  -0.73229509   2.09972117   0.66777646  -0.12619048   1.61595698  -1.37553605
  0.55356434   0.99330428  -0.29627483  -0.73122063   2.09889005   0.66785698  -0.12675899   1.61590639  -1.37436116
  0.55119532   0.99235976  -0.29594183  -0.73020830   2.09786340   0.66797770  -0.12729431   1.61588375  -1.37319542
  0.54887359   0.99121741  -0.29568916  -0.72926071   2.09664811   0.66810437  -0.12780557   1.61590938  -1.37204739
  0.54660282   0.98986751  -0.29551470  -0.72836406   2.09523231   0.66824523  -0.12832568   1.61598261  -1.37092766
  0.54438883   0.98829837  -0.29543436  -0.72749787   2.09366655   0.66828967  -0.12885538   1.61615989  -1.36986079
  0.54223483   0.98650672  -0.29544691  -0.72663370   2.09191787   0.66838773  -0.12939017   1.61631894  -1.36886141
  0.54014511   0.98448497  -0.29555472  -0.72575891   2.08992268   0.66866342  -0.12992910   1.61639340  -1.36793710
  0.53812592   0.98222087  -0.29577556  -0.72486944   2.08765350   0.66914413  -0.13046744   1.61638081  -1.36709145
  0.53618143   0.97970951  -0.29612965  -0.72396369   2.08510850   0.66982285  -0.13099016   1.61629330  -1.36632491
  0.53431696   0.97695056  -0.29663024  -0.72304743   2.08227914   0.67072746  -0.13150428   1.61612031  -1.36562635
  0.53253760   0.97395117  -0.29729259  -0.72212868   2.07918403   0.67184323  -0.13199035   1.61586907  -1.36498875
  0.53084318   0.97071924  -0.29812871  -0.72119642   2.07583489   0.67315904  -0.13244976   1.61555248  -1.36441225
  0.52923414   0.96726600  -0.29914759  -0.72025672   2.07224054   0.67463873  -0.13289117   1.61521484  -1.36388618
  0.52770914   0.96360581  -0.30034701  -0.71930810   2.06841495   0.67626042  -0.13334858   1.61488289  -1.36340063
  0.52626636   0.95975772  -0.30171447  -0.71835216   2.06436897   0.67801963  -0.13383990   1.61456454  -1.36294954
  0.52490417   0.95573894  -0.30324079  -0.71739009   2.06010888   0.67991491  -0.13436546   1.61426580  -1.36253067
  0.52362028   0.95156450  -0.30492117  -0.71642795   2.05564054   0.68189167  -0.13490944   1.61404300  -1.36214662
  0.52241241   0.94724840  -0.30675091  -0.71547393   2.05096893   0.68390181  -0.13545931   1.61394693  -1.36179684
  0.52127726   0.94281176  -0.30871685  -0.71453846   2.04610714   0.68594334  -0.13598718   1.61397300  -1.36147804
  0.52020970   0.93827462  -0.31080058  -0.71361983   2.04106324   0.68803435  -0.13649173   1.61410282  -1.36118931
  0.51920483   0.93365624  -0.31298192  -0.71272654   2.03583976   0.69018569  -0.13697967   1.61433104  -1.36092245
  0.51825759   0.92897386  -0.31524113  -0.71186115   2.03042613   0.69245385  -0.13745979   1.61461869  -1.36066919
  0.51736343   0.92424261  -0.31756273  -0.71102871   2.02482501   0.69484614  -0.13793190   1.61496105  -1.36042520
  0.51651760   0.91947283  -0.31993299  -0.71023203   2.01904182   0.69734039  -0.13843127   1.61538391  -1.36018228
  0.51571557   0.91467549  -0.32233983  -0.70947454   2.01308258   0.69992219  -0.13896561   1.61590042  -1.35993710
  0.51495291   0.90985857  -0.32477597  -0.70875123   2.00695018   0.70258989  -0.13953096   1.61651137  -1.35969289
  0.51422502   0.90503161  -0.32723107  -0.70806147   2.00064255   0.70536272  -0.14012056   1.61720101  -1.35944915
  0.51352722   0.90020132  -0.32969974  -0.70739312   1.99416698   0.70824632  -0.14072272   1.61795643  -1.35921416
  0.51285565   0.89537707  -0.33217441  -0.70674500   1.98755403   0.71122244  -0.14133583   1.61876917  -1.35898634
  0.51220689   0.89056475  -0.33465087  -0.70611835   1.98082029   0.71428681  -0.14195978   1.61962988  -1.35876100
  0.51157794   0.88577198  -0.33713628  -0.70550355   1.97407071   0.71730298  -0.14256474   1.62057379  -1.35854946
  0.51096590   0.88100109  -0.33962473  -0.70490460   1.96728251   0.72033355  -0.14316665   1.62156385  -1.35833896
  0.51036812   0.87625876  -0.34210952  -0.70431540   1.96048531   0.72337725  -0.14377040   1.62257489  -1.35812897
  0.50978232   0.87154606  -0.34458629  -0.70373273   1.95366729   0.72647335  -0.14438569   1.62358016  -1.35791577
  0.50920670   0.86686647  -0.34706097  -0.70313793   1.94691466   0.72950573  -0.14498991   1.62461014  -1.35771822
  0.50863983   0.86221994  -0.34953136  -0.70252824   1.94022678   0.73248825  -0.14558790   1.62565135  -1.35753509
  0.50808035   0.85761108  -0.35199146  -0.70190121   1.93363355   0.73540791  -0.14618031   1.62668779  -1.35736683
  0.50752712   0.85303949  -0.35443521  -0.70125968   1.92711387   0.73830678  -0.14677872   1.62769755  -1.35720762
  0.50697901   0.84850857  -0.35685721  -0.70060120   1.92069418   0.74116497  -0.14738149   1.62867355  -1.35706010
  0.50643514   0.84401654  -0.35925311  -0.69992802   1.91435307   0.74401138  -0.14799669   1.62960615  -1.35692137
  0.50589470   0.83956530  -0.36161943  -0.69923796   1.90811363   0.74681876  -0.14861981   1.63049800  -1.35679568
  0.50535711   0.83515186  -0.36395364  -0.69853398   1.90195025   0.74961281  -0.14925647   1.63134624  -1.35668082
  0.50482187   0.83077698  -0.36625401  -0.69781477   1.89588110   0.75236633  -0.14990065   1.63215800  -1.35658097
  0.50428868   0.82643679  -0.36851968  -0.69708438   1.88987538   0.75510789  -0.15055724   1.63293274  -1.35649317
  0.50375731   0.82213166  -0.37075040  -0.69634236   1.88395018   0.75781008  -0.15121904   1.63367921  -1.35642091
  0.50322764   0.81785913  -0.37294615  -0.69559341   1.87808762   0.76048602  -0.15188745   1.63440031  -1.35636138
  0.50269951   0.81362075  -0.37510620  -0.69483910   1.87230651   0.76311077  -0.15255485   1.63510141  -1.35631617
  0.50217284   0.80941188  -0.37722918  -0.69408865   1.86654889   0.76575367  -0.15323242   1.63576904  -1.35627552
  0.50164785   0.80522766  -0.37931975  -0.69334127   1.86079440   0.76842183  -0.15392075   1.63641472  -1.35624046
  0.50112484   0.80106864  -0.38138330  -0.69258873   1.85508924   0.77104600  -0.15460507   1.63706131  -1.35622139
  0.50060412   0.79692756  -0.38342366  -0.69183512   1.84937730   0.77368808  -0.15529773   1.63770162  -1.35621091
  0.50008618   0.79279984  -0.38544823  -0.69108058   1.84364948   0.77634259  -0.15599499   1.63834957  -1.35620909
  0.49957136   0.78868373  -0.38746305  -0.69032009   1.83792363   0.77898091  -0.15668909   1.63901585  -1.35622040
  0.49905975   0.78458332  -0.38946956  -0.68954733   1.83225885   0.78153950  -0.15736664   1.63970621  -1.35625185
  0.49855121   0.78049877  -0.39146544  -0.68876613   1.82664358   0.78404304  -0.15803449   1.64040806  -1.35629810
  0.49804552   0.77643329  -0.39344715  -0.68797911   1.82109135   0.78649038  -0.15869330   1.64111020  -1.35635635
  0.49754249   0.77238587  -0.39541111  -0.68719595   1.81556237   0.78894414  -0.15935671   1.64179038  -1.35641469
  0.49704203   0.76835844  -0.39735682  -0.68641642   1.81007578   0.79138375  -0.16002104   1.64245059  -1.35647426
  0.49654412   0.76434808  -0.39928494  -0.68564188   1.80460508   0.79383289  -0.16069224   1.64309272  -1.35653331
  0.49604888   0.76035141  -0.40119869  -0.68486974   1.79913460   0.79629767  -0.16137202   1.64372535  -1.35659381
  0.49555642   0.75637026  -0.40310024  -0.68409369   1.79370253   0.79872855  -0.16204955   1.64435999  -1.35666324
  0.49506680   0.75240148  -0.40499057  -0.68331577   1.78827923   0.80116001  -0.16273216   1.64499129  -1.35673773
  0.49458010   0.74844496  -0.40687144  -0.68253323   1.78287690   0.80357638  -0.16341609   1.64562272  -1.35681979
  0.49409642   0.74449749  -0.40874464  -0.68174802   1.77747057   0.80600421  -0.16410728   1.64625226  -1.35690601
  0.49361583   0.74055970  -0.41061197  -0.68095735   1.77208115   0.80841730  -0.16479954   1.64688533  -1.35699958
  0.49313833   0.73662928  -0.41247427  -0.68016336   1.76668873   0.81083807  -0.16549772   1.64751903  -1.35709734
  0.49266387   0.73270757  -0.41433223  -0.67936365   1.76131664   0.81323922  -0.16619529   1.64815740  -1.35720246
  0.49219237   0.72879290  -0.41618569  -0.67856107   1.75594592   0.81564331  -0.16689653   1.64879631  -1.35731164
  0.49172369   0.72488712  -0.41803437  -0.67775425   1.75059971   0.81802462  -0.16759490   1.64943832  -1.35742745
  0.49125762   0.72098951  -0.41987735  -0.67694687   1.74526336   0.82040151  -0.16829494   1.65007970  -1.35754607
  0.49079392   0.71710245  -0.42171365  -0.67613827   1.73995940   0.82275011  -0.16899120   1.65072207  -1.35766935
  0.49033230   0.71322442  -0.42354194  -0.67533180   1.73466173   0.82510295  -0.16969053   1.65135854  -1.35779310
  0.48987255   0.70935702  -0.42536171  -0.67452530   1.72938943   0.82743770  -0.17038745   1.65199215  -1.35792044
  0.48941438   0.70549984  -0.42717202  -0.67372213   1.72413022   0.82976768  -0.17108391   1.65262146  -1.35804879
  0.48895753   0.70165580  -0.42897167  -0.67292198   1.71890993   0.83206389  -0.17177224   1.65324978  -1.35818054
  0.48850161   0.69782504  -0.43075879  -0.67212909   1.71371361   0.83434524  -0.17245662   1.65387325  -1.35831183
  0.48804624   0.69400977  -0.43253202  -0.67134244   1.70855821   0.83659437  -0.17313356   1.65449258  -1.35844433
  0.48759124   0.69020486  -0.43429258  -0.67056134   1.70341262   0.83884287  -0.17381140   1.65510520  -1.35857675
  0.48713712   0.68640027  -0.43604993  -0.66977497   1.69830687   0.84102373  -0.17447553   1.65574073  -1.35872304
  0.48668432   0.68257538  -0.43781121  -0.66899312   1.69319059   0.84317267  -0.17514177   1.65640318  -1.35887550
  0.48623317   0.67870869  -0.43957423  -0.66822767   1.68799476   0.84539675  -0.17583063   1.65703929  -1.35902058
  0.48578375   0.67477619  -0.44134176  -0.66748291   1.68268367   0.84773647  -0.17656235   1.65762886  -1.35915326
  0.48533526   0.67075511  -0.44311911  -0.66675493   1.67726236   0.85012248  -0.17737485   1.65822573  -1.35928016
  0.48488583   0.66663280  -0.44491347  -0.66603411   1.67170306   0.85256609  -0.17827041   1.65883922  -1.35940688
  0.48443232   0.66240956  -0.44673353  -0.66528892   1.66598373   0.85510456  -0.17921457   1.65945162  -1.35955169
  0.48397194   0.65810232  -0.44858548  -0.66448586   1.66013630   0.85772228  -0.18016529   1.66005589  -1.35973388
  0.48350384   0.65374555  -0.45047951  -0.66359258   1.65432041   0.86024459  -0.18105704   1.66068919  -1.35997819
  0.48302854   0.64938924  -0.45241010  -0.66261701   1.64864808   0.86259302  -0.18185995   1.66135428  -1.36027290
  0.48255088   0.64508997  -0.45436116  -0.66160281   1.64317186   0.86479949  -0.18257667   1.66201153  -1.36057501
  0.48207231   0.64089953  -0.45631686  -0.66057991   1.63791163   0.86688753  -0.18321092   1.66265719  -1.36085590
  0.48158914   0.63686094  -0.45825194  -0.65954622   1.63286523   0.86885886  -0.18378867   1.66332002  -1.36111527
  0.48109751   0.63300813  -0.46014079  -0.65849930   1.62802305   0.87072201  -0.18432285   1.66401816  -1.36135789
  0.48059503   0.62936631  -0.46196185  -0.65744902   1.62337444   0.87248933  -0.18481346   1.66475931  -1.36158309
  0.48008115   0.62595349  -0.46369624  -0.65641722   1.61890998   0.87416742  -0.18526477   1.66555211  -1.36178374
  0.47955726   0.62278122  -0.46533105  -0.65543380   1.61462330   0.87576108  -0.18567899   1.66640169  -1.36194700
  0.47902542   0.61985493  -0.46685891  -0.65452361   1.61050997   0.87727699  -0.18604928   1.66730540  -1.36206310
  0.47848879   0.61717602  -0.46827718  -0.65370906   1.60656813   0.87873279  -0.18636130   1.66824497  -1.36212190
  0.47795114   0.61474117  -0.46958763  -0.65300532   1.60279759   0.88013994  -0.18660382   1.66920557  -1.36211700
  0.47741551   0.61254386  -0.47079137  -0.65241716   1.59919802   0.88150700  -0.18678413   1.67017545  -1.36204607
  0.47688388   0.61057286  -0.47189160  -0.65193747   1.59576967   0.88281987  -0.18692428   1.67116429  -1.36191442
  0.47635874   0.60881586  -0.47289380  -0.65155919   1.59251346   0.88407959  -0.18703856   1.67216517  -1.36172514
  0.47584148   0.60726054  -0.47380201  -0.65126478   1.58942891   0.88529930  -0.18712955   1.67315696  -1.36148848
  0.47533361   0.60589466  -0.47462032  -0.65103676   1.58651624   0.88649916  -0.18719323   1.67410974  -1.36121442
  0.47483695   0.60470577  -0.47535255  -0.65086407   1.58377716   0.88769431  -0.18723663   1.67499923  -1.36090757
  0.47435357   0.60367741  -0.47601067  -0.65073593   1.58121613   0.88886308  -0.18725684   1.67583411  -1.36057660
  0.47388496   0.60279528  -0.47660286  -0.65064301   1.57883527   0.89000377  -0.18725510   1.67660625  -1.36022637
  0.47343263   0.60204402  -0.47713917  -0.65057787   1.57663814   0.89109509  -0.18723556   1.67732622  -1.35986240
  0.47299796   0.60140866  -0.47762903  -0.65053044   1.57462913   0.89211072  -0.18719883   1.67800786  -1.35949367
  0.47258192   0.60087950  -0.47807398  -0.65050037   1.57280842   0.89306856  -0.18715944   1.67862871  -1.35911596
  0.47218515   0.60044849  -0.47847328  -0.65048869   1.57117470   0.89398897  -0.18712999   1.67916514  -1.35872519
  0.47180849   0.60010740  -0.47882809  -0.65049364   1.56972668   0.89488044  -0.18710803   1.67960273  -1.35832338
  0.47145331   0.59984630  -0.47914316  -0.65051487   1.56846446   0.89572434  -0.18709138   1.67995333  -1.35791498
  0.47112006   0.59965556  -0.47942502  -0.65055163   1.56739020   0.89649672  -0.18707452   1.68023255  -1.35750382
  0.47080806   0.59952953  -0.47967274  -0.65060093   1.56650283   0.89720279  -0.18705636   1.68043028  -1.35709237
  0.47051649   0.59946432  -0.47988232  -0.65066294   1.56580135   0.89784972  -0.18704346   1.68053576  -1.35668059
  0.47024525   0.59945283  -0.48005767  -0.65073220   1.56528786   0.89840795  -0.18701969   1.68056835  -1.35627925
  0.46999420   0.59949096  -0.48019949  -0.65080164   1.56495991   0.89887611  -0.18695924   1.68052271  -1.35589897
  0.46976316   0.59957453  -0.48030919  -0.65087107   1.56481617   0.89924396  -0.18685373   1.68040549  -1.35554343
  0.46955171   0.59970119  -0.48038452  -0.65094094   1.56485375   0.89951146  -0.18670665   1.68021663  -1.35521376
  0.46935932   0.59986804  -0.48042424  -0.65101093   1.56507147   0.89966965  -0.18652712   1.67996452  -1.35491123
  0.46918538   0.60007462  -0.48041838  -0.65107969   1.56545884   0.89972127  -0.18634758   1.67965676  -1.35463796
  0.46902964   0.60032112  -0.48035581  -0.65114301   1.56600172   0.89967324  -0.18619210   1.67929846  -1.35440046
  0.46889303   0.60060637  -0.48023221  -0.65119596   1.56669147   0.89952099  -0.18606211   1.67889882  -1.35420819
  0.46877682   0.60092979  -0.48004360  -0.65123554   1.56752189   0.89926369  -0.18596071   1.67846223  -1.35406787
  0.46868223   0.60128889  -0.47978970  -0.65125334   1.56848831   0.89888031  -0.18588152   1.67800981  -1.35399307
  0.46861004   0.60168266  -0.47946708  -0.65124186   1.56958311   0.89836898  -0.18582883   1.67754848  -1.35399297
  0.46856144   0.60210910  -0.47907512  -0.65120887   1.57078110   0.89775384  -0.18581516   1.67707995  -1.35406205
  0.46853793   0.60256565  -0.47861433  -0.65118843   1.57200699   0.89714578  -0.18586966   1.67657470  -1.35416678
  0.46854236   0.60304081  -0.47810365  -0.65120154   1.57327254   0.89643101  -0.18603238   1.67614381  -1.35429729
  0.46857643   0.60352706  -0.47756287  -0.65124633   1.57454919   0.89563346  -0.18625533   1.67578744  -1.35445541
  0.46864041   0.60402161  -0.47700558  -0.65131477   1.57579678   0.89485652  -0.18647713   1.67543648  -1.35463850
  0.46873405   0.60451963  -0.47644941  -0.65138148   1.57704632   0.89406518  -0.18664642   1.67509016  -1.35486368
  0.46885594   0.60501727  -0.47590234  -0.65144968   1.57827343   0.89330399  -0.18677287   1.67473263  -1.35511726
  0.46900351   0.60551261  -0.47536837  -0.65151387   1.57947825   0.89259165  -0.18686826   1.67434873  -1.35539224
  0.46917410   0.60600210  -0.47484883  -0.65158850   1.58061160   0.89199332  -0.18696468   1.67392790  -1.35566676
  0.46936584   0.60648008  -0.47435321  -0.65167237   1.58167339   0.89147940  -0.18706270   1.67350030  -1.35594024
  0.46957580   0.60694415  -0.47388780  -0.65174522   1.58270328   0.89099079  -0.18714733   1.67308304  -1.35622638
  0.46980061   0.60739338  -0.47345082  -0.65181205   1.58367605   0.89057294  -0.18723146   1.67265721  -1.35651337
  0.47003672   0.60782701  -0.47304194  -0.65186285   1.58461441   0.89019261  -0.18731659   1.67223221  -1.35680644
  0.47028128   0.60824256  -0.47266231  -0.65190137   1.58550883   0.88984594  -0.18740518   1.67182027  -1.35710203
  0.47053142   0.60863839  -0.47231284  -0.65192609   1.58636231   0.88951711  -0.18749414   1.67143226  -1.35740112
  0.47078421   0.60901403  -0.47199185  -0.65193780   1.58717239   0.88920767  -0.18758482   1.67106785  -1.35770132
  0.47103684   0.60936947  -0.47169657  -0.65193968   1.58793450   0.88892414  -0.18768188   1.67072438  -1.35799821
  0.47128685   0.60970472  -0.47142456  -0.65193569   1.58864314   0.88867331  -0.18778760   1.67039962  -1.35828755
  0.47153214   0.61001977  -0.47117361  -0.65193140   1.58928856   0.88846771  -0.18790321   1.67008980  -1.35856417
  0.47177103   0.61031439  -0.47094258  -0.65193195   1.58986272   0.88831509  -0.18802737   1.66979415  -1.35882406
  0.47200223   0.61058813  -0.47073164  -0.65194017   1.59036399   0.88821156  -0.18815567   1.66951689  -1.35906598
  0.47222482   0.61084055  -0.47054174  -0.65195681   1.59079599   0.88814574  -0.18828218   1.66926462  -1.35929067
  0.47243807   0.61107143  -0.47037389  -0.65198140   1.59116459   0.88810507  -0.18840124   1.66904314  -1.35949954
  0.47264149   0.61128086  -0.47022884  -0.65201291   1.59147633   0.88807893  -0.18850861   1.66885609  -1.35969398
  0.47283471   0.61146930  -0.47010674  -0.65205008   1.59173745   0.88806004  -0.18860183   1.66870443  -1.35987494
  0.47301746   0.61163754  -0.47000720  -0.65209163   1.59195372   0.88804432  -0.18868009   1.66858674  -1.36004304
  0.47318962   0.61178662  -0.46992925  -0.65213624   1.59213056   0.88803002  -0.18874395   1.66849990  -1.36019859
  0.47335114   0.61191784  -0.46987150  -0.65218265   1.59227314   0.88801673  -0.18879486   1.66843973  -1.36034188
  0.47350207   0.61203261  -0.46983221  -0.65222961   1.59238648   0.88800468  -0.18883477   1.66840166  -1.36047321
  0.47364254   0.61213245  -0.46980941  -0.65227603   1.59247536   0.88799430  -0.18886580   1.66838105  -1.36059302
  0.47377278   0.61221891  -0.46980098  -0.65232091   1.59254431   0.88798590  -0.18889000   1.66837365  -1.36070189
  0.47389308   0.61229349  -0.46980479  -0.65236348   1.59259744   0.88797956  -0.18890921   1.66837567  -1.36080055
  0.47400378   0.61235770  -0.46981873  -0.65240318   1.59263838   0.88797521  -0.18892498   1.66838392  -1.36088979
  0.47410532   0.61241291  -0.46984074  -0.65243969   1.59267019   0.88797266  -0.18893857   1.66839579  -1.36097049
  0.47419814   0.61246043  -0.46986895  -0.65247291   1.59269536   0.88797162  -0.18895091   1.66840927  -1.36104354
  0.47428276   0.61250146  -0.46990164  -0.65250293   1.59271582   0.88797182  -0.18896265   1.66842284  -1.36110979
  0.47435971   0.61253707  -0.46993727  -0.65252997   1.59273301   0.88797298  -0.18897421   1.66843546  -1.36117011
  0.47442954   0.61256821  -0.46997456  -0.65255438   1.59274795   0.88797483  -0.18898584   1.66844645  -1.36122528
  0.47449285   0.61259572  -0.47001245  -0.65257652   1.59276138   0.88797716  -0.18899765   1.66845544  -1.36127602
  0.47455021   0.61262032  -0.47005009  -0.65259681   1.59277373   0.88797980  -0.18900966   1.66846229  -1.36132302
  0.47460221   0.61264263  -0.47008682  -0.65261567   1.59278522   0.88798261  -0.18902179   1.66846704  -1.36136686
  0.47464942   0.61266320  -0.47012209  -0.65263355   1.59279594   0.88798544  -0.18903392   1.66846989  -1.36140809
  0.47469235   0.61268248  -0.47015554  -0.65265082   1.59280587   0.88798819  -0.18904589   1.66847112  -1.36144721
  0.47473152   0.61270085  -0.47018693  -0.65266783   1.59281496   0.88799078  -0.18905758   1.66847101  -1.36148461
  0.47476740   0.61271862  -0.47021613  -0.65268481   1.59282319   0.88799314  -0.18906889   1.66846986  -1.36152067
  0.47480043   0.61273603  -0.47024316  -0.65270196   1.59283054   0.88799525  -0.18907974   1.66846792  -1.36155567
  0.47483102   0.61275328  -0.47026811  -0.65271938   1.59283701   0.88799710  -0.18909010   1.66846541  -1.36158986
  0.47485954   0.61277051  -0.47029112  -0.65273715   1.59284265   0.88799872  -0.18909996   1.66846252  -1.36162342
  0.47488633   0.61278783  -0.47031241  -0.65275527   1.59284751   0.88800013  -0.18910935   1.66845938  -1.36165651
  0.47491168   0.61280531  -0.47033220  -0.65277373   1.59285168   0.88800139  -0.18911830   1.66845610  -1.36168923
  0.47493584   0.61282300  -0.47035075  -0.65279249   1.59285524   0.88800254  -0.18912686   1.66845276  -1.36172166
  0.47495905   0.61284092  -0.47036830  -0.65281151   1.59285828   0.88800362  -0.18913509   1.66844941  -1.36175387
  0.47498149   0.61285910  -0.47038508  -0.65283071   1.59286090   0.88800468  -0.18914304   1.66844609  -1.36178589
  0.47500332   0.61287751  -0.47040131  -0.65285004   1.59286319   0.88800577  -0.18915077   1.66844282  -1.36181774
  0.47502465   0.61289615  -0.47041719  -0.65286944   1.59286523   0.88800690  -0.18915832   1.66843961  -1.36184942
  0.47504558   0.61291500  -0.47043288  -0.65288885   1.59286708   0.88800812  -0.18916574   1.66843646  -1.36188095
  0.47506617   0.61293403  -0.47044851  -0.65290821   1.59286881   0.88800942  -0.18917306   1.66843338  -1.36191230
  0.47508648   0.61295321  -0.47046421  -0.65292750   1.59287045   0.88801083  -0.18918032   1.66843036  -1.36194348
  0.47510653   0.61297251  -0.47048005  -0.65294668   1.59287205   0.88801235  -0.18918752   1.66842741  -1.36197447
  0.47512632   0.61299191  -0.47049609  -0.65296571   1.59287361   0.88801397  -0.18919470   1.66842450  -1.36200526
  0.47514585   0.61301137  -0.47051237  -0.65298458   1.59287515   0.88801568  -0.18920186   1.66842164  -1.36203583
  0.47516510   0.61303086  -0.47052892  -0.65300328   1.59287669   0.88801748  -0.18920899   1.66841882  -1.36206617
  0.47518405   0.61305035  -0.47054572  -0.65302180   1.59287821   0.88801936  -0.18921612   1.66841603  -1.36209627
  0.47520266   0.61306982  -0.47056279  -0.65304012   1.59287971   0.88802128  -0.18922323   1.66841326  -1.36212612
  0.47522092   0.61308925  -0.47058009  -0.65305824   1.59288119   0.88802324  -0.18923033   1.66841051  -1.36215571
  0.47523878   0.61310860  -0.47059762  -0.65307617   1.59288264   0.88802522  -0.18923741   1.66840776  -1.36218503
  0.47525620   0.61312786  -0.47061534  -0.65309389   1.59288405   0.88802720  -0.18924448   1.66840500  -1.36221406
  0.47527316   0.61314700  -0.47063323  -0.65311142   1.59288540   0.88802916  -0.18925153   1.66840223  -1.36224281
  0.47528960   0.61316601  -0.47065124  -0.65312875   1.59288669   0.88803107  -0.18925854   1.66839943  -1.36227126
  0.47530544   0.61318486  -0.47066931  -0.65314589   1.59288787   0.88803292  -0.18926550   1.66839660  -1.36229940
  0.47532063   0.61320353  -0.47068740  -0.65316284   1.59288895   0.88803466  -0.18927239   1.66839373  -1.36232721
  0.47533509   0.61322200  -0.47070543  -0.65317960   1.59288988   0.88803629  -0.18927919   1.66839080  -1.36235466
  0.47534876   0.61324026  -0.47072337  -0.65319617   1.59289066   0.88803778  -0.18928592   1.66838779  -1.36238176
  0.47536160   0.61325829  -0.47074119  -0.65321255   1.59289129   0.88803911  -0.18929256   1.66838470  -1.36240846
  0.47537356   0.61327607  -0.47075884  -0.65322872   1.59289175   0.88804028  -0.18929912   1.66838150  -1.36243477
  0.47538460   0.61329358  -0.47077633  -0.65324469   1.59289204   0.88804128  -0.18930559   1.66837819  -1.36246066
  0.47539472   0.61331083  -0.47079363  -0.65326044   1.59289217   0.88804210  -0.18931199   1.66837475  -1.36248614
  0.47540388   0.61332780  -0.47081074  -0.65327597   1.59289213   0.88804273  -0.18931830   1.66837119  -1.36251119
  0.47541208   0.61334447  -0.47082767  -0.65329128   1.59289193   0.88804317  -0.18932454   1.66836748  -1.36253581
  0.47541933   0.61336085  -0.47084441  -0.65330636   1.59289157   0.88804341  -0.18933071   1.66836363  -1.36256000
  0.47542563   0.61337693  -0.47086098  -0.65332122   1.59289105   0.88804346  -0.18933680   1.66835965  -1.36258376
  0.47543100   0.61339271  -0.47087738  -0.65333584   1.59289038   0.88804333  -0.18934282   1.66835552  -1.36260709
  0.47543544   0.61340820  -0.47089364  -0.65335025   1.59288956   0.88804301  -0.18934878   1.66835126  -1.36263001
  0.47543899   0.61342339  -0.47090975  -0.65336443   1.59288859   0.88804251  -0.18935467   1.66834686  -1.36265252
