  0.41770018   0.46579952  -1.27410012  -0.43299972   2.09289980   0.69139993   0.43859985   1.64320008  -1.13520028
  0.41770032   0.46579917  -1.27410020  -0.43299954   2.09289963   0.69139991   0.43859975   1.64320011  -1.13520048
  0.41770085   0.46579789  -1.27410047  -0.43299893   2.09289895   0.69139995   0.43859936   1.64320012  -1.13520122
  0.41770220   0.46579483  -1.27410107  -0.43299761   2.09289715   0.69140029   0.43859842   1.64319998  -1.13520306
  0.41770492   0.46578895  -1.27410217  -0.43299520   2.09289341   0.69140136   0.43859657   1.64319950  -1.13520670
  0.41770971   0.46577909  -1.27410398  -0.43299124   2.09288679   0.69140363   0.43859339   1.64319853  -1.13521303
  0.41771734   0.46576398  -1.27410676  -0.43298518   2.09287624   0.69140768   0.43858842   1.64319695  -1.13522306
  0.41772868   0.46574233  -1.27411078  -0.43297639   2.09286063   0.69141414   0.43858114   1.64319469  -1.13523793
  0.41774465   0.46571280  -1.27411634  -0.43296412   2.09283876   0.69142375   0.43857105   1.64319170  -1.13525893
  0.41776619   0.46567407  -1.27412371  -0.43294754   2.09280938   0.69143731   0.43855765   1.64318793  -1.13528745
  0.41779427   0.46562480  -1.27413312  -0.43292577   2.09277120   0.69145563   0.43854038   1.64318338  -1.13532499
  0.41782988   0.46556364  -1.27414479  -0.43289789   2.09272290   0.69147955   0.43851864   1.64317805  -1.13537304
  0.41787400   0.46548927  -1.27415890  -0.43286303   2.09266318   0.69150992   0.43849178   1.64317198  -1.13543313
  0.41792763   0.46540034  -1.27417567  -0.43282028   2.09259069   0.69154760   0.43845916   1.64316513  -1.13550673
  0.41799173   0.46529548  -1.27419530  -0.43276876   2.09250401   0.69159364   0.43842016   1.64315745  -1.13559541
  0.41806728   0.46517329  -1.27421801  -0.43270755   2.09240156   0.69164917   0.43837410   1.64314888  -1.13570066
  0.41815529   0.46503232  -1.27424412  -0.43263571   2.09228164   0.69171548   0.43832027   1.64313939  -1.13582401
  0.41825675   0.46487094  -1.27427404  -0.43255217   2.09214199   0.69179465   0.43825777   1.64312883  -1.13596708
  0.41837267   0.46468738  -1.27430830  -0.43245558   2.09197994   0.69188929   0.43818552   1.64311709  -1.13613168
  0.41850408   0.46447965  -1.27434769  -0.43234429   2.09179335   0.69200110   0.43810253   1.64310452  -1.13631963
  0.41865200   0.46424565  -1.27439310  -0.43221654   2.09158053   0.69213112   0.43800805   1.64309155  -1.13653273
  0.41881748   0.46398322  -1.27444534  -0.43207082   2.09133987   0.69228025   0.43790148   1.64307837  -1.13677270
  0.41900155   0.46369018  -1.27450502  -0.43190596   2.09106959   0.69244966   0.43778212   1.64306475  -1.13704114
  0.41920521   0.46336438  -1.27457250  -0.43172114   2.09076737   0.69264116   0.43764901   1.64305014  -1.13733950
  0.41942938   0.46300358  -1.27464806  -0.43151548   2.09043066   0.69285687   0.43750119   1.64303381  -1.13766933
  0.41967494   0.46260549  -1.27473204  -0.43128779   2.09005724   0.69309842   0.43733780   1.64301528  -1.13803226
  0.41994269   0.46216776  -1.27482488  -0.43103667   2.08964545   0.69336658   0.43715816   1.64299438  -1.13842989
  0.42023341   0.46168805  -1.27492705  -0.43076071   2.08919395   0.69366175   0.43696168   1.64297101  -1.13886380
  0.42054783   0.46116408  -1.27503892  -0.43045855   2.08870112   0.69398490   0.43674774   1.64294474  -1.13933562
  0.42088672   0.46059357  -1.27516090  -0.43012922   2.08816523   0.69433721   0.43651591   1.64291482  -1.13984681
  0.42125080   0.45997435  -1.27529336  -0.42977199   2.08758467   0.69471955   0.43626549   1.64288073  -1.14039842
  0.42164071   0.45930433  -1.27543665  -0.42938617   2.08695797   0.69513246   0.43599574   1.64284215  -1.14099132
  0.42205705   0.45858147  -1.27559107  -0.42897109   2.08628339   0.69557709   0.43570594   1.64279855  -1.14162645
  0.42250033   0.45780383  -1.27575700  -0.42852590   2.08555954   0.69605405   0.43539574   1.64274953  -1.14230478
  0.42297098   0.45696954  -1.27593485  -0.42804975   2.08478532   0.69656368   0.43506506   1.64269474  -1.14302722
  0.42346936   0.45607688  -1.27612493  -0.42754184   2.08395971   0.69710630   0.43471377   1.64263382  -1.14379462
  0.42399575   0.45512422  -1.27632748  -0.42700129   2.08308159   0.69768243   0.43434161   1.64256643  -1.14460783
  0.42455039   0.45411009  -1.27654249  -0.42642753   2.08214871   0.69829459   0.43394835   1.64249123  -1.14546799
  0.42513346   0.45303308  -1.27676984  -0.42582025   2.08115850   0.69894585   0.43353355   1.64240665  -1.14637600
  0.42574504   0.45189188  -1.27700956  -0.42517908   2.08010912   0.69963826   0.43309732   1.64231132  -1.14733267
  0.42638515   0.45068520  -1.27726187  -0.42450334   2.07900036   0.70037127   0.43263996   1.64220507  -1.14833843
  0.42705373   0.44941187  -1.27752688  -0.42379206   2.07783235   0.70114363   0.43216118   1.64208847  -1.14939365
  0.42775072   0.44807082  -1.27780459  -0.42304380   2.07660582   0.70195303   0.43165958   1.64196327  -1.15049859
  0.42847597   0.44666106  -1.27809502  -0.42225719   2.07532206   0.70279648   0.43113439   1.64183111  -1.15165349
  0.42922933   0.44518175  -1.27839809  -0.42143137   2.07398129   0.70367350   0.43058628   1.64169147  -1.15285917
  0.43001062   0.44363226  -1.27871308  -0.42056555   2.07258111   0.70458811   0.43001504   1.64154219  -1.15411736
  0.43081979   0.44201206  -1.27903948  -0.41965939   2.07112007   0.70554293   0.42942160   1.64138104  -1.15542949
  0.43165684   0.44032072  -1.27937665  -0.41871301   2.06959686   0.70653985   0.42880610   1.64120647  -1.15679625
  0.43252181   0.43855782  -1.27972416  -0.41772572   2.06801167   0.70757753   0.42816732   1.64101966  -1.15821786
  0.43341477   0.43672301  -1.28008194  -0.41669602   2.06636644   0.70865192   0.42750446   1.64082324  -1.15969458
  0.43433579   0.43481599  -1.28045008  -0.41562316   2.06466257   0.70976087   0.42681890   1.64061749  -1.16122710
  0.43528492   0.43283669  -1.28082772  -0.41450759   2.06289683   0.71091032   0.42611081   1.64039888  -1.16281690
  0.43626228   0.43078515  -1.28121411  -0.41334933   2.06106829   0.71210224   0.42537941   1.64016622  -1.16446482
  0.43726802   0.42866142  -1.28160887  -0.41214894   2.05917744   0.71333606   0.42462493   1.63991894  -1.16617087
  0.43830226   0.42646559  -1.28201141  -0.41090775   2.05722244   0.71461482   0.42384805   1.63965465  -1.16793514
  0.43936498   0.42419768  -1.28242108  -0.40962667   2.05520077   0.71594187   0.42304844   1.63937177  -1.16975763
  0.44045607   0.42185777  -1.28283724  -0.40830383   2.05311202   0.71731715   0.42222399   1.63907214  -1.17163936
  0.44157562   0.41944619  -1.28325913  -0.40693658   2.05095600   0.71874288   0.42137532   1.63875466  -1.17358388
  0.44272385   0.41696338  -1.28368653  -0.40552395   2.04873524   0.72021755   0.42050592   1.63841774  -1.17559349
  0.44390105   0.41440988  -1.28411808  -0.40406686   2.04644847   0.72174344   0.41961436   1.63806004  -1.17766861
  0.44510741   0.41178621  -1.28455215  -0.40256856   2.04409183   0.72332552   0.41869837   1.63767909  -1.17980778
  0.44634279   0.40909266  -1.28498790  -0.40103127   2.04166358   0.72496496   0.41775737   1.63727419  -1.18200925
  0.44760661   0.40632933  -1.28542540  -0.39945241   2.03916801   0.72665315   0.41679050   1.63685102  -1.18427234
  0.44889799   0.40349630  -1.28586539  -0.39782813   2.03661190   0.72837993   0.41580126   1.63641388  -1.18659809
  0.45021596   0.40059403  -1.28630747  -0.39615692   2.03399672   0.73014530   0.41479356   1.63596078  -1.18898838
  0.45155955   0.39762323  -1.28675072  -0.39443832   2.03132349   0.73194930   0.41376913   1.63549025  -1.19144395
  0.45292790   0.39458473  -1.28719375  -0.39267158   2.02859381   0.73378926   0.41272566   1.63500428  -1.19396423
  0.45432040   0.39147967  -1.28763488  -0.39085863   2.02580534   0.73566916   0.41166278   1.63450038  -1.19654852
  0.45573645   0.38830928  -1.28807223  -0.38900096   2.02295488   0.73759437   0.41057931   1.63397596  -1.19919668
  0.45717563   0.38507507  -1.28850363  -0.38709544   2.02004295   0.73956538   0.40947131   1.63343283  -1.20191119
  0.45863802   0.38177916  -1.28892640  -0.38513993   2.01706804   0.74158980   0.40833834   1.63286646  -1.20469740
  0.46012405   0.37842372  -1.28933882  -0.38313514   2.01403029   0.74367352   0.40718526   1.63226985  -1.20755945
  0.46163429   0.37501077  -1.28973950  -0.38108079   2.01093477   0.74580992   0.40601120   1.63164569  -1.21049771
  0.46316961   0.37154236  -1.29012713  -0.37897853   2.00778377   0.74799513   0.40481620   1.63099555  -1.21351149
  0.46473097   0.36802038  -1.29050079  -0.37682918   2.00458041   0.75022089   0.40359812   1.63032549  -1.21659865
  0.46631936   0.36444647  -1.29086064  -0.37463539   2.00132593   0.75248125   0.40236014   1.62963916  -1.21975654
  0.46793546   0.36082191  -1.29120740  -0.37239966   1.99802086   0.75477023   0.40110501   1.62894114  -1.22298163
  0.46957934   0.35714768  -1.29154199  -0.37012351   1.99466598   0.75708191   0.39983342   1.62823674  -1.22627007
  0.47125056   0.35342472  -1.29186490  -0.36780944   1.99125891   0.75941799   0.39854684   1.62752612  -1.22961897
  0.47294809   0.34965404  -1.29217624  -0.36545890   1.98779575   0.76178627   0.39724883   1.62680474  -1.23302828
  0.47467037   0.34583666  -1.29247588  -0.36307226   1.98427457   0.76419417   0.39594389   1.62606667  -1.23649923
  0.47641541   0.34197361  -1.29276288  -0.36064891   1.98069478   0.76664695   0.39463386   1.62530750  -1.24003290
  0.47818111   0.33806588  -1.29303660  -0.35818553   1.97706247   0.76913790   0.39331993   1.62452933  -1.24362994
  0.47996559   0.33411471  -1.29329590  -0.35567958   1.97338207   0.77166256   0.39200462   1.62373285  -1.24729149
  0.48176725   0.33012151  -1.29353859  -0.35313049   1.96965752   0.77421449   0.39068455   1.62292132  -1.25101568
  0.48358483   0.32608811  -1.29376167  -0.35053913   1.96589012   0.77679323   0.38935770   1.62209366  -1.25480198
  0.48541736   0.32201638  -1.29396273  -0.34790567   1.96208471   0.77939247   0.38802306   1.62125135  -1.25864966
  0.48726404   0.31790829  -1.29413917  -0.34522837   1.95824800   0.78200314   0.38667737   1.62039809  -1.26255877
  0.48912455   0.31376683  -1.29428661  -0.34250575   1.95438131   0.78463173   0.38531917   1.61952712  -1.26653493
  0.49099925   0.30959546  -1.29440045  -0.33973986   1.95048136   0.78729349   0.38395084   1.61862543  -1.27058433
  0.49288927   0.30539717  -1.29447769  -0.33693572   1.94654717   0.78998991   0.38257159   1.61769096  -1.27470555
  0.49479611   0.30117425  -1.29451727  -0.33409872   1.94257849   0.79271379   0.38117961   1.61673002  -1.27889284
  0.49672126   0.29692879  -1.29451906  -0.33123137   1.93857357   0.79546094   0.37977506   1.61574871  -1.28314314
  0.49866610   0.29266246  -1.29448422  -0.32833095   1.93453400   0.79822195   0.37835764   1.61475773  -1.28745558
  0.50063213   0.28837678  -1.29441541  -0.32539958   1.93046026   0.80099140   0.37693184   1.61376273  -1.29182712
  0.50262042   0.28407329  -1.29431505  -0.32243977   1.92635222   0.80376790   0.37550150   1.61276605  -1.29625529
  0.50463152   0.27975414  -1.29418356  -0.31945221   1.92220747   0.80656097   0.37406959   1.61176210  -1.30074255
  0.50666562   0.27542184  -1.29402015  -0.31644067   1.91802129   0.80938644   0.37263988   1.61073959  -1.30529118
  0.50872256   0.27107881  -1.29382340  -0.31340980   1.91379334   0.81224980   0.37121222   1.60969286  -1.30989965
  0.51080175   0.26672744  -1.29359087  -0.31035986   1.90952483   0.81515179   0.36978384   1.60862093  -1.31456813
  0.51290253   0.26236951  -1.29332210  -0.30728410   1.90522804   0.81807184   0.36835609   1.60753517  -1.31929823
  0.51502465   0.25800654  -1.29301885  -0.30417830   1.90091037   0.82099662   0.36694446   1.60644193  -1.32409328
  0.51716782   0.25363971  -1.29268231  -0.30104309   1.89657091   0.82392234   0.36555739   1.60534548  -1.32895199
  0.51933150   0.24927000  -1.29231247  -0.29787916   1.89220912   0.82684243   0.36418877   1.60425435  -1.33386881
  0.52151524   0.24489846  -1.29190976  -0.29469082   1.88782449   0.82975577   0.36283292   1.60317075  -1.33883731
  0.52371849   0.24052649  -1.29147427  -0.29148083   1.88341783   0.83266516   0.36148625   1.60209213  -1.34385474
  0.52594066   0.23615639  -1.29100337  -0.28824996   1.87898404   0.83558840   0.36014368   1.60100733  -1.34892409
  0.52818141   0.23179099  -1.29049392  -0.28500017   1.87451705   0.83854664   0.35880578   1.59990146  -1.35405041
  0.53044087   0.22743322  -1.28994281  -0.28172822   1.87002448   0.84153325   0.35747071   1.59877545  -1.35923739
  0.53272034   0.22308659  -1.28934678  -0.27843445   1.86550929   0.84454668   0.35614077   1.59762810  -1.36448851
  0.53502193   0.21875407  -1.28870478  -0.27512325   1.86097413   0.84757919   0.35482233   1.59646331  -1.36980264
  0.53734779   0.21443806  -1.28801635  -0.27179779   1.85642347   0.85061575   0.35351446   1.59529170  -1.37517536
  0.53970016   0.21014109  -1.28728101  -0.26846024   1.85185961   0.85364981   0.35221468   1.59411871  -1.38060484
  0.54208140   0.20586502  -1.28650059  -0.26511060   1.84728794   0.85666851   0.35092231   1.59295429  -1.38608888
  0.54449377   0.20161081  -1.28567927  -0.26175310   1.84270979   0.85966290   0.34964130   1.59180713  -1.39162201
  0.54693870   0.19737899  -1.28482153  -0.25839266   1.83812378   0.86263260   0.34837462   1.59068025  -1.39719899
  0.54941656   0.19317046  -1.28393016  -0.25503173   1.83352736   0.86558791   0.34712334   1.58956796  -1.40281910
  0.55192707   0.18898640  -1.28300774  -0.25167133   1.82892373   0.86853579   0.34589366   1.58846228  -1.40848437
  0.55446948   0.18482833  -1.28205452  -0.24831601   1.82431473   0.87148263   0.34468461   1.58735551  -1.41419265
  0.55704260   0.18069794  -1.28106904  -0.24497152   1.81970193   0.87443093   0.34349125   1.58624287  -1.41993910
  0.55964495   0.17659698  -1.28004876  -0.24164012   1.81508969   0.87737444   0.34230860   1.58512570  -1.42571990
  0.56227515   0.17252785  -1.27898899  -0.23832191   1.81047412   0.88032009   0.34113351   1.58400028  -1.43153636
  0.56493222   0.16849302  -1.27788641  -0.23501637   1.80584793   0.88328124   0.33997549   1.58286007  -1.43739441
  0.56761554   0.16449393  -1.27674039  -0.23172219   1.80121035   0.88625399   0.33884478   1.58170993  -1.44329591
  0.57032475   0.16053122  -1.27555156  -0.22844036   1.79656271   0.88922594   0.33774060   1.58056122  -1.44923538
  0.57305965   0.15660508  -1.27432201  -0.22517217   1.79190797   0.89218433   0.33665913   1.57942485  -1.45520592
  0.57581995   0.15271522  -1.27305537  -0.22191562   1.78725356   0.89511239   0.33559869   1.57831277  -1.46120267
  0.57860523   0.14886136  -1.27175589  -0.21866893   1.78260610   0.89800095   0.33456243   1.57723047  -1.46722371
  0.58141496   0.14504372  -1.27042622  -0.21543325   1.77796622   0.90085470   0.33354979   1.57617466  -1.47326736
  0.58424844   0.14126325  -1.26906648  -0.21220964   1.77333376   0.90368360   0.33255469   1.57513703  -1.47933323
  0.58710512   0.13752155  -1.26767554  -0.20899319   1.76871866   0.90648326   0.33157462   1.57411452  -1.48542567
  0.58998517   0.13382175  -1.26624734  -0.20578258   1.76411931   0.90926519   0.33059720   1.57309723  -1.49154868
  0.59289015   0.13016739  -1.26477706  -0.20258984   1.75953114   0.91204041   0.32961146   1.57207553  -1.49769669
  0.59582220   0.12656165  -1.26326264  -0.19942327   1.75495800   0.91480340   0.32861726   1.57104973  -1.50386618
  0.59878375   0.12300737  -1.26170409  -0.19628810   1.75040186   0.91755157   0.32762339   1.57002112  -1.51005778
  0.60177713   0.11950686  -1.26010294  -0.19318799   1.74586149   0.92028829   0.32663928   1.56898953  -1.51627327
  0.60480429   0.11606159  -1.25846230  -0.19012319   1.74133832   0.92301241   0.32567304   1.56795800  -1.52251456
  0.60786651   0.11267229  -1.25678531  -0.18708545   1.73684264   0.92570594   0.32472736   1.56693900  -1.52878478
  0.61096528   0.10933924  -1.25507679  -0.18407209   1.73238047   0.92835523   0.32381064   1.56594425  -1.53508414
  0.61410177   0.10606281  -1.25333923  -0.18108222   1.72795063   0.93095714   0.32292104   1.56498027  -1.54141080
  0.61727697   0.10284274  -1.25157559  -0.17811151   1.72355371   0.93350380   0.32205541   1.56405705  -1.54776358
  0.62049187   0.09967833  -1.24979097  -0.17515968   1.71919089   0.93598872   0.32121573   1.56318277  -1.55413932
  0.62374704   0.09656927  -1.24798940  -0.17223222   1.71485893   0.93841941   0.32039710   1.56235435  -1.56053204
  0.62704252   0.09351576  -1.24617360  -0.16933596   1.71055657   0.94080736   0.31959274   1.56156216  -1.56693634
  0.63037785   0.09051836  -1.24434512  -0.16647525   1.70628573   0.94316097   0.31880184   1.56079684  -1.57335068
  0.63375215   0.08757807  -1.24250299  -0.16365536   1.70204555   0.94549104   0.31802053   1.56004777  -1.57977301
  0.63716414   0.08469608  -1.24064476  -0.16088193   1.69783437   0.94780713   0.31724354   1.55930527  -1.58620062
  0.64061235   0.08187360  -1.23876762  -0.15815638   1.69365404   0.95010956   0.31647320   1.55856636  -1.59263429
  0.64409525   0.07911231  -1.23686651  -0.15547732   1.68950261   0.95240289   0.31570816   1.55782710  -1.59907710
  0.64761180   0.07641377  -1.23493816  -0.15284672   1.68537951   0.95468855   0.31494706   1.55708541  -1.60552857
  0.65116132   0.07377889  -1.23298157  -0.15026186   1.68129234   0.95695142   0.31419147   1.55634946  -1.61198872
  0.65474373   0.07120795  -1.23099874  -0.14772121   1.67724687   0.95917670   0.31344881   1.55563057  -1.61845686
  0.65835909   0.06870066  -1.22899325  -0.14522394   1.67324528   0.96135496   0.31272384   1.55493865  -1.62493069
  0.66200733   0.06625647  -1.22696918  -0.14276934   1.66928639   0.96348557   0.31201752   1.55427810  -1.63140786
  0.66568820   0.06387496  -1.22493033  -0.14035786   1.66536920   0.96557299   0.31132331   1.55364712  -1.63788444
  0.66940129   0.06155572  -1.22288011  -0.13798935   1.66149490   0.96761889   0.31063447   1.55304424  -1.64435673
  0.67314600   0.05929894  -1.22081950  -0.13566151   1.65766350   0.96962796   0.30994350   1.55246531  -1.65082408
  0.67692176   0.05710500  -1.21874869  -0.13336664   1.65388005   0.97159478   0.30925054   1.55191258  -1.65729086
  0.68072854   0.05497457  -1.21666838  -0.13110574   1.65014568   0.97351983   0.30855471   1.55138515  -1.66375612
  0.68456635   0.05290854  -1.21457894  -0.12888250   1.64646157   0.97540367   0.30785578   1.55088151  -1.67021760
  0.68843494   0.05090817  -1.21247894  -0.12669862   1.64282652   0.97725065   0.30715402   1.55039849  -1.67667584
  0.69233402   0.04897473  -1.21036793  -0.12455469   1.63924325   0.97905941   0.30645812   1.54993679  -1.68313361
  0.69626320   0.04710928  -1.20824582  -0.12245295   1.63571453   0.98082693   0.30577404   1.54949812  -1.68959095
  0.70022189   0.04531251  -1.20611313  -0.12039643   1.63224358   0.98254872   0.30510344   1.54908454  -1.69604518
  0.70420922   0.04358481  -1.20397035  -0.11838796   1.62883336   0.98422012   0.30444127   1.54869707  -1.70249123
  0.70822408   0.04192678  -1.20181649  -0.11642732   1.62548420   0.98584259   0.30377628   1.54833197  -1.70892575
  0.71226563   0.04033896  -1.19965167  -0.11450863   1.62219550   0.98741992   0.30311201   1.54798825  -1.71535375
  0.71633332   0.03882191  -1.19747679  -0.11262957   1.61896522   0.98895975   0.30244868   1.54766194  -1.72177733
  0.72042651   0.03737632  -1.19529157  -0.11079204   1.61579036   0.99047062   0.30177344   1.54734512  -1.72819221
  0.72454444   0.03600281  -1.19309559  -0.10899972   1.61266658   0.99196130   0.30107470   1.54703062  -1.73459308
  0.72868636   0.03470135  -1.19088986  -0.10725049   1.60959371   0.99343015   0.30035606   1.54672156  -1.74098064
  0.73285166   0.03347154  -1.18867703  -0.10554098   1.60657557   0.99486835   0.29962858   1.54642672  -1.74735707
  0.73703971   0.03231255  -1.18645974  -0.10386746   1.60361622   0.99626485   0.29889774   1.54615530  -1.75372243
  0.74124979   0.03122337  -1.18423876  -0.10222615   1.60071574   0.99761506   0.29815473   1.54590947  -1.76007401
  0.74548142   0.03020365  -1.18201473  -0.10062069   1.59787262   0.99892281   0.29738518   1.54568291  -1.76640470
  0.74973407   0.02925375  -1.17978855  -0.09905706   1.59508788   1.00019369   0.29658314   1.54546751  -1.77270958
  0.75400703   0.02837430  -1.17756046  -0.09753623   1.59236432   1.00142996   0.29575356   1.54525973  -1.77899023
  0.75829963   0.02756602  -1.17533101  -0.09605793   1.58970673   1.00262937   0.29490771   1.54506059  -1.78525028
  0.76261122   0.02682960  -1.17310019  -0.09462061   1.58711859   1.00378803   0.29405650   1.54487383  -1.79149359
  0.76694117   0.02616548  -1.17086805  -0.09322360   1.58460217   1.00490094   0.29320660   1.54470419  -1.79772147
  0.77128886   0.02557375  -1.16863465  -0.09186710   1.58215774   1.00596391   0.29235728   1.54455523  -1.80393192
  0.77565352   0.02505416  -1.16640018  -0.09055076   1.57978436   1.00697474   0.29150344   1.54442835  -1.81012189
  0.78003432   0.02460646  -1.16416556  -0.08927522   1.57748196   1.00793408   0.29063922   1.54432140  -1.81628794
  0.78443037   0.02423032  -1.16193253  -0.08804099   1.57525268   1.00884114   0.28976257   1.54423295  -1.82242758
  0.78884056   0.02392529  -1.15970292  -0.08684664   1.57309993   1.00969357   0.28887524   1.54416307  -1.82854050
  0.79326351   0.02369083  -1.15747809  -0.08568961   1.57102743   1.01048813   0.28798077   1.54411271  -1.83462755
  0.79769783   0.02352655  -1.15525888  -0.08457007   1.56903797   1.01122240   0.28707920   1.54408145  -1.84068702
  0.80214212   0.02343219  -1.15304558  -0.08348996   1.56713248   1.01189608   0.28616925   1.54406793  -1.84671606
  0.80659499   0.02340747  -1.15083834  -0.08245119   1.56531252   1.01250761   0.28524963   1.54407125  -1.85271176
  0.81105494   0.02345203  -1.14863727  -0.08145530   1.56357961   1.01305573   0.28431988   1.54409054  -1.85867174
  0.81552051   0.02356549  -1.14644243  -0.08050428   1.56193281   1.01354303   0.28338034   1.54412381  -1.86459406
  0.81999021   0.02374730  -1.14425400  -0.07960049   1.56036931   1.01397445   0.28243175   1.54416873  -1.87047670
  0.82446247   0.02399655  -1.14207273  -0.07874601   1.55888680   1.01435308   0.28147599   1.54422483  -1.87631754
  0.82893570   0.02431194  -1.13990002  -0.07794241   1.55748332   1.01468069   0.28051635   1.54429326  -1.88211451
  0.83340817   0.02469178  -1.13773776  -0.07719070   1.55615645   1.01495946   0.27955721   1.54437572  -1.88786589
  0.83787789   0.02513400  -1.13558815  -0.07649038   1.55490502   1.01518977   0.27860216   1.54447413  -1.89357011
  0.84234252   0.02563631  -1.13345226  -0.07583845   1.55372837   1.01537181   0.27764962   1.54458741  -1.89922582
  0.84679960   0.02619625  -1.13133088  -0.07523115   1.55262561   1.01550529   0.27669835   1.54471496  -1.90483218
  0.85124677   0.02681157  -1.12922416  -0.07466587   1.55159208   1.01559612   0.27574538   1.54485288  -1.91038818
  0.85568181   0.02748005  -1.12713228  -0.07413827   1.55062625   1.01564563   0.27479167   1.54500024  -1.91589494
  0.86010285   0.02819968  -1.12505551  -0.07364712   1.54972343   1.01565996   0.27383824   1.54515482  -1.92135233
  0.86450809   0.02896838  -1.12299472  -0.07319372   1.54887944   1.01564406   0.27288484   1.54531481  -1.92675781
  0.86889558   0.02978385  -1.12095118  -0.07277922   1.54809315   1.01559830   0.27193085   1.54547981  -1.93210793
  0.87326318   0.03064376  -1.11892578  -0.07240221   1.54736624   1.01551918   0.27097692   1.54565073  -1.93740111
  0.87760872   0.03154603  -1.11691828  -0.07206057   1.54669853   1.01540651   0.27002168   1.54582570  -1.94263652
  0.88193025   0.03248881  -1.11492794  -0.07175356   1.54608703   1.01526364   0.26906275   1.54600167  -1.94781279
  0.88622587   0.03347019  -1.11295415  -0.07147948   1.54552911   1.01509262   0.26809942   1.54617717  -1.95292949
  0.89049378   0.03448819  -1.11099685  -0.07123608   1.54502270   1.01489484   0.26713287   1.54635194  -1.95798688
  0.89473229   0.03554073  -1.10905641  -0.07102018   1.54456745   1.01466912   0.26616491   1.54652692  -1.96298557
  0.89893994   0.03662586  -1.10713345  -0.07082928   1.54416326   1.01441419   0.26519700   1.54670299  -1.96792581
  0.90311553   0.03774175  -1.10522885  -0.07066073   1.54381196   1.01412628   0.26423214   1.54688253  -1.97280833
  0.90725811   0.03888697  -1.10334270  -0.07051220   1.54351493   1.01380318   0.26327099   1.54706570  -1.97763381
  0.91136701   0.04006049  -1.10147443  -0.07038334   1.54327044   1.01344754   0.26231209   1.54724991  -1.98240216
  0.91544185   0.04126141  -1.09962388  -0.07027456   1.54307680   1.01306125   0.26135738   1.54743531  -1.98711376
  0.91948218   0.04248853  -1.09779161  -0.07018645   1.54293288   1.01264459   0.26040962   1.54762375  -1.99176844
  0.92348747   0.04374052  -1.09597849  -0.07012040   1.54283607   1.01220034   0.25946843   1.54781463  -1.99636442
  0.92745708   0.04501590  -1.09418544  -0.07007719   1.54278369   1.01173187   0.25853197   1.54800604  -2.00089981
  0.93139023   0.04631307  -1.09241343  -0.07005579   1.54277430   1.01124062   0.25760009   1.54819734  -2.00537404
  0.93528598   0.04763037  -1.09066307  -0.07005383   1.54280731   1.01072664   0.25667312   1.54838837  -2.00978747
  0.93914326   0.04896622  -1.08893448  -0.07006874   1.54288204   1.01018994   0.25575110   1.54857870  -2.01414066
  0.94296110   0.05031924  -1.08722748  -0.07009916   1.54299685   1.00963187   0.25483506   1.54876809  -2.01843412
  0.94673863   0.05168820  -1.08554152  -0.07014410   1.54315015   1.00905355   0.25392542   1.54895615  -2.02266818
  0.95047517   0.05307197  -1.08387611  -0.07020367   1.54333951   1.00845722   0.25302228   1.54914226  -2.02684266
  0.95417018   0.05446938  -1.08223080  -0.07027727   1.54356328   1.00784410   0.25212527   1.54932576  -2.03095762
  0.95782334   0.05587933  -1.08060539  -0.07036447   1.54381984   1.00721537   0.25123400   1.54950612  -2.03501309
  0.96143442   0.05730065  -1.07899987  -0.07046458   1.54410772   1.00657188   0.25034766   1.54968279  -2.03900905
  0.96500338   0.05873220  -1.07741433  -0.07057706   1.54442448   1.00591593   0.24946492   1.54985458  -2.04294538
  0.96853028   0.06017285  -1.07584918  -0.07070106   1.54476835   1.00524887   0.24858510   1.55002100  -2.04682225
  0.97201518   0.06162139  -1.07430518  -0.07083503   1.54513912   1.00456988   0.24770944   1.55018329  -2.05064056
  0.97545810   0.06307656  -1.07278328  -0.07097704   1.54553775   1.00387590   0.24684039   1.55034438  -2.05440143
  0.97885881   0.06453699  -1.07128458  -0.07112582   1.54596457   1.00316461   0.24598119   1.55050768  -2.05810561
  0.98221676   0.06600115  -1.06981074  -0.07128383   1.54641520   1.00244074   0.24513435   1.55067456  -2.06175124
  0.98553073   0.06746714  -1.06836364  -0.07145163   1.54688988   1.00170294   0.24430293   1.55084780  -2.06533668
  0.98879915   0.06893324  -1.06694333  -0.07162546   1.54739201   1.00094612   0.24348687   1.55102761  -2.06886247
  0.99202068   0.07039834  -1.06554739  -0.07180035   1.54792198   1.00016995   0.24268098   1.55120853  -2.07233016
  0.99519447   0.07186190  -1.06417230  -0.07197371   1.54847491   0.99938126   0.24187740   1.55138178  -2.07574051
  0.99832023   0.07332365  -1.06281517  -0.07214562   1.54904487   0.99858845   0.24107127   1.55154067  -2.07909392
  1.00139834   0.07478365  -1.06147401  -0.07231728   1.54962781   0.99779806   0.24026082   1.55168102  -2.08239129
  1.00442978   0.07624203  -1.06014771  -0.07249021   1.55022096   0.99701459   0.23944655   1.55180134  -2.08563397
  1.00741602   0.07769888  -1.05883599  -0.07266715   1.55082157   0.99624194   0.23862874   1.55190106  -2.08882230
  1.01035868   0.07915405  -1.05753923  -0.07285045   1.55142752   0.99548254   0.23780665   1.55198003  -2.09195604
  1.01325944   0.08060718  -1.05625836  -0.07304168   1.55203640   0.99473914   0.23698047   1.55203854  -2.09503553
  1.01611986   0.08205760  -1.05499478  -0.07323971   1.55264763   0.99401139   0.23615257   1.55207914  -2.09806279
  1.01894139   0.08350424  -1.05375121  -0.07344279   1.55326429   0.99329225   0.23533015   1.55211052  -2.10104044
  1.02172517   0.08494563  -1.05253123  -0.07364965   1.55389090   0.99257153   0.23452182   1.55214427  -2.10397012
  1.02447132   0.08637964  -1.05133994  -0.07386344   1.55452896   0.99184415   0.23373450   1.55218993  -2.10684882
  1.02717873   0.08780381  -1.05018097  -0.07408265   1.55518340   0.99110173   0.23297168   1.55225320  -2.10967485
  1.02984530   0.08921582  -1.04905645  -0.07430803   1.55585377   0.99034594   0.23223136   1.55233151  -2.11244421
  1.03246817   0.09061365  -1.04796506  -0.07453682   1.55653952   0.98957851   0.23150539   1.55241644  -2.11515416
  1.03504439   0.09199590  -1.04690262  -0.07476387   1.55723697   0.98880411   0.23078754   1.55249958  -2.11780573
  1.03757167   0.09336174  -1.04586443  -0.07498637   1.55793852   0.98803182   0.23007564   1.55257515  -2.12040105
  1.04004832   0.09471047  -1.04484694  -0.07520152   1.55864090   0.98726386   0.22937127   1.55264279  -2.12294295
  1.04247338   0.09604154  -1.04384749  -0.07540732   1.55934316   0.98650030   0.22867319   1.55270082  -2.12543285
  1.04484663   0.09735459  -1.04286477  -0.07560347   1.56004458   0.98574173   0.22798172   1.55274887  -2.12787170
  1.04716836   0.09864930  -1.04189900  -0.07579368   1.56074132   0.98499421   0.22729638   1.55278524  -2.13025783
  1.04943892   0.09992489  -1.04095237  -0.07598173   1.56143162   0.98426028   0.22662049   1.55281271  -2.13258941
  1.05165844   0.10118066  -1.04002577  -0.07616998   1.56211146   0.98354832   0.22594756   1.55282340  -2.13486325
  1.05382718   0.10241609  -1.03911880  -0.07635560   1.56277995   0.98286066   0.22527389   1.55281252  -2.13708055
  1.05594587   0.10363098  -1.03823035  -0.07653484   1.56343647   0.98219696   0.22459946   1.55277982  -2.13924479
  1.05801568   0.10482532  -1.03735924  -0.07670461   1.56408081   0.98155415   0.22392576   1.55272845  -2.14135959
  1.06003814   0.10599914  -1.03650479  -0.07686268   1.56471343   0.98092714   0.22325513   1.55266387  -2.14342812
  1.06201504   0.10715250  -1.03566720  -0.07700909   1.56533487   0.98031189   0.22258806   1.55259012  -2.14545144
  1.06394824   0.10828545  -1.03484748  -0.07714420   1.56594553   0.97970560   0.22192636   1.55251137  -2.14743068
  1.06583953   0.10939818  -1.03404670  -0.07727247   1.56653958   0.97911702   0.22126709   1.55242442  -2.14936378
  1.06769061   0.11049107  -1.03326577  -0.07739859   1.56711202   0.97855612   0.22060496   1.55232250  -2.15124804
  1.06950293   0.11156430  -1.03250565  -0.07752254   1.56766546   0.97802066   0.21993904   1.55220523  -2.15308400
  1.07127784   0.11261782  -1.03176799  -0.07764347   1.56820435   0.97750392   0.21927493   1.55207923  -2.15487405
  1.07301623   0.11365149  -1.03105429  -0.07776301   1.56872878   0.97700575   0.21861595   1.55194782  -2.15661840
  1.07471827   0.11466473  -1.03036676  -0.07788205   1.56924263   0.97651992   0.21796944   1.55181930  -2.15831763
  1.07638318   0.11565658  -1.02970787  -0.07800511   1.56974719   0.97604647   0.21733619   1.55169456  -2.15996741
  1.07800924   0.11662614  -1.02907780  -0.07813443   1.57024300   0.97558848   0.21671013   1.55156611  -2.16156320
  1.07959424   0.11757233  -1.02847599  -0.07826758   1.57073170   0.97514409   0.21609679   1.55143677  -2.16310683
  1.08113577   0.11849405  -1.02790088  -0.07839874   1.57121717   0.97470580   0.21550624   1.55131471  -2.16460364
  1.08263160   0.11939056  -1.02734889  -0.07852285   1.57170027   0.97427017   0.21493839   1.55119950  -2.16605632
  1.08408009   0.12026155  -1.02681561  -0.07863846   1.57217538   0.97384252   0.21438703   1.55108498  -2.16746464
  1.08548034   0.12110679  -1.02629770  -0.07874328   1.57264111   0.97342179   0.21384818   1.55096892  -2.16882926
  1.08683218   0.12192623  -1.02579327  -0.07883442   1.57309875   0.97300370   0.21332293   1.55085368  -2.17015280
  1.08813624   0.12271997  -1.02530131  -0.07890800   1.57354985   0.97258381   0.21281463   1.55074333  -2.17143951
  1.08939385   0.12348825  -1.02482118  -0.07896008   1.57399452   0.97215937   0.21232509   1.55064082  -2.17269361
  1.09060694   0.12423140  -1.02435290  -0.07898955   1.57443004   0.97173202   0.21185122   1.55054507  -2.17391625
  1.09177799   0.12494992  -1.02389852  -0.07900271   1.57485005   0.97131176   0.21138585   1.55045020  -2.17510275
  1.09290958   0.12564450  -1.02346165  -0.07900968   1.57524921   0.97091113   0.21092229   1.55034876  -2.17624617
  1.09400356   0.12631529  -1.02304804  -0.07901837   1.57563212   0.97052902   0.21046581   1.55024552  -2.17734264
  1.09506060   0.12696211  -1.02266104  -0.07902724   1.57601116   0.97015098   0.21002390   1.55014887  -2.17839405
  1.09608097   0.12758512  -1.02229977  -0.07902917   1.57639481   0.96976439   0.20960397   1.55006628  -2.17940745
  1.09706520   0.12818503  -1.02196077  -0.07901814   1.57678426   0.96936411   0.20920986   1.55000201  -2.18038977
  1.09801399   0.12876240  -1.02164316  -0.07899966   1.57717470   0.96895574   0.20883935   1.54995508  -2.18133828
  1.09892767   0.12931795  -1.02134575  -0.07898486   1.57755616   0.96855754   0.20847441   1.54990727  -2.18224218
  1.09980671   0.12985278  -1.02106584  -0.07897904   1.57792096   0.96818478   0.20810123   1.54984213  -2.18309663
  1.10065161   0.13036762  -1.02080215  -0.07898170   1.57826573   0.96784263   0.20772498   1.54976146  -2.18390550
  1.10146240   0.13086279  -1.02055332  -0.07899022   1.57858785   0.96753444   0.20734795   1.54966522  -2.18467226
  1.10223880   0.13133837  -1.02031740  -0.07899904   1.57888701   0.96725851   0.20697167   1.54955451  -2.18540133
  1.10298050   0.13179425  -1.02009288  -0.07900314   1.57916403   0.96701006   0.20659969   1.54943391  -2.18609697
  1.10368726   0.13223022  -1.01987904  -0.07900202   1.57941646   0.96678948   0.20623293   1.54930568  -2.18675965
  1.10435877   0.13264592  -1.01967557  -0.07899519   1.57964574   0.96659250   0.20586862   1.54917028  -2.18738800
  1.10499488   0.13304098  -1.01948249  -0.07897982   1.57985671   0.96640968   0.20551047   1.54903406  -2.18798410
  1.10559571   0.13341523  -1.01929950  -0.07895129   1.58005479   0.96623074   0.20516567   1.54890571  -2.18855284
  1.10616193   0.13376889  -1.01912609  -0.07890679   1.58024255   0.96605032   0.20484001   1.54879141  -2.18909854
  1.10669465   0.13410213  -1.01896379  -0.07885109   1.58041836   0.96587156   0.20453409   1.54869208  -2.18961904
  1.10719475   0.13441498  -1.01881502  -0.07878826   1.58058637   0.96569191   0.20424677   1.54860743  -2.19011113
  1.10766281   0.13470775  -1.01868036  -0.07871864   1.58075058   0.96550968   0.20397697   1.54853500  -2.19057479
  1.10809929   0.13498117  -1.01855817  -0.07864129   1.58091042   0.96532828   0.20372395   1.54847099  -2.19101231
  1.10850477   0.13523627  -1.01844561  -0.07855754   1.58106130   0.96515597   0.20348338   1.54840846  -2.19142422
  1.10888023   0.13547423  -1.01834005  -0.07847033   1.58119932   0.96499882   0.20325194   1.54834324  -2.19181045
  1.10922685   0.13569603  -1.01824053  -0.07838328   1.58132342   0.96485782   0.20303170   1.54827795  -2.19217134
  1.10954571   0.13590238  -1.01814669  -0.07830048   1.58143283   0.96473485   0.20282042   1.54821123  -2.19250504
  1.10983765   0.13609374  -1.01805829  -0.07822431   1.58152721   0.96463076   0.20261602   1.54814185  -2.19281036
  1.11010342   0.13627019  -1.01797624  -0.07815620   1.58160654   0.96454456   0.20242273   1.54807468  -2.19308808
  1.11034348   0.13643143  -1.01790209  -0.07809820   1.58166950   0.96447789   0.20224195   1.54801146  -2.19333708
  1.11055784   0.13657686  -1.01783735  -0.07804828   1.58171959   0.96442587   0.20207457   1.54795403  -2.19355778
  1.11074628   0.13670594  -1.01778242  -0.07800229   1.58175968   0.96438399   0.20192221   1.54790403  -2.19375251
  1.11090858   0.13681848  -1.01773675  -0.07795699   1.58178998   0.96435144   0.20178535   1.54786129  -2.19392341
  1.11104459   0.13691452  -1.01769936  -0.07791088   1.58180954   0.96432917   0.20166310   1.54782447  -2.19407149
  1.11115438   0.13699431  -1.01766950  -0.07786347   1.58181895   0.96431570   0.20155598   1.54779450  -2.19419762
  1.11123819   0.13705828  -1.01764649  -0.07781428   1.58182006   0.96430787   0.20146623   1.54777420  -2.19430328
  1.11129656   0.13710703  -1.01762968  -0.07776314   1.58181492   0.96430219   0.20139612   1.54776661  -2.19439007
  1.11133041   0.13714137  -1.01761853  -0.07771128   1.58180398   0.96429752   0.20134744   1.54777425  -2.19445894
  1.11134099   0.13716219  -1.01761289  -0.07766346   1.58178307   0.96429952   0.20131902   1.54779642  -2.19450817
  1.11132961   0.13717012  -1.01761360  -0.07762484   1.58174904   0.96431287   0.20130900   1.54783225  -2.19453495
  1.11129752   0.13716563  -1.01762203  -0.07760025   1.58169879   0.96434372   0.20131273   1.54787737  -2.19453551
  1.11124570   0.13714895  -1.01763974  -0.07759131   1.58163323   0.96439356   0.20132527   1.54792704  -2.19450739
  1.11117479   0.13712018  -1.01766810  -0.07759489   1.58155857   0.96445614   0.20134728   1.54798157  -2.19445238
  1.11108519   0.13707966  -1.01770699  -0.07760684   1.58147813   0.96452843   0.20138077   1.54804121  -2.19437418
  1.11097724   0.13702791  -1.01775518  -0.07762404   1.58139171   0.96461063   0.20142805   1.54810657  -2.19427657
  1.11085136   0.13696551  -1.01781102  -0.07764503   1.58129779   0.96470334   0.20149037   1.54817876  -2.19416212
  1.11070811   0.13689306  -1.01787303  -0.07766965   1.58119521   0.96480606   0.20156711   1.54825854  -2.19403177
  1.11054815   0.13681108  -1.01794016  -0.07769814   1.58108413   0.96491708   0.20165642   1.54834602  -2.19388560
  1.11037223   0.13672010  -1.01801181  -0.07773040   1.58096586   0.96503416   0.20175640   1.54844073  -2.19372382
  1.11018120   0.13662070  -1.01808744  -0.07776593   1.58084147   0.96515653   0.20186505   1.54854087  -2.19354710
  1.10997594   0.13651351  -1.01816651  -0.07780362   1.58071234   0.96528341   0.20198120   1.54864479  -2.19335689
  1.10975736   0.13639915  -1.01824850  -0.07784180   1.58058097   0.96541213   0.20210473   1.54875229  -2.19315522
  1.10952637   0.13627829  -1.01833247  -0.07787969   1.58044772   0.96554319   0.20223300   1.54886034  -2.19294313
  1.10928390   0.13615163  -1.01841736  -0.07791664   1.58031262   0.96567696   0.20236455   1.54896728  -2.19272202
  1.10903099   0.13601985  -1.01850237  -0.07795210   1.58017629   0.96581235   0.20249971   1.54907365  -2.19249369
  1.10876878   0.13588362  -1.01858706  -0.07798639   1.58003887   0.96594889   0.20263898   1.54918039  -2.19225942
  1.10849846   0.13574352  -1.01867122  -0.07802007   1.57990051   0.96608629   0.20278215   1.54928781  -2.19201996
  1.10822114   0.13560006  -1.01875479  -0.07805353   1.57976158   0.96622407   0.20292857   1.54939589  -2.19177591
  1.10793796   0.13545371  -1.01883788  -0.07808691   1.57962262   0.96636167   0.20307779   1.54950459  -2.19152798
  1.10764994   0.13530487  -1.01892054  -0.07812038   1.57948360   0.96649952   0.20322896   1.54961318  -2.19127675
  1.10735809   0.13515393  -1.01900286  -0.07815397   1.57934452   0.96663792   0.20338178   1.54972140  -2.19102302
  1.10706333   0.13500125  -1.01908503  -0.07818773   1.57920561   0.96677670   0.20353635   1.54982951  -2.19076755
  1.10676651   0.13484711  -1.01916725  -0.07822182   1.57906717   0.96691557   0.20369260   1.54993770  -2.19051091
  1.10646839   0.13469178  -1.01924968  -0.07825632   1.57892971   0.96705391   0.20385019   1.55004608  -2.19025348
  1.10616961   0.13453550  -1.01933240  -0.07829118   1.57879374   0.96719106   0.20400869   1.55015461  -2.18999566
  1.10587071   0.13437849  -1.01941539  -0.07832636   1.57865945   0.96732681   0.20416767   1.55026307  -2.18973783
  1.10557216   0.13422095  -1.01949858  -0.07836183   1.57852690   0.96746120   0.20432683   1.55037125  -2.18948037
  1.10527437   0.13406307  -1.01958191  -0.07839757   1.57839610   0.96759425   0.20448604   1.55047908  -2.18922368
  1.10497767   0.13390503  -1.01966530  -0.07843364   1.57826678   0.96772639   0.20464501   1.55058625  -2.18896799
  1.10468235   0.13374696  -1.01974865  -0.07847010   1.57813879   0.96785780   0.20480344   1.55069259  -2.18871350
  1.10438863   0.13358897  -1.01983191  -0.07850701   1.57801212   0.96798838   0.20496118   1.55079812  -2.18846034
  1.10409671   0.13343115  -1.01991505  -0.07854437   1.57788693   0.96811788   0.20511808   1.55090290  -2.18820861
  1.10380671   0.13327359  -1.01999805  -0.07858217   1.57776340   0.96824607   0.20527402   1.55100689  -2.18795839
  1.10351873   0.13311636  -1.02008088  -0.07862040   1.57764171   0.96837285   0.20542892   1.55111001  -2.18770979
  1.10323283   0.13295953  -1.02016346  -0.07865901   1.57752199   0.96849815   0.20558278   1.55121217  -2.18746294
  1.10294905   0.13280318  -1.02024569  -0.07869795   1.57740437   0.96862188   0.20573558   1.55131332  -2.18721797
  1.10266739   0.13264736  -1.02032744  -0.07873713   1.57728899   0.96874389   0.20588723   1.55141337  -2.18697498
  1.10238786   0.13249215  -1.02040859  -0.07877648   1.57717589   0.96886417   0.20603765   1.55151218  -2.18673405
  1.10211044   0.13233757  -1.02048901  -0.07881590   1.57706503   0.96898277   0.20618669   1.55160961  -2.18649526
  1.10183511   0.13218368  -1.02056853  -0.07885523   1.57695640   0.96909964   0.20633423   1.55170556  -2.18625873
  1.10156186   0.13203050  -1.02064702  -0.07889433   1.57684999   0.96921466   0.20648023   1.55180002  -2.18602456
  1.10129067   0.13187806  -1.02072443  -0.07893313   1.57674582   0.96932776   0.20662468   1.55189304  -2.18579280
  1.10102153   0.13172638  -1.02080071  -0.07897154   1.57664386   0.96943894   0.20676749   1.55198456  -2.18556346
  1.10075443   0.13157545  -1.02087582  -0.07900947   1.57654411   0.96954820   0.20690857   1.55207448  -2.18533660
  1.10048934   0.13142530  -1.02094971  -0.07904671   1.57644651   0.96965548   0.20704782   1.55216276  -2.18511228
  1.10022626   0.13127590  -1.02102238  -0.07908313   1.57635110   0.96976072   0.20718526   1.55224945  -2.18489057
  1.09996517   0.13112726  -1.02109388  -0.07911866   1.57625787   0.96986395   0.20732092   1.55233454  -2.18467149
  1.09970607   0.13097940  -1.02116423  -0.07915332   1.57616678   0.96996527   0.20745480   1.55241798  -2.18445503
  1.09944897   0.13083235  -1.02123337  -0.07918712   1.57607782   0.97006473   0.20758688   1.55249976  -2.18424121
  1.09919386   0.13068616  -1.02130126  -0.07922011   1.57599096   0.97016231   0.20771714   1.55257988  -2.18403000
  1.09894074   0.13054088  -1.02136779  -0.07925229   1.57590618   0.97025803   0.20784553   1.55265833  -2.18382145
  1.09868961   0.13039655  -1.02143285  -0.07928362   1.57582347   0.97035185   0.20797204   1.55273512  -2.18361563
  1.09844048   0.13025325  -1.02149636  -0.07931405   1.57574281   0.97044374   0.20809669   1.55281031  -2.18341262
  1.09819338   0.13011100  -1.02155825  -0.07934357   1.57566417   0.97053371   0.20821947   1.55288392  -2.18321248
  1.09794831   0.12996984  -1.02161852  -0.07937217   1.57558750   0.97062177   0.20834034   1.55295595  -2.18301522
  1.09770532   0.12982980  -1.02167719  -0.07939984   1.57551277   0.97070797   0.20845927   1.55302638  -2.18282085
  1.09746445   0.12969088  -1.02173431  -0.07942654   1.57543995   0.97079236   0.20857623   1.55309524  -2.18262938
  1.09722572   0.12955312  -1.02178996  -0.07945227   1.57536900   0.97087500   0.20869126   1.55316254  -2.18244082
  1.09698919   0.12941650  -1.02184421  -0.07947699   1.57529989   0.97095593   0.20880434   1.55322831  -2.18225519
  1.09675487   0.12928106  -1.02189709  -0.07950068   1.57523254   0.97103519   0.20891546   1.55329258  -2.18207249
  1.09652281   0.12914679  -1.02194864  -0.07952332   1.57516689   0.97111282   0.20902458   1.55335538  -2.18189270
  1.09629301   0.12901372  -1.02199888  -0.07954490   1.57510289   0.97118885   0.20913168   1.55341673  -2.18171586
  1.09606551   0.12888186  -1.02204779  -0.07956537   1.57504046   0.97126330   0.20923677   1.55347668  -2.18154197
  1.09584030   0.12875123  -1.02209535  -0.07958472   1.57497954   0.97133621   0.20933982   1.55353526  -2.18137108
  1.09561739   0.12862187  -1.02214157  -0.07960298   1.57492010   0.97140761   0.20944087   1.55359252  -2.18120316
  1.09539681   0.12849379  -1.02218647  -0.07962023   1.57486211   0.97147754   0.20953997   1.55364849  -2.18103819
  1.09517856   0.12836701  -1.02223009  -0.07963658   1.57480559   0.97154606   0.20963715   1.55370323  -2.18087613
  1.09496266   0.12824158  -1.02227246  -0.07965211   1.57475055   0.97161321   0.20973247   1.55375674  -2.18071694
  1.09474913   0.12811751  -1.02231362  -0.07966688   1.57469698   0.97167903   0.20982593   1.55380905  -2.18056060
  1.09453798   0.12799483  -1.02235354  -0.07968089   1.57464485   0.97174356   0.20991753   1.55386018  -2.18040712
  1.09432923   0.12787357  -1.02239220  -0.07969412   1.57459411   0.97180681   0.21000726   1.55391014  -2.18025653
  1.09412288   0.12775374  -1.02242955  -0.07970655   1.57454469   0.97186877   0.21009508   1.55395898  -2.18010885
  1.09391895   0.12763538  -1.02246559  -0.07971817   1.57449653   0.97192946   0.21018098   1.55400673  -2.17996409
  1.09371744   0.12751848  -1.02250030  -0.07972902   1.57444958   0.97198889   0.21026494   1.55405346  -2.17982222
  1.09351837   0.12740307  -1.02253375  -0.07973912   1.57440381   0.97204709   0.21034697   1.55409920  -2.17968320
  1.09332176   0.12728914  -1.02256599  -0.07974856   1.57435920   0.97210409   0.21042711   1.55414401  -2.17954700
  1.09312763   0.12717670  -1.02259709  -0.07975736   1.57431575   0.97215994   0.21050540   1.55418791  -2.17941357
  1.09293598   0.12706575  -1.02262710  -0.07976558   1.57427344   0.97221468   0.21058187   1.55423095  -2.17928289
  1.09274681   0.12695630  -1.02265608  -0.07977328   1.57423227   0.97226834   0.21065655   1.55427316  -2.17915490
  1.09256014   0.12684835  -1.02268408  -0.07978051   1.57419221   0.97232097   0.21072947   1.55431457  -2.17902956
  1.09237598   0.12674190  -1.02271118  -0.07978734   1.57415329   0.97237259   0.21080068   1.55435523  -2.17890681
  1.09219432   0.12663695  -1.02273742  -0.07979381   1.57411548   0.97242326   0.21087020   1.55439516  -2.17878663
  1.09201519   0.12653351  -1.02276286  -0.07979997   1.57407880   0.97247299   0.21093807   1.55443439  -2.17866897
  1.09183857   0.12643157  -1.02278753  -0.07980580   1.57404322   0.97252181   0.21100431   1.55447293  -2.17855384
  1.09166447   0.12633115  -1.02281144  -0.07981133   1.57400871   0.97256975   0.21106891   1.55451081  -2.17844121
  1.09149289   0.12623224  -1.02283460  -0.07981655   1.57397524   0.97261683   0.21113188   1.55454805  -2.17833108
  1.09132383   0.12613484  -1.02285704  -0.07982148   1.57394279   0.97266306   0.21119323   1.55458469  -2.17822342
  1.09115729   0.12603895  -1.02287876  -0.07982614   1.57391132   0.97270846   0.21125297   1.55462074  -2.17811820
  1.09099326   0.12594458  -1.02289980  -0.07983056   1.57388082   0.97275306   0.21131111   1.55465625  -2.17801541
  1.09083173   0.12585171  -1.02292020  -0.07983478   1.57385129   0.97279689   0.21136770   1.55469122  -2.17791499
  1.09067272   0.12576035  -1.02294002  -0.07983884   1.57382271   0.97283998   0.21142276   1.55472569  -2.17781692
  1.09051620   0.12567049  -1.02295928  -0.07984276   1.57379509   0.97288237   0.21147631   1.55475966  -2.17772117
  1.09036219   0.12558212  -1.02297803  -0.07984655   1.57376841   0.97292407   0.21152837   1.55479316  -2.17762770
  1.09021065   0.12549523  -1.02299629  -0.07985023   1.57374265   0.97296511   0.21157898   1.55482621  -2.17753649
  1.09006159   0.12540981  -1.02301408  -0.07985381   1.57371781   0.97300550   0.21162812   1.55485882  -2.17744752
  1.08991499   0.12532586  -1.02303142  -0.07985729   1.57369385   0.97304526   0.21167584   1.55489101  -2.17736077
  1.08977083   0.12524336  -1.02304833  -0.07986069   1.57367076   0.97308440   0.21172212   1.55492280  -2.17727620
  1.08962910   0.12516230  -1.02306483  -0.07986400   1.57364852   0.97312295   0.21176700   1.55495422  -2.17719379
  1.08948978   0.12508268  -1.02308093  -0.07986724   1.57362711   0.97316091   0.21181049   1.55498528  -2.17711352
  1.08935285   0.12500447  -1.02309666  -0.07987043   1.57360652   0.97319831   0.21185261   1.55501599  -2.17703536
  1.08921829   0.12492768  -1.02311203  -0.07987357   1.57358674   0.97323517   0.21189337   1.55504637  -2.17695928
  1.08908608   0.12485227  -1.02312706  -0.07987667   1.57356775   0.97327150   0.21193281   1.55507643  -2.17688524
  1.08895620   0.12477825  -1.02314178  -0.07987975   1.57354955   0.97330731   0.21197093   1.55510618  -2.17681323
  1.08882863   0.12470559  -1.02315619  -0.07988282   1.57353211   0.97334262   0.21200776   1.55513565  -2.17674320
  1.08870333   0.12463427  -1.02317031  -0.07988588   1.57351544   0.97337745   0.21204332   1.55516483  -2.17667514
  1.08858030   0.12456430  -1.02318416  -0.07988894   1.57349950   0.97341182   0.21207762   1.55519375  -2.17660901
  1.08845949   0.12449564  -1.02319775  -0.07989200   1.57348429   0.97344572   0.21211068   1.55522242  -2.17654479
  1.08834089   0.12442828  -1.02321108  -0.07989507   1.57346979   0.97347919   0.21214251   1.55525084  -2.17648245
  1.08822446   0.12436220  -1.02322418  -0.07989815   1.57345599   0.97351222   0.21217315   1.55527902  -2.17642196
  1.08811019   0.12429739  -1.02323705  -0.07990124   1.57344288   0.97354484   0.21220259   1.55530699  -2.17636329
  1.08799804   0.12423384  -1.02324970  -0.07990435   1.57343044   0.97357704   0.21223085   1.55533474  -2.17630641
  1.08788798   0.12417151  -1.02326215  -0.07990749   1.57341865   0.97360885   0.21225797   1.55536230  -2.17625130
  1.08777998   0.12411040  -1.02327440  -0.07991065   1.57340751   0.97364028   0.21228394   1.55538966  -2.17619793
  1.08767402   0.12405048  -1.02328645  -0.07991383   1.57339700   0.97367133   0.21230879   1.55541683  -2.17614626
  1.08757006   0.12399175  -1.02329833  -0.07991705   1.57338711   0.97370202   0.21233254   1.55544384  -2.17609628
  1.08746808   0.12393417  -1.02331003  -0.07992031   1.57337783   0.97373236   0.21235520   1.55547067  -2.17604796
  1.08736804   0.12387773  -1.02332157  -0.07992360   1.57336914   0.97376235   0.21237680   1.55549735  -2.17600125
  1.08726991   0.12382242  -1.02333294  -0.07992694   1.57336104   0.97379201   0.21239734   1.55552388  -2.17595615
  1.08717366   0.12376821  -1.02334416  -0.07993031   1.57335351   0.97382135   0.21241685   1.55555027  -2.17591261
  1.08707926   0.12371509  -1.02335523  -0.07993373   1.57334655   0.97385037   0.21243533   1.55557651  -2.17587061
  1.08698667   0.12366303  -1.02336616  -0.07993720   1.57334013   0.97387908   0.21245282   1.55560263  -2.17583013
  1.08689587   0.12361202  -1.02337695  -0.07994071   1.57333426   0.97390749   0.21246933   1.55562863  -2.17579114
  1.08680682   0.12356204  -1.02338761  -0.07994428   1.57332891   0.97393562   0.21248486   1.55565451  -2.17575360
  1.08671949   0.12351307  -1.02339814  -0.07994789   1.57332409   0.97396346   0.21249945   1.55568028  -2.17571750
  1.08663385   0.12346509  -1.02340854  -0.07995156   1.57331977   0.97399104   0.21251310   1.55570594  -2.17568281
  1.08654987   0.12341808  -1.02341883  -0.07995527   1.57331595   0.97401834   0.21252584   1.55573151  -2.17564949
  1.08646751   0.12337202  -1.02342900  -0.07995905   1.57331262   0.97404539   0.21253767   1.55575698  -2.17561753
  1.08638674   0.12332690  -1.02343906  -0.07996287   1.57330977   0.97407219   0.21254862   1.55578236  -2.17558689
  1.08630754   0.12328269  -1.02344901  -0.07996676   1.57330739   0.97409874   0.21255870   1.55580766  -2.17555755
  1.08622986   0.12323938  -1.02345885  -0.07997070   1.57330547   0.97412506   0.21256793   1.55583288  -2.17552949
  1.08615368   0.12319695  -1.02346859  -0.07997470   1.57330401   0.97415115   0.21257632   1.55585803  -2.17550268
