  0.41770023   0.46579962  -1.27410009  -0.43299997   2.09290024   0.69139928   0.43859996   1.64320016  -1.13520007
  0.41770181   0.46579708  -1.27410059  -0.43299984   2.09290114   0.69139561   0.43859964   1.64320075  -1.13520073
  0.41770606   0.46579072  -1.27410158  -0.43299969   2.09290035   0.69139129   0.43859841   1.64320046  -1.13520346
  0.41771411   0.46577929  -1.27410331  -0.43299876   2.09289542   0.69138907   0.43859543   1.64319872  -1.13520997
  0.41772683   0.46576170  -1.27410630  -0.43299559   2.09288495   0.69139011   0.43858995   1.64319620  -1.13522192
  0.41774497   0.46573688  -1.27411111  -0.43298866   2.09286780   0.69139525   0.43858138   1.64319360  -1.13524079
  0.41776918   0.46570365  -1.27411820  -0.43297685   2.09284270   0.69140557   0.43856920   1.64319110  -1.13526788
  0.41780008   0.46566073  -1.27412789  -0.43295940   2.09280843   0.69142194   0.43855294   1.64318860  -1.13530423
  0.41783831   0.46560667  -1.27414029  -0.43293543   2.09276378   0.69144511   0.43853223   1.64318577  -1.13535112
  0.41788473   0.46553999  -1.27415482  -0.43290306   2.09270726   0.69147602   0.43850717   1.64318215  -1.13541145
  0.41794047   0.46545918  -1.27417045  -0.43286036   2.09263750   0.69151490   0.43847711   1.64317781  -1.13548830
  0.41800697   0.46536273  -1.27418630  -0.43280623   2.09255317   0.69156167   0.43844075   1.64317302  -1.13558401
  0.41808581   0.46524922  -1.27420202  -0.43274037   2.09245309   0.69161644   0.43839671   1.64316782  -1.13570021
  0.41817864   0.46511737  -1.27421797  -0.43266296   2.09233644   0.69167946   0.43834430   1.64316202  -1.13583802
  0.41828694   0.46496619  -1.27423496  -0.43257433   2.09220270   0.69175098   0.43828331   1.64315536  -1.13599818
  0.41841193   0.46479499  -1.27425398  -0.43247491   2.09205143   0.69183142   0.43821375   1.64314772  -1.13618103
  0.41855452   0.46460341  -1.27427586  -0.43236483   2.09188193   0.69192175   0.43813573   1.64313901  -1.13638703
  0.41871552   0.46439118  -1.27430071  -0.43224288   2.09169235   0.69202420   0.43804944   1.64312924  -1.13661815
  0.41889575   0.46415801  -1.27432833  -0.43210779   2.09148174   0.69213880   0.43795386   1.64311996  -1.13687573
  0.41909623   0.46390252  -1.27435896  -0.43195832   2.09124497   0.69227163   0.43784659   1.64311086  -1.13716175
  0.41931890   0.46361856  -1.27439538  -0.43178912   2.09096191   0.69244972   0.43772149   1.64309722  -1.13748326
  0.41956632   0.46329581  -1.27444462  -0.43158997   2.09062525   0.69267690   0.43757467   1.64308445  -1.13784585
  0.41984120   0.46292256  -1.27451332  -0.43135301   2.09023574   0.69294420   0.43740552   1.64307790  -1.13825281
  0.42014607   0.46248817  -1.27460388  -0.43107594   2.08979205   0.69324731   0.43721437   1.64307494  -1.13870701
  0.42048300   0.46198435  -1.27471511  -0.43076047   2.08929022   0.69358684   0.43699978   1.64306915  -1.13921029
  0.42085362   0.46140478  -1.27484488  -0.43040781   2.08872205   0.69397024   0.43675789   1.64305431  -1.13976506
  0.42125888   0.46074599  -1.27499216  -0.43001753   2.08808654   0.69439527   0.43648619   1.64303054  -1.14037218
  0.42169895   0.46000862  -1.27515527  -0.42959016   2.08738636   0.69485815   0.43618525   1.64299763  -1.14103211
  0.42217313   0.45919795  -1.27533126  -0.42912931   2.08662943   0.69535119   0.43585826   1.64295503  -1.14174303
  0.42267993   0.45832248  -1.27551708  -0.42863964   2.08582815   0.69586219   0.43550982   1.64290419  -1.14250115
  0.42321816   0.45738930  -1.27571055  -0.42812276   2.08497634   0.69640666   0.43513973   1.64284119  -1.14330781
  0.42378701   0.45640278  -1.27591308  -0.42757540   2.08407162   0.69699042   0.43474608   1.64277093  -1.14416367
  0.42438608   0.45536517  -1.27612735  -0.42699376   2.08311619   0.69761083   0.43432864   1.64270020  -1.14506857
  0.42501532   0.45427771  -1.27635450  -0.42637672   2.08211328   0.69826432   0.43388905   1.64263123  -1.14602248
  0.42567496   0.45314083  -1.27659413  -0.42572588   2.08106490   0.69894894   0.43342862   1.64256264  -1.14702492
  0.42636580   0.45195199  -1.27684580  -0.42504148   2.07995942   0.69968096   0.43294437   1.64248841  -1.14807869
  0.42708882   0.45070671  -1.27711125  -0.42432035   2.07879334   0.70046127   0.43243359   1.64241068  -1.14918525
  0.42784488   0.44940129  -1.27739089  -0.42356002   2.07756930   0.70128281   0.43189706   1.64233100  -1.15034631
  0.42863437   0.44803494  -1.27768217  -0.42276307   2.07629371   0.70213574   0.43133723   1.64224731  -1.15156139
  0.42945702   0.44660968  -1.27798120  -0.42193483   2.07497559   0.70300810   0.43075708   1.64215721  -1.15282785
  0.43031280   0.44512666  -1.27828462  -0.42107713   2.07360466   0.70391664   0.43015460   1.64205327  -1.15414858
  0.43120185   0.44358581  -1.27859316  -0.42018619   2.07217732   0.70486460   0.42952665   1.64193962  -1.15552519
  0.43212454   0.44198618  -1.27890900  -0.41925708   2.07069101   0.70585431   0.42887170   1.64182039  -1.15696010
  0.43308184   0.44032472  -1.27923437  -0.41828490   2.06913636   0.70689992   0.42818820   1.64169302  -1.15845886
  0.43407495   0.43859747  -1.27957237  -0.41726457   2.06751948   0.70799082   0.42747807   1.64156178  -1.16002395
  0.43510518   0.43680073  -1.27992376  -0.41619548   2.06584426   0.70911871   0.42674148   1.64142782  -1.16165566
  0.43617407   0.43493012  -1.28028760  -0.41507893   2.06409926   0.71029768   0.42597320   1.64128517  -1.16335603
  0.43728287   0.43298222  -1.28066355  -0.41391457   2.06228074   0.71153034   0.42516994   1.64113272  -1.16512637
  0.43843212   0.43095654  -1.28105061  -0.41270357   2.06039316   0.71280987   0.42433306   1.64097013  -1.16696640
  0.43962172   0.42885446  -1.28144680  -0.41144687   2.05843805   0.71413605   0.42346557   1.64079422  -1.16887766
  0.44085105   0.42667904  -1.28185003  -0.41014560   2.05641894   0.71550591   0.42256940   1.64060440  -1.17086011
  0.44211922   0.42443375  -1.28225821  -0.40880065   2.05433604   0.71692146   0.42164403   1.64040014  -1.17291357
  0.44342515   0.42212256  -1.28267034  -0.40741210   2.05219714   0.71837263   0.42069124   1.64018581  -1.17503613
  0.44476780   0.41974902  -1.28308521  -0.40598157   2.05000099   0.71986294   0.41971028   1.63996132  -1.17722618
  0.44614609   0.41731613  -1.28350268  -0.40451032   2.04774771   0.72139336   0.41870117   1.63972770  -1.17948153
  0.44755912   0.41482533  -1.28392355  -0.40299706   2.04543518   0.72296841   0.41766550   1.63948460  -1.18180270
  0.44900599   0.41227754  -1.28434863  -0.40144018   2.04306581   0.72458505   0.41660461   1.63923428  -1.18418930
  0.45048575   0.40967421  -1.28477678  -0.39984050   2.04064097   0.72624199   0.41551840   1.63897670  -1.18664015
  0.45199763   0.40701595  -1.28520602  -0.39819783   2.03815594   0.72794839   0.41440640   1.63870699  -1.18915759
  0.45354099   0.40430300  -1.28563528  -0.39651051   2.03561458   0.72969941   0.41326932   1.63842587  -1.19174265
  0.45511544   0.40153503  -1.28606314  -0.39477716   2.03301865   0.73149254   0.41210691   1.63813327  -1.19439673
  0.45672083   0.39871216  -1.28648775  -0.39299810   2.03037192   0.73332132   0.41091948   1.63782999  -1.19711956
  0.45835717   0.39583449  -1.28690722  -0.39117503   2.02767111   0.73518989   0.40970575   1.63751342  -1.19991116
  0.46002441   0.39290253  -1.28732102  -0.38930897   2.02491699   0.73709662   0.40846652   1.63718347  -1.20277074
  0.46172255   0.38991626  -1.28772952  -0.38739882   2.02210671   0.73904564   0.40720230   1.63683936  -1.20569948
  0.46345148   0.38687585  -1.28813347  -0.38544305   2.01924113   0.74103551   0.40591338   1.63648281  -1.20869764
  0.46521108   0.38378142  -1.28853244  -0.38344069   2.01631623   0.74307266   0.40459861   1.63611209  -1.21176676
  0.46700110   0.38063368  -1.28892611  -0.38139076   2.01333722   0.74514979   0.40325956   1.63572925  -1.21490688
  0.46882125   0.37743369  -1.28931289  -0.37929388   2.01030521   0.74726665   0.40189706   1.63533251  -1.21811859
  0.47067112   0.37418337  -1.28969100  -0.37715193   2.00722519   0.74941619   0.40051133   1.63492309  -1.22139996
  0.47255032   0.37088485  -1.29005803  -0.37496676   2.00409466   0.75160332   0.39910161   1.63449817  -1.22475110
  0.47445833   0.36754085  -1.29041248  -0.37273924   2.00091569   0.75382603   0.39766904   1.63405810  -1.22817142
  0.47639454   0.36415405  -1.29075275  -0.37046955   1.99768604   0.75608948   0.39621531   1.63360066  -1.23166220
  0.47835820   0.36072786  -1.29107789  -0.36815737   1.99441397   0.75838261   0.39474276   1.63313000  -1.23522221
  0.48034866   0.35726543  -1.29138606  -0.36580414   1.99109793   0.76070938   0.39325153   1.63264458  -1.23885113
  0.48236525   0.35376962  -1.29167650  -0.36341094   1.98774160   0.76306506   0.39174254   1.63214644  -1.24254707
  0.48440756   0.35024188  -1.29194843  -0.36097768   1.98434078   0.76545742   0.39021600   1.63163273  -1.24631126
  0.48647531   0.34668273  -1.29220219  -0.35850310   1.98089790   0.76788271   0.38867198   1.63110574  -1.25014342
  0.48856841   0.34309197  -1.29243749  -0.35598640   1.97741136   0.77034316   0.38710978   1.63056476  -1.25404428
  0.49068672   0.33946965  -1.29265415  -0.35342796   1.97388540   0.77283131   0.38553011   1.63001201  -1.25801236
  0.49283012   0.33581588  -1.29285084  -0.35082911   1.97031623   0.77535226   0.38393389   1.62944422  -1.26204801
  0.49499823   0.33213148  -1.29302664  -0.34819074   1.96670688   0.77790067   0.38232265   1.62886243  -1.26615004
  0.49719065   0.32841752  -1.29317981  -0.34551334   1.96305449   0.78048147   0.38069659   1.62826389  -1.27031934
  0.49940675   0.32467579  -1.29330923  -0.34279717   1.95936331   0.78308896   0.37905655   1.62765013  -1.27455502
  0.50164593   0.32090793  -1.29341312  -0.34004219   1.95563006   0.78573009   0.37740246   1.62701772  -1.27885863
  0.50390761   0.31711578  -1.29349090  -0.33724754   1.95186207   0.78839415   0.37573585   1.62637070  -1.28322921
  0.50619141   0.31330134  -1.29354119  -0.33441414   1.94806042   0.79108018   0.37405741   1.62570889  -1.28766629
  0.50849703   0.30946726  -1.29356301  -0.33154478   1.94422863   0.79378276   0.37236771   1.62503407  -1.29216680
  0.51082427   0.30561605  -1.29355506  -0.32864197   1.94036166   0.79650996   0.37066728   1.62434325  -1.29673010
  0.51317288   0.30175034  -1.29351719  -0.32570598   1.93646241   0.79925823   0.36895770   1.62363844  -1.30135529
  0.51554271   0.29787208  -1.29344875  -0.32273600   1.93252794   0.80203404   0.36723946   1.62291753  -1.30604414
  0.51793357   0.29398320  -1.29334982  -0.31973159   1.92856531   0.80482757   0.36551367   1.62218450  -1.31079544
  0.52034538   0.29008583  -1.29321889  -0.31669451   1.92457505   0.80763907   0.36378129   1.62143810  -1.31560875
  0.52277805   0.28618246  -1.29305490  -0.31362764   1.92056284   0.81046006   0.36204469   1.62068034  -1.32048139
  0.52523164   0.28227468  -1.29285666  -0.31053288   1.91652449   0.81329721   0.36030504   1.61990806  -1.32541350
  0.52770619   0.27836371  -1.29262408  -0.30741104   1.91246147   0.81614766   0.35856126   1.61912328  -1.33040340
  0.53020185   0.27445030  -1.29235656  -0.30426184   1.90836928   0.81901837   0.35681225   1.61832405  -1.33545214
  0.53271872   0.27053538  -1.29205440  -0.30108479   1.90425257   0.82190197   0.35505927   1.61751350  -1.34055899
  0.53525693   0.26661984  -1.29171684  -0.29788010   1.90011065   0.82479995   0.35330405   1.61669036  -1.34572486
  0.53781666   0.26270415  -1.29134347  -0.29464749   1.89594452   0.82771058   0.35154815   1.61585490  -1.35095029
  0.54039800   0.25878964  -1.29093417  -0.29138978   1.89176025   0.83062388   0.34979219   1.61501030  -1.35623167
  0.54300101   0.25487800  -1.29048751  -0.28811033   1.88755405   0.83354588   0.34803569   1.61415347  -1.36156764
  0.54562572   0.25097066  -1.29000276  -0.28480989   1.88332282   0.83648186   0.34627959   1.61328237  -1.36695870
  0.54827192   0.24706988  -1.28948055  -0.28148922   1.87907633   0.83941678   0.34452721   1.61240311  -1.37240208
  0.55093942   0.24317854  -1.28891981  -0.27815115   1.87481372   0.84235233   0.34278044   1.61151500  -1.37789622
  0.55362794   0.23929998  -1.28831998  -0.27479893   1.87053831   0.84528439   0.34104002   1.61061979  -1.38343785
  0.55633727   0.23543700  -1.28768035  -0.27143462   1.86624621   0.84822149   0.33930567   1.60971410  -1.38902654
  0.55906719   0.23159204  -1.28700184  -0.26805841   1.86194456   0.85115449   0.33757886   1.60880209  -1.39466034
  0.56181762   0.22776713  -1.28628453  -0.26467050   1.85763477   0.85408275   0.33586156   1.60788423  -1.40033925
  0.56458870   0.22396424  -1.28552814  -0.26127363   1.85331683   0.85700674   0.33415267   1.60696061  -1.40606089
  0.56738066   0.22018449  -1.28473269  -0.25786904   1.84898912   0.85992903   0.33245173   1.60603081  -1.41182439
  0.57019379   0.21642885  -1.28389942  -0.25445690   1.84465830   0.86283968   0.33076173   1.60509885  -1.41762849
  0.57302855   0.21269796  -1.28302777  -0.25103866   1.84031926   0.86574722   0.32908199   1.60416117  -1.42347364
  0.57588547   0.20899181  -1.28211773  -0.24761427   1.83597037   0.86865388   0.32741130   1.60321723  -1.42936022
  0.57876506   0.20531076  -1.28117010  -0.24418488   1.83161869   0.87154836   0.32575093   1.60227117  -1.43528611
  0.58166777   0.20165547  -1.28018468  -0.24075282   1.82726393   0.87443129   0.32410285   1.60132190  -1.44125058
  0.58459398   0.19802727  -1.27916163  -0.23732147   1.82290893   0.87729878   0.32246846   1.60037022  -1.44725104
  0.58754397   0.19442749  -1.27810050  -0.23389285   1.81855159   0.88015448   0.32084746   1.59941483  -1.45328667
  0.59051799   0.19085716  -1.27700139  -0.23046686   1.81419053   0.88300116   0.31923985   1.59845533  -1.45935794
  0.59351623   0.18731771  -1.27586536  -0.22704447   1.80983227   0.88582966   0.31764676   1.59749569  -1.46546269
  0.59653886   0.18381062  -1.27469229  -0.22362794   1.80547398   0.88864562   0.31606826   1.59653366  -1.47160009
  0.59958603   0.18033692  -1.27348284  -0.22021784   1.80111784   0.89144619   0.31450527   1.59557086  -1.47776922
  0.60265785   0.17689797  -1.27223828  -0.21681615   1.79677138   0.89422059   0.31295927   1.59461166  -1.48396692
  0.60575441   0.17349527  -1.27095851  -0.21342629   1.79243031   0.89697690   0.31142890   1.59365268  -1.49019137
  0.60887570   0.17013045  -1.26964445  -0.21005038   1.78809754   0.89971249   0.30991484   1.59269500  -1.49644029
  0.61202169   0.16680501  -1.26829621  -0.20668921   1.78377113   0.90243175   0.30841830   1.59173734  -1.50271381
  0.61519231   0.16351990  -1.26691457  -0.20334251   1.77945354   0.90513036   0.30694026   1.59078288  -1.50901106
  0.61838747   0.16027641  -1.26550074  -0.20001221   1.77515202   0.90779784   0.30548187   1.58983604  -1.51532884
  0.62160720   0.15707575  -1.26405420  -0.19670148   1.77086112   0.91044436   0.30404169   1.58889223  -1.52166602
  0.62485150   0.15391833  -1.26257572  -0.19341066   1.76658096   0.91307052   0.30261996   1.58795169  -1.52802211
  0.62812040   0.15080459  -1.26106712  -0.19014029   1.76232008   0.91566434   0.30121819   1.58701917  -1.53439485
  0.63141396   0.14773488  -1.25952840  -0.18689206   1.75807425   0.91823369   0.29983472   1.58609126  -1.54078371
  0.63473230   0.14470905  -1.25796012  -0.18366601   1.75384105   0.92078262   0.29846890   1.58516684  -1.54718878
  0.63807548   0.14172722  -1.25636366  -0.18046319   1.74962665   0.92330251   0.29712136   1.58424914  -1.55360792
  0.64144353   0.13878968  -1.25473923  -0.17728491   1.74543099   0.92579439   0.29579278   1.58333738  -1.56004058
  0.64483648   0.13589655  -1.25308707  -0.17413208   1.74125275   0.92826077   0.29448385   1.58243068  -1.56648656
  0.64825431   0.13304836  -1.25140819  -0.17100721   1.73709655   0.93069575   0.29319332   1.58153093  -1.57294262
  0.65169694   0.13024570  -1.24970299  -0.16791165   1.73296253   0.93310064   0.29192130   1.58063738  -1.57940785
  0.65516424   0.12748903  -1.24797206  -0.16484563   1.72884981   0.93547779   0.29066901   1.57974958  -1.58588239
  0.65865603   0.12477912  -1.24621668  -0.16181108   1.72476303   0.93782150   0.28943538   1.57886979  -1.59236319
  0.66217208   0.12211698  -1.24443762  -0.15880974   1.72070416   0.94013078   0.28822014   1.57799822  -1.59884839
  0.66571204   0.11950412  -1.24263593  -0.15584403   1.71667733   0.94240241   0.28702418   1.57713562  -1.60533561
  0.66927560   0.11694188  -1.24081137  -0.15291534   1.71267803   0.94464513   0.28584722   1.57627884  -1.61182471
  0.67286238   0.11443069  -1.23896475  -0.15002242   1.70870670   0.94685773   0.28468958   1.57543014  -1.61831565
  0.67647202   0.11197098  -1.23709770  -0.14716560   1.70476889   0.94903240   0.28355122   1.57459332  -1.62480620
  0.68010420   0.10956314  -1.23521091  -0.14434691   1.70086324   0.95117307   0.28243019   1.57376646  -1.63129437
  0.68375850   0.10720761  -1.23330606  -0.14156829   1.69699544   0.95327367   0.28132638   1.57295122  -1.63777722
  0.68743449   0.10490459  -1.23138338  -0.13883019   1.69316224   0.95534080   0.28024129   1.57214508  -1.64425538
  0.69113171   0.10265356  -1.22944334  -0.13613163   1.68936058   0.95737821   0.27917437   1.57134781  -1.65072907
  0.69484965   0.10045386  -1.22748763  -0.13347239   1.68559566   0.95937763   0.27812442   1.57056323  -1.65719593
  0.69858776   0.09830520  -1.22551686  -0.13085387   1.68186632   0.96134210   0.27709044   1.56978972  -1.66365448
  0.70234538   0.09620769  -1.22353239  -0.12827813   1.67817776   0.96326594   0.27607285   1.56902866  -1.67010190
  0.70612178   0.09416170  -1.22153439  -0.12574653   1.67452919   0.96515234   0.27507289   1.56827839  -1.67653755
  0.70991611   0.09216769  -1.21952363  -0.12326036   1.67092276   0.96699975   0.27408966   1.56753925  -1.68295922
  0.71372751   0.09022602  -1.21750049  -0.12081943   1.66735746   0.96881071   0.27312276   1.56681074  -1.68936640
  0.71755510   0.08833716  -1.21546602  -0.11842417   1.66383546   0.97058309   0.27217173   1.56609411  -1.69575722
  0.72139798   0.08650157  -1.21342098  -0.11607503   1.66035759   0.97231587   0.27123717   1.56539083  -1.70213027
  0.72525526   0.08471993  -1.21136679  -0.11377347   1.65692776   0.97400472   0.27031854   1.56470278  -1.70848257
  0.72912606   0.08299282  -1.20930411  -0.11152043   1.65354384   0.97565451   0.26941561   1.56402847  -1.71481297
  0.73300943   0.08132063  -1.20723440  -0.10931606   1.65020928   0.97726212   0.26852812   1.56336919  -1.72111965
  0.73690449   0.07970361  -1.20515805  -0.10716002   1.64692197   0.97883183   0.26765601   1.56272374  -1.72740247
  0.74081033   0.07814177  -1.20307602  -0.10505216   1.64368421   0.98036094   0.26679869   1.56209354  -1.73365998
  0.74472612   0.07663480  -1.20098857  -0.10299219   1.64049391   0.98185262   0.26595614   1.56147791  -1.73989193
  0.74865095   0.07518220  -1.19889720  -0.10098075   1.63735582   0.98330094   0.26512735   1.56087875  -1.74609572
  0.75258387   0.07378391  -1.19680304  -0.09901976   1.63427335   0.98470362   0.26431150   1.56029563  -1.75226867
  0.75652394   0.07243961  -1.19470568  -0.09710885   1.63124151   0.98607022   0.26350849   1.55972415  -1.75841181
  0.76047016   0.07114859  -1.19260593  -0.09524667   1.62826274   0.98739817   0.26271778   1.55916487  -1.76452468
  0.76442148   0.06991042  -1.19050518  -0.09343391   1.62534236   0.98868045   0.26193826   1.55862012  -1.77060440
  0.76837690   0.06872484  -1.18840314  -0.09167090   1.62247563   0.98992386   0.26117091   1.55808814  -1.77665105
  0.77233538   0.06759146  -1.18630085  -0.08995767   1.61966477   0.99112529   0.26041562   1.55757052  -1.78266293
  0.77629579   0.06651024  -1.18419976  -0.08829542   1.61691326   0.99228121   0.25967134   1.55706824  -1.78863708
  0.78025704   0.06548104  -1.18209968  -0.08668293   1.61421590   0.99339959   0.25893912   1.55657922  -1.79457467
  0.78421807   0.06450314  -1.18000097  -0.08511769   1.61157031   0.99448335   0.25821879   1.55610331  -1.80047650
  0.78817786   0.06357574  -1.17790501  -0.08359877   1.60898079   0.99552633   0.25750849   1.55564260  -1.80634057
  0.79213540   0.06269841  -1.17581320  -0.08212718   1.60645235   0.99652266   0.25680699   1.55519849  -1.81216398
  0.79608980   0.06187072  -1.17372467  -0.08070244   1.60397756   0.99748447   0.25611585   1.55476635  -1.81794868
  0.80004018   0.06109165  -1.17163949  -0.07932307   1.60155632   0.99841233   0.25543526   1.55434561  -1.82369528
  0.80398560   0.06036020  -1.16955880  -0.07798934   1.59919409   0.99929770   0.25476313   1.55393904  -1.82940087
  0.80792506   0.05967608  -1.16748386  -0.07670352   1.59689320   1.00013857   0.25409854   1.55354683  -1.83506213
  0.81185743   0.05903970  -1.16541508  -0.07546724   1.59465150   1.00094037   0.25344329   1.55316706  -1.84067817
  0.81578152   0.05845111  -1.16335238  -0.07427933   1.59246585   1.00170723   0.25279912   1.55279976  -1.84624964
  0.81969611   0.05790988  -1.16129670  -0.07313787   1.59033812   1.00243559   0.25216541   1.55244716  -1.85177560
  0.82359995   0.05741565  -1.15924940  -0.07204209   1.58826966   1.00312430   0.25154001   1.55210948  -1.85725405
  0.82749177   0.05696824  -1.15721206  -0.07099247   1.58626201   1.00377291   0.25092132   1.55178630  -1.86268234
  0.83137023   0.05656764  -1.15518589  -0.06998947   1.58431757   1.00437866   0.25030982   1.55147914  -1.86805830
  0.83523392   0.05621377  -1.15317112  -0.06903241   1.58243442   1.00494417   0.24970693   1.55118819  -1.87338168
  0.83908166   0.05590554  -1.15116593  -0.06811658   1.58060059   1.00548549   0.24911412   1.55090866  -1.87865731
  0.84291249   0.05564058  -1.14916969  -0.06723618   1.57881328   1.00600494   0.24852999   1.55063908  -1.88388835
  0.84672575   0.05541597  -1.14718352  -0.06638910   1.57707785   1.00649264   0.24795063   1.55038151  -1.88907297
  0.85052094   0.05522922  -1.14520914  -0.06557737   1.57539965   1.00694043   0.24737348   1.55013723  -1.89420719
  0.85429750   0.05507880  -1.14324750  -0.06480405   1.57377831   1.00735025   0.24680022   1.54990483  -1.89928921
  0.85805463   0.05496393  -1.14129899  -0.06407077   1.57221192   1.00772637   0.24623432   1.54968308  -1.90431892
  0.86179129   0.05488447  -1.13936324  -0.06337726   1.57069780   1.00807304   0.24567812   1.54947126  -1.90929702
  0.86550633   0.05484071  -1.13743974  -0.06272249   1.56923469   1.00839182   0.24513148   1.54926927  -1.91422344
  0.86919863   0.05483316  -1.13552870  -0.06210612   1.56782414   1.00868032   0.24459257   1.54907811  -1.91909639
  0.87286710   0.05486235  -1.13363160  -0.06152879   1.56647113   1.00893122   0.24405937   1.54890081  -1.92391220
  0.87651066   0.05492888  -1.13175011  -0.06099101   1.56517873   1.00914143   0.24353158   1.54873888  -1.92866831
  0.88012823   0.05503331  -1.12988477  -0.06049186   1.56394385   1.00931764   0.24301045   1.54859023  -1.93336521
  0.88371872   0.05517572  -1.12803547  -0.06002890   1.56276208   1.00946726   0.24249697   1.54845253  -1.93800456
  0.88728116   0.05535540  -1.12620179  -0.05959866   1.56163118   1.00959209   0.24199147   1.54832581  -1.94258804
  0.89081479   0.05557102  -1.12438335  -0.05919845   1.56054966   1.00969210   0.24149284   1.54821015  -1.94711641
  0.89431910   0.05582066  -1.12258047  -0.05882741   1.55951686   1.00976646   0.24099914   1.54810526  -1.95158883
  0.89779370   0.05610221  -1.12079402  -0.05848547   1.55853392   1.00981310   0.24050964   1.54801095  -1.95600429
  0.90123826   0.05641361  -1.11902436  -0.05817256   1.55760002   1.00983308   0.24002531   1.54792629  -1.96036310
  0.90465244   0.05675291  -1.11727147  -0.05788836   1.55671230   1.00982997   0.23954706   1.54784982  -1.96466594
  0.90803581   0.05711826  -1.11553528  -0.05763194   1.55586876   1.00980537   0.23907557   1.54778101  -1.96891354
  0.91138782   0.05750797  -1.11381617  -0.05740254   1.55506950   1.00975778   0.23861065   1.54772041  -1.97310546
  0.91470781   0.05792070  -1.11211470  -0.05720006   1.55431398   1.00968722   0.23815168   1.54766781  -1.97724067
  0.91799497   0.05835554  -1.11043152  -0.05702429   1.55360211   1.00959384   0.23769800   1.54762276  -1.98131809
  0.92124843   0.05881194  -1.10876720  -0.05687454   1.55293435   1.00947718   0.23724976   1.54758539  -1.98533706
  0.92446724   0.05928968  -1.10712193  -0.05675002   1.55230972   1.00933909   0.23680745   1.54755514  -1.98929744
  0.92765047   0.05978873  -1.10549561  -0.05664966   1.55172742   1.00918102   0.23637107   1.54753134  -1.99319926
  0.93079732   0.06030907  -1.10388805  -0.05657221   1.55118741   1.00900273   0.23594070   1.54751423  -1.99704256
  0.93390715   0.06085052  -1.10229884  -0.05651664   1.55068788   1.00880599   0.23551639   1.54750358  -2.00082769
  0.93697948   0.06141260  -1.10072786  -0.05648192   1.55022705   1.00859224   0.23509802   1.54749933  -2.00455486
  0.94001400   0.06199446  -1.09917519  -0.05646671   1.54980354   1.00836211   0.23468569   1.54750171  -2.00822454
  0.94301052   0.06259492  -1.09764123  -0.05647002   1.54941596   1.00811667   0.23427906   1.54751036  -2.01183690
  0.94596890   0.06321263  -1.09612659  -0.05649106   1.54906353   1.00785632   0.23387809   1.54752505  -2.01539201
  0.94888897   0.06384610  -1.09463191  -0.05652939   1.54874509   1.00758175   0.23348291   1.54754572  -2.01888975
  0.95177053   0.06449384  -1.09315779  -0.05658471   1.54845896   1.00729421   0.23309373   1.54757226  -2.02232994
  0.95461329   0.06515446  -1.09170451  -0.05665636   1.54820438   1.00699405   0.23271089   1.54760453  -2.02571275
  0.95741696   0.06582679  -1.09027192  -0.05674355   1.54798045   1.00668172   0.23233443   1.54764212  -2.02903859
  0.96018123   0.06650978  -1.08885983  -0.05684575   1.54778590   1.00635812   0.23196378   1.54768435  -2.03230746
  0.96290578   0.06720248  -1.08746814  -0.05696219   1.54762013   1.00602361   0.23159841   1.54773050  -2.03551951
  0.96559032   0.06790411  -1.08609681  -0.05709199   1.54748287   1.00567823   0.23123826   1.54778023  -2.03867504
  0.96823456   0.06861405  -1.08474576  -0.05723443   1.54737343   1.00532256   0.23088350   1.54783324  -2.04177439
  0.97083822   0.06933175  -1.08341490  -0.05738884   1.54729070   1.00495765   0.23053420   1.54788919  -2.04481786
  0.97340104   0.07005669  -1.08210423  -0.05755454   1.54723358   1.00458447   0.23019062   1.54794798  -2.04780570
  0.97592277   0.07078835  -1.08081396  -0.05773115   1.54720089   1.00420406   0.22985297   1.54800962  -2.05073792
  0.97840315   0.07152604  -1.07954465  -0.05791852   1.54719196   1.00381637   0.22952148   1.54807479  -2.05361399
  0.98084188   0.07226902  -1.07829696  -0.05811633   1.54720642   1.00342118   0.22919578   1.54814372  -2.05643321
  0.98323866   0.07301658  -1.07707112  -0.05832366   1.54724308   1.00301998   0.22887553   1.54821555  -2.05919575
  0.98559325   0.07376801  -1.07586694  -0.05853921   1.54730064   1.00261410   0.22856112   1.54828977  -2.06190255
  0.98790552   0.07452257  -1.07468405  -0.05876194   1.54737809   1.00220385   0.22825292   1.54836646  -2.06455441
  0.99017543   0.07527945  -1.07352197  -0.05899130   1.54747402   1.00178982   0.22795098   1.54844567  -2.06715188
  0.99240307   0.07603776  -1.07238042  -0.05922693   1.54758725   1.00137266   0.22765511   1.54852707  -2.06969538
  0.99458860   0.07679660  -1.07125902  -0.05946812   1.54771756   1.00095239   0.22736532   1.54861003  -2.07218589
  0.99673228   0.07755505  -1.07015751  -0.05971436   1.54786422   1.00052938   0.22708158   1.54869412  -2.07462415
  0.99883435   0.07831213  -1.06907604  -0.05996563   1.54802564   1.00010485   0.22680340   1.54877892  -2.07701020
  1.00089493   0.07906684  -1.06801533  -0.06022199   1.54820035   0.99967978   0.22653081   1.54886467  -2.07934371
  1.00291396   0.07981822  -1.06697641  -0.06048317   1.54838755   0.99925429   0.22626404   1.54895204  -2.08162421
  1.00489124   0.08056547  -1.06596012  -0.06074855   1.54858654   0.99882863   0.22600330   1.54904141  -2.08385141
  1.00682647   0.08130803  -1.06496683  -0.06101731   1.54879626   0.99840371   0.22574849   1.54913264  -2.08602526
  1.00871928   0.08204546  -1.06399654  -0.06128860   1.54901567   0.99798041   0.22549944   1.54922536  -2.08814586
  1.01056937   0.08277741  -1.06304872  -0.06156130   1.54924460   0.99755890   0.22525587   1.54931876  -2.09021387
  1.01237661   0.08350351  -1.06212247  -0.06183455   1.54948296   0.99713921   0.22501788   1.54941214  -2.09223034
  1.01414107   0.08422325  -1.06121660  -0.06210779   1.54972996   0.99672213   0.22478525   1.54950440  -2.09419644
  1.01586301   0.08493593  -1.06033012  -0.06238056   1.54998412   0.99630924   0.22455769   1.54959428  -2.09611335
  1.01754285   0.08564065  -1.05946249  -0.06265212   1.55024460   0.99590074   0.22433502   1.54968138  -2.09798222
  1.01918112   0.08633648  -1.05861362  -0.06292195   1.55051086   0.99549603   0.22411769   1.54976634  -2.09980400
  1.02077844   0.08702257  -1.05778369  -0.06319007   1.55078229   0.99509493   0.22390594   1.54984966  -2.10157923
  1.02233541   0.08769825  -1.05697317  -0.06345695   1.55105790   0.99469797   0.22369953   1.54993154  -2.10330782
  1.02385255   0.08836303  -1.05618255  -0.06372273   1.55133704   0.99430563   0.22349839   1.55001205  -2.10498992
  1.02533025   0.08901643  -1.05541266  -0.06398764   1.55161884   0.99391877   0.22330167   1.55009082  -2.10662496
  1.02676865   0.08965802  -1.05466410  -0.06425110   1.55190264   0.99353762   0.22310942   1.55016824  -2.10821306
  1.02816772   0.09028735  -1.05393749  -0.06451257   1.55218673   0.99316371   0.22292123   1.55024415  -2.10975395
  1.02952723   0.09090409  -1.05323308  -0.06477094   1.55246988   0.99279715   0.22273810   1.55031998  -2.11124807
  1.03084697   0.09150812  -1.05255056  -0.06502498   1.55275135   0.99243771   0.22256043   1.55039643  -2.11269611
  1.03212673   0.09209932  -1.05188967  -0.06527430   1.55303047   0.99208624   0.22238726   1.55047252  -2.11409792
  1.03336642   0.09267760  -1.05124991  -0.06551836   1.55330765   0.99174253   0.22221883   1.55054775  -2.11545425
  1.03456604   0.09324260  -1.05063099  -0.06575738   1.55358226   0.99140788   0.22205412   1.55062053  -2.11676492
  1.03572553   0.09379364  -1.05003325  -0.06599156   1.55385341   0.99108315   0.22189278   1.55069043  -2.11802953
  1.03684495   0.09433017  -1.04945620  -0.06621992   1.55412106   0.99076658   0.22173741   1.55076004  -2.11924968
  1.03792452   0.09485180  -1.04889892  -0.06644237   1.55438384   0.99045862   0.22158863   1.55082996  -2.12042633
  1.03896465   0.09535828  -1.04836039  -0.06665874   1.55464146   0.99015927   0.22144651   1.55089985  -2.12156066
  1.03996591   0.09584932  -1.04784013  -0.06686945   1.55489376   0.98986925   0.22130989   1.55096812  -2.12265305
  1.04092900   0.09632466  -1.04733808  -0.06707482   1.55514137   0.98958758   0.22117839   1.55103473  -2.12370386
  1.04185473   0.09678425  -1.04685403  -0.06727498   1.55538438   0.98931390   0.22105209   1.55109991  -2.12471394
  1.04274395   0.09722815  -1.04638768  -0.06747014   1.55562185   0.98904912   0.22093066   1.55116339  -2.12568408
  1.04359758   0.09765660  -1.04593845  -0.06765950   1.55585393   0.98879259   0.22081477   1.55122583  -2.12661615
  1.04441651   0.09806982  -1.04550596  -0.06784264   1.55608003   0.98854502   0.22070394   1.55128665  -2.12751134
  1.04520153   0.09846779  -1.04509069  -0.06801984   1.55629964   0.98830728   0.22059649   1.55134474  -2.12836942
  1.04595332   0.09885042  -1.04469328  -0.06819093   1.55651324   0.98807855   0.22049240   1.55140060  -2.12919070
  1.04667250   0.09921782  -1.04431376  -0.06835582   1.55672078   0.98785821   0.22039225   1.55145529  -2.12997587
  1.04735959   0.09957014  -1.04395203  -0.06851471   1.55692124   0.98764713   0.22029580   1.55150889  -2.13072522
  1.04801495   0.09990746  -1.04360820  -0.06866766   1.55711378   0.98744631   0.22020256   1.55156101  -2.13143889
  1.04863898   0.10023004  -1.04328174  -0.06881372   1.55729946   0.98725429   0.22011301   1.55161209  -2.13211822
  1.04923219   0.10053826  -1.04297169  -0.06895256   1.55747838   0.98707101   0.22002669   1.55166148  -2.13276431
  1.04979516   0.10083240  -1.04267727  -0.06908465   1.55764982   0.98689746   0.21994282   1.55170835  -2.13337770
  1.05032842   0.10111248  -1.04239828  -0.06921025   1.55781345   0.98673373   0.21986168   1.55175305  -2.13395894
  1.05083242   0.10137824  -1.04213505  -0.06932950   1.55796895   0.98657986   0.21978373   1.55179613  -2.13450834
  1.05130740   0.10162918  -1.04188837  -0.06944251   1.55811607   0.98643606   0.21970854   1.55183747  -2.13502546
  1.05175343   0.10186476  -1.04165894  -0.06954908   1.55825489   0.98630213   0.21963583   1.55187696  -2.13550999
  1.05217062   0.10208496  -1.04144613  -0.06964821   1.55838648   0.98617615   0.21956737   1.55191605  -2.13596352
  1.05255928   0.10229022  -1.04124832  -0.06973999   1.55851068   0.98605814   0.21950361   1.55195470  -2.13638742
  1.05291995   0.10248114  -1.04106401  -0.06982565   1.55862690   0.98594900   0.21944359   1.55199191  -2.13678212
  1.05325339   0.10265820  -1.04089233  -0.06990624   1.55873524   0.98584873   0.21938697   1.55202743  -2.13714813
  1.05356046   0.10282182  -1.04073286  -0.06998219   1.55883601   0.98575707   0.21933407   1.55206155  -2.13748639
  1.05384204   0.10297231  -1.04058540  -0.07005341   1.55892944   0.98567366   0.21928525   1.55209469  -2.13779804
  1.05409904   0.10310992  -1.04044980  -0.07011955   1.55901579   0.98559794   0.21924059   1.55212725  -2.13808420
  1.05433234   0.10323501  -1.04032574  -0.07017994   1.55909566   0.98552889   0.21920036   1.55215971  -2.13834632
  1.05454310   0.10334829  -1.04021172  -0.07023365   1.55917064   0.98546463   0.21916522   1.55219236  -2.13858715
  1.05473286   0.10345076  -1.04010565  -0.07028133   1.55924105   0.98540574   0.21913364   1.55222309  -2.13880870
  1.05490348   0.10354337  -1.04000577  -0.07032431   1.55930712   0.98535285   0.21910412   1.55225013  -2.13901267
  1.05505705   0.10362684  -1.03991101  -0.07036373   1.55936945   0.98530554   0.21907644   1.55227330  -2.13920101
  1.05519566   0.10370170  -1.03982093  -0.07040037   1.55942853   0.98526315   0.21905082   1.55229316  -2.13937560
  1.05532131   0.10376832  -1.03973553  -0.07043470   1.55948454   0.98522520   0.21902718   1.55231030  -2.13953802
  1.05543575   0.10382705  -1.03965507  -0.07046683   1.55953757   0.98519120   0.21900525   1.55232524  -2.13968954
  1.05554040   0.10387825  -1.03958005  -0.07049666   1.55958770   0.98516066   0.21898477   1.55233864  -2.13983106
  1.05563632   0.10392229  -1.03951121  -0.07052432   1.55963470   0.98513362   0.21896516   1.55235090  -2.13996278
  1.05572424   0.10395962  -1.03944938  -0.07055041   1.55967777   0.98511101   0.21894531   1.55236193  -2.14008405
  1.05580453   0.10399071  -1.03939535  -0.07057529   1.55971648   0.98509328   0.21892471   1.55237208  -2.14019426
  1.05587727   0.10401610  -1.03934957  -0.07059874   1.55975094   0.98508024   0.21890363   1.55238205  -2.14029333
  1.05594232   0.10403640  -1.03931188  -0.07062032   1.55978144   0.98507157   0.21888246   1.55239237  -2.14038151
  1.05599947   0.10405227  -1.03928160  -0.07063957   1.55980833   0.98506692   0.21886144   1.55240312  -2.14045928
  1.05604850   0.10406433  -1.03925765  -0.07065624   1.55983206   0.98506587   0.21884070   1.55241422  -2.14052725
  1.05608936   0.10407312  -1.03923880  -0.07067028   1.55985312   0.98506794   0.21882044   1.55242553  -2.14058618
  1.05612215   0.10407907  -1.03922382  -0.07068188   1.55987203   0.98507263   0.21880090   1.55243691  -2.14063690
  1.05614723   0.10408249  -1.03921158  -0.07069135   1.55988928   0.98507947   0.21878231   1.55244822  -2.14068035
  1.05616516   0.10408359  -1.03920115  -0.07069906   1.55990531   0.98508798   0.21876485   1.55245939  -2.14071753
  1.05617672   0.10408251  -1.03919175  -0.07070535   1.55992053   0.98509768   0.21874863   1.55247037  -2.14074950
  1.05618282   0.10407938  -1.03918279  -0.07071053   1.55993527   0.98510808   0.21873368   1.55248119  -2.14077738
  1.05618448   0.10407432  -1.03917385  -0.07071487   1.55994979   0.98511878   0.21871993   1.55249188  -2.14080218
  1.05618275   0.10406752  -1.03916472  -0.07071866   1.55996420   0.98512959   0.21870715   1.55250245  -2.14082481
  1.05617866   0.10405922  -1.03915535  -0.07072222   1.55997854   0.98514045   0.21869502   1.55251290  -2.14084598
  1.05617316   0.10404969  -1.03914585  -0.07072582   1.55999283   0.98515134   0.21868324   1.55252329  -2.14086627
  1.05616708   0.10403927  -1.03913643  -0.07072962   1.56000709   0.98516226   0.21867157   1.55253373  -2.14088611
  1.05616107   0.10402832  -1.03912728  -0.07073375   1.56002136   0.98517326   0.21865978   1.55254438  -2.14090584
  1.05615564   0.10401721  -1.03911860  -0.07073823   1.56003565   0.98518435   0.21864768   1.55255535  -2.14092570
  1.05615110   0.10400629  -1.03911050  -0.07074306   1.56004998   0.98519560   0.21863512   1.55256674  -2.14094583
  1.05614760   0.10399587  -1.03910305  -0.07074817   1.56006437   0.98520703   0.21862200   1.55257863  -2.14096631
  1.05614518   0.10398619  -1.03909628  -0.07075352   1.56007885   0.98521867   0.21860828   1.55259108  -2.14098713
  1.05614374   0.10397737  -1.03909016  -0.07075903   1.56009343   0.98523056   0.21859395   1.55260409  -2.14100824
  1.05614310   0.10396948  -1.03908464  -0.07076465   1.56010814   0.98524270   0.21857906   1.55261766  -2.14102956
  1.05614306   0.10396246  -1.03907966  -0.07077032   1.56012298   0.98525510   0.21856367   1.55263175  -2.14105097
  1.05614335   0.10395620  -1.03907514  -0.07077600   1.56013795   0.98526775   0.21854789   1.55264631  -2.14107235
  1.05614371   0.10395050  -1.03907100  -0.07078165   1.56015304   0.98528065   0.21853181   1.55266129  -2.14109357
  1.05614391   0.10394517  -1.03906716  -0.07078724   1.56016824   0.98529376   0.21851552   1.55267660  -2.14111454
  1.05614372   0.10393996  -1.03906354  -0.07079275   1.56018352   0.98530706   0.21849913   1.55269219  -2.14113514
  1.05614296   0.10393466  -1.03906007  -0.07079815   1.56019887   0.98532053   0.21848271   1.55270799  -2.14115531
  1.05614148   0.10392910  -1.03905669  -0.07080345   1.56021428   0.98533414   0.21846634   1.55272395  -2.14117499
  1.05613919   0.10392312  -1.03905336  -0.07080864   1.56022973   0.98534788   0.21845006   1.55274002  -2.14119416
  1.05613603   0.10391664  -1.03905004  -0.07081372   1.56024521   0.98536173   0.21843390   1.55275618  -2.14121279
  1.05613197   0.10390962  -1.03904672  -0.07081868   1.56026072   0.98537569   0.21841787   1.55277240  -2.14123089
  1.05612705   0.10390205  -1.03904338  -0.07082355   1.56027626   0.98538975   0.21840198   1.55278869  -2.14124848
  1.05612130   0.10389399  -1.03904004  -0.07082831   1.56029185   0.98540392   0.21838621   1.55280506  -2.14126559
  1.05611480   0.10388551  -1.03903669  -0.07083299   1.56030749   0.98541820   0.21837053   1.55282151  -2.14128226
  1.05610764   0.10387669  -1.03903337  -0.07083757   1.56032318   0.98543260   0.21835489   1.55283808  -2.14129855
  1.05609992   0.10386762  -1.03903008  -0.07084208   1.56033894   0.98544713   0.21833928   1.55285478  -2.14131449
  1.05609174   0.10385842  -1.03902686  -0.07084652   1.56035478   0.98546181   0.21832364   1.55287163  -2.14133016
  1.05608319   0.10384914  -1.03902373  -0.07085090   1.56037070   0.98547662   0.21830793   1.55288866  -2.14134560
  1.05607437   0.10383986  -1.03902069  -0.07085524   1.56038672   0.98549159   0.21829214   1.55290589  -2.14136087
  1.05606537   0.10383063  -1.03901777  -0.07085954   1.56040283   0.98550670   0.21827622   1.55292332  -2.14137602
  1.05605624   0.10382146  -1.03901498  -0.07086382   1.56041904   0.98552197   0.21826016   1.55294096  -2.14139108
  1.05604704   0.10381238  -1.03901231  -0.07086810   1.56043535   0.98553738   0.21824394   1.55295882  -2.14140610
  1.05603780   0.10380338  -1.03900976  -0.07087238   1.56045176   0.98555294   0.21822756   1.55297689  -2.14142109
  1.05602854   0.10379443  -1.03900733  -0.07087667   1.56046827   0.98556864   0.21821101   1.55299516  -2.14143607
  1.05601926   0.10378552  -1.03900502  -0.07088098   1.56048488   0.98558447   0.21819431   1.55301363  -2.14145106
  1.05600995   0.10377662  -1.03900280  -0.07088531   1.56050158   0.98560044   0.21817745   1.55303228  -2.14146605
  1.05600060   0.10376770  -1.03900067  -0.07088966   1.56051837   0.98561653   0.21816045   1.55305111  -2.14148104
  1.05599116   0.10375873  -1.03899861  -0.07089403   1.56053526   0.98563274   0.21814333   1.55307011  -2.14149601
  1.05598163   0.10374969  -1.03899662  -0.07089840   1.56055223   0.98564907   0.21812608   1.55308927  -2.14151097
  1.05597195   0.10374057  -1.03899468  -0.07090278   1.56056930   0.98566552   0.21810873   1.55310858  -2.14152589
  1.05596211   0.10373136  -1.03899278  -0.07090715   1.56058646   0.98568210   0.21809129   1.55312803  -2.14154075
  1.05595207   0.10372204  -1.03899091  -0.07091151   1.56060371   0.98569879   0.21807376   1.55314763  -2.14155555
  1.05594182   0.10371261  -1.03898906  -0.07091586   1.56062105   0.98571560   0.21805616   1.55316736  -2.14157028
  1.05593134   0.10370308  -1.03898724  -0.07092018   1.56063849   0.98573252   0.21803848   1.55318723  -2.14158493
  1.05592063   0.10369345  -1.03898543  -0.07092448   1.56065602   0.98574957   0.21802073   1.55320723  -2.14159950
  1.05590967   0.10368372  -1.03898364  -0.07092875   1.56067364   0.98576674   0.21800291   1.55322736  -2.14161398
  1.05589849   0.10367389  -1.03898186  -0.07093299   1.56069136   0.98578403   0.21798502   1.55324763  -2.14162839
  1.05588708   0.10366397  -1.03898009  -0.07093721   1.56070918   0.98580144   0.21796705   1.55326803  -2.14164273
  1.05587547   0.10365396  -1.03897833  -0.07094141   1.56072710   0.98581897   0.21794901   1.55328857  -2.14165701
  1.05586367   0.10364388  -1.03897658  -0.07094559   1.56074511   0.98583662   0.21793089   1.55330924  -2.14167124
  1.05585170   0.10363371  -1.03897484  -0.07094976   1.56076322   0.98585438   0.21791267   1.55333004  -2.14168544
  1.05583958   0.10362347  -1.03897312  -0.07095392   1.56078142   0.98587226   0.21789437   1.55335098  -2.14169961
  1.05582732   0.10361315  -1.03897141  -0.07095808   1.56079973   0.98589026   0.21787597   1.55337205  -2.14171378
  1.05581494   0.10360277  -1.03896972  -0.07096224   1.56081814   0.98590837   0.21785748   1.55339326  -2.14172794
  1.05580246   0.10359232  -1.03896804  -0.07096640   1.56083664   0.98592660   0.21783888   1.55341461  -2.14174211
  1.05578988   0.10358181  -1.03896637  -0.07097056   1.56085525   0.98594494   0.21782017   1.55343609  -2.14175630
  1.05577722   0.10357123  -1.03896472  -0.07097474   1.56087395   0.98596339   0.21780136   1.55345770  -2.14177050
  1.05576447   0.10356060  -1.03896309  -0.07097892   1.56089276   0.98598195   0.21778245   1.55347945  -2.14178473
  1.05575163   0.10354990  -1.03896146  -0.07098311   1.56091166   0.98600063   0.21776342   1.55350133  -2.14179898
  1.05573872   0.10353915  -1.03895985  -0.07098731   1.56093067   0.98601942   0.21774429   1.55352335  -2.14181326
  1.05572572   0.10352835  -1.03895825  -0.07099151   1.56094978   0.98603832   0.21772506   1.55354550  -2.14182756
  1.05571264   0.10351748  -1.03895665  -0.07099573   1.56096899   0.98605733   0.21770572   1.55356778  -2.14184189
  1.05569946   0.10350656  -1.03895506  -0.07099994   1.56098830   0.98607645   0.21768627   1.55359019  -2.14185624
  1.05568620   0.10349558  -1.03895348  -0.07100416   1.56100771   0.98609569   0.21766673   1.55361274  -2.14187062
  1.05567284   0.10348454  -1.03895189  -0.07100838   1.56102723   0.98611504   0.21764709   1.55363541  -2.14188501
  1.05565938   0.10347343  -1.03895031  -0.07101261   1.56104684   0.98613449   0.21762735   1.55365821  -2.14189943
  1.05564583   0.10346226  -1.03894872  -0.07101684   1.56106656   0.98615406   0.21760751   1.55368113  -2.14191386
  1.05563218   0.10345102  -1.03894713  -0.07102107   1.56108637   0.98617373   0.21758758   1.55370418  -2.14192832
  1.05561842   0.10343972  -1.03894554  -0.07102530   1.56110629   0.98619352   0.21756755   1.55372735  -2.14194280
  1.05560457   0.10342834  -1.03894393  -0.07102953   1.56112631   0.98621341   0.21754743   1.55375064  -2.14195730
  1.05559063   0.10341689  -1.03894233  -0.07103377   1.56114643   0.98623341   0.21752722   1.55377405  -2.14197182
  1.05557659   0.10340538  -1.03894071  -0.07103802   1.56116665   0.98625351   0.21750691   1.55379759  -2.14198637
  1.05556246   0.10339379  -1.03893909  -0.07104227   1.56118698   0.98627373   0.21748651   1.55382125  -2.14200095
  1.05554824   0.10338213  -1.03893746  -0.07104652   1.56120740   0.98629405   0.21746601   1.55384502  -2.14201555
  1.05553394   0.10337041  -1.03893582  -0.07105078   1.56122792   0.98631447   0.21744542   1.55386892  -2.14203019
  1.05551955   0.10335862  -1.03893417  -0.07105504   1.56124855   0.98633500   0.21742474   1.55389294  -2.14204485
  1.05550509   0.10334676  -1.03893251  -0.07105931   1.56126927   0.98635564   0.21740396   1.55391708  -2.14205955
  1.05549055   0.10333484  -1.03893085  -0.07106359   1.56129010   0.98637638   0.21738308   1.55394134  -2.14207429
  1.05547593   0.10332286  -1.03892917  -0.07106788   1.56131102   0.98639723   0.21736211   1.55396571  -2.14208906
  1.05546125   0.10331081  -1.03892749  -0.07107217   1.56133205   0.98641818   0.21734104   1.55399021  -2.14210387
  1.05544649   0.10329871  -1.03892579  -0.07107647   1.56135318   0.98643924   0.21731987   1.55401483  -2.14211872
  1.05543167   0.10328654  -1.03892409  -0.07108078   1.56137441   0.98646040   0.21729861   1.55403956  -2.14213360
  1.05541678   0.10327432  -1.03892238  -0.07108510   1.56139574   0.98648167   0.21727725   1.55406441  -2.14214853
  1.05540182   0.10326203  -1.03892065  -0.07108942   1.56141717   0.98650304   0.21725580   1.55408938  -2.14216349
  1.05538680   0.10324969  -1.03891892  -0.07109375   1.56143870   0.98652451   0.21723425   1.55411447  -2.14217850
  1.05537172   0.10323728  -1.03891717  -0.07109809   1.56146033   0.98654609   0.21721261   1.55413968  -2.14219355
  1.05535657   0.10322482  -1.03891541  -0.07110244   1.56148206   0.98656777   0.21719087   1.55416500  -2.14220863
  1.05534135   0.10321229  -1.03891364  -0.07110680   1.56150389   0.98658955   0.21716904   1.55419044  -2.14222376
  1.05532608   0.10319970  -1.03891185  -0.07111116   1.56152582   0.98661144   0.21714712   1.55421599  -2.14223893
  1.05531074   0.10318706  -1.03891005  -0.07111553   1.56154785   0.98663342   0.21712510   1.55424166  -2.14225414
  1.05529534   0.10317435  -1.03890824  -0.07111991   1.56156997   0.98665551   0.21710299   1.55426744  -2.14226938
  1.05527987   0.10316158  -1.03890641  -0.07112430   1.56159220   0.98667770   0.21708079   1.55429333  -2.14228467
  1.05526435   0.10314875  -1.03890457  -0.07112869   1.56161453   0.98669999   0.21705849   1.55431934  -2.14230000
  1.05524876   0.10313586  -1.03890271  -0.07113310   1.56163695   0.98672238   0.21703611   1.55434547  -2.14231537
  1.05523312   0.10312290  -1.03890084  -0.07113751   1.56165947   0.98674487   0.21701363   1.55437170  -2.14233078
  1.05521741   0.10310989  -1.03889895  -0.07114193   1.56168210   0.98676746   0.21699107   1.55439804  -2.14234622
  1.05520165   0.10309682  -1.03889705  -0.07114635   1.56170481   0.98679015   0.21696841   1.55442450  -2.14236171
  1.05518582   0.10308369  -1.03889513  -0.07115078   1.56172763   0.98681294   0.21694567   1.55445107  -2.14237724
  1.05516994   0.10307049  -1.03889319  -0.07115522   1.56175055   0.98683583   0.21692283   1.55447775  -2.14239280
  1.05515401   0.10305724  -1.03889123  -0.07115967   1.56177356   0.98685882   0.21689991   1.55450454  -2.14240841
  1.05513802   0.10304393  -1.03888926  -0.07116412   1.56179667   0.98688191   0.21687690   1.55453144  -2.14242406
  1.05512197   0.10303056  -1.03888727  -0.07116859   1.56181988   0.98690509   0.21685380   1.55455845  -2.14243975
  1.05510588   0.10301713  -1.03888527  -0.07117306   1.56184318   0.98692838   0.21683061   1.55458557  -2.14245547
  1.05508972   0.10300365  -1.03888325  -0.07117753   1.56186658   0.98695176   0.21680733   1.55461280  -2.14247124
  1.05507352   0.10299010  -1.03888121  -0.07118202   1.56189007   0.98697524   0.21678396   1.55464013  -2.14248705
  1.05505727   0.10297650  -1.03887915  -0.07118651   1.56191367   0.98699881   0.21676051   1.55466758  -2.14250289
  1.05504097   0.10296284  -1.03887707  -0.07119101   1.56193736   0.98702248   0.21673697   1.55469513  -2.14251878
  1.05502461   0.10294912  -1.03887498  -0.07119551   1.56196114   0.98704625   0.21671335   1.55472279  -2.14253470
  1.05500821   0.10293535  -1.03887287  -0.07120003   1.56198502   0.98707012   0.21668964   1.55475056  -2.14255067
  1.05499176   0.10292152  -1.03887074  -0.07120455   1.56200899   0.98709408   0.21666584   1.55477843  -2.14256667
  1.05497526   0.10290763  -1.03886859  -0.07120907   1.56203306   0.98711814   0.21664196   1.55480641  -2.14258271
  1.05495871   0.10289368  -1.03886642  -0.07121361   1.56205723   0.98714229   0.21661799   1.55483450  -2.14259879
  1.05494212   0.10287968  -1.03886423  -0.07121815   1.56208148   0.98716654   0.21659394   1.55486268  -2.14261491
  1.05492548   0.10286562  -1.03886202  -0.07122269   1.56210584   0.98719088   0.21656981   1.55489098  -2.14263107
  1.05490880   0.10285151  -1.03885980  -0.07122725   1.56213028   0.98721532   0.21654559   1.55491938  -2.14264726
  1.05489207   0.10283734  -1.03885755  -0.07123180   1.56215482   0.98723985   0.21652129   1.55494788  -2.14266349
  1.05487529   0.10282311  -1.03885528  -0.07123637   1.56217945   0.98726447   0.21649690   1.55497649  -2.14267976
  1.05485847   0.10280883  -1.03885300  -0.07124094   1.56220418   0.98728919   0.21647244   1.55500519  -2.14269606
  1.05484161   0.10279449  -1.03885069  -0.07124552   1.56222899   0.98731400   0.21644789   1.55503400  -2.14271240
  1.05482470   0.10278010  -1.03884836  -0.07125010   1.56225390   0.98733890   0.21642326   1.55506292  -2.14272877
  1.05480775   0.10276565  -1.03884601  -0.07125469   1.56227890   0.98736390   0.21639856   1.55509193  -2.14274518
  1.05479076   0.10275114  -1.03884364  -0.07125928   1.56230400   0.98738898   0.21637377   1.55512105  -2.14276162
  1.05477372   0.10273658  -1.03884125  -0.07126388   1.56232918   0.98741416   0.21634890   1.55515026  -2.14277810
  1.05475665   0.10272197  -1.03883884  -0.07126848   1.56235446   0.98743943   0.21632396   1.55517958  -2.14279461
  1.05473954   0.10270730  -1.03883641  -0.07127309   1.56237982   0.98746480   0.21629893   1.55520899  -2.14281115
  1.05472238   0.10269258  -1.03883396  -0.07127770   1.56240528   0.98749025   0.21627383   1.55523851  -2.14282773
  1.05470519   0.10267780  -1.03883148  -0.07128232   1.56243083   0.98751579   0.21624865   1.55526812  -2.14284434
  1.05468795   0.10266297  -1.03882898  -0.07128694   1.56245646   0.98754142   0.21622339   1.55529783  -2.14286098
  1.05467068   0.10264809  -1.03882646  -0.07129157   1.56248219   0.98756715   0.21619805   1.55532764  -2.14287765
  1.05465338   0.10263315  -1.03882392  -0.07129620   1.56250800   0.98759296   0.21617264   1.55535755  -2.14289436
  1.05463603   0.10261816  -1.03882136  -0.07130083   1.56253390   0.98761886   0.21614716   1.55538756  -2.14291110
  1.05461865   0.10260311  -1.03881877  -0.07130547   1.56255990   0.98764485   0.21612159   1.55541766  -2.14292786
  1.05460123   0.10258801  -1.03881616  -0.07131011   1.56258598   0.98767093   0.21609596   1.55544785  -2.14294466
  1.05458378   0.10257286  -1.03881353  -0.07131476   1.56261214   0.98769709   0.21607025   1.55547814  -2.14296148
  1.05456629   0.10255766  -1.03881088  -0.07131941   1.56263840   0.98772334   0.21604446   1.55550853  -2.14297834
  1.05454877   0.10254240  -1.03880820  -0.07132406   1.56266474   0.98774968   0.21601861   1.55553901  -2.14299522
  1.05453121   0.10252710  -1.03880550  -0.07132871   1.56269117   0.98777611   0.21599268   1.55556959  -2.14301213
  1.05451362   0.10251174  -1.03880278  -0.07133337   1.56271768   0.98780262   0.21596667   1.55560025  -2.14302907
  1.05449600   0.10249633  -1.03880003  -0.07133803   1.56274428   0.98782922   0.21594060   1.55563102  -2.14304604
  1.05447835   0.10248086  -1.03879726  -0.07134269   1.56277097   0.98785591   0.21591446   1.55566187  -2.14306303
  1.05446066   0.10246535  -1.03879446  -0.07134736   1.56279774   0.98788268   0.21588824   1.55569282  -2.14308005
  1.05444294   0.10244978  -1.03879165  -0.07135203   1.56282460   0.98790953   0.21586196   1.55572385  -2.14309709
  1.05442520   0.10243416  -1.03878880  -0.07135669   1.56285154   0.98793647   0.21583560   1.55575498  -2.14311416
  1.05440742   0.10241850  -1.03878594  -0.07136136   1.56287856   0.98796350   0.21580918   1.55578620  -2.14313125
  1.05438961   0.10240278  -1.03878304  -0.07136604   1.56290567   0.98799060   0.21578269   1.55581751  -2.14314837
  1.05437178   0.10238701  -1.03878013  -0.07137071   1.56293286   0.98801779   0.21575613   1.55584890  -2.14316551
  1.05435391   0.10237119  -1.03877719  -0.07137538   1.56296013   0.98804507   0.21572950   1.55588039  -2.14318267
  1.05433602   0.10235532  -1.03877422  -0.07138006   1.56298749   0.98807242   0.21570281   1.55591196  -2.14319986
  1.05431810   0.10233940  -1.03877123  -0.07138473   1.56301493   0.98809986   0.21567605   1.55594362  -2.14321706
  1.05430016   0.10232343  -1.03876822  -0.07138941   1.56304245   0.98812738   0.21564923   1.55597537  -2.14323429
  1.05428219   0.10230742  -1.03876517  -0.07139408   1.56307005   0.98815498   0.21562234   1.55600721  -2.14325154
  1.05426419   0.10229135  -1.03876211  -0.07139876   1.56309773   0.98818267   0.21559539   1.55603913  -2.14326881
  1.05424617   0.10227523  -1.03875902  -0.07140343   1.56312550   0.98821043   0.21556837   1.55607114  -2.14328609
  1.05422812   0.10225907  -1.03875590  -0.07140811   1.56315334   0.98823827   0.21554129   1.55610323  -2.14330340
  1.05421005   0.10224285  -1.03875275  -0.07141278   1.56318126   0.98826619   0.21551415   1.55613540  -2.14332072
