  0.41770023   0.46579962  -1.27410009  -0.43299997   2.09290024   0.69139928   0.43859997   1.64320016  -1.13520006
  0.41770181   0.46579708  -1.27410059  -0.43299985   2.09290114   0.69139561   0.43859965   1.64320075  -1.13520073
  0.41770607   0.46579072  -1.27410159  -0.43299971   2.09290035   0.69139128   0.43859842   1.64320045  -1.13520344
  0.41771412   0.46577929  -1.27410332  -0.43299878   2.09289542   0.69138906   0.43859544   1.64319872  -1.13520996
  0.41772686   0.46576170  -1.27410632  -0.43299560   2.09288495   0.69139010   0.43858996   1.64319622  -1.13522191
  0.41774501   0.46573688  -1.27411114  -0.43298867   2.09286779   0.69139527   0.43858138   1.64319361  -1.13524080
  0.41776924   0.46570367  -1.27411823  -0.43297687   2.09284268   0.69140559   0.43856921   1.64319111  -1.13526791
  0.41780017   0.46566075  -1.27412792  -0.43295943   2.09280841   0.69142196   0.43855294   1.64318861  -1.13530426
  0.41783843   0.46560669  -1.27414033  -0.43293548   2.09276375   0.69144513   0.43853224   1.64318580  -1.13535116
  0.41788488   0.46554002  -1.27415487  -0.43290312   2.09270725   0.69147603   0.43850718   1.64318218  -1.13541151
  0.41794066   0.46545923  -1.27417050  -0.43286047   2.09263751   0.69151488   0.43847713   1.64317784  -1.13548835
  0.41800720   0.46536280  -1.27418635  -0.43280641   2.09255318   0.69156162   0.43844078   1.64317303  -1.13558405
  0.41808612   0.46524931  -1.27420209  -0.43274060   2.09245309   0.69161639   0.43839676   1.64316786  -1.13570026
  0.41817902   0.46511747  -1.27421807  -0.43266317   2.09233645   0.69167942   0.43834433   1.64316210  -1.13583813
  0.41828739   0.46496632  -1.27423505  -0.43257450   2.09220277   0.69175091   0.43828332   1.64315547  -1.13599839
  0.41841246   0.46479521  -1.27425395  -0.43247510   2.09205173   0.69183114   0.43821379   1.64314778  -1.13618139
  0.41855523   0.46460377  -1.27427568  -0.43236543   2.09188228   0.69192135   0.43813585   1.64313891  -1.13638733
  0.41871660   0.46439170  -1.27430053  -0.43224414   2.09169258   0.69202368   0.43804972   1.64312910  -1.13661820
  0.41889738   0.46415870  -1.27432836  -0.43210967   2.09148180   0.69213816   0.43795438   1.64311998  -1.13687559
  0.41909854   0.46390336  -1.27435937  -0.43196061   2.09124487   0.69227094   0.43784734   1.64311121  -1.13716163
  0.41932201   0.46361955  -1.27439622  -0.43179157   2.09096168   0.69244909   0.43772233   1.64309797  -1.13748346
  0.41957025   0.46329696  -1.27444582  -0.43159243   2.09062499   0.69267640   0.43757540   1.64308560  -1.13784660
  0.41984593   0.46292385  -1.27451472  -0.43135540   2.09023556   0.69294381   0.43740601   1.64307931  -1.13825425
  0.42015151   0.46248962  -1.27460527  -0.43107821   2.08979206   0.69324699   0.43721454   1.64307648  -1.13870926
  0.42048904   0.46198595  -1.27471630  -0.43076278   2.08929035   0.69358663   0.43699957   1.64307061  -1.13921321
  0.42086009   0.46140649  -1.27484574  -0.43041034   2.08872200   0.69397046   0.43675716   1.64305553  -1.13976843
  0.42126539   0.46074771  -1.27499265  -0.43001984   2.08808621   0.69439624   0.43648466   1.64303154  -1.14037602
  0.42170514   0.46001028  -1.27515535  -0.42959186   2.08738534   0.69486067   0.43618287   1.64299816  -1.14103657
  0.42217874   0.45919950  -1.27533103  -0.42913005   2.08662811   0.69535463   0.43585527   1.64295544  -1.14174799
  0.42268464   0.45832384  -1.27551671  -0.42863957   2.08582703   0.69586539   0.43550688   1.64290473  -1.14250600
  0.42322090   0.45739000  -1.27571049  -0.42812269   2.08497585   0.69640774   0.43513806   1.64284211  -1.14331030
  0.42378648   0.45640229  -1.27591355  -0.42757459   2.08407198   0.69698823   0.43474527   1.64277329  -1.14416256
  0.42438110   0.45536307  -1.27612828  -0.42699126   2.08311628   0.69760711   0.43432960   1.64270304  -1.14506406
  0.42500476   0.45427361  -1.27635572  -0.42637180   2.08211202   0.69826063   0.43389332   1.64263330  -1.14601481
  0.42565771   0.45313432  -1.27659512  -0.42571815   2.08106056   0.69894719   0.43343629   1.64256310  -1.14701388
  0.42634057   0.45194233  -1.27684683  -0.42503216   2.07995178   0.69967887   0.43295731   1.64248760  -1.14806139
  0.42705392   0.45069302  -1.27711259  -0.42431182   2.07878112   0.70045919   0.43245293   1.64240703  -1.14915809
  0.42779814   0.44938265  -1.27739290  -0.42355546   2.07755154   0.70128277   0.43192389   1.64232076  -1.15030534
  0.42857323   0.44801044  -1.27768528  -0.42276231   2.07627230   0.70213642   0.43137134   1.64222960  -1.15150429
  0.42937910   0.44657865  -1.27798537  -0.42193460   2.07495112   0.70301035   0.43079886   1.64213156  -1.15275568
  0.43021605   0.44508860  -1.27828962  -0.42107441   2.07357901   0.70391741   0.43020250   1.64202239  -1.15406101
  0.43108428   0.44354026  -1.27859900  -0.42018257   2.07214961   0.70486469   0.42958299   1.64190133  -1.15541967
  0.43198388   0.44193247  -1.27891580  -0.41925727   2.07065823   0.70585653   0.42893833   1.64177108  -1.15683114
  0.43291496   0.44026162  -1.27924364  -0.41829500   2.06909723   0.70690379   0.42827030   1.64162887  -1.15829838
  0.43387727   0.43852299  -1.27958668  -0.41729289   2.06747210   0.70799682   0.42758597   1.64147540  -1.15982156
  0.43487037   0.43671210  -1.27994538  -0.41624887   2.06578832   0.70912189   0.42687893   1.64131802  -1.16139749
  0.43589354   0.43482348  -1.28032073  -0.41515974   2.06404270   0.71027983   0.42614736   1.64115666  -1.16302710
  0.43694607   0.43285333  -1.28071129  -0.41402331   2.06222265   0.71149166   0.42539311   1.64097906  -1.16471731
  0.43802729   0.43080165  -1.28111056  -0.41283189   2.06032260   0.71276794   0.42459742   1.64078760  -1.16647541
  0.43913923   0.42867119  -1.28151639  -0.41157505   2.05836357   0.71408107   0.42376072   1.64059450  -1.16830968
  0.44028429   0.42646656  -1.28192642  -0.41027379   2.05633457   0.71545532   0.42290992   1.64036793  -1.17021912
  0.44146234   0.42419033  -1.28234040  -0.40894301   2.05423987   0.71687303   0.42203889   1.64011759  -1.17218435
  0.44267169   0.42184517  -1.28275987  -0.40757954   2.05209666   0.71830302   0.42113701   1.63986629  -1.17419587
  0.44390962   0.41943317  -1.28318825  -0.40617413   2.04991472   0.71973857   0.42021290   1.63961691  -1.17625868
  0.44517323   0.41695604  -1.28362767  -0.40472177   2.04769398   0.72118330   0.41927885   1.63936684  -1.17837643
  0.44646028   0.41441456  -1.28407633  -0.40322752   2.04542222   0.72265002   0.41832903   1.63911480  -1.18054280
  0.44776917   0.41181029  -1.28453133  -0.40168980   2.04309843   0.72414181   0.41735161   1.63886387  -1.18275698
  0.44909904   0.40914577  -1.28498697  -0.40010708   2.04070753   0.72568702   0.41634154   1.63860266  -1.18502694
  0.45045018   0.40642457  -1.28543162  -0.39847106   2.03820488   0.72737484   0.41529024   1.63829225  -1.18738300
  0.45182425   0.40364798  -1.28587363  -0.39678773   2.03563346   0.72915215   0.41424469   1.63792733  -1.18982341
  0.45322620   0.40081838  -1.28630718  -0.39505048   2.03301535   0.73097020   0.41315599   1.63755339  -1.19233840
  0.45466275   0.39793884  -1.28672799  -0.39327204   2.03033132   0.73285277   0.41202016   1.63716102  -1.19492792
  0.45614010   0.39500989  -1.28714239  -0.39144079   2.02761449   0.73473321   0.41083990   1.63679088  -1.19758943
  0.45766201   0.39203087  -1.28755752  -0.38958585   2.02485086   0.73661412   0.40965785   1.63642684  -1.20030536
  0.45922797   0.38900028  -1.28797278  -0.38771452   2.02200378   0.73855644   0.40846955   1.63604271  -1.20307913
  0.46083418   0.38591629  -1.28839102  -0.38582178   2.01908661   0.74055939   0.40726109   1.63563508  -1.20591079
  0.46247726   0.38277720  -1.28881626  -0.38386870   2.01614998   0.74255617   0.40602154   1.63524349  -1.20881534
  0.46415433   0.37958237  -1.28925097  -0.38185268   2.01320453   0.74453748   0.40479560   1.63485196  -1.21180208
  0.46586488   0.37633638  -1.28967221  -0.37977583   2.01019560   0.74659516   0.40353746   1.63442957  -1.21488737
  0.46761190   0.37304427  -1.29006916  -0.37761712   2.00716760   0.74864739   0.40219004   1.63403891  -1.21806740
  0.46939925   0.36971073  -1.29044105  -0.37537668   2.00415883   0.75063183   0.40075592   1.63370423  -1.22133636
  0.47122831   0.36633847  -1.29080178  -0.37313861   2.00108343   0.75271771   0.39938324   1.63326566  -1.22469068
  0.47309081   0.36292425  -1.29115235  -0.37091383   1.99791379   0.75491430   0.39801382   1.63275413  -1.22809156
  0.47498158   0.35946825  -1.29149446  -0.36867338   1.99466428   0.75717874   0.39661685   1.63222279  -1.23153575
  0.47689700   0.35597226  -1.29183118  -0.36640227   1.99133526   0.75951572   0.39522714   1.63166560  -1.23503932
  0.47883217   0.35243727  -1.29216350  -0.36408567   1.98796332   0.76186478   0.39384530   1.63111325  -1.23859861
  0.48078218   0.34886371  -1.29248443  -0.36171730   1.98455241   0.76422212   0.39245421   1.63056980  -1.24221409
  0.48274571   0.34525589  -1.29277467  -0.35928298   1.98107883   0.76664627   0.39100559   1.63001567  -1.24590935
  0.48472599   0.34161561  -1.29303711  -0.35678023   1.97758962   0.76907441   0.38951406   1.62946487  -1.24968449
  0.48672771   0.33794628  -1.29326693  -0.35424119   1.97403310   0.77159714   0.38800710   1.62885605  -1.25354388
  0.48875339   0.33424629  -1.29347639  -0.35167133   1.97044452   0.77414555   0.38651125   1.62821649  -1.25747107
  0.49080316   0.33051461  -1.29366560  -0.34908334   1.96681721   0.77670356   0.38499380   1.62757143  -1.26143939
  0.49287539   0.32675134  -1.29383314  -0.34647866   1.96311190   0.77933964   0.38346167   1.62688968  -1.26545997
  0.49496515   0.32295550  -1.29398487  -0.34385434   1.95935233   0.78202955   0.38192686   1.62617247  -1.26952896
  0.49706872   0.31912621  -1.29412784  -0.34117749   1.95560665   0.78466509   0.38039142   1.62547555  -1.27364839
  0.49918493   0.31526663  -1.29425178  -0.33846686   1.95183950   0.78729261   0.37884456   1.62477902  -1.27781055
  0.50131219   0.31137938  -1.29434982  -0.33572733   1.94802524   0.78994925   0.37729091   1.62406581  -1.28201984
  0.50344827   0.30746599  -1.29442180  -0.33293814   1.94419730   0.79257996   0.37572342   1.62336862  -1.28627974
  0.50559094   0.30352830  -1.29446764  -0.33009904   1.94035600   0.79519974   0.37415693   1.62267016  -1.29059734
  0.50773996   0.29957253  -1.29447002  -0.32723333   1.93642051   0.79795560   0.37256742   1.62189835  -1.29498364
  0.50989269   0.29559850  -1.29443544  -0.32435044   1.93241629   0.80081206   0.37097103   1.62105798  -1.29942435
  0.51204905   0.29160578  -1.29437509  -0.32140440   1.92845202   0.80357870   0.36935961   1.62025505  -1.30391428
  0.51420871   0.28759450  -1.29428933  -0.31839135   1.92452113   0.80623875   0.36774744   1.61950911  -1.30845084
  0.51637640   0.28357110  -1.29416484  -0.31536052   1.92048591   0.80901511   0.36617536   1.61870441  -1.31305078
  0.51855238   0.27953541  -1.29400682  -0.31232803   1.91634146   0.81192497   0.36464093   1.61782711  -1.31770212
  0.52073601   0.27548757  -1.29381925  -0.30928283   1.91214324   0.81489290   0.36309882   1.61691584  -1.32239066
  0.52293008   0.27142895  -1.29360748  -0.30616085   1.90801803   0.81771625   0.36150241   1.61608524  -1.32712440
  0.52513665   0.26736159  -1.29337832  -0.30295423   1.90397412   0.82039212   0.35992636   1.61532042  -1.33192745
  0.52736510   0.26330052  -1.29309715  -0.29974815   1.89984587   0.82322739   0.35835191   1.61444684  -1.33681091
  0.52962518   0.25925008  -1.29276525  -0.29659020   1.89563039   0.82619688   0.35676856   1.61347878  -1.34173335
  0.53191976   0.25520697  -1.29239978  -0.29346046   1.89136944   0.82919151   0.35521164   1.61248859  -1.34668661
  0.53424803   0.25116761  -1.29201254  -0.29031876   1.88712200   0.83209257   0.35367881   1.61155478  -1.35167129
  0.53660811   0.24713367  -1.29160052  -0.28717764   1.88285466   0.83498345   0.35217520   1.61062386  -1.35669687
  0.53899446   0.24310828  -1.29115179  -0.28404692   1.87852889   0.83796094   0.35066506   1.60963965  -1.36176904
  0.54139911   0.23909151  -1.29066381  -0.28091730   1.87417104   0.84099808   0.34911312   1.60861207  -1.36687889
  0.54381963   0.23508540  -1.29014252  -0.27770850   1.86989079   0.84391383   0.34755434   1.60763765  -1.37206431
  0.54626588   0.23110523  -1.28955209  -0.27439258   1.86557933   0.84688165   0.34597249   1.60665737  -1.37739574
  0.54875349   0.22715345  -1.28891636  -0.27099303   1.86127913   0.84978788   0.34443077   1.60573426  -1.38284591
  0.55129310   0.22323424  -1.28823316  -0.26760125   1.85688179   0.85278804   0.34289149   1.60479797  -1.38836314
  0.55388458   0.21934268  -1.28752269  -0.26426776   1.85243634   0.85580796   0.34134372   1.60386465  -1.39388476
  0.55652176   0.21547527  -1.28679443  -0.26093813   1.84804123   0.85872919   0.33978524   1.60297745  -1.39943241
  0.55920310   0.21163789  -1.28603051  -0.25759973   1.84363039   0.86169727   0.33822571   1.60205691  -1.40505469
  0.56192938   0.20782915  -1.28523857  -0.25423030   1.83925831   0.86460643   0.33669025   1.60115907  -1.41075338
  0.56470023   0.20405330  -1.28440276  -0.25087494   1.83487747   0.86753713   0.33513859   1.60023551  -1.41650449
  0.56750880   0.20031361  -1.28350910  -0.24754203   1.83044915   0.87057586   0.33357391   1.59923042  -1.42232044
  0.57034728   0.19660469  -1.28256885  -0.24423548   1.82599895   0.87365159   0.33205100   1.59817986  -1.42818333
  0.57321112   0.19292131  -1.28158803  -0.24091353   1.82160931   0.87657080   0.33052260   1.59721060  -1.43406713
  0.57610175   0.18926861  -1.28055511  -0.23758927   1.81718539   0.87949900   0.32897104   1.59625006  -1.43998894
  0.57901704   0.18564596  -1.27948539  -0.23427402   1.81274039   0.88246045   0.32742698   1.59526385  -1.44594835
  0.58195465   0.18205149  -1.27840172  -0.23092427   1.80838627   0.88529966   0.32596905   1.59431181  -1.45196727
  0.58491576   0.17849067  -1.27728315  -0.22756440   1.80404843   0.88810833   0.32452912   1.59336889  -1.45802897
  0.58790130   0.17496418  -1.27612799  -0.22419063   1.79974227   0.89083768   0.32308815   1.59246973  -1.46412218
  0.59091266   0.17147608  -1.27492938  -0.22084646   1.79538654   0.89362731   0.32164774   1.59154276  -1.47023918
  0.59394618   0.16802403  -1.27368929  -0.21755285   1.79097617   0.89648143   0.32018542   1.59058345  -1.47635337
  0.59699671   0.16460572  -1.27241150  -0.21428147   1.78654803   0.89935147   0.31869230   1.58961329  -1.48247209
  0.60006703   0.16122196  -1.27109530  -0.21093566   1.78215275   0.90214388   0.31717566   1.58870292  -1.48865787
  0.60316732   0.15788657  -1.26972410  -0.20749749   1.77775554   0.90498899   0.31567202   1.58776323  -1.49498266
  0.60631074   0.15460729  -1.26830741  -0.20408457   1.77336746   0.90787282   0.31421064   1.58676960  -1.50137209
  0.60950630   0.15138431  -1.26684285  -0.20069036   1.76902728   0.91064514   0.31270536   1.58583506  -1.50778240
  0.61276026   0.14821212  -1.26535985  -0.19732299   1.76475481   0.91324077   0.31119978   1.58501189  -1.51419335
  0.61607479   0.14509113  -1.26387677  -0.19400785   1.76051800   0.91575920   0.30977438   1.58423588  -1.52062003
  0.61944465   0.14202036  -1.26239205  -0.19074146   1.75631405   0.91823636   0.30843871   1.58347548  -1.52707436
  0.62286266   0.13900013  -1.26088146  -0.18756036   1.75207309   0.92077729   0.30709754   1.58267682  -1.53352305
  0.62631642   0.13602730  -1.25933485  -0.18445911   1.74778790   0.92340798   0.30573211   1.58181546  -1.53996569
  0.62979267   0.13309665  -1.25775569  -0.18139839   1.74349540   0.92608465   0.30442090   1.58090464  -1.54643641
  0.63328184   0.13020186  -1.25614923  -0.17834734   1.73926862   0.92866301   0.30318006   1.58001958  -1.55292884
  0.63677658   0.12734026  -1.25450527  -0.17527817   1.73513014   0.93106753   0.30193264   1.57921213  -1.55942523
  0.64027744   0.12451861  -1.25281236  -0.17222062   1.73097756   0.93348315   0.30066292   1.57839327  -1.56593142
  0.64378419   0.12174034  -1.25107473  -0.16917136   1.72683110   0.93591460   0.29935157   1.57754492  -1.57244776
  0.64730133   0.11901439  -1.24928597  -0.16605738   1.72277608   0.93825167   0.29800345   1.57671191  -1.57902751
  0.65084416   0.11635659  -1.24743483  -0.16292906   1.71871197   0.94065892   0.29664714   1.57582404  -1.58568126
  0.65442657   0.11376935  -1.24554823  -0.15986952   1.71463483   0.94310455   0.29534021   1.57491366  -1.59235090
  0.65805615   0.11124886  -1.24364669  -0.15688717   1.71060290   0.94545878   0.29406599   1.57405805  -1.59899936
  0.66173769   0.10879727  -1.24172112  -0.15393362   1.70661289   0.94774199   0.29276623   1.57324805  -1.60566000
  0.66547681   0.10641711  -1.23977517  -0.15101437   1.70263178   0.95004780   0.29145793   1.57242885  -1.61235438
  0.66927473   0.10410356  -1.23782665  -0.14816780   1.69866381   0.95237613   0.29017421   1.57159598  -1.61905650
  0.67312770   0.10184883  -1.23589047  -0.14540589   1.69475560   0.95463506   0.28894754   1.57079566  -1.62574253
  0.67702838   0.09964674  -1.23396423  -0.14268946   1.69095093   0.95673809   0.28779064   1.57007339  -1.63242760
  0.68096932   0.09749738  -1.23202096  -0.13999599   1.68719620   0.95876438   0.28662787   1.56938927  -1.63912338
  0.68494516   0.09540014  -1.23005628  -0.13734839   1.68345511   0.96077719   0.28546231   1.56870935  -1.64582019
  0.68894852   0.09335288  -1.22807121  -0.13474470   1.67973628   0.96277347   0.28430423   1.56802829  -1.65251656
  0.69297231   0.09135497  -1.22606469  -0.13217504   1.67605575   0.96473701   0.28314877   1.56734692  -1.65921173
  0.69701092   0.08940672  -1.22403597  -0.12962380   1.67243358   0.96663849   0.28200309   1.56667769  -1.66591107
  0.70105968   0.08750896  -1.22198417  -0.12706484   1.66890180   0.96842564   0.28087044   1.56604558  -1.67262396
  0.70511868   0.08566455  -1.21991485  -0.12452392   1.66543606   0.97014015   0.27977844   1.56543719  -1.67934166
  0.70918820   0.08387626  -1.21782813  -0.12203090   1.66200651   0.97182711   0.27869626   1.56483150  -1.68603817
  0.71326795   0.08214582  -1.21572186  -0.11958304   1.65860972   0.97349260   0.27759261   1.56422323  -1.69270759
  0.71735809   0.08047482  -1.21359808  -0.11716704   1.65525786   0.97512617   0.27648189   1.56361712  -1.69936262
  0.72145927   0.07886395  -1.21146079  -0.11477365   1.65196585   0.97670897   0.27539367   1.56302513  -1.70601562
  0.72557279   0.07731389  -1.20930991  -0.11242106   1.64871881   0.97825897   0.27430789   1.56243911  -1.71265011
  0.72969889   0.07582387  -1.20714675  -0.11011386   1.64551389   0.97977809   0.27322040   1.56185898  -1.71926109
  0.73383751   0.07439269  -1.20497413  -0.10785591   1.64235061   0.98126733   0.27213530   1.56128512  -1.72584580
  0.73798857   0.07301836  -1.20279682  -0.10565273   1.63922968   0.98272484   0.27106585   1.56072150  -1.73240165
  0.74215132   0.07169838  -1.20062083  -0.10351088   1.63615967   0.98413738   0.27001971   1.56017523  -1.73892128
  0.74632424   0.07043121  -1.19844913  -0.10143780   1.63313863   0.98551095   0.26899640   1.55964270  -1.74539774
  0.75050507   0.06921567  -1.19627954  -0.09943029   1.63015681   0.98686333   0.26798890   1.55911403  -1.75183287
  0.75469039   0.06804936  -1.19411351  -0.09747579   1.62723101   0.98816923   0.26700312   1.55860004  -1.75823109
  0.75887746   0.06693137  -1.19195269  -0.09558163   1.62435667   0.98943559   0.26604241   1.55809912  -1.76458580
  0.76306247   0.06586071  -1.18979479  -0.09374059   1.62153556   0.99065923   0.26510014   1.55761094  -1.77089755
  0.76724318   0.06483827  -1.18763579  -0.09194936   1.61876274   0.99185041   0.26416575   1.55712747  -1.77716714
  0.77141753   0.06386434  -1.18547778  -0.09021081   1.61604326   0.99300309   0.26324654   1.55665277  -1.78339145
  0.77558435   0.06293882  -1.18332400  -0.08853600   1.61336777   0.99412888   0.26235102   1.55618770  -1.78956339
  0.77974134   0.06205986  -1.18117791  -0.08691290   1.61075476   0.99519924   0.26148493   1.55574617  -1.79568628
  0.78388794   0.06122787  -1.17903803  -0.08534033   1.60819602   0.99623101   0.26063618   1.55531742  -1.80175991
  0.78802270   0.06044199  -1.17690617  -0.08381471   1.60570271   0.99720873   0.25980482   1.55490708  -1.80778332
  0.79214446   0.05970155  -1.17478158  -0.08234023   1.60326081   0.99815301   0.25899165   1.55450816  -1.81375540
  0.79625118   0.05900491  -1.17266297  -0.08090889   1.60087544   0.99905661   0.25819479   1.55412164  -1.81967960
  0.80034094   0.05835110  -1.17054763  -0.07951432   1.59855118   0.99991360   0.25740562   1.55374532  -1.82555717
  0.80441282   0.05774082  -1.16843271  -0.07815862   1.59628258   1.00073437   0.25661961   1.55337220  -1.83138751
  0.80846823   0.05717574  -1.16631949  -0.07685693   1.59405713   1.00153787   0.25584382   1.55299897  -1.83716507
  0.81250756   0.05665527  -1.16421284  -0.07560423   1.59189514   1.00229128   0.25509229   1.55264491  -1.84289212
  0.81653076   0.05617914  -1.16211434  -0.07439751   1.58980011   1.00299072   0.25435870   1.55231027  -1.84856768
  0.82053822   0.05574781  -1.16002482  -0.07324041   1.58776093   1.00365603   0.25363477   1.55198546  -1.85418887
  0.82453109   0.05536171  -1.15794872  -0.07214220   1.58577010   1.00429993   0.25292433   1.55166936  -1.85975067
  0.82850934   0.05502038  -1.15588970  -0.07109781   1.58384417   1.00489687   0.25222994   1.55137415  -1.86525286
  0.83247361   0.05472470  -1.15384675  -0.07010531   1.58197993   1.00545172   0.25154518   1.55109700  -1.87069641
  0.83642308   0.05447353  -1.15181815  -0.06915630   1.58016802   1.00597738   0.25087271   1.55083432  -1.87608918
  0.84035665   0.05426471  -1.14980210  -0.06824542   1.57840023   1.00648475   0.25021065   1.55058096  -1.88143526
  0.84427200   0.05409450  -1.14779934  -0.06736438   1.57669072   1.00694950   0.24956055   1.55034568  -1.88673591
  0.84816687   0.05396047  -1.14580833  -0.06651846   1.57503487   1.00737833   0.24891008   1.55011995  -1.89198341
  0.85204061   0.05386184  -1.14382880  -0.06571963   1.57342145   1.00778875   0.24825899   1.54989671  -1.89717132
  0.85589179   0.05379717  -1.14186400  -0.06496615   1.57186201   1.00816519   0.24762419   1.54968676  -1.90230227
  0.85971923   0.05376641  -1.13991336  -0.06425457   1.57035812   1.00850749   0.24700583   1.54948898  -1.90737821
  0.86352090   0.05376944  -1.13797609  -0.06358094   1.56890985   1.00881610   0.24639985   1.54930147  -1.91239909
  0.86729568   0.05380700  -1.13605176  -0.06294626   1.56751291   1.00909681   0.24580363   1.54912249  -1.91736293
  0.87104146   0.05387864  -1.13414312  -0.06234525   1.56618370   1.00932288   0.24522301   1.54896586  -1.92226884
  0.87475624   0.05398515  -1.13224920  -0.06178259   1.56491181   1.00951208   0.24464564   1.54882021  -1.92711012
  0.87843980   0.05412791  -1.13036995  -0.06126277   1.56368560   1.00968396   0.24407367   1.54867983  -1.93188626
  0.88209198   0.05430666  -1.12850834  -0.06077878   1.56251811   1.00981874   0.24352057   1.54855809  -1.93660272
  0.88571325   0.05452141  -1.12666383  -0.06033270   1.56139853   1.00993318   0.24297699   1.54844578  -1.94125739
  0.88930363   0.05477062  -1.12483769  -0.05992515   1.56032296   1.01003121   0.24244021   1.54834178  -1.94584849
  0.89286265   0.05505189  -1.12303116  -0.05955126   1.55929666   1.01010300   0.24191064   1.54824996  -1.95037735
  0.89639008   0.05536341  -1.12124318  -0.05920570   1.55832178   1.01014536   0.24138656   1.54816889  -1.95484726
  0.89988534   0.05570315  -1.11947358  -0.05889141   1.55739031   1.01016911   0.24087131   1.54809598  -1.95925816
  0.90334631   0.05606806  -1.11772212  -0.05860236   1.55650947   1.01016150   0.24036582   1.54803484  -1.96361136
  0.90677113   0.05645584  -1.11598758  -0.05833669   1.55567761   1.01012339   0.23986781   1.54798321  -1.96790642
  0.91015907   0.05686498  -1.11427090  -0.05809871   1.55489115   1.01005741   0.23938407   1.54794468  -1.97214174
  0.91350902   0.05729441  -1.11257148  -0.05789021   1.55414430   1.00997406   0.23890719   1.54791085  -1.97631426
  0.91682036   0.05774362  -1.11088949  -0.05770584   1.55344276   1.00986671   0.23844081   1.54788392  -1.98042774
  0.92009365   0.05821344  -1.10922278  -0.05754264   1.55278693   1.00973584   0.23797641   1.54785877  -1.98448315
  0.92332956   0.05870431  -1.10757279  -0.05740477   1.55217191   1.00958716   0.23751927   1.54783831  -1.98847964
  0.92652810   0.05921591  -1.10594232  -0.05729554   1.55159685   1.00942057   0.23707235   1.54782642  -1.99241425
  0.92968834   0.05974779  -1.10433147  -0.05721237   1.55106213   1.00923676   0.23662623   1.54781764  -1.99628468
  0.93280947   0.06029992  -1.10273807  -0.05714754   1.55056834   1.00903557   0.23617849   1.54780889  -2.00009557
  0.93589259   0.06087308  -1.10116019  -0.05709761   1.55011363   1.00881793   0.23573289   1.54780203  -2.00385234
  0.93893954   0.06146756  -1.09959823  -0.05706414   1.54969602   1.00858382   0.23529473   1.54780194  -2.00755698
  0.94195162   0.06208217  -1.09805654  -0.05705517   1.54931065   1.00833765   0.23487262   1.54781529  -2.01120617
  0.94492852   0.06271444  -1.09653870  -0.05707171   1.54896220   1.00807247   0.23446023   1.54784191  -2.01479436
  0.94787023   0.06336324  -1.09504291  -0.05710471   1.54865535   1.00778395   0.23404700   1.54787421  -2.01832482
  0.95077717   0.06402836  -1.09356602  -0.05715149   1.54838028   1.00748714   0.23362868   1.54790300  -2.02180138
  0.95364929   0.06470879  -1.09210759  -0.05721129   1.54813488   1.00718211   0.23321210   1.54793257  -2.02522683
  0.95648630   0.06540314  -1.09066868  -0.05728635   1.54791874   1.00686556   0.23280403   1.54796965  -2.02860058
  0.95928691   0.06610897  -1.08925315  -0.05737872   1.54773713   1.00652661   0.23241530   1.54802577  -2.03192054
  0.96204951   0.06682483  -1.08786103  -0.05749068   1.54758614   1.00617527   0.23203494   1.54808901  -2.03518147
  0.96477280   0.06755004  -1.08648949  -0.05762048   1.54746070   1.00582118   0.23164996   1.54814648  -2.03838149
  0.96745618   0.06828396  -1.08513757  -0.05776070   1.54736712   1.00545160   0.23127107   1.54820820  -2.04152759
  0.97009967   0.06902644  -1.08380356  -0.05790583   1.54730851   1.00505893   0.23090017   1.54827800  -2.04462390
  0.97270283   0.06977633  -1.08249033  -0.05807013   1.54726407   1.00467090   0.23053740   1.54835143  -2.04766129
  0.97526423   0.07053159  -1.08120172  -0.05825292   1.54723976   1.00428044   0.23018463   1.54843125  -2.05063699
  0.97778233   0.07129137  -1.07993665  -0.05844196   1.54725159   1.00387000   0.22983655   1.54851390  -2.05355548
  0.98025693   0.07205655  -1.07868901  -0.05863214   1.54729285   1.00344917   0.22948202   1.54858759  -2.05642008
  0.98268825   0.07282687  -1.07745874  -0.05882672   1.54735394   1.00302393   0.22913770   1.54866467  -2.05923429
  0.98507650   0.07360160  -1.07624541  -0.05902472   1.54743610   1.00258873   0.22879783   1.54874551  -2.06199623
  0.98742175   0.07437937  -1.07505283  -0.05923519   1.54752854   1.00215930   0.22846713   1.54882999  -2.06470105
  0.98972360   0.07515909  -1.07388202  -0.05945681   1.54763870   1.00173100   0.22813630   1.54891007  -2.06734598
  0.99198235   0.07594058  -1.07273088  -0.05968308   1.54777498   1.00129374   0.22780541   1.54898549  -2.06993624
  0.99419932   0.07672431  -1.07159468  -0.05990772   1.54793544   1.00084648   0.22747373   1.54905581  -2.07247897
  0.99637664   0.07751057  -1.07047117  -0.06013136   1.54810992   1.00039843   0.22714316   1.54912207  -2.07497779
  0.99851633   0.07829871  -1.06936376  -0.06036429   1.54828582   0.99996535   0.22682096   1.54918779  -2.07742976
  1.00061956   0.07908719  -1.06827716  -0.06060573   1.54847764   0.99952838   0.22650398   1.54925683  -2.07983157
  1.00268724   0.07987494  -1.06721425  -0.06085068   1.54869543   0.99907277   0.22619417   1.54933497  -2.08218510
  1.00471985   0.08066199  -1.06617537  -0.06110272   1.54892832   0.99861803   0.22589122   1.54941430  -2.08449025
  1.00671670   0.08144715  -1.06516206  -0.06137172   1.54915833   0.99818668   0.22559436   1.54949135  -2.08674033
  1.00867555   0.08222803  -1.06417575  -0.06164825   1.54940246   0.99775093   0.22530070   1.54957298  -2.08893476
  1.01059336   0.08300233  -1.06321727  -0.06193057   1.54965495   0.99731678   0.22501653   1.54966129  -2.09107367
  1.01246769   0.08376965  -1.06228085  -0.06220535   1.54992641   0.99687209   0.22473357   1.54974804  -2.09316307
  1.01429854   0.08453108  -1.06135837  -0.06246281   1.55021462   0.99641668   0.22444785   1.54982848  -2.09521191
  1.01608750   0.08528742  -1.06044655  -0.06270573   1.55050436   0.99596781   0.22416431   1.54990267  -2.09722437
  1.01783623   0.08603740  -1.05955138  -0.06295580   1.55077890   0.99554688   0.22388657   1.54997348  -2.09918776
  1.01954522   0.08677950  -1.05867700  -0.06321019   1.55106368   0.99512566   0.22360346   1.55003776  -2.10109717
  1.02121498   0.08751313  -1.05782405  -0.06346025   1.55137177   0.99468703   0.22333195   1.55010805  -2.10296319
  1.02284715   0.08823864  -1.05698884  -0.06370034   1.55170127   0.99422591   0.22307069   1.55018787  -2.10479118
  1.02444436   0.08895667  -1.05617020  -0.06392671   1.55204270   0.99375228   0.22282340   1.55027825  -2.10658812
  1.02600872   0.08966868  -1.05536435  -0.06414600   1.55236729   0.99331486   0.22255549   1.55033923  -2.10834613
  1.02754285   0.09037503  -1.05457570  -0.06436545   1.55267857   0.99290689   0.22227759   1.55038362  -2.11006371
  1.02904727   0.09107467  -1.05380942  -0.06458788   1.55298846   0.99251007   0.22199745   1.55042447  -2.11173792
  1.03052113   0.09176693  -1.05306768  -0.06481507   1.55330725   0.99211221   0.22172165   1.55046850  -2.11336754
  1.03196302   0.09245065  -1.05235137  -0.06504476   1.55364248   0.99170038   0.22145829   1.55052519  -2.11495390
  1.03337137   0.09312534  -1.05165471  -0.06527605   1.55397849   0.99129499   0.22117899   1.55056958  -2.11649042
  1.03474484   0.09379102  -1.05097310  -0.06550321   1.55430117   0.99091786   0.22089300   1.55059655  -2.11798724
  1.03608217   0.09444547  -1.05030899  -0.06572577   1.55461234   0.99055978   0.22061921   1.55062454  -2.11944743
  1.03738297   0.09508699  -1.04966420  -0.06595840   1.55488624   0.99025816   0.22033762   1.55063231  -2.12085614
  1.03864805   0.09571411  -1.04904222  -0.06618886   1.55514707   0.98997923   0.22004249   1.55062431  -2.12221521
  1.03987646   0.09632286  -1.04845558  -0.06640724   1.55543053   0.98965875   0.21979468   1.55066765  -2.12353828
  1.04106710   0.09691318  -1.04789951  -0.06659963   1.55575148   0.98927577   0.21957881   1.55075420  -2.12482870
  1.04221910   0.09748895  -1.04736090  -0.06677490   1.55607582   0.98890077   0.21934600   1.55081594  -2.12607808
  1.04333189   0.09805355  -1.04683151  -0.06694356   1.55638859   0.98856374   0.21910523   1.55084369  -2.12729099
  1.04440506   0.09860751  -1.04630580  -0.06711237   1.55668387   0.98826145   0.21886787   1.55085239  -2.12846875
  1.04543996   0.09914982  -1.04578351  -0.06730281   1.55693150   0.98802496   0.21861588   1.55083311  -2.12959380
  1.04643853   0.09967761  -1.04527013  -0.06749442   1.55715877   0.98780816   0.21834387   1.55079808  -2.13067100
  1.04740079   0.10018454  -1.04478456  -0.06767236   1.55739487   0.98755701   0.21810522   1.55080730  -2.13171233
  1.04832165   0.10066365  -1.04434551  -0.06785610   1.55762326   0.98731219   0.21789114   1.55083981  -2.13269196
  1.04919498   0.10111541  -1.04394065  -0.06800759   1.55786029   0.98707094   0.21768738   1.55086099  -2.13363199
  1.05001859   0.10154319  -1.04355348  -0.06813731   1.55807836   0.98685889   0.21749128   1.55086745  -2.13453279
  1.05079278   0.10194945  -1.04317261  -0.06824269   1.55829894   0.98662527   0.21729239   1.55087700  -2.13539309
  1.05152134   0.10233809  -1.04279330  -0.06832760   1.55851947   0.98637399   0.21709437   1.55089146  -2.13621852
  1.05220966   0.10271352  -1.04241522  -0.06841431   1.55870999   0.98616803   0.21688315   1.55087618  -2.13700257
  1.05286467   0.10307807  -1.04204403  -0.06850290   1.55888646   0.98599341   0.21666424   1.55083662  -2.13775056
  1.05349142   0.10343062  -1.04169057  -0.06858358   1.55908069   0.98579787   0.21647178   1.55081700  -2.13847476
  1.05409231   0.10376930  -1.04136362  -0.06867348   1.55927194   0.98561007   0.21631238   1.55082000  -2.13916613
  1.05466806   0.10408839  -1.04108161  -0.06878292   1.55946920   0.98540145   0.21623037   1.55090031  -2.13982052
  1.05521749   0.10438478  -1.04084633  -0.06889967   1.55968272   0.98515862   0.21618987   1.55103482  -2.14042931
  1.05573429   0.10465432  -1.04066050  -0.06906392   1.55983311   0.98501173   0.21612366   1.55113743  -2.14094700
  1.05620616   0.10488997  -1.04052693  -0.06924183   1.55996916   0.98488724   0.21607739   1.55125234  -2.14139233
  1.05662209   0.10509347  -1.04041748  -0.06937904   1.56013436   0.98472808   0.21603988   1.55136343  -2.14179761
  1.05697977   0.10527222  -1.04030126  -0.06945700   1.56031603   0.98454186   0.21601970   1.55146793  -2.14219265
  1.05728284   0.10543226  -1.04016333  -0.06948757   1.56049600   0.98434056   0.21601882   1.55157224  -2.14258224
  1.05753617   0.10557743  -1.03999755  -0.06948795   1.56065832   0.98415063   0.21599633   1.55164253  -2.14295146
  1.05774600   0.10570834  -1.03981293  -0.06948164   1.56079485   0.98398315   0.21595092   1.55168398  -2.14328679
  1.05791884   0.10582492  -1.03962455  -0.06948097   1.56090540   0.98385279   0.21590263   1.55170450  -2.14358811
  1.05806235   0.10592875  -1.03944167  -0.06950965   1.56096391   0.98381214   0.21583340   1.55167611  -2.14384162
  1.05818548   0.10602086  -1.03927359  -0.06956820   1.56098887   0.98383146   0.21574888   1.55161832  -2.14404943
  1.05829523   0.10609686  -1.03914733  -0.06964970   1.56102630   0.98382525   0.21574228   1.55163834  -2.14423207
  1.05839434   0.10615541  -1.03906582  -0.06972932   1.56111037   0.98374338   0.21580191   1.55173993  -2.14439757
  1.05848644   0.10620198  -1.03901086  -0.06979053   1.56123370   0.98360871   0.21585681   1.55185372  -2.14454718
  1.05857133   0.10624106  -1.03896542  -0.06984389   1.56132767   0.98352624   0.21587379   1.55191958  -2.14468024
  1.05864676   0.10627238  -1.03892792  -0.06992092   1.56133894   0.98356099   0.21586714   1.55194068  -2.14478468
  1.05870801   0.10629095  -1.03890927  -0.07002128   1.56131038   0.98363769   0.21587887   1.55197790  -2.14485839
  1.05874829   0.10629297  -1.03891089  -0.07012770   1.56128449   0.98370403   0.21589609   1.55202757  -2.14489761
  1.05876201   0.10627778  -1.03892687  -0.07022522   1.56126931   0.98375577   0.21592470   1.55208380  -2.14491260
  1.05874568   0.10624630  -1.03894905  -0.07031149   1.56125316   0.98380988   0.21596898   1.55214060  -2.14490915
  1.05869779   0.10619948  -1.03897163  -0.07038936   1.56123001   0.98387179   0.21602508   1.55219458  -2.14488616
  1.05861881   0.10613824  -1.03899228  -0.07046052   1.56120231   0.98393614   0.21608858   1.55224552  -2.14484217
  1.05851092   0.10606385  -1.03901073  -0.07052493   1.56117324   0.98399937   0.21615697   1.55229275  -2.14477838
  1.05837773   0.10597800  -1.03902742  -0.07058183   1.56114386   0.98406188   0.21622913   1.55233512  -2.14469814
  1.05822384   0.10588279  -1.03904287  -0.07063087   1.56111419   0.98412449   0.21630417   1.55237256  -2.14460548
  1.05805445   0.10578057  -1.03905754  -0.07067270   1.56108430   0.98418693   0.21638093   1.55240622  -2.14450405
  1.05787501   0.10567383  -1.03907196  -0.07070864   1.56105434   0.98424865   0.21645766   1.55243724  -2.14439703
  1.05769081   0.10556508  -1.03908648  -0.07074021   1.56102448   0.98430936   0.21653260   1.55246652  -2.14428753
  1.05750673   0.10545674  -1.03910135  -0.07076879   1.56099514   0.98436883   0.21660447   1.55249480  -2.14417861
  1.05732698   0.10535094  -1.03911673  -0.07079554   1.56096692   0.98442682   0.21667242   1.55252271  -2.14407313
  1.05715499   0.10524951  -1.03913267  -0.07082145   1.56094041   0.98448318   0.21673578   1.55255067  -2.14397343
  1.05699331   0.10515382  -1.03914919  -0.07084735   1.56091604   0.98453780   0.21679404   1.55257899  -2.14388123
  1.05684363   0.10506480  -1.03916636  -0.07087388   1.56089405   0.98459071   0.21684683   1.55260788  -2.14379759
  1.05670682   0.10498293  -1.03918423  -0.07090140   1.56087448   0.98464198   0.21689392   1.55263744  -2.14372297
  1.05658300   0.10490825  -1.03920288  -0.07092998   1.56085723   0.98469173   0.21693525   1.55266775  -2.14365737
  1.05647162   0.10484050  -1.03922237  -0.07095944   1.56084212   0.98474000   0.21697098   1.55269884  -2.14360040
  1.05637165   0.10477913  -1.03924265  -0.07098950   1.56082893   0.98478687   0.21700141   1.55273067  -2.14355139
  1.05628168   0.10472344  -1.03926359  -0.07101978   1.56081748   0.98483238   0.21702700   1.55276315  -2.14350947
  1.05620005   0.10467261  -1.03928500  -0.07104995   1.56080759   0.98487659   0.21704829   1.55279611  -2.14347364
  1.05612505   0.10462580  -1.03930659  -0.07107970   1.56079914   0.98491956   0.21706592   1.55282936  -2.14344289
  1.05605495   0.10458216  -1.03932805  -0.07110879   1.56079203   0.98496135   0.21708050   1.55286268  -2.14341621
  1.05598821   0.10454091  -1.03934907  -0.07113703   1.56078618   0.98500199   0.21709265   1.55289584  -2.14339271
  1.05592344   0.10450135  -1.03936935  -0.07116425   1.56078153   0.98504154   0.21710290   1.55292866  -2.14337159
  1.05585956   0.10446286  -1.03938868  -0.07119038   1.56077800   0.98508004   0.21711168   1.55296096  -2.14335221
  1.05579573   0.10442498  -1.03940689  -0.07121533   1.56077554   0.98511752   0.21711935   1.55299264  -2.14333410
  1.05573144   0.10438736  -1.03942390  -0.07123910   1.56077409   0.98515403   0.21712615   1.55302363  -2.14331692
  1.05566641   0.10434979  -1.03943969  -0.07126171   1.56077359   0.98518960   0.21713221   1.55305391  -2.14330050
  1.05560061   0.10431219  -1.03945431  -0.07128321   1.56077399   0.98522428   0.21713761   1.55308351  -2.14328476
  1.05553421   0.10427456  -1.03946784  -0.07130369   1.56077525   0.98525813   0.21714231   1.55311247  -2.14326977
  1.05546752   0.10423704  -1.03948042  -0.07132328   1.56077735   0.98529118   0.21714628   1.55314088  -2.14325563
  1.05540096   0.10419981  -1.03949218  -0.07134211   1.56078025   0.98532351   0.21714940   1.55316884  -2.14324254
  1.05533496   0.10416307  -1.03950327  -0.07136030   1.56078396   0.98535516   0.21715155   1.55319645  -2.14323068
  1.05527000   0.10412709  -1.03951385  -0.07137800   1.56078844   0.98538618   0.21715261   1.55322382  -2.14322027
  1.05520650   0.10409208  -1.03952404  -0.07139532   1.56079370   0.98541664   0.21715246   1.55325105  -2.14321151
  1.05514484   0.10405825  -1.03953398  -0.07141236   1.56079971   0.98544657   0.21715099   1.55327824  -2.14320456
  1.05508530   0.10402577  -1.03954375  -0.07142922   1.56080647   0.98547602   0.21714812   1.55330545  -2.14319955
  1.05502809   0.10399475  -1.03955345  -0.07144596   1.56081396   0.98550504   0.21714380   1.55333276  -2.14319655
  1.05497331   0.10396524  -1.03956313  -0.07146262   1.56082215   0.98553365   0.21713802   1.55336020  -2.14319558
  1.05492099   0.10393726  -1.03957284  -0.07147925   1.56083102   0.98556190   0.21713080   1.55338781  -2.14319663
  1.05487104   0.10391075  -1.03958258  -0.07149586   1.56084055   0.98558981   0.21712218   1.55341558  -2.14319963
  1.05482334   0.10388564  -1.03959236  -0.07151243   1.56085070   0.98561740   0.21711222   1.55344353  -2.14320448
  1.05477769   0.10386181  -1.03960215  -0.07152896   1.56086146   0.98564469   0.21710100   1.55347163  -2.14321106
  1.05473386   0.10383911  -1.03961194  -0.07154544   1.56087278   0.98567171   0.21708863   1.55349985  -2.14321922
  1.05469160   0.10381739  -1.03962168  -0.07156183   1.56088465   0.98569845   0.21707521   1.55352818  -2.14322881
  1.05465067   0.10379652  -1.03963133  -0.07157812   1.56089702   0.98572495   0.21706085   1.55355659  -2.14323967
  1.05461080   0.10377633  -1.03964086  -0.07159426   1.56090988   0.98575121   0.21704564   1.55358504  -2.14325165
  1.05457179   0.10375670  -1.03965024  -0.07161026   1.56092320   0.98577724   0.21702967   1.55361351  -2.14326461
  1.05453342   0.10373753  -1.03965944  -0.07162607   1.56093695   0.98580306   0.21701303   1.55364199  -2.14327843
  1.05449555   0.10371870  -1.03966843  -0.07164169   1.56095111   0.98582868   0.21699580   1.55367045  -2.14329300
  1.05445804   0.10370017  -1.03967722  -0.07165712   1.56096568   0.98585412   0.21697801   1.55369889  -2.14330825
  1.05442080   0.10368187  -1.03968580  -0.07167235   1.56098062   0.98587939   0.21695972   1.55372732  -2.14332410
  1.05438379   0.10366379  -1.03969416  -0.07168739   1.56099593   0.98590450   0.21694096   1.55375572  -2.14334051
  1.05434698   0.10364590  -1.03970232  -0.07170223   1.56101159   0.98592948   0.21692174   1.55378411  -2.14335746
  1.05431036   0.10362821  -1.03971030  -0.07171691   1.56102760   0.98595432   0.21690208   1.55381251  -2.14337493
  1.05427398   0.10361072  -1.03971812  -0.07173142   1.56104394   0.98597905   0.21688197   1.55384092  -2.14339292
  1.05423785   0.10359346  -1.03972578  -0.07174580   1.56106060   0.98600368   0.21686141   1.55386937  -2.14341144
  1.05420201   0.10357644  -1.03973333  -0.07176005   1.56107757   0.98602822   0.21684040   1.55389786  -2.14343050
  1.05416652   0.10355968  -1.03974077  -0.07177421   1.56109485   0.98605269   0.21681893   1.55392642  -2.14345011
  1.05413141   0.10354318  -1.03974812  -0.07178828   1.56111243   0.98607709   0.21679700   1.55395505  -2.14347028
  1.05409671   0.10352697  -1.03975541  -0.07180229   1.56113030   0.98610143   0.21677460   1.55398377  -2.14349101
  1.05406243   0.10351105  -1.03976265  -0.07181625   1.56114845   0.98612573   0.21675174   1.55401259  -2.14351231
  1.05402860   0.10349541  -1.03976985  -0.07183017   1.56116688   0.98614999   0.21672842   1.55404151  -2.14353418
  1.05399521   0.10348005  -1.03977702  -0.07184405   1.56118557   0.98617422   0.21670465   1.55407055  -2.14355660
  1.05396224   0.10346496  -1.03978415  -0.07185791   1.56120452   0.98619842   0.21668043   1.55409970  -2.14357956
  1.05392968   0.10345011  -1.03979127  -0.07187174   1.56122372   0.98622261   0.21665579   1.55412896  -2.14360305
  1.05389749   0.10343550  -1.03979835  -0.07188555   1.56124317   0.98624678   0.21663074   1.55415834  -2.14362702
  1.05386563   0.10342109  -1.03980542  -0.07189935   1.56126285   0.98627095   0.21660529   1.55418784  -2.14365146
  1.05383406   0.10340687  -1.03981245  -0.07191311   1.56128276   0.98629512   0.21657948   1.55421744  -2.14367634
  1.05380274   0.10339280  -1.03981946  -0.07192686   1.56130289   0.98631930   0.21655331   1.55424716  -2.14370163
  1.05377163   0.10337887  -1.03982643  -0.07194057   1.56132324   0.98634349   0.21652681   1.55427698  -2.14372729
  1.05374068   0.10336505  -1.03983336  -0.07195425   1.56134380   0.98636769   0.21649999   1.55430691  -2.14375331
  1.05370986   0.10335133  -1.03984025  -0.07196790   1.56136456   0.98639191   0.21647288   1.55433693  -2.14377964
  1.05367914   0.10333768  -1.03984710  -0.07198151   1.56138552   0.98641616   0.21644549   1.55436706  -2.14380628
  1.05364849   0.10332409  -1.03985390  -0.07199509   1.56140667   0.98644043   0.21641783   1.55439729  -2.14383319
  1.05361788   0.10331054  -1.03986066  -0.07200863   1.56142801   0.98646473   0.21638991   1.55442761  -2.14386037
  1.05358731   0.10329704  -1.03986737  -0.07202214   1.56144953   0.98648907   0.21636175   1.55445804  -2.14388780
  1.05355675   0.10328355  -1.03987405  -0.07203562   1.56147123   0.98651344   0.21633335   1.55448856  -2.14391546
  1.05352621   0.10327009  -1.03988068  -0.07204907   1.56149311   0.98653786   0.21630472   1.55451919  -2.14394335
  1.05349567   0.10325665  -1.03988727  -0.07206249   1.56151516   0.98656232   0.21627587   1.55454991  -2.14397147
  1.05346515   0.10324322  -1.03989383  -0.07207590   1.56153738   0.98658683   0.21624679   1.55458074  -2.14399980
  1.05343462   0.10322980  -1.03990035  -0.07208928   1.56155977   0.98661139   0.21621750   1.55461168  -2.14402834
  1.05340411   0.10321640  -1.03990685  -0.07210265   1.56158232   0.98663600   0.21618799   1.55464272  -2.14405709
  1.05337360   0.10320300  -1.03991333  -0.07211601   1.56160503   0.98666068   0.21615827   1.55467388  -2.14408605
  1.05334311   0.10318962  -1.03991978  -0.07212936   1.56162790   0.98668541   0.21612833   1.55470514  -2.14411522
  1.05331262   0.10317624  -1.03992621  -0.07214270   1.56165093   0.98671020   0.21609820   1.55473652  -2.14414458
  1.05328214   0.10316287  -1.03993262  -0.07215604   1.56167410   0.98673505   0.21606785   1.55476802  -2.14417414
  1.05325167   0.10314950  -1.03993901  -0.07216938   1.56169743   0.98675997   0.21603731   1.55479962  -2.14420389
  1.05322120   0.10313614  -1.03994540  -0.07218272   1.56172091   0.98678496   0.21600658   1.55483135  -2.14423382
  1.05319073   0.10312277  -1.03995177  -0.07219607   1.56174453   0.98681002   0.21597565   1.55486319  -2.14426393
  1.05316025   0.10310940  -1.03995812  -0.07220941   1.56176830   0.98683515   0.21594453   1.55489515  -2.14429422
  1.05312975   0.10309601  -1.03996447  -0.07222276   1.56179221   0.98686036   0.21591324   1.55492722  -2.14432467
  1.05309923   0.10308261  -1.03997080  -0.07223612   1.56181626   0.98688564   0.21588177   1.55495941  -2.14435528
  1.05306867   0.10306919  -1.03997711  -0.07224947   1.56184045   0.98691099   0.21585012   1.55499171  -2.14438604
  1.05303808   0.10305575  -1.03998341  -0.07226283   1.56186477   0.98693643   0.21581831   1.55502413  -2.14441695
  1.05300744   0.10304228  -1.03998971  -0.07227620   1.56188923   0.98696193   0.21578634   1.55505666  -2.14444800
  1.05297676   0.10302878  -1.03999598  -0.07228957   1.56191382   0.98698752   0.21575420   1.55508931  -2.14447918
  1.05294601   0.10301524  -1.04000224  -0.07230295   1.56193854   0.98701319   0.21572192   1.55512207  -2.14451050
  1.05291520   0.10300165  -1.04000849  -0.07231633   1.56196339   0.98703894   0.21568948   1.55515494  -2.14454193
  1.05288432   0.10298803  -1.04001472  -0.07232971   1.56198837   0.98706477   0.21565690   1.55518792  -2.14457348
  1.05285337   0.10297436  -1.04002094  -0.07234310   1.56201348   0.98709069   0.21562417   1.55522102  -2.14460515
  1.05282235   0.10296064  -1.04002715  -0.07235650   1.56203871   0.98711669   0.21559130   1.55525423  -2.14463692
  1.05279125   0.10294687  -1.04003334  -0.07236991   1.56206406   0.98714277   0.21555830   1.55528754  -2.14466880
  1.05276008   0.10293305  -1.04003952  -0.07238332   1.56208954   0.98716894   0.21552516   1.55532097  -2.14470079
  1.05272882   0.10291918  -1.04004568  -0.07239675   1.56211514   0.98719520   0.21549189   1.55535451  -2.14473288
  1.05269749   0.10290526  -1.04005183  -0.07241018   1.56214085   0.98722154   0.21545848   1.55538817  -2.14476506
  1.05266607   0.10289128  -1.04005797  -0.07242362   1.56216669   0.98724796   0.21542495   1.55542193  -2.14479734
  1.05263458   0.10287725  -1.04006410  -0.07243708   1.56219265   0.98727448   0.21539129   1.55545580  -2.14482972
  1.05260301   0.10286317  -1.04007021  -0.07245054   1.56221872   0.98730108   0.21535750   1.55548979  -2.14486219
  1.05257135   0.10284903  -1.04007632  -0.07246402   1.56224490   0.98732777   0.21532359   1.55552388  -2.14489475
  1.05253962   0.10283483  -1.04008241  -0.07247751   1.56227121   0.98735456   0.21528956   1.55555809  -2.14492740
  1.05250780   0.10282058  -1.04008850  -0.07249101   1.56229762   0.98738143   0.21525540   1.55559240  -2.14496013
  1.05247590   0.10280627  -1.04009457  -0.07250453   1.56232415   0.98740839   0.21522113   1.55562683  -2.14499295
  1.05244392   0.10279191  -1.04010063  -0.07251806   1.56235079   0.98743544   0.21518673   1.55566136  -2.14502586
  1.05241186   0.10277749  -1.04010668  -0.07253160   1.56237754   0.98746258   0.21515222   1.55569601  -2.14505884
  1.05237972   0.10276301  -1.04011273  -0.07254516   1.56240440   0.98748981   0.21511760   1.55573076  -2.14509191
  1.05234750   0.10274847  -1.04011876  -0.07255873   1.56243137   0.98751713   0.21508286   1.55576562  -2.14512505
  1.05231518   0.10273387  -1.04012478  -0.07257232   1.56245845   0.98754454   0.21504802   1.55580059  -2.14515826
  1.05228279   0.10271921  -1.04013079  -0.07258592   1.56248564   0.98757204   0.21501306   1.55583567  -2.14519155
  1.05225031   0.10270449  -1.04013679  -0.07259954   1.56251293   0.98759963   0.21497800   1.55587085  -2.14522491
  1.05221774   0.10268971  -1.04014278  -0.07261317   1.56254033   0.98762732   0.21494283   1.55590614  -2.14525833
  1.05218509   0.10267487  -1.04014876  -0.07262681   1.56256784   0.98765509   0.21490755   1.55594153  -2.14529183
  1.05215235   0.10265996  -1.04015472  -0.07264047   1.56259545   0.98768295   0.21487218   1.55597704  -2.14532539
  1.05211952   0.10264499  -1.04016068  -0.07265415   1.56262316   0.98771091   0.21483669   1.55601264  -2.14535901
  1.05208661   0.10262996  -1.04016662  -0.07266784   1.56265098   0.98773895   0.21480111   1.55604835  -2.14539270
  1.05205361   0.10261487  -1.04017255  -0.07268154   1.56267890   0.98776709   0.21476543   1.55608416  -2.14542645
  1.05202053   0.10259971  -1.04017847  -0.07269526   1.56270692   0.98779531   0.21472965   1.55612008  -2.14546026
  1.05198736   0.10258449  -1.04018438  -0.07270900   1.56273504   0.98782363   0.21469378   1.55615610  -2.14549413
  1.05195411   0.10256921  -1.04019028  -0.07272275   1.56276326   0.98785203   0.21465781   1.55619222  -2.14552805
  1.05192077   0.10255386  -1.04019616  -0.07273651   1.56279158   0.98788053   0.21462174   1.55622844  -2.14556203
  1.05188734   0.10253845  -1.04020203  -0.07275029   1.56282000   0.98790911   0.21458558   1.55626477  -2.14559606
  1.05185384   0.10252298  -1.04020790  -0.07276409   1.56284852   0.98793778   0.21454933   1.55630119  -2.14563015
  1.05182025   0.10250744  -1.04021374  -0.07277790   1.56287714   0.98796654   0.21451299   1.55633772  -2.14566430
  1.05178658   0.10249185  -1.04021958  -0.07279172   1.56290585   0.98799539   0.21447656   1.55637434  -2.14569849
  1.05175283   0.10247619  -1.04022540  -0.07280556   1.56293466   0.98802433   0.21444004   1.55641107  -2.14573274
  1.05171900   0.10246047  -1.04023121  -0.07281942   1.56296356   0.98805336   0.21440342   1.55644789  -2.14576703
  1.05168509   0.10244468  -1.04023701  -0.07283329   1.56299256   0.98808247   0.21436673   1.55648481  -2.14580137
  1.05165110   0.10242884  -1.04024280  -0.07284717   1.56302165   0.98811168   0.21432994   1.55652183  -2.14583577
  1.05161704   0.10241293  -1.04024857  -0.07286107   1.56305084   0.98814096   0.21429307   1.55655894  -2.14587020
  1.05158290   0.10239696  -1.04025433  -0.07287498   1.56308012   0.98817034   0.21425612   1.55659616  -2.14590469
  1.05154868   0.10238094  -1.04026007  -0.07288891   1.56310949   0.98819980   0.21421908   1.55663346  -2.14593922
  1.05151439   0.10236485  -1.04026580  -0.07290285   1.56313896   0.98822935   0.21418195   1.55667086  -2.14597379
  1.05148002   0.10234870  -1.04027152  -0.07291680   1.56316851   0.98825899   0.21414475   1.55670836  -2.14600841
  1.05144558   0.10233249  -1.04027723  -0.07293077   1.56319816   0.98828871   0.21410747   1.55674595  -2.14604307
  1.05141107   0.10231622  -1.04028292  -0.07294476   1.56322790   0.98831851   0.21407010   1.55678363  -2.14607777
  1.05137649   0.10229989  -1.04028859  -0.07295875   1.56325772   0.98834840   0.21403266   1.55682141  -2.14611250
  1.05134183   0.10228350  -1.04029425  -0.07297276   1.56328764   0.98837838   0.21399514   1.55685928  -2.14614728
  1.05130711   0.10226706  -1.04029990  -0.07298678   1.56331764   0.98840844   0.21395754   1.55689723  -2.14618210
  1.05127232   0.10225055  -1.04030553  -0.07300082   1.56334773   0.98843858   0.21391987   1.55693528  -2.14621695
  1.05123746   0.10223399  -1.04031115  -0.07301487   1.56337790   0.98846880   0.21388212   1.55697342  -2.14625184
  1.05120253   0.10221736  -1.04031675  -0.07302893   1.56340816   0.98849911   0.21384430   1.55701165  -2.14628677
  1.05116754   0.10220068  -1.04032233  -0.07304300   1.56343851   0.98852950   0.21380640   1.55704996  -2.14632173
  1.05113248   0.10218395  -1.04032790  -0.07305708   1.56346894   0.98855997   0.21376843   1.55708837  -2.14635672
  1.05109736   0.10216715  -1.04033345  -0.07307118   1.56349946   0.98859052   0.21373039   1.55712686  -2.14639175
  1.05106218   0.10215030  -1.04033899  -0.07308529   1.56353006   0.98862115   0.21369228   1.55716543  -2.14642680
  1.05102694   0.10213339  -1.04034451  -0.07309940   1.56356074   0.98865186   0.21365409   1.55720410  -2.14646189
  1.05099164   0.10211643  -1.04035001  -0.07311353   1.56359151   0.98868265   0.21361584   1.55724284  -2.14649701
  1.05095628   0.10209941  -1.04035550  -0.07312767   1.56362236   0.98871352   0.21357752   1.55728167  -2.14653216
  1.05092086   0.10208234  -1.04036097  -0.07314182   1.56365329   0.98874447   0.21353914   1.55732059  -2.14656734
  1.05088538   0.10206521  -1.04036642  -0.07315598   1.56368429   0.98877550   0.21350069   1.55735959  -2.14660254
  1.05084985   0.10204803  -1.04037185  -0.07317015   1.56371538   0.98880661   0.21346217   1.55739866  -2.14663777
  1.05081426   0.10203080  -1.04037727  -0.07318433   1.56374655   0.98883779   0.21342358   1.55743782  -2.14667303
  1.05077863   0.10201351  -1.04038267  -0.07319852   1.56377780   0.98886905   0.21338494   1.55747706  -2.14670831
  1.05074293   0.10199617  -1.04038805  -0.07321272   1.56380912   0.98890038   0.21334623   1.55751638  -2.14674361
  1.05070719   0.10197877  -1.04039341  -0.07322693   1.56384052   0.98893179   0.21330746   1.55755578  -2.14677894
  1.05067140   0.10196133  -1.04039875  -0.07324114   1.56387200   0.98896327   0.21326862   1.55759526  -2.14681429
  1.05063556   0.10194383  -1.04040407  -0.07325536   1.56390355   0.98899483   0.21322973   1.55763481  -2.14684966
  1.05059968   0.10192628  -1.04040938  -0.07326959   1.56393518   0.98902647   0.21319078   1.55767444  -2.14688505
