  0.41770029   0.46579949  -1.27410013  -0.43299999   2.09290054   0.69139869   0.43859998   1.64320031  -1.13519999
  0.41770231   0.46579605  -1.27410087  -0.43300013   2.09290349   0.69139094   0.43859983   1.64320181  -1.13520012
  0.41770784   0.46578729  -1.27410222  -0.43300131   2.09290762   0.69137668   0.43859917   1.64320303  -1.13520138
  0.41771844   0.46577142  -1.27410398  -0.43300404   2.09290939   0.69135993   0.43859720   1.64320164  -1.13520554
  0.41773539   0.46574710  -1.27410627  -0.43300766   2.09290576   0.69134423   0.43859297   1.64319670  -1.13521462
  0.41775970   0.46571329  -1.27410955  -0.43301042   2.09289525   0.69133086   0.43858558   1.64318908  -1.13523060
  0.41779221   0.46566923  -1.27411444  -0.43301015   2.09287745   0.69131982   0.43857426   1.64318037  -1.13525538
  0.41783365   0.46561443  -1.27412106  -0.43300495   2.09285041   0.69131349   0.43855903   1.64317077  -1.13529142
  0.41788470   0.46554867  -1.27412788  -0.43298981   2.09281167   0.69131522   0.43854166   1.64315990  -1.13534525
  0.41794612   0.46547178  -1.27413278  -0.43296089   2.09276015   0.69132513   0.43852129   1.64314927  -1.13542153
  0.41801890   0.46538341  -1.27413398  -0.43291762   2.09269343   0.69134517   0.43849387   1.64313980  -1.13552181
  0.41810409   0.46528291  -1.27413054  -0.43286180   2.09260485   0.69138501   0.43845317   1.64312924  -1.13564630
  0.41820309   0.46516924  -1.27412547  -0.43279403   2.09250175   0.69143320   0.43839988   1.64312201  -1.13579246
  0.41831755   0.46504124  -1.27412215  -0.43271580   2.09238845   0.69148280   0.43833798   1.64311931  -1.13595852
  0.41844899   0.46489719  -1.27412154  -0.43262509   2.09225372   0.69154910   0.43827020   1.64311625  -1.13614979
  0.41859851   0.46473412  -1.27412545  -0.43251900   2.09208324   0.69164921   0.43819025   1.64311311  -1.13636867
  0.41876723   0.46454769  -1.27413846  -0.43239207   2.09187261   0.69178558   0.43809208   1.64311654  -1.13661598
  0.41895766   0.46432942  -1.27416954  -0.43224040   2.09159875   0.69199266   0.43798395   1.64311267  -1.13690003
  0.41917195   0.46406920  -1.27422785  -0.43205783   2.09126181   0.69226308   0.43786437   1.64310903  -1.13722023
  0.41941128   0.46375826  -1.27431753  -0.43183889   2.09088006   0.69256082   0.43772710   1.64312202  -1.13757195
  0.41967608   0.46339093  -1.27443361  -0.43158194   2.09046574   0.69286504   0.43757136   1.64315123  -1.13795794
  0.41996676   0.46296463  -1.27456460  -0.43129088   2.09001751   0.69317766   0.43739337   1.64318437  -1.13838364
  0.42028369   0.46247879  -1.27469932  -0.43097218   2.08953117   0.69350384   0.43718925   1.64320966  -1.13885189
  0.42062724   0.46193225  -1.27483197  -0.43062851   2.08899545   0.69385711   0.43696043   1.64321734  -1.13936671
  0.42099899   0.46131895  -1.27496558  -0.43025853   2.08837274   0.69429071   0.43670552   1.64319063  -1.13993649
  0.42140003   0.46063100  -1.27511407  -0.42985882   2.08766893   0.69479325   0.43644263   1.64313091  -1.14055925
  0.42183054   0.45986349  -1.27528290  -0.42941584   2.08690663   0.69532571   0.43615561   1.64306708  -1.14123183
  0.42229050   0.45901505  -1.27547098  -0.42892496   2.08610411   0.69585989   0.43583144   1.64301450  -1.14195135
  0.42278044   0.45808388  -1.27567927  -0.42839486   2.08526093   0.69639653   0.43548001   1.64296265  -1.14271398
  0.42330045   0.45706980  -1.27590421  -0.42783489   2.08435654   0.69696694   0.43510363   1.64289278  -1.14352033
  0.42385055   0.45597454  -1.27614230  -0.42724425   2.08338297   0.69758112   0.43470135   1.64280294  -1.14437375
  0.42443068   0.45480104  -1.27639242  -0.42662519   2.08234277   0.69823403   0.43428047   1.64269302  -1.14527328
  0.42504054   0.45354848  -1.27665728  -0.42597752   2.08122536   0.69893715   0.43384025   1.64256396  -1.14621725
  0.42567890   0.45221595  -1.27693910  -0.42529831   2.08002408   0.69970077   0.43337839   1.64241584  -1.14720631
  0.42634407   0.45080444  -1.27723982  -0.42458325   2.07875461   0.70050295   0.43289944   1.64225713  -1.14823898
  0.42703445   0.44931686  -1.27755877  -0.42383098   2.07743470   0.70132086   0.43240729   1.64209393  -1.14931329
  0.42774871   0.44775357  -1.27789251  -0.42304342   2.07604829   0.70218239   0.43189361   1.64191582  -1.15043174
  0.42848612   0.44611508  -1.27823973  -0.42221002   2.07460614   0.70307462   0.43134851   1.64173428  -1.15159917
  0.42924634   0.44440320  -1.27859975  -0.42132967   2.07311610   0.70399392   0.43078555   1.64154122  -1.15282137
  0.43002970   0.44261777  -1.27896845  -0.42041002   2.07153971   0.70500245   0.43020736   1.64130635  -1.15410647
  0.43083661   0.44075755  -1.27934914  -0.41944854   2.06989249   0.70606175   0.42960521   1.64105734  -1.15544275
  0.43166677   0.43882231  -1.27974389  -0.41844411   2.06819171   0.70713787   0.42898257   1.64080998  -1.15682316
  0.43251993   0.43681127  -1.28015229  -0.41739786   2.06642268   0.70826133   0.42835163   1.64054271  -1.15825689
  0.43339531   0.43472489  -1.28056694  -0.41630837   2.06457020   0.70945409   0.42768593   1.64025644  -1.15974551
  0.43429327   0.43256456  -1.28098739  -0.41515673   2.06266104   0.71067361   0.42698136   1.63997832  -1.16129632
  0.43521641   0.43032918  -1.28141770  -0.41394503   2.06066457   0.71198221   0.42628129   1.63966120  -1.16293207
  0.43616628   0.42801749  -1.28186071  -0.41267562   2.05861289   0.71332106   0.42556960   1.63933643  -1.16463534
  0.43714215   0.42563035  -1.28231395  -0.41136117   2.05654140   0.71463009   0.42483246   1.63902521  -1.16638319
  0.43814356   0.42316718  -1.28277379  -0.41001685   2.05443460   0.71593272   0.42405604   1.63871502  -1.16816601
  0.43917049   0.42063190  -1.28322997  -0.40863178   2.05227575   0.71728762   0.42323955   1.63836914  -1.17001596
  0.44022403   0.41802770  -1.28368399  -0.40720965   2.05006186   0.71870941   0.42243438   1.63795748  -1.17194734
  0.44130604   0.41535181  -1.28414198  -0.40576130   2.04776621   0.72021010   0.42164090   1.63749001  -1.17394378
  0.44241588   0.41260183  -1.28460514  -0.40429067   2.04537324   0.72179882   0.42083431   1.63697993  -1.17599228
  0.44355133   0.40977457  -1.28507651  -0.40279849   2.04288721   0.72346406   0.41999889   1.63643935  -1.17808165
  0.44470977   0.40686766  -1.28555809  -0.40128169   2.04031908   0.72518091   0.41912199   1.63588723  -1.18020173
  0.44588997   0.40387875  -1.28605473  -0.39971919   2.03767008   0.72695628   0.41822684   1.63531845  -1.18237399
  0.44709155   0.40081054  -1.28655826  -0.39809507   2.03493599   0.72882789   0.41732772   1.63470086  -1.18463300
  0.44831344   0.39766220  -1.28707022  -0.39640621   2.03214319   0.73075303   0.41644075   1.63404500  -1.18697649
  0.44955256   0.39443673  -1.28757428  -0.39463025   2.02933538   0.73265291   0.41549490   1.63341404  -1.18939678
  0.45081150   0.39114191  -1.28805307  -0.39277950   2.02649903   0.73458278   0.41450220   1.63275274  -1.19191766
  0.45209251   0.38777936  -1.28851004  -0.39087641   2.02367188   0.73644242   0.41345103   1.63211611  -1.19449246
  0.45339539   0.38434753  -1.28894976  -0.38895267   2.02080174   0.73826339   0.41233565   1.63151136  -1.19708380
  0.45471822   0.38084980  -1.28937113  -0.38699511   2.01780382   0.74019976   0.41119133   1.63086931  -1.19973734
  0.45606284   0.37728862  -1.28979328  -0.38495518   2.01473858   0.74218085   0.41007177   1.63021925  -1.20248768
  0.45743060   0.37366802  -1.29022536  -0.38285030   2.01164424   0.74414930   0.40899693   1.62957336  -1.20531255
  0.45882097   0.36999200  -1.29066245  -0.38071416   2.00850017   0.74614543   0.40795122   1.62890335  -1.20819210
  0.46023348   0.36626447  -1.29109183  -0.37855913   2.00530726   0.74815171   0.40684037   1.62824898  -1.21109341
  0.46166965   0.36248588  -1.29152230  -0.37636603   2.00210289   0.75011311   0.40565924   1.62764459  -1.21401787
  0.46312980   0.35865696  -1.29196792  -0.37409700   1.99893499   0.75197723   0.40446540   1.62710186  -1.21699771
  0.46461267   0.35477778  -1.29243202  -0.37172996   1.99583547   0.75369639   0.40327334   1.62664301  -1.22004371
  0.46611442   0.35085328  -1.29290196  -0.36929034   1.99278616   0.75533268   0.40212677   1.62619419  -1.22316931
  0.46762775   0.34690115  -1.29331149  -0.36682407   1.98965473   0.75721017   0.40100439   1.62553141  -1.22644600
  0.46915404   0.34293099  -1.29361641  -0.36442554   1.98638187   0.75937147   0.39977348   1.62464944  -1.22979071
  0.47069159   0.33894191  -1.29381795  -0.36211192   1.98295747   0.76179734   0.39844578   1.62356279  -1.23317890
  0.47224019   0.33492601  -1.29394813  -0.35983712   1.97940842   0.76439368   0.39708289   1.62234993  -1.23661356
  0.47380281   0.33087144  -1.29404535  -0.35752235   1.97578823   0.76701173   0.39569711   1.62114944  -1.24009866
  0.47538585   0.32677697  -1.29413483  -0.35513120   1.97211282   0.76967253   0.39440038   1.61992306  -1.24369441
  0.47699361   0.32263641  -1.29423771  -0.35267571   1.96836884   0.77237922   0.39322386   1.61867430  -1.24738663
  0.47862691   0.31844245  -1.29436915  -0.35016396   1.96456010   0.77507292   0.39212402   1.61747053  -1.25112812
  0.48028435   0.31419509  -1.29452143  -0.34761109   1.96070928   0.77772044   0.39103625   1.61633107  -1.25489055
  0.48196178   0.30989495  -1.29468191  -0.34501956   1.95683077   0.78028551   0.38989123   1.61528940  -1.25865012
  0.48365679   0.30555213  -1.29482908  -0.34237946   1.95291581   0.78290513   0.38875833   1.61420183  -1.26249296
  0.48536736   0.30117848  -1.29493450  -0.33969546   1.94893500   0.78575157   0.38769911   1.61290423  -1.26650230
  0.48709026   0.29678016  -1.29496191  -0.33703907   1.94482074   0.78889883   0.38661366   1.61136960  -1.27062062
  0.48882210   0.29235249  -1.29491784  -0.33447158   1.94058812   0.79220365   0.38543932   1.60970912  -1.27472839
  0.49056024   0.28788545  -1.29483189  -0.33196551   1.93627273   0.79550927   0.38417133   1.60806118  -1.27877715
  0.49230272   0.28337621  -1.29472804  -0.32946267   1.93191826   0.79873335   0.38286408   1.60648577  -1.28279243
  0.49404685   0.27882452  -1.29462099  -0.32689983   1.92754010   0.80186142   0.38159657   1.60499717  -1.28683075
  0.49578724   0.27423672  -1.29450081  -0.32426404   1.92313292   0.80489733   0.38038262   1.60359743  -1.29090563
  0.49751893   0.26962215  -1.29435256  -0.32152773   1.91870752   0.80785796   0.37920383   1.60227660  -1.29504690
  0.49923993   0.26499030  -1.29417447  -0.31858287   1.91436336   0.81067694   0.37805607   1.60106049  -1.29934357
  0.50096125   0.26035344  -1.29396876  -0.31550144   1.90998673   0.81361146   0.37702794   1.59977106  -1.30382600
  0.50269434   0.25570711  -1.29376050  -0.31233265   1.90559614   0.81651180   0.37598877   1.59855902  -1.30836625
  0.50444676   0.25104990  -1.29357356  -0.30913066   1.90120626   0.81932788   0.37494793   1.59744637  -1.31290396
  0.50621914   0.24638448  -1.29340779  -0.30591329   1.89680535   0.82210140   0.37393852   1.59639048  -1.31744630
  0.50800905   0.24171946  -1.29323626  -0.30270881   1.89235181   0.82493597   0.37295517   1.59531169  -1.32200864
  0.50981141   0.23706837  -1.29301034  -0.29950768   1.88780437   0.82796560   0.37198616   1.59410896  -1.32665552
  0.51162723   0.23243796  -1.29272275  -0.29623488   1.88335080   0.83091091   0.37106037   1.59289408  -1.33142124
  0.51346178   0.22783053  -1.29238040  -0.29290459   1.87893653   0.83385599   0.37034317   1.59160034  -1.33635239
  0.51531891   0.22325546  -1.29193690  -0.28960889   1.87446712   0.83694515   0.36966959   1.59016024  -1.34138763
  0.51720312   0.21871107  -1.29138368  -0.28642084   1.86990142   0.84019813   0.36891797   1.58858560  -1.34644201
  0.51912035   0.21417503  -1.29077069  -0.28331854   1.86525511   0.84342536   0.36802146   1.58707799  -1.35142463
  0.52107325   0.20963804  -1.29013260  -0.28028409   1.86055602   0.84659746   0.36703647   1.58564814  -1.35634422
  0.52305867   0.20509831  -1.28947363  -0.27731358   1.85580323   0.84977228   0.36597920   1.58424115  -1.36122329
  0.52507208   0.20055817  -1.28878609  -0.27439617   1.85099378   0.85302387   0.36486952   1.58278684  -1.36610172
  0.52710946   0.19602718  -1.28805189  -0.27148828   1.84614532   0.85639569   0.36380345   1.58122147  -1.37106761
  0.52916837   0.19149556  -1.28729109  -0.26855691   1.84127501   0.85971231   0.36281321   1.57970549  -1.37608308
  0.53124154   0.18696137  -1.28650331  -0.26557508   1.83643432   0.86282200   0.36187935   1.57834608  -1.38111999
  0.53331909   0.18243449  -1.28567374  -0.26244178   1.83173600   0.86561946   0.36107197   1.57716203  -1.38627336
  0.53540116   0.17791344  -1.28482317  -0.25919530   1.82708131   0.86822776   0.36047371   1.57611339  -1.39153411
  0.53749457   0.17342178  -1.28391062  -0.25589132   1.82240605   0.87089663   0.35992260   1.57502904  -1.39691057
  0.53961001   0.16898811  -1.28289393  -0.25264059   1.81767706   0.87386044   0.35927427   1.57370000  -1.40238525
  0.54175831   0.16460940  -1.28180624  -0.24952558   1.81282555   0.87716705   0.35852333   1.57213362  -1.40787712
  0.54394407   0.16025040  -1.28071800  -0.24646460   1.80792000   0.88043854   0.35751243   1.57069328  -1.41325055
  0.54616282   0.15589525  -1.27967291  -0.24332833   1.80318980   0.88320757   0.35634908   1.56964639  -1.41851387
  0.54841306   0.15156181  -1.27864765  -0.24011201   1.79862027   0.88561081   0.35530596   1.56883478  -1.42380624
  0.55068570   0.14723934  -1.27765491  -0.23674374   1.79414493   0.88775523   0.35451489   1.56822726  -1.42921729
  0.55297638   0.14290105  -1.27673758  -0.23324462   1.78964345   0.88992965   0.35383308   1.56768591  -1.43471876
  0.55528184   0.13856036  -1.27587565  -0.22967799   1.78515229   0.89225182   0.35331066   1.56703418  -1.44034188
  0.55759889   0.13424510  -1.27498590  -0.22615360   1.78065280   0.89474714   0.35284814   1.56620798  -1.44603127
  0.55992630   0.12998809  -1.27395792  -0.22274070   1.77607597   0.89746551   0.35221790   1.56518463  -1.45173301
  0.56227190   0.12580086  -1.27276207  -0.21934250   1.77159693   0.89992385   0.35131898   1.56428959  -1.45740411
  0.56464696   0.12166959  -1.27144983  -0.21603894   1.76714354   0.90194309   0.35016518   1.56374732  -1.46288378
  0.56705379   0.11758753  -1.27010602  -0.21277385   1.76266908   0.90371111   0.34912556   1.56345205  -1.46831577
  0.56949052   0.11357804  -1.26873394  -0.20955697   1.75811945   0.90564161   0.34836313   1.56306865  -1.47385694
  0.57195885   0.10965341  -1.26733795  -0.20637100   1.75355162   0.90777902   0.34786675   1.56252640  -1.47954605
  0.57446225   0.10582207  -1.26592351  -0.20322947   1.74898534   0.91015366   0.34761792   1.56179029  -1.48538242
  0.57700550   0.10208472  -1.26449137  -0.20010384   1.74445914   0.91264384   0.34756725   1.56095789  -1.49134642
  0.57959456   0.09843845  -1.26302731  -0.19707399   1.73985061   0.91536278   0.34750397   1.56001952  -1.49733236
  0.58223756   0.09484921  -1.26156936  -0.19402230   1.73522507   0.91803872   0.34713652   1.55922785  -1.50325019
  0.58494082   0.09127292  -1.26020740  -0.19091715   1.73063596   0.92047013   0.34644042   1.55875127  -1.50901542
  0.58769715   0.08769165  -1.25897375  -0.18768958   1.72613809   0.92259244   0.34568902   1.55860344  -1.51472985
  0.59049466   0.08412331  -1.25781728  -0.18442589   1.72171577   0.92456856   0.34510921   1.55858270  -1.52047526
  0.59332147   0.08060988  -1.25660034  -0.18127953   1.71728730   0.92669959   0.34458102   1.55838586  -1.52626153
  0.59616872   0.07718978  -1.25519419  -0.17838900   1.71277076   0.92923172   0.34394219   1.55777176  -1.53207472
  0.59903901   0.07386645  -1.25358464  -0.17578138   1.70814240   0.93207411   0.34321763   1.55683353  -1.53787807
  0.60193846   0.07062022  -1.25182632  -0.17333737   1.70343466   0.93496862   0.34250137   1.55583843  -1.54367766
  0.60487337   0.06743300  -1.24999220  -0.17091514   1.69866843   0.93781773   0.34192145   1.55493303  -1.54954193
  0.60785034   0.06431113  -1.24810350  -0.16841966   1.69386444   0.94074403   0.34149038   1.55403244  -1.55557655
  0.61087491   0.06123782  -1.24623820  -0.16568064   1.68925530   0.94336024   0.34136066   1.55336931  -1.56184489
  0.61394766   0.05820396  -1.24444900  -0.16272273   1.68481025   0.94570378   0.34164474   1.55295718  -1.56833216
  0.61707317   0.05524991  -1.24262058  -0.15975351   1.68038445   0.94812888   0.34179003   1.55250397  -1.57487332
  0.62026445   0.05240189  -1.24072925  -0.15710646   1.67590553   0.95080456   0.34147725   1.55182606  -1.58120213
  0.62352254   0.04966772  -1.23877398  -0.15480146   1.67133711   0.95375472   0.34073198   1.55092988  -1.58730967
  0.62684725   0.04702884  -1.23681338  -0.15260397   1.66691868   0.95645239   0.33985162   1.55017463  -1.59331170
  0.63023161   0.04447354  -1.23488310  -0.15033957   1.66283059   0.95864313   0.33908043   1.54969426  -1.59934653
  0.63368074   0.04202841  -1.23294109  -0.14807308   1.65888385   0.96082068   0.33852808   1.54918252  -1.60553645
  0.63719961   0.03969089  -1.23099805  -0.14583961   1.65497777   0.96308881   0.33831802   1.54863927  -1.61189690
  0.64078729   0.03743061  -1.22908214  -0.14361582   1.65105181   0.96532795   0.33829618   1.54823353  -1.61832149
  0.64444017   0.03522992  -1.22721409  -0.14148254   1.64712271   0.96749284   0.33823356   1.54796232  -1.62466127
  0.64814786   0.03307807  -1.22539009  -0.13944892   1.64324598   0.96951889   0.33800363   1.54781323  -1.63086228
  0.65189750   0.03099148  -1.22353668  -0.13757906   1.63933271   0.97170652   0.33738083   1.54752095  -1.63691674
  0.65567530   0.02899605  -1.22159241  -0.13581656   1.63533867   0.97439569   0.33657739   1.54681057  -1.64305052
  0.65947917   0.02707724  -1.21959952  -0.13400073   1.63130327   0.97744227   0.33610698   1.54586893  -1.64946856
  0.66330857   0.02519186  -1.21758637  -0.13194095   1.62730904   0.98030409   0.33590487   1.54515932  -1.65611198
  0.66716483   0.02330463  -1.21560873  -0.12965466   1.62334871   0.98276595   0.33586480   1.54488845  -1.66283246
  0.67105489   0.02143163  -1.21364835  -0.12737927   1.61943357   0.98495572   0.33564467   1.54483992  -1.66942813
  0.67498056   0.01960488  -1.21165178  -0.12532015   1.61554755   0.98708909   0.33497216   1.54474034  -1.67577675
  0.67893890   0.01783552  -1.20961789  -0.12347272   1.61169566   0.98921053   0.33400510   1.54456215  -1.68194415
  0.68292224   0.01610467  -1.20755582  -0.12144751   1.60790248   0.99115103   0.33305244   1.54454946  -1.68822267
  0.68691797   0.01438039  -1.20551209  -0.11885635   1.60442049   0.99241976   0.33236648   1.54504159  -1.69482545
  0.69091248   0.01262894  -1.20354232  -0.11533499   1.60156226   0.99245081   0.33218677   1.54638889  -1.70193291
  0.69490799   0.01084846  -1.20164669  -0.11084666   1.59940507   0.99114192   0.33237239   1.54860028  -1.70951336
  0.69896632   0.00915427  -1.19966446  -0.10649587   1.59727588   0.98991965   0.33169675   1.55056035  -1.71686098
  0.70314431   0.00764490  -1.19758156  -0.10293679   1.59502899   0.98932245   0.33031970   1.55184714  -1.72378713
  0.70746116   0.00638480  -1.19533623  -0.10025727   1.59260355   0.98951224   0.32847991   1.55239175  -1.73039742
  0.71190058   0.00540680  -1.19280816  -0.09821433   1.58978856   0.99061938   0.32646313   1.55231593  -1.73697269
  0.71646526   0.00468645  -1.19002087  -0.09647648   1.58663705   0.99217778   0.32453793   1.55211672  -1.74366629
  0.72115875   0.00419868  -1.18708219  -0.09495770   1.58328730   0.99408131   0.32264363   1.55181872  -1.75045641
  0.72599274   0.00389805  -1.18416600  -0.09348984   1.57992020   0.99611177   0.32104783   1.55160734  -1.75742240
  0.73097136   0.00373922  -1.18142193  -0.09203133   1.57665697   0.99816451   0.31979919   1.55154214  -1.76452112
  0.73608583   0.00370280  -1.17887576  -0.09068404   1.57351568   1.00031341   0.31850565   1.55144812  -1.77157030
  0.74132111   0.00377785  -1.17651288  -0.08954603   1.57050352   1.00257448   0.31695436   1.55122646  -1.77844573
  0.74666238   0.00393868  -1.17431499  -0.08848618   1.56759797   1.00479402   0.31534209   1.55107035  -1.78524192
  0.75209348   0.00415702  -1.17227584  -0.08743395   1.56478777   1.00685193   0.31378148   1.55111114  -1.79199384
  0.75759338   0.00441719  -1.17037330  -0.08636233   1.56209361   1.00872020   0.31234264   1.55134867  -1.79873785
  0.76313459   0.00470690  -1.16856368  -0.08524846   1.55952511   1.01038483   0.31105743   1.55176171  -1.80550394
  0.76869246   0.00501894  -1.16680239  -0.08415374   1.55708569   1.01185266   0.30981934   1.55227587  -1.81223135
  0.77424670   0.00534722  -1.16504507  -0.08312388   1.55473181   1.01318771   0.30849310   1.55280220  -1.81886646
  0.77978020   0.00569372  -1.16325842  -0.08218185   1.55247347   1.01444202   0.30702324   1.55324491  -1.82540164
  0.78527766   0.00606419  -1.16141525  -0.08124256   1.55032932   1.01565997   0.30561204   1.55359145  -1.83197642
  0.79072536   0.00646422  -1.15948463  -0.08023566   1.54829613   1.01688200   0.30439484   1.55383573  -1.83869555
  0.79611656   0.00689600  -1.15743179  -0.07924139   1.54631753   1.01809743   0.30309377   1.55394208  -1.84541534
  0.80145154   0.00735934  -1.15526412  -0.07828341   1.54440488   1.01917980   0.30167625   1.55401282  -1.85207099
  0.80672868   0.00785798  -1.15297891  -0.07732074   1.54252291   1.02014568   0.30010998   1.55405953  -1.85867096
  0.81195645   0.00839179  -1.15062013  -0.07631941   1.54068499   1.02096351   0.29846032   1.55414458  -1.86523015
  0.81714592   0.00897142  -1.14823676  -0.07531692   1.53894610   1.02166548   0.29672021   1.55421290  -1.87172366
  0.82230474   0.00961216  -1.14585076  -0.07431621   1.53732263   1.02231470   0.29494264   1.55422603  -1.87817941
  0.82743894   0.01032290  -1.14347184  -0.07328419   1.53580300   1.02292104   0.29319327   1.55421924  -1.88463602
  0.83255424   0.01110974  -1.14110541  -0.07225153   1.53436647   1.02349500   0.29141967   1.55419059  -1.89105508
  0.83765891   0.01197574  -1.13877245  -0.07122579   1.53304174   1.02395512   0.28972868   1.55423908  -1.89744524
  0.84275758   0.01291923  -1.13648384  -0.07020585   1.53182045   1.02427596   0.28812197   1.55440369  -1.90379611
  0.84785063   0.01393689  -1.13424568  -0.06918600   1.53070121   1.02446654   0.28656191   1.55466666  -1.91009845
  0.85294055   0.01502926  -1.13206420  -0.06821875   1.52968087   1.02457436   0.28499091   1.55496744  -1.91631225
  0.85802514   0.01619826  -1.12992644  -0.06733339   1.52875456   1.02464565   0.28335583   1.55524012  -1.92242019
  0.86309636   0.01744927  -1.12779048  -0.06652677   1.52789449   1.02475843   0.28162627   1.55540479  -1.92844758
  0.86814915   0.01878499  -1.12563061  -0.06581999   1.52710270   1.02491635   0.27983441   1.55545386  -1.93440543
  0.87318487   0.02020098  -1.12344268  -0.06523492   1.52637811   1.02507201   0.27804988   1.55545464  -1.94029490
  0.87819945   0.02169109  -1.12122392  -0.06474558   1.52574392   1.02517847   0.27634338   1.55545312  -1.94614790
  0.88319624   0.02324136  -1.11898476  -0.06430973   1.52518071   1.02519993   0.27476937   1.55552324  -1.95199257
  0.88817370   0.02483087  -1.11673811  -0.06388090   1.52467945   1.02510366   0.27324146   1.55566655  -1.95781119
  0.89313411   0.02644407  -1.11450493  -0.06346165   1.52422531   1.02492089   0.27168122   1.55583754  -1.96357181
  0.89808698   0.02807251  -1.11232453  -0.06307831   1.52384513   1.02463884   0.27012878   1.55605500  -1.96926062
  0.90303600   0.02971068  -1.11021768  -0.06273054   1.52355577   1.02426127   0.26860520   1.55631554  -1.97488140
  0.90797477   0.03135404  -1.10817684  -0.06238993   1.52335224   1.02380093   0.26710660   1.55660256  -1.98045185
  0.91289897   0.03300211  -1.10620229  -0.06205935   1.52325092   1.02324454   0.26566794   1.55692816  -1.98597855
  0.91780321   0.03465535  -1.10428869  -0.06175263   1.52324704   1.02259846   0.26429127   1.55729010  -1.99145242
  0.92268230   0.03631627  -1.10242681  -0.06150276   1.52332761   1.02188915   0.26291899   1.55764856  -1.99683808
  0.92753042   0.03799282  -1.10060699  -0.06136323   1.52350436   1.02113863   0.26148212   1.55794243  -2.00208764
  0.93233744   0.03969606  -1.09880255  -0.06132865   1.52376866   1.02038993   0.26001448   1.55814666  -2.00723019
  0.93708730   0.04143619  -1.09697299  -0.06136024   1.52411170   1.01966808   0.25856801   1.55825318  -2.01231976
  0.94177222   0.04321804  -1.09509013  -0.06142219   1.52452435   1.01894325   0.25718739   1.55830821  -2.01739305
  0.94638210   0.04503899  -1.09313841  -0.06149115   1.52499356   1.01818718   0.25585165   1.55833194  -2.02244700
  0.95091760   0.04689389  -1.09113539  -0.06158111   1.52552360   1.01736232   0.25453563   1.55835249  -2.02744601
  0.95538343   0.04877627  -1.08911280  -0.06170633   1.52611614   1.01646657   0.25320287   1.55836664  -2.03235367
  0.95977871   0.05067821  -1.08709799  -0.06186158   1.52677055   1.01550818   0.25183223   1.55836531  -2.03715010
  0.96410716   0.05260105  -1.08510616  -0.06203467   1.52750936   1.01450966   0.25041594   1.55830831  -2.04184453
  0.96837063   0.05455039  -1.08313394  -0.06221433   1.52834191   1.01349380   0.24899081   1.55818358  -2.04646726
  0.97257401   0.05652970  -1.08117522  -0.06240145   1.52926623   1.01245108   0.24758363   1.55801516  -2.05103232
  0.97672367   0.05854369  -1.07922204  -0.06261203   1.53027301   1.01138807   0.24620261   1.55781100  -2.05554295
  0.98082551   0.06059676  -1.07726473  -0.06286880   1.53135172   1.01030895   0.24484555   1.55757717  -2.05999465
  0.98488351   0.06269128  -1.07529370  -0.06318631   1.53249126   1.00921280   0.24351029   1.55732350  -2.06438489
  0.98889597   0.06482222  -1.07330448  -0.06354848   1.53368271   1.00808769   0.24219880   1.55706529  -2.06872114
  0.99286194   0.06698155  -1.07130534  -0.06394005   1.53492836   1.00691746   0.24091588   1.55681696  -2.07300591
  0.99677248   0.06915360  -1.06930328  -0.06430853   1.53620018   1.00569082   0.23971708   1.55663551  -2.07727009
  1.00062045   0.07132326  -1.06730682  -0.06460725   1.53747875   1.00439757   0.23862089   1.55655014  -2.08153126
  1.00441468   0.07348667  -1.06533143  -0.06485336   1.53879242   1.00305147   0.23747355   1.55644216  -2.08573425
  1.00816591   0.07564595  -1.06338494  -0.06507969   1.54010634   1.00175181   0.23619295   1.55621092  -2.08985046
  1.01188576   0.07779994  -1.06148824  -0.06532952   1.54139748   1.00054812   0.23477541   1.55584146  -2.09385644
  1.01559002   0.07994571  -1.05966526  -0.06560642   1.54265606   0.99944749   0.23329082   1.55538504  -2.09777432
  1.01928704   0.08207725  -1.05794216  -0.06587512   1.54394886   0.99833880   0.23188858   1.55497443  -2.10166019
  1.02297491   0.08418832  -1.05632225  -0.06617392   1.54524979   0.99723811   0.23053270   1.55460215  -2.10547305
  1.02664890   0.08627771  -1.05477600  -0.06647922   1.54657408   0.99608372   0.22917783   1.55426905  -2.10921512
  1.03030850   0.08835232  -1.05327368  -0.06678691   1.54790123   0.99490429   0.22781534   1.55395145  -2.11290559
  1.03395149   0.09041791  -1.05179135  -0.06709807   1.54920290   0.99374029   0.22646536   1.55364188  -2.11656649
  1.03756624   0.09246882  -1.05032650  -0.06741155   1.55047576   0.99257000   0.22518881   1.55339715  -2.12020606
  1.04114565   0.09449871  -1.04889617  -0.06777178   1.55173102   0.99140614   0.22391410   1.55316267  -2.12376003
  1.04468159   0.09650477  -1.04750302  -0.06813949   1.55301840   0.99020557   0.22267745   1.55294786  -2.12725717
  1.04816430   0.09848523  -1.04616784  -0.06858330   1.55431058   0.98906637   0.22148679   1.55270976  -2.13065212
  1.05158134   0.10043594  -1.04491186  -0.06916823   1.55558859   0.98805697   0.22036158   1.55243258  -2.13389852
  1.05491275   0.10234640  -1.04372043  -0.06981290   1.55692038   0.98702634   0.21935746   1.55220710  -2.13703844
  1.05814806   0.10421858  -1.04252756  -0.07043617   1.55824806   0.98602493   0.21827848   1.55187429  -2.14007848
  1.06128940   0.10605781  -1.04129131  -0.07097522   1.55950764   0.98509420   0.21710431   1.55141529  -2.14307208
  1.06434232   0.10786660  -1.04000688  -0.07142254   1.56068876   0.98422351   0.21585145   1.55085788  -2.14603317
  1.06731664   0.10964635  -1.03867791  -0.07175890   1.56179691   0.98338103   0.21455158   1.55024589  -2.14898624
  1.07022081   0.11139464  -1.03733815  -0.07201561   1.56286120   0.98253382   0.21324784   1.54963012  -2.15191468
  1.07305777   0.11309944  -1.03606213  -0.07225216   1.56399126   0.98153320   0.21208908   1.54918471  -2.15478721
  1.07582451   0.11475265  -1.03488988  -0.07250106   1.56527060   0.98029020   0.21110173   1.54895393  -2.15756625
  1.07851392   0.11636349  -1.03382147  -0.07287041   1.56661795   0.97906811   0.21011691   1.54867739  -2.16015412
  1.08111149   0.11794749  -1.03275882  -0.07317213   1.56801051   0.97788818   0.20921626   1.54833815  -2.16273972
  1.08361115   0.11951402  -1.03161915  -0.07332920   1.56936998   0.97675058   0.20841463   1.54797606  -2.16540445
  1.08602170   0.12106688  -1.03041807  -0.07348137   1.57068012   0.97566522   0.20762058   1.54757575  -2.16802786
  1.08835406   0.12260851  -1.02918138  -0.07375071   1.57194681   0.97463268   0.20674453   1.54711028  -2.17049874
  1.09061629   0.12413955  -1.02789269  -0.07403712   1.57316754   0.97364054   0.20578547   1.54656462  -2.17289116
  1.09282276   0.12565728  -1.02656919  -0.07427630   1.57432835   0.97270192   0.20480821   1.54597493  -2.17527102
  1.09498802   0.12715263  -1.02525644  -0.07445740   1.57546372   0.97175011   0.20386278   1.54541893  -2.17764355
  1.09712389   0.12861753  -1.02400945  -0.07464439   1.57658600   0.97080191   0.20288824   1.54485950  -2.17993071
  1.09923289   0.13003983  -1.02291552  -0.07489945   1.57780768   0.96974231   0.20205305   1.54446201  -2.18210838
  1.10131092   0.13140967  -1.02205238  -0.07530625   1.57922350   0.96850991   0.20147763   1.54432744  -2.18412819
  1.10333771   0.13273371  -1.02139958  -0.07598581   1.58073814   0.96739002   0.20085443   1.54407976  -2.18582974
  1.10529708   0.13403174  -1.02081411  -0.07679571   1.58220852   0.96657143   0.19996711   1.54343768  -2.18729488
  1.10718955   0.13532297  -1.02017614  -0.07755388   1.58356090   0.96602139   0.19893449   1.54250420  -2.18873032
  1.10901427   0.13660548  -1.01950985  -0.07832053   1.58486757   0.96557169   0.19793804   1.54152615  -2.19013593
  1.11076408   0.13787864  -1.01878102  -0.07905573   1.58610846   0.96519722   0.19695776   1.54050957  -2.19153362
  1.11243841   0.13913828  -1.01796334  -0.07965149   1.58730414   0.96477908   0.19607532   1.53956968  -2.19301715
  1.11404346   0.14037303  -1.01709485  -0.08013718   1.58848552   0.96422832   0.19531979   1.53880195  -2.19455332
  1.11558185   0.14157754  -1.01620963  -0.08058314   1.58963555   0.96363143   0.19457258   1.53808250  -2.19604909
  1.11705414   0.14275193  -1.01531974  -0.08101603   1.59074990   0.96304910   0.19377815   1.53732791  -2.19747043
  1.11846258   0.14389406  -1.01441467  -0.08137542   1.59181980   0.96246591   0.19296493   1.53656118  -2.19886882
  1.11981149   0.14499356  -1.01356731  -0.08173100   1.59293048   0.96178914   0.19224114   1.53591094  -2.20020392
  1.12110348   0.14604079  -1.01283927  -0.08212166   1.59417324   0.96090880   0.19172270   1.53551112  -2.20146045
  1.12233526   0.14703756  -1.01215448  -0.08234027   1.59553502   0.95974593   0.19143096   1.53538387  -2.20279728
  1.12351505   0.14799129  -1.01144775  -0.08232871   1.59691033   0.95837863   0.19118169   1.53538331  -2.20421886
  1.12466061   0.14891488  -1.01078885  -0.08230515   1.59827531   0.95699999   0.19087727   1.53536411  -2.20556057
  1.12578036   0.14982622  -1.01019790  -0.08239899   1.59958965   0.95583380   0.19038114   1.53509665  -2.20671855
  1.12687692   0.15074077  -1.00962454  -0.08254893   1.60078748   0.95499594   0.18968882   1.53449864  -2.20776866
  1.12796058   0.15166520  -1.00903873  -0.08269936   1.60185997   0.95441690   0.18890168   1.53369737  -2.20879791
  1.12903375   0.15259164  -1.00850079  -0.08295372   1.60290512   0.95394527   0.18815078   1.53289112  -2.20975321
  1.13008772   0.15351765  -1.00798329  -0.08329089   1.60390496   0.95359076   0.18737453   1.53202471  -2.21062971
  1.13111657   0.15443991  -1.00744702  -0.08357873   1.60487757   0.95325046   0.18668809   1.53121382  -2.21155589
  1.13212041   0.15534776  -1.00690269  -0.08381253   1.60584304   0.95282904   0.18613018   1.53055923  -2.21253158
  1.13309561   0.15623429  -1.00637846  -0.08407641   1.60679648   0.95238153   0.18559958   1.52996778  -2.21345499
  1.13403768   0.15709625  -1.00585621  -0.08433411   1.60770261   0.95195665   0.18504620   1.52936984  -2.21433711
  1.13494762   0.15792327  -1.00532700  -0.08446128   1.60856620   0.95145972   0.18460631   1.52891212  -2.21529852
  1.13583229   0.15870246  -1.00481608  -0.08444652   1.60940305   0.95082002   0.18423650   1.52861607  -2.21631063
  1.13669984   0.15943210  -1.00434249  -0.08431497   1.61018613   0.95010620   0.18382642   1.52837082  -2.21731691
  1.13755602   0.16011223  -1.00393517  -0.08409277   1.61094315   0.94930349   0.18340392   1.52820309  -2.21830298
  1.13840454   0.16074502  -1.00361598  -0.08382023   1.61170288   0.94840110   0.18299243   1.52813382  -2.21924761
  1.13924569   0.16134477  -1.00341974  -0.08363530   1.61248551   0.94754112   0.18255684   1.52803752  -2.22006090
  1.14006790   0.16193093  -1.00326102  -0.08341319   1.61323516   0.94682909   0.18214602   1.52784256  -2.22088541
  1.14086506   0.16251336  -1.00306701  -0.08313644   1.61388259   0.94628585   0.18168868   1.52751380  -2.22173259
  1.14163682   0.16309951  -1.00279069  -0.08284127   1.61437510   0.94591267   0.18110037   1.52703321  -2.22256589
  1.14239592   0.16369441  -1.00244234  -0.08255845   1.61473282   0.94566192   0.18043698   1.52648536  -2.22339080
  1.14315538   0.16428807  -1.00206853  -0.08225713   1.61504686   0.94533937   0.17989347   1.52612465  -2.22427249
  1.14392547   0.16486454  -1.00173820  -0.08194811   1.61539752   0.94481764   0.17953280   1.52606813  -2.22519103
  1.14471058   0.16542170  -1.00146686  -0.08158645   1.61576937   0.94418262   0.17928464   1.52618404  -2.22615036
  1.14551695   0.16596566  -1.00128200  -0.08131397   1.61607173   0.94368958   0.17889271   1.52616928  -2.22697763
  1.14634892   0.16650653  -1.00118056  -0.08120198   1.61625747   0.94346730   0.17822239   1.52586432  -2.22759422
  1.14721125   0.16705884  -1.00113023  -0.08124495   1.61629274   0.94357198   0.17727354   1.52523923  -2.22803017
  1.14810797   0.16763609  -1.00108779  -0.08139544   1.61614836   0.94402344   0.17609412   1.52431494  -2.22836057
  1.14903905   0.16824107  -1.00099893  -0.08148467   1.61583083   0.94471281   0.17486389   1.52325933  -2.22877438
  1.15000211   0.16886221  -1.00085870  -0.08136254   1.61540931   0.94544136   0.17385186   1.52235386  -2.22945147
  1.15098842   0.16947836  -1.00070799  -0.08108187   1.61495852   0.94605332   0.17307515   1.52171384  -2.23032346
  1.15198557   0.17006952  -1.00060669  -0.08081940   1.61454154   0.94645724   0.17243593   1.52136125  -2.23119532
  1.15298312   0.17061946  -1.00059965  -0.08063821   1.61423243   0.94652315   0.17198215   1.52141972  -2.23200577
  1.15396052   0.17112583  -1.00066449  -0.08059070   1.61386768   0.94663752   0.17130990   1.52136262  -2.23258538
  1.15489620   0.17158615  -1.00078842  -0.08069862   1.61332838   0.94710961   0.17016829   1.52080802  -2.23283405
  1.15577376   0.17198943  -1.00102317  -0.08078388   1.61288550   0.94746683   0.16930391   1.52049832  -2.23309033
  1.15657505   0.17233607  -1.00127538  -0.08049182   1.61264075   0.94746980   0.16902582   1.52066266  -2.23370879
  1.15730572   0.17260454  -1.00143877  -0.07978115   1.61238364   0.94721031   0.16899664   1.52108769  -2.23462659
  1.15797987   0.17279542  -1.00160415  -0.07902939   1.61213863   0.94677500   0.16895986   1.52161971  -2.23549176
  1.15859644   0.17293263  -1.00181720  -0.07850544   1.61194048   0.94632045   0.16877901   1.52207987  -2.23608995
  1.15914024   0.17302997  -1.00203334  -0.07808191   1.61188026   0.94567548   0.16872466   1.52270990  -2.23660815
  1.15960387   0.17309279  -1.00218341  -0.07759357   1.61196012   0.94474191   0.16883679   1.52355915  -2.23717829
  1.15998950   0.17313762  -1.00219772  -0.07689135   1.61205546   0.94369703   0.16910776   1.52450165  -2.23793507
  1.16030392   0.17318031  -1.00202791  -0.07591917   1.61201343   0.94278414   0.16942799   1.52533134  -2.23891382
  1.16056970   0.17322392  -1.00171831  -0.07495582   1.61171871   0.94220721   0.16934480   1.52571081  -2.23977094
  1.16082544   0.17327860  -1.00135839  -0.07418410   1.61123313   0.94195121   0.16877723   1.52562573  -2.24035500
  1.16109319   0.17335208  -1.00100483  -0.07355212   1.61066649   0.94191442   0.16796008   1.52526099  -2.24078094
  1.16138247   0.17344732  -1.00069420  -0.07292606   1.61015273   0.94191836   0.16725571   1.52491932  -2.24125689
  1.16169990   0.17356306  -1.00043389  -0.07224996   1.60974354   0.94183407   0.16680444   1.52477211  -2.24186362
  1.16205576   0.17369709  -1.00022978  -0.07154530   1.60946182   0.94155856   0.16659710   1.52489933  -2.24257882
  1.16246104   0.17383978  -1.00009153  -0.07083140   1.60930781   0.94100706   0.16660698   1.52536842  -2.24337255
  1.16292399   0.17397540  -1.00005835  -0.07019867   1.60924749   0.94021610   0.16670765   1.52611411  -2.24412547
  1.16344919   0.17410672  -1.00025338  -0.07006923   1.60914895   0.93972900   0.16642586   1.52654454  -2.24439017
  1.16402615   0.17424615  -1.00081871  -0.07087787   1.60899030   0.94003515   0.16549147   1.52619313  -2.24377998
  1.16458650   0.17441888  -1.00183487  -0.07265696   1.60923404   0.94083646   0.16476327   1.52564809  -2.24254546
  1.16504593   0.17462953  -1.00309836  -0.07486694   1.61013724   0.94146985   0.16504055   1.52569246  -2.24130963
  1.16533271   0.17485430  -1.00418718  -0.07691229   1.61139473   0.94160574   0.16610516   1.52639745  -2.24041449
  1.16539765   0.17506297  -1.00493916  -0.07879029   1.61258129   0.94155349   0.16725713   1.52724198  -2.23960460
  1.16520973   0.17522737  -1.00532770  -0.08036962   1.61357745   0.94144425   0.16820665   1.52792113  -2.23882573
  1.16476816   0.17532559  -1.00541956  -0.08151842   1.61443398   0.94125768   0.16903526   1.52844485  -2.23815445
  1.16408776   0.17534335  -1.00532412  -0.08224652   1.61524311   0.94098368   0.16982863   1.52884035  -2.23758315
  1.16318836   0.17527553  -1.00513106  -0.08265436   1.61605552   0.94068644   0.17054556   1.52902650  -2.23701964
  1.16208936   0.17512104  -1.00489547  -0.08282365   1.61689127   0.94042419   0.17114125   1.52893689  -2.23639565
  1.16080897   0.17488693  -1.00457356  -0.08272769   1.61770563   0.94016063   0.17165698   1.52866079  -2.23577580
  1.15938068   0.17458382  -1.00415231  -0.08243780   1.61847151   0.93986141   0.17208851   1.52827603  -2.23514675
  1.15784580   0.17422894  -1.00365559  -0.08210408   1.61916771   0.93960851   0.17238057   1.52774140  -2.23443151
  1.15624205   0.17384170  -1.00309555  -0.08182293   1.61976833   0.93950792   0.17253157   1.52701826  -2.23361357
  1.15460047   0.17342947  -1.00252016  -0.08161366   1.62038999   0.93941391   0.17281187   1.52637315  -2.23278900
  1.15294620   0.17299387  -1.00191250  -0.08132040   1.62105270   0.93923306   0.17340345   1.52596307  -2.23214744
  1.15131442   0.17253092  -1.00127181  -0.08095483   1.62166590   0.93900606   0.17412990   1.52569714  -2.23163532
  1.14973605   0.17203496  -1.00066180  -0.08067339   1.62219059   0.93880139   0.17478685   1.52545553  -2.23107151
  1.14823088   0.17150572  -1.00011437  -0.08049516   1.62260666   0.93867876   0.17530141   1.52515934  -2.23041999
  1.14681834   0.17094722  -0.99966023  -0.08041677   1.62292539   0.93864228   0.17571201   1.52483549  -2.22970035
  1.14551012   0.17036530  -0.99934195  -0.08047167   1.62320056   0.93866167   0.17610845   1.52456052  -2.22891849
  1.14430712   0.16976958  -0.99917091  -0.08069820   1.62343136   0.93879784   0.17648275   1.52429039  -2.22805145
  1.14320283   0.16916980  -0.99915047  -0.08109125   1.62366777   0.93900630   0.17694981   1.52411402  -2.22714162
  1.14217846   0.16857195  -0.99922714  -0.08152567   1.62390943   0.93924279   0.17758722   1.52407995  -2.22630133
  1.14121520   0.16797604  -0.99936111  -0.08197433   1.62411389   0.93950406   0.17832999   1.52415993  -2.22551796
  1.14029837   0.16738083  -0.99952275  -0.08244474   1.62422513   0.93981585   0.17904336   1.52427086  -2.22472982
  1.13941628   0.16678448  -0.99969865  -0.08293193   1.62421490   0.94018684   0.17965313   1.52436828  -2.22390240
  1.13856106   0.16618487  -0.99988515  -0.08339194   1.62409007   0.94058097   0.18017827   1.52448088  -2.22305899
  1.13772728   0.16558152  -1.00010083  -0.08382374   1.62387571   0.94099325   0.18064345   1.52461552  -2.22219674
  1.13690629   0.16497393  -1.00035739  -0.08420795   1.62360541   0.94140524   0.18110681   1.52480130  -2.22133794
  1.13608896   0.16436184  -1.00065255  -0.08452694   1.62328619   0.94182253   0.18158691   1.52503447  -2.22049531
  1.13526864   0.16374515  -1.00097902  -0.08477533   1.62291568   0.94224834   0.18208029   1.52530758  -2.21966873
  1.13443912   0.16312343  -1.00132683  -0.08495306   1.62248910   0.94268253   0.18257799   1.52561502  -2.21885399
  1.13359575   0.16249645  -1.00168629  -0.08505774   1.62200332   0.94312462   0.18308034   1.52595640  -2.21805365
  1.13273674   0.16186451  -1.00205441  -0.08511050   1.62145409   0.94358848   0.18357025   1.52631458  -2.21725007
  1.13186197   0.16122772  -1.00242763  -0.08512654   1.62083723   0.94408354   0.18404021   1.52668188  -2.21643434
  1.13097110   0.16058398  -1.00280322  -0.08508983   1.62016826   0.94457311   0.18454189   1.52711157  -2.21563530
  1.13006379   0.15993091  -1.00317812  -0.08500433   1.61943900   0.94507456   0.18505364   1.52757695  -2.21484519
  1.12914248   0.15926538  -1.00355925  -0.08487908   1.61865675   0.94558158   0.18558055   1.52808441  -2.21405935
  1.12820940   0.15858477  -1.00395696  -0.08473890   1.61782677   0.94610129   0.18611518   1.52862579  -2.21325827
  1.12726711   0.15788507  -1.00437376  -0.08456727   1.61696371   0.94658498   0.18671229   1.52926991  -2.21246946
  1.12631871   0.15716412  -1.00479609  -0.08432703   1.61605767   0.94701152   0.18737580   1.53003303  -2.21172262
  1.12536838   0.15642166  -1.00521650  -0.08401077   1.61508353   0.94741174   0.18806257   1.53087179  -2.21101404
  1.12441975   0.15565812  -1.00565403  -0.08368021   1.61403625   0.94784167   0.18870178   1.53170785  -2.21027892
  1.12347317   0.15487434  -1.00611244  -0.08332876   1.61291025   0.94834500   0.18929349   1.53250397  -2.20952595
  1.12253003   0.15406987  -1.00659498  -0.08296049   1.61170314   0.94893335   0.18983046   1.53324797  -2.20875101
  1.12159158   0.15324695  -1.00710247  -0.08259010   1.61041701   0.94961565   0.19031423   1.53393588  -2.20794871
  1.12065726   0.15240988  -1.00762963  -0.08220446   1.60907408   0.95036474   0.19081281   1.53461992  -2.20715585
  1.11972667   0.15156417  -1.00816791  -0.08180593   1.60769159   0.95116005   0.19135660   1.53532609  -2.20638712
  1.11880012   0.15071554  -1.00870616  -0.08143608   1.60625582   0.95202158   0.19189840   1.53602294  -2.20560683
  1.11787787   0.14986781  -1.00924253  -0.08112167   1.60479971   0.95290420   0.19241574   1.53671435  -2.20478880
  1.11695857   0.14902575  -1.00977171  -0.08085953   1.60335689   0.95377445   0.19292125   1.53740899  -2.20394144
  1.11604172   0.14819374  -1.01029255  -0.08064299   1.60195837   0.95460751   0.19344063   1.53811966  -2.20307978
  1.11512693   0.14737217  -1.01081009  -0.08043398   1.60067578   0.95530825   0.19403232   1.53890449  -2.20224137
  1.11421606   0.14656048  -1.01131716  -0.08021570   1.59946933   0.95593776   0.19468267   1.53972439  -2.20144105
  1.11330766   0.14575729  -1.01180610  -0.08001038   1.59829863   0.95657222   0.19526847   1.54045576  -2.20062702
  1.11240056   0.14496377  -1.01227096  -0.07982631   1.59715202   0.95723525   0.19575886   1.54106482  -2.19978711
  1.11149711   0.14418388  -1.01271248  -0.07966833   1.59603085   0.95792575   0.19621224   1.54159783  -2.19894333
  1.11060103   0.14342035  -1.01313832  -0.07954551   1.59495285   0.95861600   0.19668890   1.54211554  -2.19811083
  1.10971183   0.14267165  -1.01355296  -0.07943566   1.59397343   0.95921219   0.19722805   1.54267943  -2.19730759
  1.10883048   0.14193906  -1.01395184  -0.07935213   1.59306079   0.95975867   0.19779104   1.54325109  -2.19651653
  1.10795899   0.14122308  -1.01433609  -0.07930405   1.59219192   0.96028638   0.19836302   1.54381478  -2.19572913
  1.10709752   0.14052173  -1.01471115  -0.07928747   1.59136919   0.96078956   0.19894557   1.54437505  -2.19494456
  1.10624261   0.13983173  -1.01507817  -0.07931294   1.59055371   0.96132911   0.19951073   1.54489139  -2.19414624
  1.10538894   0.13914672  -1.01544143  -0.07935585   1.58976868   0.96186139   0.20007052   1.54538475  -2.19334235
  1.10453144   0.13846414  -1.01579102  -0.07939819   1.58899720   0.96240662   0.20058984   1.54581672  -2.19253226
  1.10366779   0.13778275  -1.01612060  -0.07940981   1.58825746   0.96292467   0.20108201   1.54620778  -2.19173678
  1.10280045   0.13710434  -1.01642997  -0.07938300   1.58755617   0.96339981   0.20157322   1.54658473  -2.19097128
  1.10193325   0.13643187  -1.01671800  -0.07932039   1.58689378   0.96382765   0.20206941   1.54695755  -2.19023988
  1.10106945   0.13576839  -1.01698165  -0.07923354   1.58625807   0.96422523   0.20255544   1.54731395  -2.18953561
  1.10021198   0.13511672  -1.01722217  -0.07914668   1.58562968   0.96462706   0.20302563   1.54764302  -2.18884665
  1.09936450   0.13447830  -1.01744778  -0.07907527   1.58501751   0.96502604   0.20349357   1.54796069  -2.18816762
  1.09852823   0.13385477  -1.01765465  -0.07901571   1.58442641   0.96542158   0.20392743   1.54823853  -2.18749266
  1.09770669   0.13324923  -1.01784048  -0.07895853   1.58386292   0.96580526   0.20433569   1.54848289  -2.18683489
  1.09690368   0.13266283  -1.01800887  -0.07890162   1.58332182   0.96617903   0.20474962   1.54872092  -2.18620827
  1.09612214   0.13209542  -1.01816470  -0.07885012   1.58279940   0.96654557   0.20516681   1.54895506  -2.18560844
  1.09536580   0.13154627  -1.01831600  -0.07880819   1.58230145   0.96689164   0.20559079   1.54919910  -2.18503138
  1.09463819   0.13101493  -1.01847061  -0.07878260   1.58183309   0.96720979   0.20601295   1.54945385  -2.18446780
  1.09394088   0.13050129  -1.01863295  -0.07878282   1.58138516   0.96751964   0.20641984   1.54970362  -2.18390770
  1.09327402   0.13000590  -1.01880024  -0.07880496   1.58094981   0.96783432   0.20679792   1.54993196  -2.18335115
  1.09263832   0.12952994  -1.01896969  -0.07883691   1.58053226   0.96814428   0.20715481   1.55014524  -2.18280977
  1.09203409   0.12907346  -1.01914327  -0.07887717   1.58013084   0.96845073   0.20750796   1.55035682  -2.18229008
  1.09146064   0.12863541  -1.01932387  -0.07892405   1.57974890   0.96874743   0.20786708   1.55057668  -2.18179384
  1.09091617   0.12821482  -1.01950963  -0.07897393   1.57938520   0.96903397   0.20822361   1.55079836  -2.18131911
  1.09039900   0.12781148  -1.01969639  -0.07902166   1.57904301   0.96930137   0.20856794   1.55101776  -2.18086519
  1.08990818   0.12742640  -1.01987884  -0.07907043   1.57871174   0.96956323   0.20888753   1.55122231  -2.18042842
  1.08944294   0.12706001  -1.02005633  -0.07912537   1.57838813   0.96982426   0.20918742   1.55141542  -2.18000759
  1.08900236   0.12671256  -1.02022761  -0.07918178   1.57808182   0.97006981   0.20947419   1.55160521  -2.17960684
  1.08858542   0.12638384  -1.02039250  -0.07923854   1.57779015   0.97030313   0.20975900   1.55179855  -2.17923037
  1.08819094   0.12607271  -1.02055193  -0.07929517   1.57751475   0.97052104   0.21004080   1.55199592  -2.17887614
  1.08781784   0.12577815  -1.02070622  -0.07935101   1.57725456   0.97072515   0.21031383   1.55219224  -2.17854134
  1.08746536   0.12549997  -1.02085323  -0.07940529   1.57700585   0.97092194   0.21056246   1.55237279  -2.17822171
  1.08713331   0.12523795  -1.02099440  -0.07946081   1.57676564   0.97111764   0.21079001   1.55253791  -2.17791646
  1.08682120   0.12499165  -1.02113065  -0.07951521   1.57653673   0.97130807   0.21100406   1.55269389  -2.17762860
  1.08652842   0.12476079  -1.02126055  -0.07956547   1.57632052   0.97148930   0.21120235   1.55284025  -2.17735889
  1.08625448   0.12454506  -1.02138347  -0.07960634   1.57612438   0.97164791   0.21138957   1.55298464  -2.17711098
  1.08599937   0.12434441  -1.02149992  -0.07963999   1.57594301   0.97179142   0.21157189   1.55312987  -2.17688606
  1.08576292   0.12415896  -1.02160867  -0.07966885   1.57577132   0.97192774   0.21174066   1.55326732  -2.17668060
  1.08554528   0.12398863  -1.02170997  -0.07969700   1.57560564   0.97206256   0.21189003   1.55339198  -2.17649042
  1.08534655   0.12383305  -1.02180522  -0.07972472   1.57544864   0.97219169   0.21202222   1.55350732  -2.17631511
  1.08516668   0.12369173  -1.02189560  -0.07974948   1.57530509   0.97230823   0.21214035   1.55361733  -2.17615617
  1.08500562   0.12356422  -1.02198208  -0.07977030   1.57517421   0.97241351   0.21224771   1.55372368  -2.17601495
  1.08486319   0.12345000  -1.02206531  -0.07978794   1.57505288   0.97251191   0.21234372   1.55382493  -2.17589052
  1.08473903   0.12334845  -1.02214579  -0.07980349   1.57493845   0.97260634   0.21242721   1.55392013  -2.17578125
  1.08463260   0.12325878  -1.02222413  -0.07981776   1.57482971   0.97269707   0.21249860   1.55401052  -2.17568583
  1.08454320   0.12318021  -1.02230090  -0.07983141   1.57472615   0.97278347   0.21255931   1.55409814  -2.17560322
  1.08446993   0.12311192  -1.02237659  -0.07984514   1.57462726   0.97286548   0.21261076   1.55418447  -2.17553232
  1.08441176   0.12305306  -1.02245168  -0.07985967   1.57453262   0.97294365   0.21265393   1.55426996  -2.17547190
  1.08436750   0.12300280  -1.02252654  -0.07987523   1.57444231   0.97301826   0.21268974   1.55435462  -2.17542095
  1.08433579   0.12296032  -1.02260111  -0.07989175   1.57435626   0.97308978   0.21271896   1.55443809  -2.17537871
  1.08431522   0.12292481  -1.02267521  -0.07990915   1.57427442   0.97315862   0.21274202   1.55451979  -2.17534429
  1.08430429   0.12289551  -1.02274843  -0.07992705   1.57419694   0.97322464   0.21275975   1.55459961  -2.17531711
  1.08430151   0.12287169  -1.02282018  -0.07994516   1.57412372   0.97328767   0.21277308   1.55467771  -2.17529669
  1.08430542   0.12285267  -1.02288981  -0.07996359   1.57405432   0.97334795   0.21278261   1.55475409  -2.17528221
  1.08431469   0.12283775  -1.02295696  -0.07998267   1.57398841   0.97340572   0.21278876   1.55482867  -2.17527261
  1.08432808   0.12282625  -1.02302159  -0.08000265   1.57392593   0.97346111   0.21279203   1.55490135  -2.17526686
  1.08434445   0.12281743  -1.02308388  -0.08002349   1.57386697   0.97351430   0.21279298   1.55497195  -2.17526412
  1.08436277   0.12281064  -1.02314398  -0.08004488   1.57381153   0.97356550   0.21279220   1.55504027  -2.17526380
  1.08438210   0.12280527  -1.02320201  -0.08006643   1.57375948   0.97361492   0.21279017   1.55510619  -2.17526542
  1.08440159   0.12280075  -1.02325800  -0.08008776   1.57371064   0.97366261   0.21278723   1.55516968  -2.17526851
  1.08442052   0.12279663  -1.02331192  -0.08010857   1.57366478   0.97370856   0.21278360   1.55523081  -2.17527266
  1.08443826   0.12279252  -1.02336371  -0.08012866   1.57362163   0.97375278   0.21277942   1.55528963  -2.17527746
  1.08445429   0.12278811  -1.02341331  -0.08014788   1.57358096   0.97379530   0.21277483   1.55534621  -2.17528259
  1.08446822   0.12278318  -1.02346066  -0.08016616   1.57354257   0.97383617   0.21276996   1.55540062  -2.17528777
  1.08447971   0.12277756  -1.02350572  -0.08018346   1.57350631   0.97387549   0.21276496   1.55545287  -2.17529281
