  0.41769962   0.46580143  -1.27409999  -0.43300112   2.09290410   0.69139455   0.43860144   1.64320142  -1.13519819
  0.41769959   0.46580153  -1.27409998  -0.43300119   2.09290431   0.69139427   0.43860149   1.64320150  -1.13519807
  0.41769950   0.46580188  -1.27409991  -0.43300148   2.09290483   0.69139367   0.43860152   1.64320171  -1.13519768
  0.41769929   0.46580268  -1.27409975  -0.43300215   2.09290577   0.69139271   0.43860159   1.64320203  -1.13519688
  0.41769888   0.46580409  -1.27409950  -0.43300336   2.09290726   0.69139135   0.43860187   1.64320236  -1.13519548
  0.41769820   0.46580627  -1.27409917  -0.43300528   2.09290951   0.69138945   0.43860253   1.64320265  -1.13519333
  0.41769718   0.46580929  -1.27409876  -0.43300801   2.09291259   0.69138707   0.43860367   1.64320277  -1.13519032
  0.41769574   0.46581321  -1.27409825  -0.43301162   2.09291618   0.69138478   0.43860521   1.64320249  -1.13518642
  0.41769382   0.46581794  -1.27409757  -0.43301595   2.09292012   0.69138254   0.43860716   1.64320196  -1.13518168
  0.41769140   0.46582334  -1.27409663  -0.43302046   2.09292434   0.69138012   0.43860956   1.64320152  -1.13517647
  0.41768853   0.46582930  -1.27409534  -0.43302464   2.09292880   0.69137731   0.43861264   1.64320136  -1.13517129
  0.41768534   0.46583578  -1.27409358  -0.43302816   2.09293353   0.69137400   0.43861650   1.64320157  -1.13516660
  0.41768205   0.46584288  -1.27409126  -0.43303103   2.09293852   0.69137031   0.43862097   1.64320214  -1.13516267
  0.41767896   0.46585078  -1.27408826  -0.43303351   2.09294365   0.69136662   0.43862576   1.64320292  -1.13515967
  0.41767642   0.46585968  -1.27408451  -0.43303601   2.09294869   0.69136343   0.43863051   1.64320377  -1.13515766
  0.41767477   0.46586951  -1.27408011  -0.43303863   2.09295337   0.69136097   0.43863480   1.64320486  -1.13515671
  0.41767434   0.46587979  -1.27407537  -0.43304114   2.09295726   0.69135954   0.43863843   1.64320628  -1.13515715
  0.41767544   0.46588909  -1.27407101  -0.43304282   2.09295976   0.69135961   0.43864115   1.64320778  -1.13515954
  0.41767835   0.46589540  -1.27406784  -0.43304267   2.09296009   0.69136149   0.43864259   1.64320907  -1.13516460
  0.41768326   0.46589685  -1.27406635  -0.43303971   2.09295743   0.69136534   0.43864224   1.64321001  -1.13517295
  0.41769033   0.46589213  -1.27406660  -0.43303335   2.09295094   0.69137144   0.43863969   1.64321039  -1.13518514
  0.41769969   0.46588074  -1.27406830  -0.43302332   2.09294005   0.69137989   0.43863467   1.64321012  -1.13520158
  0.41771152   0.46586287  -1.27407094  -0.43300978   2.09292445   0.69139061   0.43862695   1.64320940  -1.13522243
  0.41772606   0.46583898  -1.27407416  -0.43299299   2.09290385   0.69140379   0.43861641   1.64320843  -1.13524776
  0.41774364   0.46580861  -1.27407833  -0.43297291   2.09287756   0.69142025   0.43860261   1.64320714  -1.13527775
  0.41776461   0.46577058  -1.27408423  -0.43294890   2.09284458   0.69144116   0.43858569   1.64320504  -1.13531308
  0.41778920   0.46572368  -1.27409241  -0.43292028   2.09280382   0.69146773   0.43856580   1.64320155  -1.13535452
  0.41781757   0.46566701  -1.27410318  -0.43288638   2.09275464   0.69150008   0.43854301   1.64319678  -1.13540255
  0.41784988   0.46559964  -1.27411683  -0.43284654   2.09269648   0.69153832   0.43851725   1.64319084  -1.13545764
  0.41788627   0.46552081  -1.27413346  -0.43280030   2.09262862   0.69158274   0.43848839   1.64318370  -1.13552019
  0.41792686   0.46543012  -1.27415279  -0.43274745   2.09255043   0.69163356   0.43845628   1.64317536  -1.13559056
  0.41797180   0.46532738  -1.27417439  -0.43268795   2.09246128   0.69169092   0.43842066   1.64316583  -1.13566902
  0.41802132   0.46521182  -1.27419827  -0.43262164   2.09236028   0.69175537   0.43838103   1.64315501  -1.13575581
  0.41807565   0.46508248  -1.27422474  -0.43254818   2.09224680   0.69182731   0.43833694   1.64314277  -1.13585126
  0.41813501   0.46493873  -1.27425405  -0.43246715   2.09212083   0.69190651   0.43828809   1.64312922  -1.13595568
  0.41819955   0.46478023  -1.27428645  -0.43237821   2.09198297   0.69199233   0.43823416   1.64311461  -1.13606932
  0.41826952   0.46460644  -1.27432231  -0.43228122   2.09183340   0.69208482   0.43817460   1.64309876  -1.13619235
  0.41834513   0.46441678  -1.27436195  -0.43217604   2.09167147   0.69218521   0.43810993   1.64308067  -1.13632539
  0.41842654   0.46421114  -1.27440542  -0.43206264   2.09149689   0.69229446   0.43804022   1.64305961  -1.13646893
  0.41851396   0.46398906  -1.27445298  -0.43194070   2.09130893   0.69241336   0.43796573   1.64303535  -1.13662344
  0.41860757   0.46375009  -1.27450481  -0.43180980   2.09110677   0.69254240   0.43788671   1.64300795  -1.13678931
  0.41870749   0.46349399  -1.27456058  -0.43166961   2.09088970   0.69268118   0.43780326   1.64297811  -1.13696678
  0.41881383   0.46322073  -1.27461970  -0.43151986   2.09065721   0.69282869   0.43771518   1.64294698  -1.13715590
  0.41892671   0.46292992  -1.27468236  -0.43136036   2.09040919   0.69298479   0.43762143   1.64291507  -1.13735652
  0.41904635   0.46262065  -1.27474969  -0.43119086   2.09014603   0.69315038   0.43752058   1.64288196  -1.13756865
  0.41917291   0.46229168  -1.27482291  -0.43101044   2.08986816   0.69332655   0.43741271   1.64284634  -1.13779327
  0.41930654   0.46194210  -1.27490243  -0.43081861   2.08957519   0.69351421   0.43729794   1.64280734  -1.13803110
  0.41944738   0.46157192  -1.27498779  -0.43061557   2.08926594   0.69371460   0.43717622   1.64276452  -1.13828244
  0.41959552   0.46118184  -1.27507796  -0.43040200   2.08893869   0.69392910   0.43704745   1.64271775  -1.13854724
  0.41975110   0.46077228  -1.27517223  -0.43017822   2.08859249   0.69415811   0.43691168   1.64266723  -1.13882557
  0.41991430   0.46034326  -1.27527009  -0.42994439   2.08822667   0.69440170   0.43676891   1.64261310  -1.13911760
  0.42008535   0.45989384  -1.27537152  -0.42970026   2.08784040   0.69466002   0.43661889   1.64255523  -1.13942363
  0.42026447   0.45942244  -1.27547684  -0.42944517   2.08743297   0.69493298   0.43646136   1.64249353  -1.13974415
  0.42045187   0.45892701  -1.27558697  -0.42917790   2.08700402   0.69522034   0.43629637   1.64242781  -1.14007993
  0.42064773   0.45840492  -1.27570354  -0.42889656   2.08655366   0.69552173   0.43612431   1.64235778  -1.14043208
  0.42085222   0.45785341  -1.27582837  -0.42859906   2.08608237   0.69583675   0.43594566   1.64228291  -1.14080189
  0.42106528   0.45727107  -1.27596172  -0.42828447   2.08559073   0.69616538   0.43576017   1.64220207  -1.14119034
  0.42128670   0.45665803  -1.27610220  -0.42795326   2.08507894   0.69650806   0.43556692   1.64211388  -1.14159786
  0.42151637   0.45601516  -1.27624799  -0.42760638   2.08454570   0.69686529   0.43536520   1.64201839  -1.14202415
  0.42175435   0.45534319  -1.27639776  -0.42724464   2.08398943   0.69723740   0.43515468   1.64191620  -1.14246882
  0.42200082   0.45464259  -1.27655072  -0.42686855   2.08340868   0.69762471   0.43493537   1.64180795  -1.14293163
  0.42225600   0.45391357  -1.27670668  -0.42647834   2.08280243   0.69802809   0.43470764   1.64169362  -1.14341274
  0.42252010   0.45315613  -1.27686590  -0.42607400   2.08216998   0.69844895   0.43447212   1.64157249  -1.14391264
  0.42279327   0.45237019  -1.27702850  -0.42565548   2.08151072   0.69888849   0.43422926   1.64144387  -1.14443182
  0.42307558   0.45155606  -1.27719402  -0.42522303   2.08082423   0.69934743   0.43397922   1.64130728  -1.14497055
  0.42336710   0.45071388  -1.27736196  -0.42477697   2.08010958   0.69982687   0.43372202   1.64116218  -1.14552906
  0.42366784   0.44984352  -1.27753205  -0.42431721   2.07936595   0.70032762   0.43345786   1.64100823  -1.14610769
  0.42397777   0.44894420  -1.27770459  -0.42384276   2.07859332   0.70084950   0.43318725   1.64084542  -1.14670720
  0.42429678   0.44801442  -1.27788056  -0.42335153   2.07779265   0.70139120   0.43291110   1.64067402  -1.14732884
  0.42462473   0.44705232  -1.27806114  -0.42284098   2.07696550   0.70195040   0.43263042   1.64049474  -1.14797400
  0.42496155   0.44605704  -1.27824607  -0.42231021   2.07611272   0.70252424   0.43234523   1.64030889  -1.14864287
  0.42530726   0.44502910  -1.27843323  -0.42176054   2.07523412   0.70310942   0.43205428   1.64011847  -1.14933412
  0.42566197   0.44396985  -1.27861964  -0.42119455   2.07432895   0.70370270   0.43175578   1.63992572  -1.15004566
  0.42602588   0.44287986  -1.27880506  -0.42061262   2.07339800   0.70430250   0.43144992   1.63973152  -1.15077717
  0.42639916   0.44175948  -1.27899132  -0.42001345   2.07244340   0.70490916   0.43113929   1.63953497  -1.15153011
  0.42678187   0.44060916  -1.27918189  -0.41939446   2.07146855   0.70552484   0.43082891   1.63933334  -1.15230743
  0.42717404   0.43942925  -1.27938062  -0.41875271   2.07047693   0.70615277   0.43052443   1.63912305  -1.15311265
  0.42757569   0.43821970  -1.27958730  -0.41808837   2.06946811   0.70679441   0.43022623   1.63890277  -1.15394635
  0.42798692   0.43698030  -1.27979833  -0.41740410   2.06843931   0.70744958   0.42993105   1.63867238  -1.15480721
  0.42840783   0.43571078  -1.28000816  -0.41670401   2.06738657   0.70811704   0.42963374   1.63843229  -1.15569289
  0.42883865   0.43441070  -1.28021311  -0.41599100   2.06630683   0.70879629   0.42933075   1.63818265  -1.15660185
  0.42927964   0.43307945  -1.28041208  -0.41526614   2.06519845   0.70948778   0.42902079   1.63792316  -1.15753370
  0.42973100   0.43171632  -1.28060565  -0.41452904   2.06406088   0.71019242   0.42870444   1.63765332  -1.15848902
  0.43019275   0.43032064  -1.28079534  -0.41377841   2.06289448   0.71091144   0.42838318   1.63737229  -1.15946894
  0.43066470   0.42889197  -1.28098202  -0.41301364   2.06169958   0.71164662   0.42805693   1.63707874  -1.16047402
  0.43114650   0.42742943  -1.28116623  -0.41223364   2.06047592   0.71239999   0.42772647   1.63677091  -1.16150548
  0.43163765   0.42593147  -1.28134847  -0.41143641   2.05922253   0.71317375   0.42739419   1.63644678  -1.16256550
  0.43213753   0.42439643  -1.28152836  -0.41062027   2.05793787   0.71396986   0.42706222   1.63610437  -1.16365620
  0.43264553   0.42282433  -1.28170237  -0.40978742   2.05662011   0.71478863   0.42672666   1.63574285  -1.16477623
  0.43316134   0.42121594  -1.28186772  -0.40894007   2.05526795   0.71562962   0.42638437   1.63536259  -1.16592399
  0.43368508   0.41957196  -1.28202454  -0.40807851   2.05388117   0.71649328   0.42603585   1.63496390  -1.16709936
  0.43421720   0.41789305  -1.28217554  -0.40720151   2.05246079   0.71738086   0.42568434   1.63454688  -1.16830335
  0.43475813   0.41618032  -1.28232374  -0.40630827   2.05100920   0.71829295   0.42533132   1.63411195  -1.16953603
  0.43530818   0.41443538  -1.28247196  -0.40539896   2.04953014   0.71922907   0.42497542   1.63365994  -1.17079595
  0.43586757   0.41266042  -1.28262280  -0.40447468   2.04802871   0.72018771   0.42461237   1.63319207  -1.17208015
  0.43643632   0.41085766  -1.28277881  -0.40353629   2.04651056   0.72116646   0.42423734   1.63271007  -1.17338533
  0.43701382   0.40902736  -1.28294318  -0.40257959   2.04497890   0.72216217   0.42385426   1.63221711  -1.17471262
  0.43759881   0.40716752  -1.28311898  -0.40159637   2.04343444   0.72317085   0.42347370   1.63171729  -1.17606683
  0.43818934   0.40527425  -1.28330555  -0.40058318   2.04187810   0.72418690   0.42309552   1.63121247  -1.17744818
  0.43878303   0.40334283  -1.28349822  -0.39954235   2.04031130   0.72520451   0.42270824   1.63070107  -1.17885225
  0.43937788   0.40137116  -1.28369037  -0.39847721   2.03873448   0.72622367   0.42230454   1.63017648  -1.18027804
  0.43997258   0.39936029  -1.28387444  -0.39739141   2.03714636   0.72724925   0.42188325   1.62962960  -1.18172785
  0.44056696   0.39731294  -1.28404382  -0.39629093   2.03554240   0.72828148   0.42144144   1.62906030  -1.18319880
  0.44116186   0.39523317  -1.28419384  -0.39518332   2.03391621   0.72931629   0.42097455   1.62847649  -1.18468336
  0.44175828   0.39312672  -1.28432367  -0.39407246   2.03226695   0.73035557   0.42048475   1.62787955  -1.18617987
  0.44235718   0.39100086  -1.28443641  -0.39295799   2.03059894   0.73140832   0.41998154   1.62726357  -1.18769309
  0.44295972   0.38886399  -1.28453727  -0.39183860   2.02891296   0.73248550   0.41947576   1.62662675  -1.18922655
  0.44356722   0.38672546  -1.28463307  -0.39071284   2.02720402   0.73359871   0.41897813   1.62597413  -1.19078076
  0.44418128   0.38459534  -1.28473130  -0.38957985   2.02546409   0.73475995   0.41849881   1.62531422  -1.19235423
  0.44480369   0.38248295  -1.28483649  -0.38844185   2.02369106   0.73598020   0.41804565   1.62464765  -1.19394700
  0.44543583   0.38039528  -1.28495062  -0.38730223   2.02188403   0.73726812   0.41762259   1.62397256  -1.19555878
  0.44607815   0.37833683  -1.28507262  -0.38616436   2.02004108   0.73862802   0.41723029   1.62328855  -1.19718837
  0.44672986   0.37631001  -1.28519692  -0.38503195   2.01815872   0.74005859   0.41686579   1.62259750  -1.19883324
  0.44738915   0.37431490  -1.28531439  -0.38390875   2.01623233   0.74155353   0.41652254   1.62190320  -1.20048961
  0.44805392   0.37234820  -1.28541763  -0.38279585   2.01425896   0.74310459   0.41619262   1.62120925  -1.20215438
  0.44872181   0.37040285  -1.28550407  -0.38168849   2.01223931   0.74470236   0.41587193   1.62051858  -1.20382787
  0.44939017   0.36846803  -1.28557639  -0.38057539   2.01017799   0.74633627   0.41556127   1.61983351  -1.20551442
  0.45005610   0.36653031  -1.28563923  -0.37944213   2.00808132   0.74799355   0.41526277   1.61915696  -1.20721991
  0.45071726   0.36457754  -1.28569029  -0.37828175   2.00595087   0.74965799   0.41497080   1.61849427  -1.20894464
  0.45137328   0.36259751  -1.28573268  -0.37708800   2.00379021   0.75132046   0.41468610   1.61784455  -1.21069182
  0.45202573   0.36057786  -1.28577479  -0.37585539   2.00160484   0.75297962   0.41441499   1.61720003  -1.21246757
  0.45267668   0.35850857  -1.28581692  -0.37458686   1.99939457   0.75463402   0.41415264   1.61655369  -1.21427223
  0.45332819   0.35638250  -1.28585750  -0.37328680   1.99715735   0.75628208   0.41389263   1.61590123  -1.21610451
  0.45398195   0.35419573  -1.28589407  -0.37196049   1.99489277   0.75792258   0.41362974   1.61523805  -1.21796308
  0.45463915   0.35194754  -1.28592291  -0.37061457   1.99260253   0.75955468   0.41335976   1.61455847  -1.21984656
  0.45530055   0.34964045  -1.28593913  -0.36925692   1.99029042   0.76117794   0.41307965   1.61385571  -1.22175359
  0.45596651   0.34727927  -1.28593764  -0.36789538   1.98796076   0.76279261   0.41278789   1.61312349  -1.22368297
  0.45663723   0.34486751  -1.28591697  -0.36653279   1.98561201   0.76440042   0.41248580   1.61236244  -1.22563376
  0.45731282   0.34240655  -1.28588008  -0.36516572   1.98323533   0.76600487   0.41217787   1.61158153  -1.22760538
  0.45799325   0.33989563  -1.28583438  -0.36378445   1.98081463   0.76761106   0.41187190   1.61079801  -1.22959766
  0.45867837   0.33733193  -1.28579158  -0.36237295   1.97832674   0.76922563   0.41157935   1.61003732  -1.23161095
  0.45936796   0.33471145  -1.28576578  -0.36091119   1.97574459   0.77085583   0.41131436   1.60932971  -1.23364606
  0.46006200   0.33203230  -1.28576637  -0.35938535   1.97304903   0.77250672   0.41108803   1.60869686  -1.23570354
  0.46076094   0.32929505  -1.28579869  -0.35778905   1.97023365   0.77417997   0.41090726   1.60814892  -1.23778345
  0.46146673   0.32649983  -1.28587373  -0.35611856   1.96731097   0.77587223   0.41077629   1.60768602  -1.23988557
  0.46218284   0.32364494  -1.28600755  -0.35437357   1.96430286   0.77758413   0.41069592   1.60729698  -1.24200959
  0.46291198   0.32073172  -1.28620927  -0.35256315   1.96121590   0.77934364   0.41066370   1.60695433  -1.24415676
  0.46365486   0.31776389  -1.28647944  -0.35069919   1.95804894   0.78117791   0.41067785   1.60663355  -1.24632777
  0.46441030   0.31474527  -1.28681307  -0.34879637   1.95480043   0.78310364   0.41072418   1.60631665  -1.24851630
  0.46517527   0.31167951  -1.28720110  -0.34686989   1.95146864   0.78512863   0.41078207   1.60599128  -1.25071179
  0.46594487   0.30856917  -1.28762984  -0.34492844   1.94805074   0.78724915   0.41083714   1.60565428  -1.25290668
  0.46671264   0.30541568  -1.28808587  -0.34297484   1.94454525   0.78946045   0.41088117   1.60530275  -1.25509769
  0.46747073   0.30222009  -1.28855703  -0.34100850   1.94095328   0.79175836   0.41090786   1.60493223  -1.25728330
  0.46821040   0.29898319  -1.28903377  -0.33902646   1.93727940   0.79413604   0.41090812   1.60453998  -1.25946017
  0.46892258   0.29570593  -1.28950804  -0.33702425   1.93352987   0.79658370   0.41087126   1.60412607  -1.26162325
  0.46959891   0.29239094  -1.28996942  -0.33499722   1.92970710   0.79909062   0.41079312   1.60369429  -1.26376959
  0.47023171   0.28904174  -1.29041130  -0.33293742   1.92581556   0.80164826   0.41067544   1.60324845  -1.26589921
  0.47081491   0.28566315  -1.29083022  -0.33083654   1.92186051   0.80425016   0.41052375   1.60279280  -1.26801345
  0.47134409   0.28226067  -1.29122307  -0.32868749   1.91784534   0.80688960   0.41034499   1.60233391  -1.27011357
  0.47181606   0.27883783  -1.29158736  -0.32648397   1.91377254   0.80955843   0.41014499   1.60187934  -1.27220044
  0.47222960   0.27539558  -1.29192543  -0.32421821   1.90964683   0.81224882   0.40993068   1.60143597  -1.27427630
  0.47258547   0.27193268  -1.29224401  -0.32188575   1.90547611   0.81495778   0.40970542   1.60100384  -1.27634253
  0.47288634   0.26844590  -1.29255390  -0.31948691   1.90127161   0.81768806   0.40946743   1.60057470  -1.27839883
  0.47313652   0.26493104  -1.29286716  -0.31702674   1.89704480   0.82044618   0.40921113   1.60013555  -1.28044331
  0.47334076   0.26138687  -1.29318550  -0.31451473   1.89279437   0.82323464   0.40893316   1.59968268  -1.28247305
  0.47350414   0.25781553  -1.29350128  -0.31196401   1.88850759   0.82605174   0.40863235   1.59922181  -1.28448396
  0.47363268   0.25422003  -1.29381395  -0.30938896   1.88417963   0.82889801   0.40830361   1.59875501  -1.28646932
  0.47373344   0.25060355  -1.29413423  -0.30680465   1.87981845   0.83177791   0.40793616   1.59827739  -1.28841926
  0.47381401   0.24697017  -1.29448064  -0.30422449   1.87544028   0.83469977   0.40751895   1.59777994  -1.29032381
  0.47388019   0.24332737  -1.29486566  -0.30165351   1.87105245   0.83767432   0.40705710   1.59725988  -1.29218248
  0.47393569   0.23968537  -1.29529494  -0.29909625   1.86665666   0.84070990   0.40655730   1.59671930  -1.29399482
  0.47398260   0.23605425  -1.29577445  -0.29655240   1.86225638   0.84381324   0.40602964   1.59616142  -1.29576274
  0.47402147   0.23244285  -1.29631136  -0.29401586   1.85785797   0.84698796   0.40548714   1.59559103  -1.29749076
  0.47405097   0.22885942  -1.29690725  -0.29148141   1.85346465   0.85023368   0.40493896   1.59501491  -1.29918151
  0.47406780   0.22531272  -1.29755832  -0.28894566   1.84907698   0.85354773   0.40439077   1.59444053  -1.30083563
  0.47406678   0.22181267  -1.29825576  -0.28640676   1.84469294   0.85692603   0.40384566   1.59387592  -1.30245200
  0.47404114   0.21836980  -1.29898612  -0.28386486   1.84030790   0.86036336   0.40330396   1.59332921  -1.30402768
  0.47398403   0.21499235  -1.29973441  -0.28132201   1.83591630   0.86385403   0.40276332   1.59280629  -1.30555865
  0.47388939   0.21168464  -1.30049098  -0.27877634   1.83151727   0.86739397   0.40222529   1.59230877  -1.30704485
  0.47375222   0.20844686  -1.30125302  -0.27622060   1.82711550   0.87098088   0.40169666   1.59183424  -1.30849116
  0.47356896   0.20527546  -1.30202289  -0.27364351   1.82271844   0.87461280   0.40118621   1.59137937  -1.30990557
  0.47333732   0.20216412  -1.30280296  -0.27103545   1.81833132   0.87828648   0.40069840   1.59094170  -1.31129434
  0.47305617   0.19910603  -1.30358977  -0.26839502   1.81395241   0.88199672   0.40023139   1.59052006  -1.31265855
  0.47272588   0.19609278  -1.30437586  -0.26572904   1.80957586   0.88573526   0.39977631   1.59011337  -1.31399359
  0.47234845   0.19311407  -1.30515058  -0.26305205   1.80519274   0.88949063   0.39931740   1.58972020  -1.31528936
  0.47192742   0.19015764  -1.30590018  -0.26038596   1.80079115   0.89324821   0.39883241   1.58933873  -1.31653047
  0.47146756   0.18720986  -1.30661001  -0.25775604   1.79635742   0.89699242   0.39829637   1.58896691  -1.31769965
  0.47097365   0.18425770  -1.30727302  -0.25517658   1.79188135   0.90071479   0.39769489   1.58860211  -1.31878890
  0.47045109   0.18128906  -1.30789294  -0.25265141   1.78736028   0.90441450   0.39702475   1.58823934  -1.31979931
  0.46990577   0.17829339  -1.30848109  -0.25017612   1.78279805   0.90809405   0.39628913   1.58787388  -1.32073794
  0.46934310   0.17526132  -1.30905694  -0.24773464   1.77820609   0.91175880   0.39550282   1.58750100  -1.32162019
  0.46876751   0.17218510  -1.30963998  -0.24530966   1.77359594   0.91541385   0.39468231   1.58711741  -1.32246117
  0.46818311   0.16906000  -1.31024143  -0.24289229   1.76897355   0.91905734   0.39383573   1.58672606  -1.32326827
  0.46759308   0.16588463  -1.31086951  -0.24047527   1.76434376   0.92268455   0.39296980   1.58633386  -1.32404649
  0.46699907   0.16266004  -1.31153381  -0.23804755   1.75971399   0.92629425   0.39209520   1.58594592  -1.32480342
  0.46640117   0.15939021  -1.31224208  -0.23559990   1.75509249   0.92989067   0.39122206   1.58556197  -1.32554627
  0.46579896   0.15608256  -1.31299800  -0.23312683   1.75048421   0.93347960   0.39036015   1.58518199  -1.32628066
  0.46519111   0.15274749  -1.31380505  -0.23062036   1.74589464   0.93706646   0.38952248   1.58480871  -1.32701354
  0.46457536   0.14939693  -1.31467048  -0.22806581   1.74133379   0.94065868   0.38872867   1.58444445  -1.32775664
  0.46394890   0.14604387  -1.31559674  -0.22545444   1.73680731   0.94426255   0.38799308   1.58409276  -1.32851711
  0.46330951   0.14270170  -1.31658189  -0.22278467   1.73231629   0.94788205   0.38732441   1.58375916  -1.32929714
  0.46265403   0.13938389  -1.31761869  -0.22006007   1.72785845   0.95151816   0.38672549   1.58345012  -1.33009427
  0.46197803   0.13610342  -1.31869600  -0.21728612   1.72342921   0.95516998   0.38619618   1.58317213  -1.33090385
  0.46127622   0.13287099  -1.31980393  -0.21446486   1.71902610   0.95883596   0.38573694   1.58293034  -1.33172266
  0.46054345   0.12969404  -1.32093350  -0.21159456   1.71464692   0.96251119   0.38534971   1.58273160  -1.33254952
  0.45977563   0.12657608  -1.32207928  -0.20867205   1.71029173   0.96619066   0.38503556   1.58258074  -1.33338401
  0.45896907   0.12351687  -1.32324036  -0.20569408   1.70596504   0.96987277   0.38479326   1.58247590  -1.33422597
  0.45812028   0.12051380  -1.32441685  -0.20265919   1.70167252   0.97355804   0.38461897   1.58241050  -1.33507451
  0.45722630   0.11756588  -1.32559896  -0.19957190   1.69740904   0.97724209   0.38450714   1.58238397  -1.33592523
  0.45628571   0.11467127  -1.32677650  -0.19643650   1.69316677   0.98091750   0.38445319   1.58239984  -1.33677388
  0.45529871   0.11182874  -1.32794122  -0.19325890   1.68893815   0.98457898   0.38445216   1.58246084  -1.33761597
  0.45426724   0.10903478  -1.32908601  -0.19004588   1.68471484   0.98821932   0.38449754   1.58257085  -1.33844618
  0.45319500   0.10628377  -1.33020621  -0.18680410   1.68048877   0.99183114   0.38458278   1.58273360  -1.33925974
  0.45208739   0.10357009  -1.33130133  -0.18354167   1.67625379   0.99541280   0.38470277   1.58294834  -1.34005320
  0.45095142   0.10088807  -1.33237443  -0.18026783   1.67200519   0.99896572   0.38485342   1.58321241  -1.34082375
  0.44979557   0.09823303  -1.33343014  -0.17699366   1.66773846   1.00249114   0.38502966   1.58352480  -1.34156746
  0.44862903   0.09560136  -1.33447494  -0.17373031   1.66345002   1.00599073   0.38522720   1.58388561  -1.34228052
  0.44746029   0.09299074  -1.33551453  -0.17048855   1.65913643   1.00946577   0.38544219   1.58429578  -1.34295901
  0.44629667   0.09040049  -1.33655589  -0.16727506   1.65479698   1.01291686   0.38567353   1.58475824  -1.34360097
  0.44514469   0.08782878  -1.33760836  -0.16409196   1.65043404   1.01634467   0.38592247   1.58527534  -1.34420726
  0.44401004   0.08527247  -1.33868231  -0.16093865   1.64605186   1.01975097   0.38619145   1.58584716  -1.34478073
  0.44289734   0.08272785  -1.33978511  -0.15781501   1.64165288   1.02313625   0.38648168   1.58647358  -1.34532331
  0.44181053   0.08019099  -1.34092220  -0.15472100   1.63723860   1.02649981   0.38679336   1.58715472  -1.34583631
  0.44075298   0.07765856  -1.34210233  -0.15165213   1.63281420   1.02984304   0.38713021   1.58788999  -1.34632434
  0.43972737   0.07513004  -1.34333159  -0.14860530   1.62838308   1.03316694   0.38749598   1.58868060  -1.34679065
  0.43873574   0.07260748  -1.34461237  -0.14557988   1.62394593   1.03647154   0.38789335   1.58952968  -1.34723621
  0.43777949   0.07009232  -1.34594620  -0.14257516   1.61950350   1.03975701   0.38832424   1.59043902  -1.34766198
  0.43685854   0.06758496  -1.34733165  -0.13959118   1.61505516   1.04302401   0.38878902   1.59140758  -1.34806832
  0.43597129   0.06508486  -1.34876319  -0.13662931   1.61059794   1.04627198   0.38928624   1.59243307  -1.34845415
  0.43511465   0.06259065  -1.35023126  -0.13369217   1.60612648   1.04949863   0.38981297   1.59351234  -1.34881681
  0.43428431   0.06010027  -1.35172436  -0.13078202   1.60163484   1.05270120   0.39036604   1.59464124  -1.34915366
  0.43347574   0.05761209  -1.35323649  -0.12789530   1.59712258   1.05588075   0.39094530   1.59581386  -1.34946666
  0.43268429   0.05512566  -1.35476525  -0.12502546   1.59259284   1.05904073   0.39155267   1.59702398  -1.34976013
  0.43190523   0.05264199  -1.35630897  -0.12216572   1.58804963   1.06218508   0.39219056   1.59826606  -1.35003836
  0.43113428   0.05016344  -1.35786095  -0.11931497   1.58349217   1.06531446   0.39285830   1.59953723  -1.35030124
  0.43036806   0.04769242  -1.35941373  -0.11647491   1.57891818   1.06842788   0.39355349   1.60083601  -1.35054656
  0.42960426   0.04523013  -1.36096269  -0.11364604   1.57432698   1.07152326   0.39427376   1.60216224  -1.35077258
  0.42884160   0.04277698  -1.36250618  -0.11082597   1.56971929   1.07459957   0.39501949   1.60351609  -1.35098023
  0.42807874   0.04033395  -1.36404265  -0.10801097   1.56509606   1.07765552   0.39579230   1.60489870  -1.35117124
  0.42731501   0.03790167  -1.36557223  -0.10519678   1.56045915   1.08068989   0.39659415   1.60631163  -1.35134774
  0.42655044   0.03548023  -1.36709309  -0.10238552   1.55580792   1.08369968   0.39742248   1.60775622  -1.35150720
  0.42578554   0.03306903  -1.36860195  -0.09958179   1.55113948   1.08668267   0.39827385   1.60923242  -1.35164629
  0.42502127   0.03066678  -1.37009801  -0.09678888   1.54645261   1.08963838   0.39914553   1.61073894  -1.35176325
  0.42425833   0.02827260  -1.37158046  -0.09401108   1.54174655   1.09256613   0.40003361   1.61227435  -1.35185536
  0.42349704   0.02588626  -1.37305056  -0.09125278   1.53702304   1.09546553   0.40093285   1.61383725  -1.35191914
  0.42273761   0.02350783  -1.37450857  -0.08851462   1.53228301   1.09833476   0.40184146   1.61542870  -1.35195342
  0.42197992   0.02113756  -1.37595612  -0.08579592   1.52752929   1.10117179   0.40275820   1.61705013  -1.35195747
  0.42122468   0.01877558  -1.37739614  -0.08309576   1.52276494   1.10397439   0.40368219   1.61870388  -1.35193072
  0.42047368   0.01642170  -1.37883252  -0.08041311   1.51799258   1.10673997   0.40461292   1.62039365  -1.35187279
  0.41972940   0.01407553  -1.38027023  -0.07774683   1.51321491   1.10946626   0.40554997   1.62212359  -1.35178356
  0.41899334   0.01173663  -1.38171565  -0.07509519   1.50843690   1.11215359   0.40649337   1.62389464  -1.35166386
  0.41826556   0.00940488  -1.38317498  -0.07245618   1.50366488   1.11480471   0.40744350   1.62570440  -1.35151514
  0.41754431   0.00708143  -1.38465030  -0.06982874   1.49890313   1.11742306   0.40839935   1.62754923  -1.35133830
  0.41682630   0.00476839  -1.38614654  -0.06720940   1.49416006   1.12001572   0.40936004   1.62942269  -1.35113595
  0.41610648   0.00246949  -1.38766428  -0.06459055   1.48944142   1.12258937   0.41032905   1.63131988  -1.35091295
  0.41537821   0.00018997  -1.38919916  -0.06196256   1.48474906   1.12515018   0.41131333   1.63323731  -1.35067490
  0.41463336  -0.00206352  -1.39074238  -0.05931434   1.48008125   1.12770412   0.41232316   1.63517241  -1.35042776
  0.41386293  -0.00428380  -1.39228244  -0.05663536   1.47543432   1.13025708   0.41336948   1.63712221  -1.35017697
  0.41305933  -0.00646672  -1.39381214  -0.05392451   1.47080888   1.13281584   0.41445233   1.63907801  -1.34992337
  0.41221684  -0.00861144  -1.39532887  -0.05119239   1.46620823   1.13538833   0.41556129   1.64102523  -1.34966147
  0.41133131  -0.01071884  -1.39682643  -0.04845335   1.46163042   1.13797912   0.41668574   1.64295083  -1.34938352
  0.41040033  -0.01279214  -1.39830093  -0.04572029   1.45707335   1.14059246   0.41781623   1.64484234  -1.34908336
  0.40942325  -0.01483607  -1.39975336  -0.04300009   1.45253753   1.14323288   0.41894664   1.64668954  -1.34875904
  0.40840100  -0.01685528  -1.40118350  -0.04029646   1.44802256   1.14589489   0.42007162   1.64849257  -1.34840729
  0.40733592  -0.01885379  -1.40258821  -0.03760934   1.44352569   1.14856231   0.42118730   1.65026317  -1.34802363
  0.40623099  -0.02083473  -1.40396430  -0.03492905   1.43904301   1.15121801   0.42229691   1.65201889  -1.34760927
  0.40508904  -0.02280082  -1.40531823  -0.03223920   1.43457883   1.15385399   0.42340853   1.65377222  -1.34717223
  0.40391349  -0.02475365  -1.40666344  -0.02952506   1.43014347   1.15646850   0.42452910   1.65553118  -1.34672122
  0.40270791  -0.02669256  -1.40800853  -0.02678025   1.42574307   1.15905874   0.42566216   1.65730326  -1.34625967
  0.40147539  -0.02861617  -1.40936456  -0.02400915   1.42138625   1.16162599   0.42680512   1.65908906  -1.34578501
  0.40021937  -0.03052255  -1.41073482  -0.02122766   1.41707420   1.16416842   0.42794975   1.66088831  -1.34528707
  0.39894452  -0.03241154  -1.41211872  -0.01845534   1.41280299   1.16668142   0.42908614   1.66270153  -1.34475342
  0.39765647  -0.03428564  -1.41351619  -0.01571349   1.40856767   1.16916031   0.43020292   1.66452766  -1.34417115
  0.39636116  -0.03614948  -1.41493022  -0.01301777   1.40436527   1.17160176   0.43129128   1.66636538  -1.34353163
  0.39506446  -0.03800879  -1.41636785  -0.01037685   1.40019645   1.17400380   0.43234540   1.66821408  -1.34283098
  0.39377223  -0.03987015  -1.41784030  -0.00779271   1.39606571   1.17636578   0.43336226   1.67007399  -1.34206987
  0.39248985  -0.04174028  -1.41936047  -0.00526094   1.39197949   1.17868765   0.43434207   1.67194669  -1.34125299
  0.39122091  -0.04362335  -1.42093552  -0.00277247   1.38794099   1.18096781   0.43528884   1.67383688  -1.34038703
  0.38996714  -0.04552084  -1.42257070  -0.00031660   1.38395427   1.18320407   0.43620768   1.67575041  -1.33947874
  0.38872845  -0.04743147  -1.42426683   0.00211669   1.38002164   1.18539373   0.43710376   1.67769354  -1.33853373
  0.38750315  -0.04935204  -1.42602429   0.00453328   1.37614669   1.18753636   0.43797996   1.67966922  -1.33755501
  0.38628761  -0.05127675  -1.42783663   0.00693947   1.37232910   1.18963013   0.43884046   1.68168160  -1.33654512
  0.38507650  -0.05319814  -1.42969560   0.00934156   1.36856879   1.19167420   0.43968952   1.68373360  -1.33550635
  0.38386322  -0.05510798  -1.43159434   0.01173698   1.36486786   1.19367186   0.44052575   1.68582144  -1.33443603
  0.38263973  -0.05699710  -1.43351912   0.01412018   1.36122357   1.19562459   0.44134693   1.68794101  -1.33332891
  0.38139794  -0.05885757  -1.43545328   0.01648377   1.35763062   1.19753096   0.44214944   1.69008897  -1.33217785
  0.38013030  -0.06068434  -1.43738290   0.01882289   1.35408487   1.19939079   0.44292997   1.69226050  -1.33097806
  0.37883008  -0.06247538  -1.43929998   0.02114064   1.35058535   1.20120804   0.44368865   1.69444929  -1.32973150
  0.37749144  -0.06423116  -1.44120263   0.02344721   1.34713453   1.20299108   0.44442864   1.69664726  -1.32844642
  0.37610974  -0.06595391  -1.44309599   0.02575851   1.34373895   1.20475378   0.44515640   1.69884376  -1.32713677
  0.37468180  -0.06764688  -1.44498792   0.02809191   1.34040597   1.20651019   0.44588021   1.70102872  -1.32581789
  0.37320601  -0.06931345  -1.44688509   0.03045862   1.33714074   1.20827140   0.44660469   1.70319383  -1.32450086
  0.37168174  -0.07095503  -1.44878935   0.03285681   1.33394402   1.21004448   0.44732856   1.70533169  -1.32318731
  0.37010920  -0.07257117  -1.45069535   0.03526900   1.33081073   1.21182964   0.44804350   1.70743656  -1.32186669
  0.36848966  -0.07416027  -1.45259515   0.03767455   1.32773287   1.21362420   0.44874051   1.70950553  -1.32052558
  0.36682560  -0.07572138  -1.45448647   0.04006213   1.32470612   1.21542858   0.44941578   1.71153686  -1.31915786
  0.36512075  -0.07725527  -1.45637615   0.04243322   1.32173234   1.21724763   0.45007240   1.71352975  -1.31776740
  0.36337947  -0.07876331  -1.45827412   0.04479299   1.31881546   1.21908676   0.45071550   1.71548426  -1.31636076
  0.36160574  -0.08024617  -1.46018822   0.04714188   1.31595833   1.22094883   0.45134777   1.71740109  -1.31494025
  0.35980297  -0.08170356  -1.46212179   0.04947500   1.31316101   1.22283301   0.45196898   1.71928214  -1.31350322
  0.35797376  -0.08313441  -1.46406803   0.05178583   1.31041620   1.22473249   0.45257722   1.72113302  -1.31204455
  0.35612031  -0.08453763  -1.46601275   0.05406780   1.30771103   1.22663595   0.45316974   1.72296219  -1.31055812
  0.35424588  -0.08591502  -1.46794917   0.05631650   1.30503747   1.22853454   0.45374435   1.72477606  -1.30904001
  0.35235475  -0.08727050  -1.46987450   0.05852839   1.30238949   1.23042061   0.45429893   1.72657993  -1.30748751
  0.35045210  -0.08860952  -1.47178856   0.06070099   1.29976215   1.23228731   0.45483171   1.72837855  -1.30589919
  0.34854376  -0.08993873  -1.47369388   0.06283345   1.29715201   1.23412879   0.45534152   1.73017630  -1.30427527
  0.34663609  -0.09126584  -1.47559568   0.06492663   1.29455715   1.23594027   0.45582782   1.73197709  -1.30261765
  0.34473567  -0.09259900  -1.47750091   0.06698286   1.29197685   1.23771793   0.45629069   1.73378458  -1.30092958
  0.34284790  -0.09394410  -1.47941474   0.06900481   1.28941024   1.23945859   0.45673090   1.73560249  -1.29921432
  0.34097638  -0.09530374  -1.48134011   0.07099582   1.28685671   1.24115989   0.45715044   1.73743484  -1.29747510
  0.33912295  -0.09667786  -1.48327925   0.07296286   1.28431709   1.24282045   0.45755366   1.73928639  -1.29571711
  0.33728833  -0.09806469  -1.48523219   0.07491324   1.28179175   1.24443832   0.45794536   1.74116259  -1.29394516
  0.33547298  -0.09946249  -1.48719831   0.07685333   1.27928076   1.24601138   0.45832958   1.74306845  -1.29216327
  0.33367683  -0.10086963  -1.48918008   0.07879091   1.27678682   1.24754102   0.45871060   1.74500660  -1.29037713
  0.33189827  -0.10228201  -1.49117798   0.08073535   1.27431244   1.24903024   0.45909451   1.74697907  -1.28859336
  0.33013428  -0.10369333  -1.49318738   0.08269269   1.27185708   1.25048100   0.45948649   1.74898781  -1.28681544
  0.32838156  -0.10509822  -1.49520431   0.08467083   1.26942113   1.25189543   0.45989175   1.75103439  -1.28504823
  0.32663722  -0.10649297  -1.49722565   0.08667784   1.26700514   1.25327518   0.46031478   1.75311999  -1.28329675
  0.32489968  -0.10787551  -1.49924771   0.08871792   1.26460780   1.25462038   0.46075793   1.75524570  -1.28156358
  0.32316905  -0.10924576  -1.50126475   0.09078896   1.26222448   1.25592758   0.46122021   1.75741317  -1.27984668
  0.32144680  -0.11060542  -1.50326911   0.09288345   1.25984773   1.25718994   0.46169750   1.75962472  -1.27814002
  0.31973458  -0.11195678  -1.50525480   0.09499407   1.25747130   1.25840204   0.46218533   1.76188150  -1.27643819
  0.31803329  -0.11330130  -1.50722174   0.09711486   1.25509334   1.25956713   0.46267994   1.76417896  -1.27473897
  0.31634312  -0.11463885  -1.50916759   0.09923899   1.25271053   1.26068941   0.46317807   1.76651197  -1.27303958
  0.31466383  -0.11596804  -1.51108677   0.10135687   1.25031747   1.26177154   0.46367566   1.76887604  -1.27133476
  0.31299494  -0.11728738  -1.51297503   0.10346104   1.24791012   1.26281692   0.46416962   1.77126672  -1.26962082
  0.31133577  -0.11859548  -1.51483045   0.10554812   1.24548625   1.26383103   0.46465890   1.77367925  -1.26789730
  0.30968597  -0.11989137  -1.51665473   0.10762027   1.24304585   1.26482209   0.46514528   1.77610872  -1.26616818
  0.30804556  -0.12117531  -1.51845516   0.10968600   1.24059283   1.26580144   0.46563274   1.77854985  -1.26444270
  0.30641471  -0.12244786  -1.52023868   0.11175133   1.23813080   1.26677940   0.46612392   1.78099725  -1.26272808
  0.30479363  -0.12370906  -1.52200624   0.11381245   1.23565865   1.26776261   0.46661716   1.78344505  -1.26102417
  0.30318231  -0.12495876  -1.52375632   0.11586204   1.23317365   1.26875596   0.46710909   1.78588744  -1.25932801
  0.30158018  -0.12619678  -1.52548815   0.11789584   1.23067422   1.26976490   0.46759745   1.78831880  -1.25763863
  0.29998619  -0.12742281  -1.52720050   0.11991139   1.22815898   1.27079446   0.46808051   1.79073414  -1.25595596
  0.29839920  -0.12863632  -1.52889190   0.12190888   1.22562735   1.27184683   0.46855721   1.79313161  -1.25428080
  0.29681829  -0.12983701  -1.53056144   0.12389108   1.22307984   1.27292146   0.46902717   1.79551233  -1.25261485
  0.29524384  -0.13102671  -1.53221101   0.12586117   1.22051827   1.27401727   0.46949004   1.79787727  -1.25096044
  0.29367748  -0.13220929  -1.53384490   0.12782221   1.21794517   1.27513285   0.46994534   1.80022710  -1.24932022
  0.29212129  -0.13338833  -1.53546579   0.12977686   1.21536153   1.27626491   0.47039239   1.80256439  -1.24769624
  0.29057758  -0.13456718  -1.53707403   0.13172785   1.21276631   1.27740812   0.47083056   1.80489379  -1.24609007
  0.28904894  -0.13575040  -1.53866889   0.13367925   1.21015709   1.27855609   0.47125997   1.80722024  -1.24450409
  0.28753802  -0.13694161  -1.54024974   0.13563406   1.20753152   1.27970314   0.47168069   1.80954847  -1.24294015
  0.28604662  -0.13814255  -1.54181831   0.13759217   1.20488964   1.28084815   0.47209155   1.81187980  -1.24139886
  0.28457552  -0.13935287  -1.54337831   0.13955057   1.20223375   1.28199443   0.47249042   1.81421205  -1.23987969
  0.28312447  -0.14057008  -1.54493250   0.14150632   1.19956653   1.28314599   0.47287637   1.81654302  -1.23838170
  0.28169208  -0.14178956  -1.54648472   0.14346010   1.19689273   1.28430787   0.47325144   1.81887134  -1.23690555
  0.28027574  -0.14300487  -1.54803886   0.14541546   1.19421860   1.28548529   0.47361970   1.82119675  -1.23545301
  0.27887173  -0.14420852  -1.54959181   0.14737277   1.19154721   1.28667887   0.47398174   1.82352076  -1.23402302
  0.27747564  -0.14539288  -1.55113426   0.14933014   1.18887842   1.28788477   0.47433516   1.82584674  -1.23261240
  0.27608424  -0.14655289  -1.55265977   0.15129125   1.18621235   1.28909915   0.47468062   1.82817924  -1.23122173
  0.27469589  -0.14768628  -1.55416212   0.15326182   1.18354704   1.29031679   0.47501974   1.83052395  -1.22985318
  0.27331027  -0.14879264  -1.55563500   0.15524669   1.18087885   1.29153130   0.47535359   1.83288698  -1.22850856
  0.27192731  -0.14987125  -1.55707617   0.15724612   1.17820746   1.29273843   0.47568141   1.83527178  -1.22718712
  0.27054741  -0.15092420  -1.55848688   0.15926039   1.17553439   1.29393546   0.47600154   1.83767936  -1.22588890
  0.26917070  -0.15195547  -1.55986799   0.16128221   1.17286043   1.29511912   0.47630835   1.84010722  -1.22460857
  0.26779690  -0.15297157  -1.56123031   0.16330560   1.17019337   1.29629340   0.47659568   1.84254688  -1.22334326
  0.26642564  -0.15397736  -1.56258052   0.16533490   1.16753760   1.29746285   0.47686168   1.84499366  -1.22209779
  0.26505653  -0.15497523  -1.56392168   0.16738093   1.16489471   1.29863187   0.47710836   1.84744652  -1.22088133
  0.26368987  -0.15596649  -1.56525858   0.16944806   1.16226728   1.29980551   0.47733584   1.84990313  -1.21969892
  0.26232696  -0.15695245  -1.56660205   0.17152807   1.15966177   1.30099178   0.47753983   1.85235606  -1.21854781
  0.26096908  -0.15793570  -1.56796430   0.17359484   1.15708677   1.30219618   0.47770879   1.85479249  -1.21741214
  0.25961710  -0.15892036  -1.56935491   0.17561437   1.15454936   1.30342108   0.47782801   1.85719769  -1.21626933
  0.25827107  -0.15991134  -1.57077860   0.17756399   1.15205211   1.30466864   0.47788683   1.85955994  -1.21510419
  0.25693008  -0.16091149  -1.57223418   0.17944157   1.14959214   1.30594212   0.47788352   1.86187466  -1.21391521
  0.25559193  -0.16192230  -1.57371939   0.18126174   1.14716712   1.30724391   0.47782192   1.86414379  -1.21271181
  0.25425299  -0.16294625  -1.57522764   0.18304239   1.14477345   1.30857143   0.47770565   1.86637168  -1.21150422
  0.25290895  -0.16398611  -1.57675090   0.18480282   1.14240759   1.30992088   0.47753805   1.86856273  -1.21030358
  0.25155588  -0.16504275  -1.57827770   0.18656609   1.14006289   1.31128833   0.47732516   1.87072355  -1.20912420
  0.25019078  -0.16611805  -1.57980062   0.18834862   1.13773591   1.31267007   0.47707025   1.87285821  -1.20797618
  0.24881196  -0.16721522  -1.58132329   0.19015622   1.13543141   1.31406692   0.47677235   1.87496435  -1.20686347
  0.24741848  -0.16833477  -1.58284302   0.19199232   1.13314827   1.31547734   0.47643132   1.87704293  -1.20578800
  0.24601001  -0.16947485  -1.58435678   0.19385968   1.13088479   1.31690055   0.47604773   1.87909628  -1.20475174
  0.24458667  -0.17063205  -1.58586332   0.19575994   1.12864042   1.31833778   0.47562217   1.88112648  -1.20375650
  0.24314878  -0.17179983  -1.58735715   0.19769376   1.12641129   1.31978888   0.47515676   1.88313834  -1.20280313
  0.24169713  -0.17296828  -1.58882647   0.19966305   1.12418825   1.32125104   0.47465629   1.88514129  -1.20189301
  0.24023349  -0.17412613  -1.59026143   0.20166697   1.12196316   1.32272218   0.47412544   1.88714519  -1.20102607
  0.23876085  -0.17526428  -1.59165962   0.20369455   1.11973307   1.32420178   0.47356521   1.88915526  -1.20019545
  0.23728239  -0.17637679  -1.59302794   0.20572467   1.11750228   1.32569296   0.47297224   1.89116935  -1.19938738
  0.23580108  -0.17745930  -1.59437681   0.20773891   1.11527775   1.32720071   0.47234346   1.89318376  -1.19859038
  0.23431937  -0.17850981  -1.59571871   0.20972669   1.11306766   1.32873277   0.47167669   1.89519351  -1.19779939
  0.23283928  -0.17952560  -1.59706223   0.21168599   1.11087657   1.33029592   0.47097242   1.89719757  -1.19701528
  0.23136321  -0.18050593  -1.59842915   0.21360505   1.10871953   1.33190343   0.47022848   1.89918626  -1.19623254
  0.22989427  -0.18145024  -1.59984768   0.21547074   1.10661617   1.33357165   0.46944328   1.90114771  -1.19544500
  0.22843444  -0.18235590  -1.60133041   0.21728610   1.10457378   1.33531235   0.46862108   1.90307784  -1.19465781
  0.22698404  -0.18321985  -1.60287278   0.21907166   1.10258618   1.33713091   0.46777124   1.90498053  -1.19388810
  0.22554203  -0.18404053  -1.60446227   0.22084777   1.10064250   1.33902629   0.46690071   1.90686196  -1.19315160
  0.22410654  -0.18481773  -1.60608145   0.22262196   1.09872923   1.34099218   0.46601063   1.90872708  -1.19245291
  0.22267497  -0.18555369  -1.60771280   0.22439665   1.09683370   1.34302017   0.46509873   1.91057878  -1.19179180
  0.22124436  -0.18625356  -1.60934368   0.22617552   1.09494760   1.34510305   0.46416132   1.91241735  -1.19116894
  0.21981230  -0.18692234  -1.61096362   0.22796189   1.09306378   1.34723494   0.46319504   1.91424253  -1.19058521
  0.21837653  -0.18756759  -1.61256668   0.22976098   1.09117827   1.34941207   0.46219645   1.91605125  -1.19004313
  0.21693479  -0.18819993  -1.61415333   0.23158075   1.08929223   1.35163283   0.46116183   1.91783747  -1.18954763
  0.21548586  -0.18882990  -1.61571939   0.23342870   1.08740175   1.35389337   0.46008763   1.91959731  -1.18910327
  0.21402946  -0.18946734  -1.61725847   0.23531095   1.08550033   1.35618819   0.45897026   1.92132898  -1.18871367
  0.21256560  -0.19012267  -1.61876946   0.23723401   1.08358580   1.35851350   0.45780604   1.92302946  -1.18838294
  0.21109495  -0.19080358  -1.62024966   0.23920457   1.08165433   1.36086514   0.45659257   1.92469840  -1.18811568
  0.20961947  -0.19151524  -1.62170131   0.24122598   1.07970528   1.36324141   0.45532787   1.92633590  -1.18791484
  0.20814225  -0.19226023  -1.62312561   0.24330061   1.07773557   1.36564138   0.45401168   1.92794414  -1.18778324
  0.20666792  -0.19304093  -1.62452543   0.24542800   1.07574196   1.36806472   0.45264370   1.92952551  -1.18772229
  0.20520244  -0.19385787  -1.62590871   0.24760397   1.07372471   1.37051285   0.45122313   1.93108276  -1.18773158
  0.20375252  -0.19470943  -1.62728742   0.24982046   1.07168731   1.37298891   0.44974869   1.93261882  -1.18780860
  0.20232380  -0.19559264  -1.62867096   0.25206780   1.06963195   1.37549653   0.44821872   1.93413610  -1.18794927
  0.20092059  -0.19650240  -1.63006347   0.25434297   1.06755758   1.37803893   0.44663331   1.93563920  -1.18815489
  0.19954621  -0.19743199  -1.63146799   0.25664852   1.06546347   1.38062015   0.44499468   1.93713322  -1.18843143
  0.19820312  -0.19837345  -1.63288157   0.25899342   1.06334412   1.38324410   0.44330644   1.93862481  -1.18879037
  0.19689301  -0.19931998  -1.63430096   0.26138367   1.06119397   1.38591463   0.44157053   1.94011889  -1.18924011
  0.19561734  -0.20026747  -1.63573231   0.26381398   1.05901677   1.38863567   0.43978445   1.94161597  -1.18977902
  0.19437705  -0.20121201  -1.63718323   0.26626488   1.05681839   1.39141241   0.43794180   1.94311194  -1.19039324
  0.19317229  -0.20214814  -1.63865312   0.26871371   1.05459841   1.39424948   0.43603523   1.94460283  -1.19106596
  0.19200292  -0.20306870  -1.64014058   0.27114728   1.05235545   1.39715337   0.43406206   1.94608604  -1.19178845
  0.19086856  -0.20396591  -1.64164976   0.27355781   1.05009369   1.40013170   0.43202148   1.94755943  -1.19255660
  0.18976814  -0.20483423  -1.64318794   0.27594111   1.04782177   1.40318842   0.42991115   1.94902258  -1.19336828
  0.18869977  -0.20566751  -1.64475433   0.27830056   1.04554078   1.40632588   0.42773023   1.95047818  -1.19422720
  0.18766078  -0.20646030  -1.64634123   0.28064018   1.04324420   1.40955011   0.42547938   1.95192513  -1.19513723
  0.18664830  -0.20720670  -1.64793145   0.28297177   1.04091724   1.41286650   0.42315978   1.95336345  -1.19610967
  0.18565951  -0.20790005  -1.64950320   0.28531948   1.03854196   1.41627629   0.42077267   1.95479853  -1.19716749
  0.18469224  -0.20853465  -1.65103316   0.28770074   1.03609829   1.41977953   0.41831640   1.95623528  -1.19832821
  0.18374489  -0.20910779  -1.65251224   0.29012087   1.03357746   1.42338100   0.41578778   1.95767156  -1.19959818
  0.18281591  -0.20961932  -1.65394511   0.29258507   1.03098144   1.42708913   0.41318404   1.95910167  -1.20098301
  0.18190363  -0.21006829  -1.65533664   0.29509282   1.02831412   1.43090978   0.41050050   1.96052089  -1.20248307
  0.18100560  -0.21045486  -1.65668827   0.29763909   1.02557814   1.43484646   0.40773212   1.96192331  -1.20409317
  0.18011844  -0.21078217  -1.65800218   0.30022113   1.02277825   1.43890094   0.40487422   1.96330110  -1.20580821
  0.17923786  -0.21105586  -1.65927730   0.30284147   1.01991667   1.44307417   0.40192291   1.96464515  -1.20762599
  0.17835941  -0.21128387  -1.66051405   0.30549688   1.01699700   1.44736655   0.39887423   1.96594436  -1.20953723
  0.17747885  -0.21147604  -1.66171904   0.30817932   1.01402885   1.45177773   0.39572426   1.96718646  -1.21152686
  0.17659141  -0.21164069  -1.66289960   0.31087187   1.01102362   1.45630737   0.39247010   1.96835939  -1.21357036
  0.17569160  -0.21178314  -1.66405951   0.31355467   1.00799006   1.46095674   0.38911048   1.96945201  -1.21563994
  0.17477271  -0.21190755  -1.66518982   0.31620491   1.00492602   1.46572553   0.38564509   1.97045531  -1.21770327
  0.17382656  -0.21201570  -1.66626372   0.31879595   1.00181395   1.47061119   0.38207331   1.97136412  -1.21972314
  0.17284338  -0.21210625  -1.66723562   0.32129936   0.99861957   1.47560990   0.37839362   1.97217761  -1.22166012
  0.17181256  -0.21217419  -1.66804687   0.32368190   0.99529528   1.48071935   0.37460304   1.97289897  -1.22347105
  0.17072395  -0.21221171  -1.66863867   0.32590339   0.99179154   1.48593932   0.37069640   1.97353523  -1.22510842
  0.16956804  -0.21220965  -1.66896101   0.32791685   0.98806437   1.49127468   0.36666627   1.97409427  -1.22652062
  0.16833592  -0.21215856  -1.66897538   0.32966938   0.98407819   1.49673524   0.36250233   1.97458450  -1.22765272
  0.16701926  -0.21205138  -1.66865912   0.33110380   0.97981092   1.50233236   0.35818992   1.97501565  -1.22844727
  0.16561023  -0.21188419  -1.66800679   0.33215903   0.97525537   1.50807862   0.35370917   1.97539932  -1.22884429
  0.16410140  -0.21165665  -1.66703087   0.33277177   0.97041941   1.51398927   0.34903513   1.97574938  -1.22878171
  0.16248531  -0.21137321  -1.66576362   0.33288283   0.96532563   1.52008582   0.34413961   1.97608122  -1.22819855
  0.16075448  -0.21104325  -1.66425698   0.33243768   0.96000957   1.52639824   0.33899335   1.97641413  -1.22703236
  0.15890151  -0.21068096  -1.66258166   0.33138505   0.95451684   1.53296670   0.33356876   1.97677602  -1.22521439
  0.15691924  -0.21030509  -1.66082556   0.32967536   0.94889914   1.53984373   0.32784424   1.97721011  -1.22266444
  0.15480053  -0.20993819  -1.65908618   0.32726225   0.94320701   1.54709336   0.32181251   1.97778190  -1.21928929
  0.15253717  -0.20960393  -1.65744591   0.32411351   0.93747653   1.55477936   0.31549662   1.97857718  -1.21499446
  0.15011962  -0.20932608  -1.65596418   0.32021503   0.93172591   1.56296063   0.30896068   1.97969531  -1.20968983
  0.14753706  -0.20912797  -1.65467613   0.31557301   0.92595755   1.57168825   0.30231561   1.98123545  -1.20329305
  0.14477773  -0.20903139  -1.65359210   0.31021551   0.92016211   1.58100164   0.29571932   1.98327685  -1.19573124
  0.14182995  -0.20905366  -1.65269739   0.30419018   0.91432353   1.59092435   0.28936910   1.98585666  -1.18694024
  0.13868246  -0.20920688  -1.65195475   0.29756548   0.90842689   1.60146038   0.28348375   1.98894286  -1.17686913
  0.13532433  -0.20949825  -1.65130855   0.29043065   0.90246811   1.61259181   0.27826970   1.99240601  -1.16549650
  0.13174477  -0.20993120  -1.65069011   0.28289024   0.89646463   1.62427784   0.27386467   1.99599797  -1.15286695
  0.12793274  -0.21050720  -1.65002262   0.27505290   0.89046488   1.63645403   0.27026532   1.99935500  -1.13914226
  0.12387678  -0.21122702  -1.64922298   0.26702355   0.88455424   1.64903151   0.26727815   2.00203560  -1.12463129
  0.11956534  -0.21208990  -1.64820022   0.25891424   0.87885910   1.66190084   0.26454150   2.00356097  -1.10975872
  0.11498739  -0.21309166  -1.64685244   0.25086163   0.87353910   1.67494122   0.26161579   2.00341601  -1.09497466
  0.11013278  -0.21422299  -1.64506683   0.24304303   0.86877256   1.68803581   0.25808862   2.00102503  -1.08065221
  0.10499241  -0.21546882  -1.64272239   0.23568504   0.86473867   1.70108544   0.25364638   1.99574842  -1.06701920
  0.09955801  -0.21680908  -1.63969431   0.22906555   0.86160222   1.71401288   0.24807526   1.98690572  -1.05415532
  0.09382159  -0.21822136  -1.63586076   0.22351675   0.85950088   1.72676299   0.24118038   1.97376280  -1.04203888
  0.08777485  -0.21968320  -1.63111357   0.21944454   0.85852776   1.73930055   0.23262018   1.95545707  -1.03054819
  0.08140756  -0.22116723  -1.62538493   0.21746496   0.85869067   1.75144974   0.22167128   1.93114670  -1.01937353
