  0.41770016   0.46579993  -1.27409998  -0.43300069   2.09290180   0.69139701   0.43860034   1.64320049  -1.13519922
  0.41770017   0.46579993  -1.27409998  -0.43300073   2.09290191   0.69139683   0.43860036   1.64320051  -1.13519918
  0.41770021   0.46579992  -1.27409996  -0.43300090   2.09290223   0.69139630   0.43860044   1.64320056  -1.13519903
  0.41770029   0.46579993  -1.27409990  -0.43300129   2.09290281   0.69139536   0.43860060   1.64320057  -1.13519873
  0.41770044   0.46579997  -1.27409979  -0.43300198   2.09290367   0.69139399   0.43860087   1.64320051  -1.13519827
  0.41770069   0.46580007  -1.27409960  -0.43300302   2.09290481   0.69139217   0.43860124   1.64320035  -1.13519761
  0.41770105   0.46580024  -1.27409932  -0.43300446   2.09290624   0.69138993   0.43860173   1.64320008  -1.13519678
  0.41770156   0.46580053  -1.27409894  -0.43300630   2.09290786   0.69138740   0.43860233   1.64319964  -1.13519582
  0.41770224   0.46580096  -1.27409834  -0.43300840   2.09290955   0.69138483   0.43860305   1.64319898  -1.13519499
  0.41770318   0.46580156  -1.27409740  -0.43301053   2.09291128   0.69138218   0.43860384   1.64319820  -1.13519459
  0.41770445   0.46580235  -1.27409598  -0.43301247   2.09291310   0.69137931   0.43860463   1.64319746  -1.13519491
  0.41770617   0.46580333  -1.27409399  -0.43301411   2.09291506   0.69137610   0.43860535   1.64319687  -1.13519618
  0.41770850   0.46580451  -1.27409137  -0.43301545   2.09291716   0.69137251   0.43860597   1.64319641  -1.13519855
  0.41771160   0.46580587  -1.27408814  -0.43301656   2.09291934   0.69136862   0.43860652   1.64319602  -1.13520214
  0.41771567   0.46580736  -1.27408428  -0.43301742   2.09292135   0.69136462   0.43860696   1.64319570  -1.13520716
  0.41772089   0.46580887  -1.27407985  -0.43301792   2.09292285   0.69136080   0.43860708   1.64319562  -1.13521381
  0.41772750   0.46581014  -1.27407503  -0.43301787   2.09292339   0.69135750   0.43860663   1.64319596  -1.13522225
  0.41773574   0.46581065  -1.27407027  -0.43301708   2.09292213   0.69135546   0.43860542   1.64319681  -1.13523264
  0.41774587   0.46580955  -1.27406615  -0.43301518   2.09291808   0.69135567   0.43860345   1.64319797  -1.13524529
  0.41775813   0.46580586  -1.27406322  -0.43301170   2.09291048   0.69135872   0.43860061   1.64319936  -1.13526057
  0.41777271   0.46579861  -1.27406178  -0.43300612   2.09289874   0.69136487   0.43859673   1.64320085  -1.13527891
  0.41778980   0.46578690  -1.27406187  -0.43299794   2.09288248   0.69137416   0.43859158   1.64320227  -1.13530088
  0.41780956   0.46577003  -1.27406333  -0.43298674   2.09286155   0.69138641   0.43858480   1.64320348  -1.13532702
  0.41783215   0.46574741  -1.27406595  -0.43297225   2.09283567   0.69140161   0.43857616   1.64320423  -1.13535781
  0.41785778   0.46571832  -1.27406972  -0.43295427   2.09280377   0.69142102   0.43856548   1.64320382  -1.13539385
  0.41788670   0.46568187  -1.27407487  -0.43293249   2.09276486   0.69144548   0.43855245   1.64320198  -1.13543551
  0.41791916   0.46563716  -1.27408174  -0.43290637   2.09271842   0.69147499   0.43853659   1.64319903  -1.13548312
  0.41795541   0.46558335  -1.27409057  -0.43287535   2.09266436   0.69150907   0.43851756   1.64319532  -1.13553705
  0.41799572   0.46551966  -1.27410155  -0.43283896   2.09260231   0.69154791   0.43849518   1.64319068  -1.13559790
  0.41804038   0.46544534  -1.27411483  -0.43279692   2.09253166   0.69159188   0.43846918   1.64318497  -1.13566607
  0.41808969   0.46535973  -1.27413051  -0.43274904   2.09245164   0.69164149   0.43843928   1.64317808  -1.13574190
  0.41814391   0.46526231  -1.27414870  -0.43269506   2.09236179   0.69169692   0.43840537   1.64317003  -1.13582577
  0.41820331   0.46515248  -1.27416964  -0.43263470   2.09226127   0.69175892   0.43836766   1.64316051  -1.13591816
  0.41826818   0.46502958  -1.27419363  -0.43256758   2.09214928   0.69182825   0.43832613   1.64314936  -1.13601957
  0.41833880   0.46489291  -1.27422094  -0.43249328   2.09202523   0.69190532   0.43828041   1.64313666  -1.13613043
  0.41841544   0.46474196  -1.27425167  -0.43241151   2.09188884   0.69199010   0.43823007   1.64312256  -1.13625105
  0.41849838   0.46457621  -1.27428573  -0.43232189   2.09173948   0.69208334   0.43817455   1.64310683  -1.13638210
  0.41858793   0.46439513  -1.27432306  -0.43222435   2.09157624   0.69218618   0.43811375   1.64308879  -1.13652419
  0.41868435   0.46419821  -1.27436368  -0.43211891   2.09139862   0.69229884   0.43804771   1.64306816  -1.13667756
  0.41878788   0.46398485  -1.27440774  -0.43200541   2.09120602   0.69242142   0.43797620   1.64304512  -1.13684233
  0.41889869   0.46375443  -1.27445544  -0.43188348   2.09099809   0.69255367   0.43789901   1.64302001  -1.13701869
  0.41901691   0.46350639  -1.27450691  -0.43175267   2.09077468   0.69269518   0.43781604   1.64299321  -1.13720689
  0.41914268   0.46324015  -1.27456226  -0.43161254   2.09053542   0.69284599   0.43772733   1.64296472  -1.13740733
  0.41927607   0.46295519  -1.27462150  -0.43146257   2.09027970   0.69300693   0.43763286   1.64293412  -1.13762071
  0.41941719   0.46265109  -1.27468451  -0.43130243   2.09000714   0.69317852   0.43753279   1.64290089  -1.13784767
  0.41956616   0.46232733  -1.27475134  -0.43113175   2.08971731   0.69336106   0.43742705   1.64286489  -1.13808865
  0.41972315   0.46198329  -1.27482215  -0.43095027   2.08940953   0.69355526   0.43731551   1.64282578  -1.13834402
  0.41988830   0.46161829  -1.27489708  -0.43075787   2.08908288   0.69376225   0.43719808   1.64278292  -1.13861417
  0.42006177   0.46123167  -1.27497622  -0.43055423   2.08873668   0.69398290   0.43707443   1.64273588  -1.13889958
  0.42024367   0.46082285  -1.27505956  -0.43033844   2.08837127   0.69421621   0.43694384   1.64268544  -1.13920076
  0.42043413   0.46039146  -1.27514701  -0.43010971   2.08798741   0.69446073   0.43680641   1.64263219  -1.13951833
  0.42063333   0.45993724  -1.27523800  -0.42986756   2.08758402   0.69471841   0.43666147   1.64257518  -1.13985352
  0.42084159   0.45945997  -1.27533163  -0.42961160   2.08715888   0.69499329   0.43650733   1.64251272  -1.14020796
  0.42105941   0.45895933  -1.27542763  -0.42934072   2.08671255   0.69528412   0.43634237   1.64244619  -1.14058258
  0.42128735   0.45843491  -1.27552624  -0.42905419   2.08624632   0.69558769   0.43616590   1.64237777  -1.14097744
  0.42152601   0.45788638  -1.27562760  -0.42875181   2.08576042   0.69590357   0.43597890   1.64230710  -1.14139345
  0.42177605   0.45731345  -1.27573165  -0.42843357   2.08525403   0.69623301   0.43578186   1.64223327  -1.14183168
  0.42203817   0.45671577  -1.27583852  -0.42809979   2.08472638   0.69657640   0.43557495   1.64215613  -1.14229246
  0.42231307   0.45609291  -1.27594863  -0.42775067   2.08417686   0.69693373   0.43535853   1.64207589  -1.14277597
  0.42260138   0.45544444  -1.27606235  -0.42738595   2.08360519   0.69730488   0.43513296   1.64199278  -1.14328283
  0.42290368   0.45477014  -1.27617964  -0.42700540   2.08301099   0.69769103   0.43489855   1.64190579  -1.14381423
  0.42322043   0.45406984  -1.27630028  -0.42660941   2.08239327   0.69809435   0.43465583   1.64181311  -1.14437120
  0.42355203   0.45334345  -1.27642395  -0.42619874   2.08175126   0.69851595   0.43440464   1.64171377  -1.14495384
  0.42389873   0.45259074  -1.27655060  -0.42577372   2.08108448   0.69895554   0.43414435   1.64160833  -1.14556178
  0.42426066   0.45181151  -1.27668031  -0.42533393   2.08039313   0.69941181   0.43387445   1.64149807  -1.14619488
  0.42463786   0.45100558  -1.27681295  -0.42487882   2.07967716   0.69988498   0.43359508   1.64138280  -1.14685384
  0.42503036   0.45017288  -1.27694810  -0.42440778   2.07893603   0.70037667   0.43330632   1.64126139  -1.14753991
  0.42543816   0.44931319  -1.27708560  -0.42392053   2.07816898   0.70088821   0.43300865   1.64113294  -1.14825381
  0.42586122   0.44842616  -1.27722549  -0.42341687   2.07737564   0.70141904   0.43270147   1.64099833  -1.14899520
  0.42629939   0.44751136  -1.27736792  -0.42289595   2.07655646   0.70196696   0.43238359   1.64085971  -1.14976353
  0.42675246   0.44656841  -1.27751287  -0.42235674   2.07571201   0.70252983   0.43205366   1.64071913  -1.15055852
  0.42722035   0.44559723  -1.27765980  -0.42179736   2.07484287   0.70310749   0.43171111   1.64057680  -1.15138194
  0.42770316   0.44459780  -1.27780842  -0.42121679   2.07395004   0.70369885   0.43135640   1.64043285  -1.15223497
  0.42820105   0.44357017  -1.27795820  -0.42061561   2.07303351   0.70430401   0.43098937   1.64028663  -1.15311767
  0.42871418   0.44251453  -1.27810830  -0.41999441   2.07209240   0.70492517   0.43060975   1.64013621  -1.15403074
  0.42924269   0.44143095  -1.27825801  -0.41935352   2.07112522   0.70556606   0.43021831   1.63997863  -1.15497560
  0.42978677   0.44031933  -1.27840718  -0.41869295   2.07013091   0.70622847   0.42981593   1.63981265  -1.15595307
  0.43034665   0.43917947  -1.27855573  -0.41801157   2.06910968   0.70691168   0.42940227   1.63963911  -1.15696402
  0.43092258   0.43801111  -1.27870366  -0.41730835   2.06806240   0.70761210   0.42897518   1.63946147  -1.15800794
  0.43151487   0.43681382  -1.27885149  -0.41658269   2.06698991   0.70832493   0.42853159   1.63928455  -1.15908298
  0.43212374   0.43558659  -1.27900098  -0.41583412   2.06589183   0.70905010   0.42807117   1.63910937  -1.16018843
  0.43274923   0.43432874  -1.27915284  -0.41506115   2.06476806   0.70979027   0.42759623   1.63893325  -1.16132670
  0.43339135   0.43304028  -1.27930614  -0.41426291   2.06361787   0.71054966   0.42710967   1.63875170  -1.16250118
  0.43405022   0.43172152  -1.27945926  -0.41344022   2.06243923   0.71133266   0.42661358   1.63856058  -1.16371383
  0.43472599   0.43037286  -1.27961055  -0.41259448   2.06123031   0.71214107   0.42610771   1.63835851  -1.16496468
  0.43541882   0.42899470  -1.27975877  -0.41172646   2.05999018   0.71297419   0.42559052   1.63814657  -1.16625305
  0.43612894   0.42758743  -1.27990327  -0.41083667   2.05871835   0.71383112   0.42506212   1.63792567  -1.16757864
  0.43685653   0.42615145  -1.28004372  -0.40992554   2.05741433   0.71471194   0.42452321   1.63769588  -1.16894143
  0.43760171   0.42468723  -1.28017974  -0.40899360   2.05607775   0.71561727   0.42397396   1.63745682  -1.17034139
  0.43836454   0.42319518  -1.28031113  -0.40804106   2.05470857   0.71654738   0.42341455   1.63720831  -1.17177859
  0.43914507   0.42167561  -1.28043785  -0.40706723   2.05330769   0.71750119   0.42284488   1.63695106  -1.17325342
  0.43994337   0.42012883  -1.28055986  -0.40607184   2.05187530   0.71847903   0.42226570   1.63668472  -1.17476649
  0.44075947   0.41855522  -1.28067694  -0.40505500   2.05041151   0.71948126   0.42167719   1.63640890  -1.17631797
  0.44159341   0.41695526  -1.28078855  -0.40401645   2.04891736   0.72050662   0.42107817   1.63612419  -1.17790793
  0.44244527   0.41532929  -1.28089425  -0.40295663   2.04739286   0.72155397   0.42046679   1.63583186  -1.17953544
  0.44331520   0.41367767  -1.28099382  -0.40187459   2.04583858   0.72262170   0.41984203   1.63553361  -1.18120072
  0.44420340   0.41200084  -1.28108703  -0.40076951   2.04425519   0.72370968   0.41920487   1.63522916  -1.18290509
  0.44511016   0.41029924  -1.28117364  -0.39964062   2.04264335   0.72481634   0.41855486   1.63491990  -1.18464900
  0.44603575   0.40857310  -1.28125384  -0.39848708   2.04100358   0.72593989   0.41789278   1.63460742  -1.18643288
  0.44698040   0.40682270  -1.28132771  -0.39730887   2.03933471   0.72708225   0.41722036   1.63429083  -1.18825754
  0.44794424   0.40504827  -1.28139516  -0.39610585   2.03763631   0.72824462   0.41653869   1.63396926  -1.19012375
  0.44892745   0.40325013  -1.28145562  -0.39487699   2.03590870   0.72942696   0.41584681   1.63364285  -1.19203258
  0.44993032   0.40142884  -1.28150817  -0.39362196   2.03415151   0.73063118   0.41514436   1.63331007  -1.19398547
  0.45095333   0.39958504  -1.28155177  -0.39234006   2.03236573   0.73185613   0.41443031   1.63297126  -1.19598361
  0.45199706   0.39771918  -1.28158619  -0.39103110   2.03055291   0.73309811   0.41370521   1.63262848  -1.19802715
  0.45306192   0.39583152  -1.28161165  -0.38969613   2.02871296   0.73435489   0.41296947   1.63228370  -1.20011477
  0.45414816   0.39392232  -1.28162826  -0.38833634   2.02684441   0.73562816   0.41222324   1.63193641  -1.20224575
  0.45525583   0.39199204  -1.28163581  -0.38695275   2.02494657   0.73692042   0.41146675   1.63158456  -1.20442004
  0.45638488   0.39004121  -1.28163375  -0.38554606   2.02301918   0.73823368   0.41069984   1.63122624  -1.20663782
  0.45753533   0.38807041  -1.28162144  -0.38411603   2.02106242   0.73956758   0.40992178   1.63086171  -1.20889930
  0.45870729   0.38608025  -1.28159841  -0.38266328   2.01907595   0.74092174   0.40913256   1.63049149  -1.21120402
  0.45990087   0.38407133  -1.28156431  -0.38118858   2.01705957   0.74229562   0.40833237   1.63011609  -1.21355137
  0.46111612   0.38204422  -1.28151886  -0.37969242   2.01501325   0.74368854   0.40752125   1.62973615  -1.21594083
  0.46235306   0.37999958  -1.28146174  -0.37817505   2.01293675   0.74510124   0.40669972   1.62935121  -1.21837255
  0.46361163   0.37793810  -1.28139253  -0.37663661   2.01082996   0.74653523   0.40586891   1.62895993  -1.22084723
  0.46489173   0.37586042  -1.28131097  -0.37507729   2.00869305   0.74799124   0.40503008   1.62856145  -1.22336525
  0.46619328   0.37376707  -1.28121685  -0.37349719   2.00652746   0.74946665   0.40418326   1.62815703  -1.22592603
  0.46751619   0.37165860  -1.28110979  -0.37189605   2.00433558   0.75095639   0.40332709   1.62774946  -1.22852856
  0.46886062   0.36953601  -1.28098860  -0.37027303   2.00211845   0.75245900   0.40246008   1.62733942  -1.23117357
  0.47022690   0.36740047  -1.28085226  -0.36862881   1.99987558   0.75397689   0.40158264   1.62692495  -1.23386204
  0.47161541   0.36525299  -1.28070040  -0.36696470   1.99760628   0.75551239   0.40069588   1.62650437  -1.23659418
  0.47302653   0.36309428  -1.28053334  -0.36528117   1.99531037   0.75706526   0.39979995   1.62607856  -1.23936949
  0.47446064   0.36092483  -1.28035203  -0.36357784   1.99298832   0.75863308   0.39889447   1.62565033  -1.24218713
  0.47591813   0.35874529  -1.28015723  -0.36185436   1.99064131   0.76021428   0.39798055   1.62522094  -1.24504719
  0.47739932   0.35655648  -1.27994919  -0.36011103   1.98827037   0.76180864   0.39705968   1.62479012  -1.24795006
  0.47890446   0.35435915  -1.27972772  -0.35834852   1.98587663   0.76341532   0.39613252   1.62435764  -1.25089571
  0.48043376   0.35215410  -1.27949228  -0.35656747   1.98346159   0.76503275   0.39519894   1.62392353  -1.25388396
  0.48198738   0.34994212  -1.27924196  -0.35476865   1.98102521   0.76666181   0.39425854   1.62348662  -1.25691495
  0.48356545   0.34772394  -1.27897581  -0.35295301   1.97856703   0.76830420   0.39331104   1.62304528  -1.25998884
  0.48516800   0.34550013  -1.27869337  -0.35112180   1.97608714   0.76996056   0.39235685   1.62259842  -1.26310524
  0.48679508   0.34327108  -1.27839447  -0.34927577   1.97358643   0.77162957   0.39139683   1.62214632  -1.26626372
  0.48844667   0.34103711  -1.27807903  -0.34741507   1.97106594   0.77330904   0.39043146   1.62169001  -1.26946390
  0.49012280   0.33879855  -1.27774697  -0.34553998   1.96852681   0.77499670   0.38946103   1.62123060  -1.27270527
  0.49182348   0.33655578  -1.27739828  -0.34365076   1.96597027   0.77669055   0.38848601   1.62076890  -1.27598745
  0.49354873   0.33430936  -1.27703278  -0.34174778   1.96339735   0.77838947   0.38750650   1.62030507  -1.27931014
  0.49529862   0.33205989  -1.27665031  -0.33983134   1.96080895   0.78009267   0.38652282   1.61983915  -1.28267327
  0.49707324   0.32980802  -1.27625051  -0.33790167   1.95820531   0.78180037   0.38553473   1.61937078  -1.28607687
  0.49887274   0.32755450  -1.27583319  -0.33595927   1.95558701   0.78351237   0.38454238   1.61889979  -1.28952083
  0.50069735   0.32530007  -1.27539822  -0.33400494   1.95295441   0.78522877   0.38354583   1.61842589  -1.29300483
  0.50254728   0.32304544  -1.27494556  -0.33203935   1.95030803   0.78694932   0.38254514   1.61794904  -1.29652855
  0.50442274   0.32079137  -1.27447516  -0.33006343   1.94764836   0.78867392   0.38154033   1.61746908  -1.30009151
  0.50632393   0.31853859  -1.27398707  -0.32807797   1.94497608   0.79040214   0.38053159   1.61698605  -1.30369323
  0.50825097   0.31628784  -1.27348128  -0.32608368   1.94229214   0.79213309   0.37951902   1.61650016  -1.30733319
  0.51020396   0.31403988  -1.27295768  -0.32408097   1.93959717   0.79386629   0.37850261   1.61601155  -1.31101114
  0.51218295   0.31179540  -1.27241626  -0.32207042   1.93689197   0.79560086   0.37748280   1.61552061  -1.31472667
  0.51418796   0.30955506  -1.27185714  -0.32005279   1.93417689   0.79733634   0.37646037   1.61502779  -1.31847922
  0.51621894   0.30731940  -1.27128047  -0.31802906   1.93145192   0.79907289   0.37543562   1.61453319  -1.32226794
  0.51827578   0.30508894  -1.27068647  -0.31600023   1.92871732   0.80081043   0.37440856   1.61403686  -1.32609182
  0.52035828   0.30286415  -1.27007530  -0.31396704   1.92597341   0.80254891   0.37337927   1.61353876  -1.32994999
  0.52246619   0.30064544  -1.26944718  -0.31193022   1.92322077   0.80428798   0.37234799   1.61303890  -1.33384158
  0.52459920   0.29843321  -1.26880231  -0.30989038   1.92045997   0.80602725   0.37131519   1.61253738  -1.33776582
  0.52675695   0.29622785  -1.26814090  -0.30784817   1.91769177   0.80776611   0.37028138   1.61203436  -1.34172185
  0.52893905   0.29402978  -1.26746307  -0.30580409   1.91491686   0.80950400   0.36924699   1.61153000  -1.34570894
  0.53114509   0.29183939  -1.26676888  -0.30375867   1.91213590   0.81124040   0.36821234   1.61102438  -1.34972629
  0.53337468   0.28965708  -1.26605838  -0.30171230   1.90934934   0.81297507   0.36717764   1.61051753  -1.35377324
  0.53562740   0.28748318  -1.26533164  -0.29966538   1.90655777   0.81470753   0.36614299   1.61000948  -1.35784905
  0.53790288   0.28531806  -1.26458878  -0.29761839   1.90376185   0.81643723   0.36510876   1.60950044  -1.36195296
  0.54020072   0.28316208  -1.26382998  -0.29557198   1.90096242   0.81816336   0.36407530   1.60899067  -1.36608407
  0.54252056   0.28101566  -1.26305541  -0.29352691   1.89816024   0.81988539   0.36304270   1.60848022  -1.37024139
  0.54486200   0.27887923  -1.26226517  -0.29148383   1.89535569   0.82160332   0.36201114   1.60796900  -1.37442408
  0.54722468   0.27675319  -1.26145946  -0.28944322   1.89254946   0.82331676   0.36098083   1.60745709  -1.37863138
  0.54960823   0.27463800  -1.26063851  -0.28740571   1.88974252   0.82502490   0.35995209   1.60694474  -1.38286241
  0.55201229   0.27253411  -1.25980254  -0.28537195   1.88693553   0.82672727   0.35892533   1.60643226  -1.38711631
  0.55443647   0.27044198  -1.25895180  -0.28334249   1.88412929   0.82842315   0.35790089   1.60592004  -1.39139223
  0.55688041   0.26836208  -1.25808652  -0.28131786   1.88132472   0.83011177   0.35687892   1.60540837  -1.39568930
  0.55934374   0.26629495  -1.25720684  -0.27929858   1.87852253   0.83179277   0.35585945   1.60489734  -1.40000669
  0.56182610   0.26424103  -1.25631287  -0.27728506   1.87572278   0.83346653   0.35484262   1.60438690  -1.40434381
  0.56432716   0.26220068  -1.25540484  -0.27527767   1.87292578   0.83513308   0.35382853   1.60387709  -1.40870001
  0.56684660   0.26017424  -1.25448300  -0.27327680   1.87013223   0.83679186   0.35281717   1.60336811  -1.41307450
  0.56938411   0.25816205  -1.25354759  -0.27128290   1.86734291   0.83844221   0.35180867   1.60286028  -1.41746653
  0.57193939   0.25616444  -1.25259890  -0.26929647   1.86455859   0.84008345   0.35080318   1.60235387  -1.42187532
  0.57451211   0.25418179  -1.25163720  -0.26731819   1.86178008   0.84171509   0.34980082   1.60184905  -1.42629998
  0.57710195   0.25221454  -1.25066271  -0.26534874   1.85900799   0.84333690   0.34880175   1.60134587  -1.43073969
  0.57970858   0.25026304  -1.24967559  -0.26338845   1.85624261   0.84494894   0.34780621   1.60084442  -1.43519393
  0.58233169   0.24832763  -1.24867603  -0.26143753   1.85348441   0.84655098   0.34681440   1.60034489  -1.43966220
  0.58497095   0.24640862  -1.24766432  -0.25949632   1.85073412   0.84814249   0.34582638   1.59984751  -1.44414378
  0.58762605   0.24450635  -1.24664069  -0.25756528   1.84799249   0.84972286   0.34484215   1.59935248  -1.44863794
  0.59029667   0.24262117  -1.24560534  -0.25564491   1.84526014   0.85129180   0.34386162   1.59885988  -1.45314390
  0.59298251   0.24075344  -1.24455848  -0.25373573   1.84253756   0.85284912   0.34288474   1.59836974  -1.45766090
  0.59568324   0.23890348  -1.24350036  -0.25183817   1.83982524   0.85439469   0.34191152   1.59788213  -1.46218825
  0.59839852   0.23707161  -1.24243121  -0.24995255   1.83712372   0.85592828   0.34094206   1.59739717  -1.46672530
  0.60112801   0.23525814  -1.24135130  -0.24807913   1.83443354   0.85744962   0.33997640   1.59691499  -1.47127144
  0.60387136   0.23346335  -1.24026087  -0.24621813   1.83175523   0.85895845   0.33901453   1.59643570  -1.47582607
  0.60662823   0.23168751  -1.23916015  -0.24436980   1.82908928   0.86045455   0.33805645   1.59595941  -1.48038857
  0.60939826   0.22993087  -1.23804939  -0.24253438   1.82643614   0.86193770   0.33710217   1.59548622  -1.48495830
  0.61218110   0.22819366  -1.23692888  -0.24071215   1.82379637   0.86340759   0.33615168   1.59501625  -1.48953462
  0.61497638   0.22647608  -1.23579888  -0.23890338   1.82117050   0.86486395   0.33520500   1.59454961  -1.49411685
  0.61778373   0.22477834  -1.23465965  -0.23710833   1.81855903   0.86630657   0.33426213   1.59408634  -1.49870435
  0.62060277   0.22310065  -1.23351145  -0.23532727   1.81596245   0.86773520   0.33332311   1.59362654  -1.50329647
  0.62343310   0.22144319  -1.23235449  -0.23356043   1.81338121   0.86914966   0.33238804   1.59317030  -1.50789263
  0.62627434   0.21980615  -1.23118895  -0.23180791   1.81081574   0.87054974   0.33145697   1.59271770  -1.51249234
  0.62912614   0.21818968  -1.23001497  -0.23006976   1.80826638   0.87193532   0.33052980   1.59226873  -1.51709511
  0.63198814   0.21659392  -1.22883274  -0.22834617   1.80573333   0.87330645   0.32960635   1.59182330  -1.52170038
  0.63486000   0.21501901  -1.22764252  -0.22663733   1.80321688   0.87466309   0.32868653   1.59138142  -1.52630752
  0.63774137   0.21346505  -1.22644460  -0.22494345   1.80071742   0.87600508   0.32777025   1.59094314  -1.53091594
  0.64063193   0.21193214  -1.22523928  -0.22326466   1.79823538   0.87733218   0.32685752   1.59050854  -1.53552505
  0.64353133   0.21042040  -1.22402684  -0.22160111   1.79577115   0.87864424   0.32594838   1.59007769  -1.54013435
  0.64643923   0.20892992  -1.22280753  -0.21995293   1.79332509   0.87994116   0.32504282   1.58965061  -1.54474328
  0.64935527   0.20746083  -1.22158163  -0.21832029   1.79089762   0.88122277   0.32414083   1.58922732  -1.54935129
  0.65227907   0.20601324  -1.22034938  -0.21670330   1.78848922   0.88248877   0.32324244   1.58880794  -1.55395782
  0.65521025   0.20458728  -1.21911096  -0.21510203   1.78610028   0.88373895   0.32234767   1.58839252  -1.55856240
  0.65814841   0.20318309  -1.21786653  -0.21351653   1.78373115   0.88497312   0.32145654   1.58798118  -1.56316452
  0.66109317   0.20180079  -1.21661633  -0.21194700   1.78138196   0.88619140   0.32056894   1.58757387  -1.56776358
  0.66404414   0.20044046  -1.21536061  -0.21039364   1.77905280   0.88739407   0.31968466   1.58717040  -1.57235889
  0.66700095   0.19910222  -1.21409961  -0.20885655   1.77674381   0.88858134   0.31880345   1.58677055  -1.57694991
  0.66996324   0.19778617  -1.21283355  -0.20733570   1.77445519   0.88975338   0.31792514   1.58637412  -1.58153615
  0.67293063   0.19649237  -1.21156264  -0.20583118   1.77218699   0.89091039   0.31704975   1.58598108  -1.58611714
  0.67590277   0.19522089  -1.21028712  -0.20434315   1.76993919   0.89205250   0.31617750   1.58559165  -1.59069238
  0.67887924   0.19397174  -1.20900731  -0.20287152   1.76771228   0.89317921   0.31530854   1.58520614  -1.59526139
  0.68185966   0.19274488  -1.20772355  -0.20141626   1.76550660   0.89429016   0.31444306   1.58482487  -1.59982366
  0.68484356   0.19154029  -1.20643622  -0.19997733   1.76332278   0.89538474   0.31358148   1.58444828  -1.60437870
  0.68783050   0.19035792  -1.20514555  -0.19855455   1.76116141   0.89646250   0.31272396   1.58407642  -1.60892614
  0.69082004   0.18919776  -1.20385172  -0.19714796   1.75902272   0.89752354   0.31187019   1.58370895  -1.61346540
  0.69381173   0.18805975  -1.20255493  -0.19575764   1.75690701   0.89856762   0.31102001   1.58334588  -1.61799583
  0.69680509   0.18694378  -1.20125551  -0.19438366   1.75481458   0.89959439   0.31017358   1.58298749  -1.62251680
  0.69979964   0.18584975  -1.19995382  -0.19302646   1.75274520   0.90060447   0.30933066   1.58263349  -1.62702734
  0.70279488   0.18477757  -1.19865009  -0.19168609   1.75069870   0.90159859   0.30849039   1.58228299  -1.63152665
  0.70579036   0.18372716  -1.19734441  -0.19036218   1.74867516   0.90257706   0.30765246   1.58193545  -1.63601445
  0.70878569   0.18269850  -1.19603685  -0.18905431   1.74667461   0.90354004   0.30681705   1.58159075  -1.64049069
  0.71178052   0.18169150  -1.19472749  -0.18776226   1.74469711   0.90448749   0.30598447   1.58124908  -1.64495524
  0.71477450   0.18070606  -1.19341656  -0.18648581   1.74274311   0.90541858   0.30515561   1.58091138  -1.64940801
  0.71776732   0.17974204  -1.19210438  -0.18522495   1.74081311   0.90633230   0.30433154   1.58057887  -1.65384883
  0.72075862   0.17879928  -1.19079131  -0.18398031   1.73890673   0.90722933   0.30351186   1.58025127  -1.65827668
  0.72374792   0.17787750  -1.18947794  -0.18275225   1.73702400   0.90810975   0.30269656   1.57992867  -1.66269058
  0.72673466   0.17697643  -1.18816476  -0.18154063   1.73516540   0.90897314   0.30188599   1.57961138  -1.66708993
  0.72971823   0.17609588  -1.18685193  -0.18034499   1.73333107   0.90981985   0.30107990   1.57929870  -1.67147438
  0.73269803   0.17523562  -1.18553955  -0.17916493   1.73152078   0.91065051   0.30027821   1.57899009  -1.67584359
  0.73567345   0.17439548  -1.18422769  -0.17800042   1.72973394   0.91146609   0.29948044   1.57868489  -1.68019690
  0.73864391   0.17357524  -1.18291649  -0.17685144   1.72797030   0.91226682   0.29868649   1.57838303  -1.68453367
  0.74160888   0.17277466  -1.18160614  -0.17571820   1.72622941   0.91305331   0.29789602   1.57808421  -1.68885306
  0.74456780   0.17199343  -1.18029702  -0.17460057   1.72451148   0.91382495   0.29710986   1.57778935  -1.69315465
  0.74752012   0.17123120  -1.17898968  -0.17349824   1.72281722   0.91458033   0.29632954   1.57750012  -1.69743820
  0.75046524   0.17048764  -1.17768454  -0.17241156   1.72114649   0.91532005   0.29555443   1.57721580  -1.70170257
  0.75340252   0.16976243  -1.17638181  -0.17134041   1.71949899   0.91604492   0.29478410   1.57693559  -1.70594708
  0.75633136   0.16905528  -1.17508160  -0.17028470   1.71787421   0.91675601   0.29401823   1.57665867  -1.71017118
  0.75925119   0.16836589  -1.17378395  -0.16924394   1.71627198   0.91745346   0.29325702   1.57638501  -1.71437468
  0.76216151   0.16769394  -1.17248879  -0.16821737   1.71469222   0.91813693   0.29250086   1.57611496  -1.71855772
  0.76506193   0.16703917  -1.17119598  -0.16720424   1.71313458   0.91880644   0.29174964   1.57584847  -1.72272039
  0.76795218   0.16640139  -1.16990540  -0.16620429   1.71159832   0.91946270   0.29100243   1.57558481  -1.72686237
  0.77083213   0.16578042  -1.16861708  -0.16521788   1.71008238   0.92010715   0.29025814   1.57532298  -1.73098298
  0.77370180   0.16517617  -1.16733120  -0.16424574   1.70858554   0.92074166   0.28951568   1.57506185  -1.73508146
  0.77656123   0.16458851  -1.16604803  -0.16328836   1.70710705   0.92136747   0.28877435   1.57480065  -1.73915729
  0.77941034   0.16401715  -1.16476856  -0.16234677   1.70564732   0.92198467   0.28803551   1.57454030  -1.74320979
  0.78224889   0.16346165  -1.16349379  -0.16142069   1.70420762   0.92259121   0.28730224   1.57428377  -1.74723930
  0.78507659   0.16292142  -1.16222395  -0.16050802   1.70278889   0.92318409   0.28657653   1.57403375  -1.75124707
  0.78789314   0.16239576  -1.16095870  -0.15960580   1.70139140   0.92376051   0.28585872   1.57379185  -1.75523448
  0.79069833   0.16188407  -1.15969852  -0.15871411   1.70001451   0.92432076   0.28514763   1.57355761  -1.75920054
  0.79349185   0.16138589  -1.15844434  -0.15783490   1.69865754   0.92486719   0.28444090   1.57332840  -1.76314278
  0.79627327   0.16090090  -1.15719663  -0.15696940   1.69731999   0.92540275   0.28373631   1.57310075  -1.76705944
  0.79904186   0.16042888  -1.15595567  -0.15611837   1.69600170   0.92592990   0.28303431   1.57287285  -1.77094989
  0.80179683   0.15996962  -1.15472092  -0.15528153   1.69470205   0.92645044   0.28233523   1.57264342  -1.77481427
  0.80453742   0.15952291  -1.15349157  -0.15445763   1.69342064   0.92696431   0.28163996   1.57241280  -1.77865337
  0.80726293   0.15908849  -1.15226699  -0.15364586   1.69215688   0.92747119   0.28094902   1.57218170  -1.78246745
  0.80997276   0.15866603  -1.15104671  -0.15284605   1.69090981   0.92797100   0.28026215   1.57195059  -1.78625606
  0.81266640   0.15825520  -1.14983043  -0.15205770   1.68967844   0.92846379   0.27957842   1.57171939  -1.79001872
  0.81534359   0.15785568  -1.14861807  -0.15127983   1.68846201   0.92894959   0.27889733   1.57148810  -1.79375550
  0.81800422   0.15746708  -1.14740992  -0.15051081   1.68726031   0.92942770   0.27821962   1.57125771  -1.79746724
  0.82064837   0.15708900  -1.14620660  -0.14974866   1.68607366   0.92989670   0.27754689   1.57103004  -1.80115523
  0.82327633   0.15672104  -1.14500890  -0.14899236   1.68490237   0.93035512   0.27687958   1.57080645  -1.80481986
  0.82588844   0.15636289  -1.14381766  -0.14824199   1.68374668   0.93080199   0.27621765   1.57058785  -1.80846076
  0.82848500   0.15601434  -1.14263384  -0.14749896   1.68260653   0.93123799   0.27556051   1.57037392  -1.81207673
  0.83106610   0.15567527  -1.14145793  -0.14676377   1.68148204   0.93166378   0.27490827   1.57016422  -1.81566747
  0.83363177   0.15534560  -1.14029004  -0.14603668   1.68037312   0.93208007   0.27426114   1.56995840  -1.81923304
  0.83618193   0.15502519  -1.13913024  -0.14531786   1.67927965   0.93248698   0.27361981   1.56975696  -1.82277349
  0.83871642   0.15471388  -1.13797846  -0.14460753   1.67820140   0.93288466   0.27298419   1.56955991  -1.82628859
  0.84123500   0.15441148  -1.13683501  -0.14390727   1.67713783   0.93327450   0.27235380   1.56936650  -1.82977700
  0.84373738   0.15411778  -1.13570055  -0.14321970   1.67608819   0.93365903   0.27172761   1.56917508  -1.83323647
  0.84622313   0.15383257  -1.13457529  -0.14254620   1.67505203   0.93404024   0.27110404   1.56898337  -1.83666539
  0.84869161   0.15355552  -1.13345998  -0.14188833   1.67403011   0.93441912   0.27048460   1.56879129  -1.84006270
  0.85114186   0.15328623  -1.13235570  -0.14124760   1.67302393   0.93479594   0.26987314   1.56860035  -1.84342777
  0.85357262   0.15302413  -1.13126202  -0.14062293   1.67203353   0.93517130   0.26927005   1.56840952  -1.84676064
  0.85598268   0.15276853  -1.13017763  -0.14001121   1.67105807   0.93554432   0.26867527   1.56821887  -1.85006252
  0.85837107   0.15251861  -1.12910159  -0.13941000   1.67009668   0.93591302   0.26808816   1.56802936  -1.85333384
  0.86073709   0.15227356  -1.12803342  -0.13881717   1.66914870   0.93627539   0.26750817   1.56784217  -1.85657482
  0.86308023   0.15203263  -1.12697299  -0.13823091   1.66821359   0.93662995   0.26693500   1.56765823  -1.85978574
  0.86540015   0.15179519  -1.12592063  -0.13765047   1.66729097   0.93697648   0.26636822   1.56747747  -1.86296629
  0.86769660   0.15156076  -1.12487679  -0.13707581   1.66638039   0.93731591   0.26580722   1.56729897  -1.86611591
  0.86996940   0.15132897  -1.12384170  -0.13650679   1.66548118   0.93764956   0.26525148   1.56712159  -1.86923436
  0.87221847   0.15109951  -1.12281554  -0.13594299   1.66459307   0.93797801   0.26470160   1.56694535  -1.87232205
  0.87444377   0.15087212  -1.12179849  -0.13538433   1.66371565   0.93830169   0.26415833   1.56677065  -1.87537921
  0.87664528   0.15064649  -1.12079068  -0.13483057   1.66284855   0.93862041   0.26362281   1.56659872  -1.87840625
  0.87882302   0.15042234  -1.11979234  -0.13428203   1.66199118   0.93893451   0.26309491   1.56642975  -1.88140281
  0.88097698   0.15019940  -1.11880351  -0.13373897   1.66114244   0.93924504   0.26257349   1.56626298  -1.88436833
  0.88310721   0.14997739  -1.11782435  -0.13320136   1.66030161   0.93955245   0.26205823   1.56609838  -1.88730263
  0.88521377   0.14975608  -1.11685499  -0.13266886   1.65946802   0.93985720   0.26154901   1.56593594  -1.89020584
  0.88729675   0.14953525  -1.11589547  -0.13214087   1.65864097   0.94015965   0.26104592   1.56577587  -1.89307840
  0.88935630   0.14931471  -1.11494585  -0.13161675   1.65781987   0.94045982   0.26054932   1.56561877  -1.89592087
  0.89139263   0.14909427  -1.11400634  -0.13109624   1.65700418   0.94075784   0.26005950   1.56546522  -1.89873350
  0.89340593   0.14887380  -1.11307724  -0.13057929   1.65619356   0.94105362   0.25957700   1.56531606  -1.90151651
  0.89539642   0.14865316  -1.11215878  -0.13006584   1.65538776   0.94134715   0.25910201   1.56517172  -1.90427002
  0.89736427   0.14843228  -1.11125113  -0.12955625   1.65458622   0.94163906   0.25863440   1.56503221  -1.90699387
  0.89930967   0.14821111  -1.11035444  -0.12905113   1.65378830   0.94193028   0.25817362   1.56489703  -1.90968766
  0.90123276   0.14798966  -1.10946874  -0.12855081   1.65299402   0.94222107   0.25771912   1.56476568  -1.91235118
  0.90313368   0.14776793  -1.10859398  -0.12805543   1.65220352   0.94251143   0.25727092   1.56463807  -1.91498455
  0.90501257   0.14754601  -1.10772999  -0.12756504   1.65141695   0.94280136   0.25682945   1.56451434  -1.91758820
  0.90686958   0.14732396  -1.10687655  -0.12707968   1.65063456   0.94309073   0.25639496   1.56439457  -1.92016250
  0.90870485   0.14710189  -1.10603331  -0.12659932   1.64985667   0.94337931   0.25596709   1.56427831  -1.92270773
  0.91051855   0.14687989  -1.10519992  -0.12612386   1.64908377   0.94366671   0.25554555   1.56416519  -1.92522425
  0.91231090   0.14665807  -1.10437602  -0.12565314   1.64831626   0.94395262   0.25513022   1.56405495  -1.92771258
  0.91408215   0.14643656  -1.10356128  -0.12518709   1.64755447   0.94423686   0.25472103   1.56394733  -1.93017319
  0.91583257   0.14621544  -1.10275541  -0.12472562   1.64679865   0.94451927   0.25431782   1.56384207  -1.93260660
  0.91756248   0.14599482  -1.10195813  -0.12426870   1.64604896   0.94479977   0.25392047   1.56373894  -1.93501327
  0.91927224   0.14577479  -1.10116919  -0.12381628   1.64530552   0.94507831   0.25352882   1.56363777  -1.93739368
  0.92096220   0.14555545  -1.10038841  -0.12336834   1.64456843   0.94535479   0.25314272   1.56353841  -1.93974829
  0.92263278   0.14533690  -1.09961562  -0.12292486   1.64383777   0.94562916   0.25276195   1.56344071  -1.94207753
  0.92428438   0.14511921  -1.09885068  -0.12248586   1.64311359   0.94590138   0.25238632   1.56334454  -1.94438181
  0.92591742   0.14490251  -1.09809349  -0.12205133   1.64239595   0.94617142   0.25201562   1.56324977  -1.94666156
  0.92753233   0.14468688  -1.09734396  -0.12162124   1.64168491   0.94643920   0.25164970   1.56315635  -1.94891720
  0.92912954   0.14447244  -1.09660201  -0.12119557   1.64098054   0.94670463   0.25128840   1.56306424  -1.95114916
  0.93070947   0.14425930  -1.09586753  -0.12077426   1.64028286   0.94696769   0.25093152   1.56297334  -1.95335787
  0.93227252   0.14404759  -1.09514043  -0.12035725   1.63959193   0.94722827   0.25057885   1.56288358  -1.95554373
  0.93381910   0.14383744  -1.09442059  -0.11994450   1.63890772   0.94748642   0.25023014   1.56279483  -1.95770715
  0.93534958   0.14362895  -1.09370791  -0.11953592   1.63823021   0.94774212   0.24988524   1.56270704  -1.95984854
  0.93686433   0.14342226  -1.09300231  -0.11913147   1.63755941   0.94799532   0.24954400   1.56262018  -1.96196829
  0.93836370   0.14321745  -1.09230370  -0.11873107   1.63689532   0.94824598   0.24920629   1.56253425  -1.96406676
  0.93984799   0.14301461  -1.09161202  -0.11833467   1.63623791   0.94849410   0.24887196   1.56244921  -1.96614427
  0.94131750   0.14281382  -1.09092721  -0.11794225   1.63558712   0.94873968   0.24854090   1.56236506  -1.96820111
  0.94277249   0.14261512  -1.09024922  -0.11755377   1.63494288   0.94898278   0.24821302   1.56228178  -1.97023756
  0.94421320   0.14241854  -1.08957801  -0.11716919   1.63430513   0.94922343   0.24788825   1.56219938  -1.97225387
  0.94563983   0.14222413  -1.08891353  -0.11678850   1.63367379   0.94946166   0.24756655   1.56211788  -1.97425028
  0.94705258   0.14203187  -1.08825575  -0.11641167   1.63304881   0.94969751   0.24724788   1.56203727  -1.97622699
  0.94845160   0.14184176  -1.08760460  -0.11603867   1.63243011   0.94993101   0.24693221   1.56195757  -1.97818421
  0.94983704   0.14165379  -1.08696005  -0.11566947   1.63181763   0.95016219   0.24661949   1.56187877  -1.98012213
  0.95120902   0.14146794  -1.08632204  -0.11530402   1.63121132   0.95039108   0.24630972   1.56180086  -1.98204092
  0.95256766   0.14128417  -1.08569050  -0.11494230   1.63061110   0.95061770   0.24600287   1.56172384  -1.98394076
  0.95391305   0.14110244  -1.08506536  -0.11458426   1.63001693   0.95084207   0.24569891   1.56164768  -1.98582183
  0.95524530   0.14092271  -1.08444655  -0.11422985   1.62942874   0.95106424   0.24539785   1.56157237  -1.98768428
  0.95656448   0.14074494  -1.08383401  -0.11387904   1.62884646   0.95128420   0.24509965   1.56149790  -1.98952828
  0.95787069   0.14056908  -1.08322766  -0.11353177   1.62827004   0.95150200   0.24480431   1.56142424  -1.99135400
  0.95916401   0.14039508  -1.08262742  -0.11318801   1.62769942   0.95171764   0.24451183   1.56135140  -1.99316158
  0.96044452   0.14022291  -1.08203322  -0.11284771   1.62713454   0.95193116   0.24422217   1.56127934  -1.99495120
  0.96171232   0.14005251  -1.08144499  -0.11251084   1.62657533   0.95214256   0.24393534   1.56120805  -1.99672301
  0.96296748   0.13988386  -1.08086267  -0.11217735   1.62602175   0.95235188   0.24365131   1.56113753  -1.99847716
  0.96421011   0.13971690  -1.08028617  -0.11184721   1.62547373   0.95255913   0.24337007   1.56106775  -2.00021382
  0.96544029   0.13955160  -1.07971545  -0.11152037   1.62493123   0.95276434   0.24309160   1.56099871  -2.00193315
  0.96665814   0.13938794  -1.07915044  -0.11119681   1.62439417   0.95296752   0.24281589   1.56093038  -2.00363531
  0.96786375   0.13922589  -1.07859106  -0.11087648   1.62386252   0.95316869   0.24254291   1.56086278  -2.00532045
  0.96905723   0.13906541  -1.07803728  -0.11055936   1.62333620   0.95336788   0.24227264   1.56079587  -2.00698875
  0.97023869   0.13890649  -1.07748902  -0.11024541   1.62281518   0.95356510   0.24200505   1.56072966  -2.00864037
  0.97140825   0.13874910  -1.07694622  -0.10993459   1.62229940   0.95376038   0.24174013   1.56066414  -2.01027546
  0.97256603   0.13859323  -1.07640885  -0.10962687   1.62178880   0.95395373   0.24147785   1.56059930  -2.01189419
  0.97371213   0.13843887  -1.07587683  -0.10932224   1.62128334   0.95414518   0.24121817   1.56053513  -2.01349674
  0.97484668   0.13828600  -1.07535012  -0.10902064   1.62078296   0.95433474   0.24096108   1.56047163  -2.01508325
  0.97596980   0.13813460  -1.07482866  -0.10872206   1.62028761   0.95452243   0.24070654   1.56040879  -2.01665389
  0.97708160   0.13798467  -1.07431241  -0.10842646   1.61979725   0.95470828   0.24045453   1.56034661  -2.01820883
  0.97818221   0.13783620  -1.07380131  -0.10813382   1.61931181   0.95489229   0.24020502   1.56028508  -2.01974823
  0.97927175   0.13768917  -1.07329531  -0.10784411   1.61883127   0.95507450   0.23995799   1.56022419  -2.02127223
  0.98035033   0.13754357  -1.07279437  -0.10755730   1.61835556   0.95525491   0.23971340   1.56016395  -2.02278101
  0.98141807   0.13739940  -1.07229843  -0.10727335   1.61788463   0.95543356   0.23947122   1.56010435  -2.02427472
  0.98247509   0.13725664  -1.07180745  -0.10699226   1.61741845   0.95561044   0.23923144   1.56004538  -2.02575350
  0.98352149   0.13711528  -1.07132138  -0.10671398   1.61695697   0.95578560   0.23899402   1.55998703  -2.02721753
  0.98455740   0.13697532  -1.07084017  -0.10643849   1.61650013   0.95595903   0.23875894   1.55992931  -2.02866693
  0.98558291   0.13683674  -1.07036378  -0.10616576   1.61604789   0.95613076   0.23852617   1.55987220  -2.03010187
  0.98659814   0.13669953  -1.06989215  -0.10589577   1.61560021   0.95630081   0.23829569   1.55981571  -2.03152249
  0.98760319   0.13656367  -1.06942524  -0.10562849   1.61515704   0.95646919   0.23806747   1.55975982  -2.03292894
  0.98859817   0.13642916  -1.06896300  -0.10536389   1.61471833   0.95663592   0.23784149   1.55970454  -2.03432135
  0.98958318   0.13629598  -1.06850539  -0.10510194   1.61428405   0.95680102   0.23761773   1.55964985  -2.03569988
  0.99055832   0.13616413  -1.06805236  -0.10484263   1.61385415   0.95696450   0.23739617   1.55959575  -2.03706466
  0.99152369   0.13603358  -1.06760387  -0.10458592   1.61342858   0.95712639   0.23717677   1.55954224  -2.03841582
  0.99247939   0.13590432  -1.06715986  -0.10433179   1.61300730   0.95728669   0.23695952   1.55948931  -2.03975351
  0.99342551   0.13577634  -1.06672030  -0.10408021   1.61259027   0.95744542   0.23674441   1.55943695  -2.04107786
  0.99436215   0.13564963  -1.06628514  -0.10383115   1.61217745   0.95760261   0.23653139   1.55938516  -2.04238900
  0.99528940   0.13552417  -1.06585434  -0.10358460   1.61176879   0.95775825   0.23632047   1.55933393  -2.04368706
  0.99620736   0.13539995  -1.06542785  -0.10334052   1.61136426   0.95791238   0.23611160   1.55928327  -2.04497218
  0.99711611   0.13527696  -1.06500563  -0.10309890   1.61096380   0.95806501   0.23590479   1.55923315  -2.04624449
  0.99801575   0.13515518  -1.06458763  -0.10285969   1.61056739   0.95821614   0.23569999   1.55918358  -2.04750410
  0.99890637   0.13503460  -1.06417381  -0.10262290   1.61017499   0.95836580   0.23549720   1.55913455  -2.04875115
  0.99978805   0.13491521  -1.06376414  -0.10238847   1.60978654   0.95851400   0.23529639   1.55908606  -2.04998577
  1.00066088   0.13479699  -1.06335857  -0.10215641   1.60940202   0.95866076   0.23509755   1.55903810  -2.05120807
  1.00152496   0.13467994  -1.06295705  -0.10192667   1.60902137   0.95880609   0.23490065   1.55899066  -2.05241818
  1.00238037   0.13456403  -1.06255955  -0.10169923   1.60864458   0.95895000   0.23470567   1.55894375  -2.05361623
  1.00322719   0.13444926  -1.06216603  -0.10147409   1.60827159   0.95909252   0.23451260   1.55889735  -2.05480232
  1.00406550   0.13433562  -1.06177644  -0.10125120   1.60790237   0.95923364   0.23432142   1.55885146  -2.05597659
  1.00489540   0.13422310  -1.06139075  -0.10103055   1.60753688   0.95937340   0.23413211   1.55880608  -2.05713914
  1.00571697   0.13411167  -1.06100892  -0.10081211   1.60717509   0.95951180   0.23394464   1.55876119  -2.05829010
  1.00653029   0.13400134  -1.06063091  -0.10059587   1.60681695   0.95964885   0.23375900   1.55871681  -2.05942958
  1.00733544   0.13389209  -1.06025668  -0.10038180   1.60646244   0.95978457   0.23357518   1.55867292  -2.06055770
  1.00813250   0.13378391  -1.05988619  -0.10016987   1.60611151   0.95991898   0.23339315   1.55862951  -2.06167458
  1.00892156   0.13367679  -1.05951941  -0.09996008   1.60576413   0.96005209   0.23321289   1.55858659  -2.06278031
  1.00970269   0.13357071  -1.05915629  -0.09975239   1.60542027   0.96018390   0.23303439   1.55854414  -2.06387502
  1.01047597   0.13346567  -1.05879681  -0.09954679   1.60507989   0.96031444   0.23285763   1.55850217  -2.06495882
  1.01124148   0.13336166  -1.05844093  -0.09934325   1.60474295   0.96044371   0.23268259   1.55846067  -2.06603181
  1.01199931   0.13325867  -1.05808860  -0.09914176   1.60440943   0.96057173   0.23250925   1.55841963  -2.06709410
  1.01274952   0.13315668  -1.05773980  -0.09894229   1.60407928   0.96069852   0.23233760   1.55837906  -2.06814580
  1.01349220   0.13305569  -1.05739449  -0.09874483   1.60375248   0.96082408   0.23216762   1.55833894  -2.06918702
  1.01422741   0.13295569  -1.05705263  -0.09854935   1.60342898   0.96094843   0.23199929   1.55829927  -2.07021787
  1.01495523   0.13285666  -1.05671419  -0.09835583   1.60310877   0.96107157   0.23183259   1.55826005  -2.07123844
  1.01567574   0.13275860  -1.05637914  -0.09816425   1.60279180   0.96119353   0.23166751   1.55822128  -2.07224883
  1.01638902   0.13266150  -1.05604744  -0.09797461   1.60247804   0.96131432   0.23150404   1.55818294  -2.07324916
  1.01709512   0.13256534  -1.05571905  -0.09778686   1.60216747   0.96143394   0.23134215   1.55814505  -2.07423952
  1.01779413   0.13247012  -1.05539395  -0.09760101   1.60186005   0.96155241   0.23118183   1.55810758  -2.07522001
  1.01848611   0.13237583  -1.05507211  -0.09741702   1.60155574   0.96166973   0.23102306   1.55807054  -2.07619073
  1.01917114   0.13228246  -1.05475348  -0.09723488   1.60125453   0.96178593   0.23086583   1.55803393  -2.07715178
  1.01984928   0.13219000  -1.05443804  -0.09705457   1.60095637   0.96190102   0.23071012   1.55799773  -2.07810326
  1.02052060   0.13209844  -1.05412575  -0.09687608   1.60066124   0.96201500   0.23055592   1.55796195  -2.07904525
  1.02118518   0.13200776  -1.05381659  -0.09669938   1.60036910   0.96212788   0.23040321   1.55792659  -2.07997787
  1.02184307   0.13191798  -1.05351052  -0.09652445   1.60007994   0.96223968   0.23025197   1.55789163  -2.08090119
  1.02249435   0.13182906  -1.05320751  -0.09635129   1.59979371   0.96235041   0.23010220   1.55785708  -2.08181531
  1.02313908   0.13174101  -1.05290754  -0.09617986   1.59951039   0.96246008   0.22995387   1.55782293  -2.08272034
  1.02377733   0.13165381  -1.05261056  -0.09601016   1.59922995   0.96256870   0.22980697   1.55778917  -2.08361634
  1.02440915   0.13156746  -1.05231655  -0.09584217   1.59895236   0.96267628   0.22966149   1.55775581  -2.08450343
  1.02503462   0.13148195  -1.05202549  -0.09567587   1.59867760   0.96278284   0.22951741   1.55772284  -2.08538168
  1.02565380   0.13139726  -1.05173733  -0.09551123   1.59840563   0.96288837   0.22937472   1.55769026  -2.08625118
  1.02626676   0.13131340  -1.05145206  -0.09534826   1.59813643   0.96299290   0.22923340   1.55765806  -2.08711203
  1.02687354   0.13123035  -1.05116964  -0.09518692   1.59786997   0.96309643   0.22909344   1.55762624  -2.08796430
  1.02747422   0.13114811  -1.05089005  -0.09502721   1.59760622   0.96319898   0.22895483   1.55759479  -2.08880809
  1.02806885   0.13106666  -1.05061325  -0.09486910   1.59734516   0.96330055   0.22881755   1.55756372  -2.08964348
  1.02865750   0.13098599  -1.05033922  -0.09471259   1.59708676   0.96340115   0.22868159   1.55753302  -2.09047056
  1.02924023   0.13090611  -1.05006793  -0.09455764   1.59683100   0.96350080   0.22854693   1.55750268  -2.09128940
  1.02981709   0.13082700  -1.04979935  -0.09440426   1.59657784   0.96359949   0.22841356   1.55747271  -2.09210009
  1.03038814   0.13074866  -1.04953346  -0.09425242   1.59632726   0.96369726   0.22828147   1.55744309  -2.09290271
  1.03095344   0.13067107  -1.04927023  -0.09410211   1.59607924   0.96379409   0.22815065   1.55741384  -2.09369734
  1.03151306   0.13059422  -1.04900963  -0.09395332   1.59583375   0.96389001   0.22802108   1.55738493  -2.09448407
  1.03206703   0.13051812  -1.04875164  -0.09380602   1.59559077   0.96398502   0.22789275   1.55735637  -2.09526296
  1.03261543   0.13044275  -1.04849623  -0.09366020   1.59535027   0.96407913   0.22776565   1.55732816  -2.09603411
  1.03315831   0.13036811  -1.04824337  -0.09351585   1.59511222   0.96417236   0.22763976   1.55730029  -2.09679758
  1.03369571   0.13029419  -1.04799304  -0.09337295   1.59487661   0.96426470   0.22751507   1.55727277  -2.09755346
  1.03422771   0.13022097  -1.04774521  -0.09323150   1.59464340   0.96435617   0.22739157   1.55724558  -2.09830182
  1.03475434   0.13014847  -1.04749986  -0.09309146   1.59441258   0.96444678   0.22726925   1.55721872  -2.09904273
  1.03527567   0.13007665  -1.04725697  -0.09295284   1.59418413   0.96453653   0.22714810   1.55719220  -2.09977628
  1.03579174   0.13000553  -1.04701650  -0.09281561   1.59395800   0.96462544   0.22702810   1.55716600  -2.10050253
  1.03630262   0.12993509  -1.04677844  -0.09267977   1.59373420   0.96471352   0.22690924   1.55714013  -2.10122155
  1.03680834   0.12986532  -1.04654276  -0.09254530   1.59351268   0.96480077   0.22679151   1.55711458  -2.10193343
  1.03730897   0.12979622  -1.04630943  -0.09241217   1.59329344   0.96488720   0.22667490   1.55708935  -2.10263823
  1.03780455   0.12972779  -1.04607844  -0.09228039   1.59307644   0.96497282   0.22655939   1.55706443  -2.10333602
  1.03829513   0.12966001  -1.04584975  -0.09214994   1.59286166   0.96505763   0.22644498   1.55703983  -2.10402687
  1.03878077   0.12959287  -1.04562336  -0.09202081   1.59264909   0.96514166   0.22633166   1.55701554  -2.10471085
  1.03926151   0.12952638  -1.04539922  -0.09189297   1.59243870   0.96522490   0.22621941   1.55699156  -2.10538804
  1.03973740   0.12946053  -1.04517733  -0.09176642   1.59223047   0.96530736   0.22610822   1.55696788  -2.10605849
  1.04020849   0.12939530  -1.04495766  -0.09164115   1.59202438   0.96538905   0.22599808   1.55694451  -2.10672228
  1.04067483   0.12933069  -1.04474018  -0.09151714   1.59182040   0.96546999   0.22588898   1.55692143  -2.10737948
  1.04113646   0.12926670  -1.04452488  -0.09139438   1.59161852   0.96555017   0.22578091   1.55689866  -2.10803014
  1.04159344   0.12920332  -1.04431172  -0.09127286   1.59141872   0.96562960   0.22567386   1.55687617  -2.10867434
  1.04204580   0.12914054  -1.04410070  -0.09115256   1.59122097   0.96570830   0.22556782   1.55685398  -2.10931213
  1.04249360   0.12907836  -1.04389179  -0.09103348   1.59102525   0.96578627   0.22546278   1.55683208  -2.10994359
  1.04293688   0.12901677  -1.04368497  -0.09091560   1.59083155   0.96586351   0.22535873   1.55681046  -2.11056878
  1.04337568   0.12895576  -1.04348021  -0.09079891   1.59063985   0.96594004   0.22525565   1.55678913  -2.11118776
  1.04381005   0.12889533  -1.04327751  -0.09068339   1.59045012   0.96601586   0.22515355   1.55676808  -2.11180059
  1.04424004   0.12883548  -1.04307682  -0.09056904   1.59026234   0.96609099   0.22505240   1.55674731  -2.11240734
  1.04466568   0.12877619  -1.04287815  -0.09045585   1.59007650   0.96616542   0.22495220   1.55672682  -2.11300805
  1.04508703   0.12871746  -1.04268146  -0.09034379   1.58989258   0.96623916   0.22485293   1.55670660  -2.11360281
  1.04550412   0.12865929  -1.04248673  -0.09023287   1.58971056   0.96631223   0.22475460   1.55668665  -2.11419166
  1.04591699   0.12860167  -1.04229395  -0.09012306   1.58953041   0.96638463   0.22465718   1.55666697  -2.11477466
  1.04632569   0.12854459  -1.04210310  -0.09001437   1.58935213   0.96645636   0.22456068   1.55664756  -2.11535188
  1.04673026   0.12848805  -1.04191416  -0.08990677   1.58917569   0.96652743   0.22446507   1.55662841  -2.11592337
  1.04713074   0.12843204  -1.04172710  -0.08980026   1.58900108   0.96659785   0.22437036   1.55660953  -2.11648919
  1.04752718   0.12837656  -1.04154191  -0.08969482   1.58882827   0.96666763   0.22427653   1.55659090  -2.11704939
  1.04791960   0.12832160  -1.04135858  -0.08959045   1.58865725   0.96673678   0.22418357   1.55657254  -2.11760403
  1.04830806   0.12826716  -1.04117707  -0.08948714   1.58848800   0.96680529   0.22409147   1.55655443  -2.11815318
  1.04869258   0.12821323  -1.04099738  -0.08938486   1.58832051   0.96687318   0.22400023   1.55653657  -2.11869687
