  0.74358102   0.46159752  -1.17336564  -0.31175413   1.87211872   0.73031775   0.40424743   1.80723811  -1.54474878
  0.74358193   0.46159527  -1.17336561  -0.31175515   1.87212138   0.73030988   0.40425059   1.80724081  -1.54474741
  0.74358436   0.46158931  -1.17336530  -0.31175814   1.87212602   0.73029338   0.40425744   1.80724600  -1.54474442
  0.74358899   0.46157800  -1.17336444  -0.31176381   1.87213194   0.73026769   0.40426821   1.80725326  -1.54473996
  0.74359648   0.46155984  -1.17336262  -0.31177304   1.87213660   0.73023569   0.40428199   1.80726069  -1.54473466
  0.74360740   0.46153337  -1.17335984  -0.31178542   1.87214038   0.73019597   0.40429890   1.80726829  -1.54472931
  0.74362228   0.46149724  -1.17335616  -0.31180008   1.87214410   0.73014671   0.40431903   1.80727632  -1.54472496
  0.74364169   0.46145031  -1.17335098  -0.31181835   1.87214336   0.73009435   0.40434032   1.80728138  -1.54472250
  0.74366616   0.46139144  -1.17334423  -0.31184049   1.87213717   0.73003990   0.40436211   1.80728248  -1.54472250
  0.74369617   0.46131957  -1.17333594  -0.31186624   1.87212580   0.72998243   0.40438415   1.80727957  -1.54472556
  0.74373207   0.46123355  -1.17332719  -0.31189230   1.87211734   0.72991251   0.40440700   1.80727468  -1.54473366
  0.74377410   0.46113248  -1.17331866  -0.31191582   1.87211875   0.72983622   0.40442199   1.80725667  -1.54475391
  0.74382260   0.46101578  -1.17330866  -0.31193811   1.87212443   0.72977397   0.40442050   1.80721039  -1.54479247
  0.74387832   0.46088232  -1.17329803  -0.31195947   1.87214020   0.72971720   0.40440452   1.80713778  -1.54484850
  0.74394210   0.46073097  -1.17328724  -0.31198095   1.87216926   0.72965532   0.40437944   1.80704459  -1.54491920
  0.74401473   0.46056068  -1.17327636  -0.31200356   1.87221184   0.72958379   0.40434934   1.80693358  -1.54500320
  0.74409684   0.46036979  -1.17326725  -0.31202327   1.87227728   0.72949665   0.40431284   1.80680276  -1.54510471
  0.74418884   0.46015737  -1.17325811  -0.31203919   1.87236064   0.72940494   0.40426527   1.80664536  -1.54522852
  0.74429160   0.45992258  -1.17324719  -0.31205554   1.87245364   0.72931439   0.40420825   1.80646079  -1.54537252
  0.74440590   0.45966456  -1.17323342  -0.31207477   1.87255340   0.72921640   0.40414851   1.80625746  -1.54553216
  0.74453243   0.45938265  -1.17321523  -0.31209940   1.87265313   0.72910718   0.40409120   1.80604294  -1.54570324
  0.74467163   0.45907460  -1.17319253  -0.31212303   1.87274117   0.72899983   0.40402971   1.80581657  -1.54589206
  0.74482543   0.45873133  -1.17317261  -0.31213235   1.87276785   0.72899502   0.40391568   1.80553392  -1.54612627
  0.74499585   0.45834420  -1.17316558  -0.31211412   1.87272236   0.72911834   0.40373205   1.80518488  -1.54641841
  0.74518437   0.45790729  -1.17318005  -0.31206012   1.87262650   0.72932957   0.40349080   1.80478877  -1.54676491
  0.74539170   0.45741686  -1.17322194  -0.31196833   1.87250948   0.72957752   0.40320722   1.80436621  -1.54715667
  0.74561856   0.45687146  -1.17329193  -0.31183905   1.87239649   0.72981694   0.40289991   1.80393445  -1.54758679
  0.74586555   0.45626983  -1.17338855  -0.31167792   1.87229164   0.73004710   0.40256939   1.80348673  -1.54805400
  0.74613250   0.45561178  -1.17350696  -0.31149511   1.87218655   0.73028020   0.40221528   1.80301349  -1.54855490
  0.74641996   0.45489643  -1.17364517  -0.31129367   1.87208716   0.73050381   0.40184407   1.80251792  -1.54908681
  0.74672891   0.45412259  -1.17380005  -0.31107876   1.87198257   0.73072732   0.40145657   1.80199722  -1.54964837
  0.74706098   0.45328387  -1.17397152  -0.31084215   1.87182498   0.73102956   0.40102270   1.80142144  -1.55025994
  0.74741749   0.45237532  -1.17416129  -0.31057467   1.87160766   0.73141455   0.40053982   1.80079341  -1.55092857
  0.74779907   0.45139547  -1.17436867  -0.31026924   1.87135778   0.73183406   0.40002428   1.80013313  -1.55165356
  0.74820599   0.45034528  -1.17458985  -0.30992945   1.87110003   0.73224075   0.39949402   1.79945878  -1.55242654
  0.74863824   0.44922598  -1.17481963  -0.30956814   1.87083189   0.73264625   0.39894237   1.79875601  -1.55324379
  0.74909563   0.44803918  -1.17505591  -0.30919903   1.87056711   0.73302720   0.39838047   1.79802899  -1.55409213
  0.74957664   0.44678370  -1.17530056  -0.30882966   1.87030254   0.73339519   0.39780595   1.79726745  -1.55496629
  0.75008173   0.44545189  -1.17556242  -0.30845661   1.87000516   0.73380182   0.39720367   1.79645440  -1.55587150
  0.75061137   0.44404068  -1.17583934  -0.30806557   1.86965955   0.73426547   0.39656228   1.79558876  -1.55682202
  0.75116617   0.44254973  -1.17612841  -0.30764667   1.86927865   0.73477040   0.39587974   1.79467477  -1.55782688
  0.75174698   0.44097843  -1.17642847  -0.30719509   1.86887312   0.73530990   0.39515067   1.79370933  -1.55889273
  0.75235471   0.43932634  -1.17673832  -0.30670789   1.86845257   0.73587497   0.39437539   1.79269184  -1.56002378
  0.75299012   0.43759437  -1.17705537  -0.30618573   1.86803217   0.73644553   0.39356203   1.79162580  -1.56122021
  0.75365420   0.43578257  -1.17737822  -0.30563428   1.86761194   0.73702649   0.39270900   1.79050399  -1.56248113
  0.75434790   0.43389096  -1.17770413  -0.30505827   1.86718350   0.73762679   0.39181631   1.78932289  -1.56380561
  0.75507295   0.43191422  -1.17803385  -0.30445323   1.86669745   0.73831896   0.39086222   1.78805909  -1.56520688
  0.75583020   0.42984973  -1.17836863  -0.30381145   1.86615860   0.73908465   0.38985787   1.78672607  -1.56668666
  0.75662014   0.42769647  -1.17871173  -0.30313658   1.86559101   0.73987834   0.38882059   1.78534306  -1.56823302
  0.75744351   0.42544996  -1.17906891  -0.30242320   1.86499576   0.74069700   0.38774375   1.78391303  -1.56984648
  0.75830041   0.42310952  -1.17943895  -0.30167027   1.86437607   0.74153750   0.38662375   1.78243498  -1.57152843
  0.75919062   0.42067576  -1.17982081  -0.30088086   1.86374557   0.74238599   0.38546423   1.78090787  -1.57327671
  0.76011421   0.41814684  -1.18021696  -0.30006153   1.86309739   0.74326007   0.38426180   1.77931929  -1.57508858
  0.76107072   0.41552355  -1.18062455  -0.29921577   1.86243433   0.74415708   0.38301777   1.77766699  -1.57696245
  0.76205930   0.41280626  -1.18104223  -0.29834415   1.86176462   0.74507376   0.38173085   1.77594559  -1.57889933
  0.76307945   0.40999637  -1.18146500  -0.29744611   1.86108915   0.74601062   0.38040212   1.77415240  -1.58090252
  0.76413111   0.40709332  -1.18188886  -0.29651739   1.86039034   0.74699745   0.37902071   1.77227474  -1.58298152
  0.76521399   0.40409791  -1.18231063  -0.29555541   1.85967512   0.74801958   0.37759230   1.77031943  -1.58513709
  0.76632785   0.40101078  -1.18272837  -0.29456028   1.85894939   0.74906790   0.37611951   1.76828865  -1.58736861
  0.76747241   0.39783313  -1.18313929  -0.29353217   1.85821892   0.75013109   0.37460737   1.76618678  -1.58967520
  0.76864771   0.39456344  -1.18354094  -0.29246402   1.85745999   0.75124605   0.37304284   1.76400096  -1.59206773
  0.76985360   0.39120196  -1.18393275  -0.29135550   1.85667785   0.75239830   0.37143218   1.76173951  -1.59454319
  0.77108979   0.38774875  -1.18431517  -0.29020321   1.85587846   0.75358581   0.36977244   1.75939955  -1.59710426
  0.77235551   0.38420549  -1.18468945  -0.28901104   1.85508288   0.75477753   0.36807507   1.75699089  -1.59974275
  0.77364931   0.38057118  -1.18506127  -0.28778228   1.85429666   0.75597005   0.36634444   1.75451233  -1.60245177
  0.77497020   0.37684847  -1.18542649  -0.28651856   1.85351126   0.75717992   0.36457472   1.75195530  -1.60523317
  0.77631744   0.37303863  -1.18578170  -0.28521034   1.85271305   0.75843434   0.36275360   1.74930838  -1.60809882
  0.77769029   0.36914566  -1.18612243  -0.28385845   1.85190541   0.75972513   0.36088437   1.74657606  -1.61104739
  0.77908825   0.36517217  -1.18644535  -0.28246192   1.85107392   0.76107894   0.35895978   1.74374651  -1.61408376
  0.78051072   0.36112279  -1.18674938  -0.28102663   1.85023458   0.76246587   0.35699241   1.74083364  -1.61719809
  0.78195721   0.35700098  -1.18703703  -0.27955766   1.84940063   0.76387028   0.35498856   1.73784157  -1.62038267
  0.78342646   0.35281247  -1.18730651  -0.27806177   1.84858422   0.76526969   0.35295859   1.73478126  -1.62362798
  0.78491650   0.34855917  -1.18756169  -0.27654061   1.84778248   0.76666612   0.35090523   1.73165604  -1.62692725
  0.78642486   0.34424679  -1.18779756  -0.27499668   1.84698470   0.76807420   0.34882467   1.72846256  -1.63027876
  0.78794972   0.33988015  -1.18800863  -0.27341221   1.84618759   0.76950830   0.34670547   1.72519495  -1.63369899
  0.78949016   0.33546730  -1.18818761  -0.27179010   1.84539444   0.77096321   0.34454991   1.72185579  -1.63718705
  0.79104560   0.33101698  -1.18832882  -0.27013593   1.84461663   0.77242415   0.34236853   1.71845012  -1.64073970
  0.79261564   0.32653387  -1.18842880  -0.26844022   1.84383750   0.77392653   0.34015192   1.71496313  -1.64436974
  0.79420020   0.32202485  -1.18848437  -0.26670824   1.84306039   0.77545677   0.33791052   1.71140628  -1.64807104
  0.79579971   0.31749600  -1.18849853  -0.26495481   1.84230022   0.77698505   0.33566221   1.70779612  -1.65182628
  0.79741507   0.31294629  -1.18848485  -0.26318497   1.84154633   0.77852681   0.33340994   1.70413261  -1.65562514
  0.79904540   0.30838118  -1.18844003  -0.26139490   1.84079550   0.78007632   0.33115596   1.70042724  -1.65946781
  0.80068955   0.30380859  -1.18835811  -0.25958772   1.84005313   0.78162329   0.32890039   1.69668613  -1.66335132
  0.80234693   0.29923179  -1.18824108  -0.25776999   1.83929968   0.78320421   0.32663392   1.69289374  -1.66727191
  0.80401479   0.29465571  -1.18808645  -0.25593568   1.83853765   0.78481169   0.32435759   1.68905806  -1.67123028
  0.80569229   0.29008519  -1.18789165  -0.25407521   1.83776710   0.78644555   0.32206750   1.68518272  -1.67523251
  0.80737918   0.28552723  -1.18765267  -0.25218050   1.83701023   0.78806338   0.31977421   1.68129205  -1.67928063
  0.80907629   0.28098507  -1.18737287  -0.25025279   1.83626693   0.78966402   0.31748536   1.67739109  -1.68337233
  0.81078354   0.27646596  -1.18704572  -0.24829027   1.83553999   0.79123935   0.31520134   1.67348658  -1.68751010
  0.81250111   0.27197625  -1.18666595  -0.24628837   1.83482776   0.79279804   0.31291730   1.66957360  -1.69170106
  0.81422941   0.26752343  -1.18622839  -0.24424944   1.83413785   0.79432786   0.31063440   1.66565804  -1.69594444
  0.81596922   0.26311327  -1.18572929  -0.24217381   1.83346351   0.79584110   0.30834924   1.66173555  -1.70024302
  0.81772186   0.25875234  -1.18516844  -0.24007450   1.83281297   0.79731930   0.30607110   1.65781799  -1.70458568
  0.81948866   0.25444534  -1.18454723  -0.23795838   1.83218266   0.79877368   0.30380076   1.65390011  -1.70896924
  0.82127112   0.25019868  -1.18386733  -0.23584128   1.83158491   0.80018174   0.30155055   1.64999490  -1.71338047
  0.82307070   0.24601884  -1.18313146  -0.23374035   1.83103287   0.80152167   0.29933137   1.64611439  -1.71780493
  0.82488860   0.24190906  -1.18234188  -0.23165936   1.83050589   0.80282939   0.29713879   1.64224627  -1.72224301
  0.82672592   0.23787412  -1.18150116  -0.22960672   1.83000773   0.80409322   0.29498046   1.63840243  -1.72668670
  0.82858375   0.23391851  -1.18061395  -0.22759319   1.82954742   0.80529960   0.29286643   1.63459257  -1.73112665
  0.83046335   0.23004243  -1.17968779  -0.22562589   1.82909557   0.80649777   0.29079668   1.63080108  -1.73556035
  0.83236462   0.22624863  -1.17872285  -0.22369636   1.82865007   0.80768777   0.28876397   1.62703296  -1.73999164
  0.83428737   0.22254053  -1.17772007  -0.22179503   1.82822778   0.80884082   0.28676787   1.62330460  -1.74442315
  0.83623151   0.21891889  -1.17668147  -0.21990430   1.82782478   0.80996479   0.28480769   1.61961713  -1.74886773
  0.83819738   0.21538652  -1.17560714  -0.21802501   1.82744034   0.81105431   0.28287986   1.61597783  -1.75332241
  0.84018552   0.21194779  -1.17449739  -0.21616688   1.82708452   0.81208925   0.28098340   1.61239797  -1.75777699
  0.84219617   0.20860586  -1.17335544  -0.21433587   1.82676773   0.81305154   0.27912484   1.60888918  -1.76222475
  0.84422822   0.20535846  -1.17219083  -0.21252430   1.82649010   0.81393513   0.27732136   1.60546546  -1.76666773
  0.84628073   0.20220596  -1.17100810  -0.21074378   1.82623888   0.81475176   0.27557244   1.60212909  -1.77109393
  0.84835389   0.19915386  -1.16980051  -0.20900520   1.82599314   0.81553960   0.27385806   1.59885895  -1.77549951
  0.85044831   0.19620815  -1.16856379  -0.20731643   1.82575200   0.81630602   0.27216972   1.59564843  -1.77988137
  0.85256467   0.19337391  -1.16729651  -0.20568000   1.82552370   0.81704492   0.27050932   1.59249874  -1.78424012
  0.85470347   0.19065467  -1.16599863  -0.20408887   1.82531782   0.81774530   0.26888444   1.58941682  -1.78858305
  0.85686475   0.18804972  -1.16466766  -0.20251458   1.82510899   0.81844743   0.26729600   1.58639107  -1.79293734
  0.85904956   0.18555902  -1.16330400  -0.20095272   1.82488136   0.81916548   0.26574069   1.58342344  -1.79730599
  0.86125932   0.18318375  -1.16191283  -0.19941193   1.82464928   0.81986772   0.26422126   1.58053384  -1.80167721
  0.86349535   0.18092617  -1.16049937  -0.19790319   1.82443333   0.82051763   0.26274324   1.57774209  -1.80603858
  0.86575885   0.17878893  -1.15906801  -0.19643965   1.82424440   0.82109650   0.26131133   1.57505982  -1.81037865
  0.86805079   0.17677483  -1.15762197  -0.19503205   1.82408636   0.82159957   0.25992990   1.57249198  -1.81469005
  0.87037179   0.17488549  -1.15616314  -0.19368292   1.82395153   0.82204051   0.25860007   1.57003572  -1.81897288
  0.87272187   0.17311880  -1.15468897  -0.19237943   1.82378774   0.82249784   0.25730551   1.56766103  -1.82324097
  0.87510097   0.17147279  -1.15320087  -0.19110499   1.82358246   0.82298504   0.25604910   1.56536940  -1.82750711
  0.87750916   0.16994674  -1.15170270  -0.18985013   1.82335130   0.82347190   0.25483906   1.56317989  -1.83177496
  0.87994676   0.16854103  -1.15019784  -0.18861584   1.82310883   0.82393124   0.25367693   1.56110738  -1.83603972
  0.88241416   0.16725682  -1.14868877  -0.18740810   1.82286344   0.82434758   0.25256207   1.55916046  -1.84029439
  0.88491171   0.16609563  -1.14717769  -0.18623425   1.82261948   0.82471336   0.25149495   1.55734432  -1.84453249
  0.88743973   0.16505919  -1.14566607  -0.18510244   1.82237557   0.82503064   0.25047456   1.55565976  -1.84874788
  0.88999837   0.16414920  -1.14415533  -0.18401870   1.82213065   0.82530107   0.24950160   1.55410837  -1.85293632
  0.89258765   0.16336736  -1.14264658  -0.18298757   1.82188198   0.82552892   0.24857734   1.55269098  -1.85709512
  0.89520747   0.16271525  -1.14114071  -0.18201217   1.82162626   0.82571896   0.24770268   1.55140837  -1.86122246
  0.89785763   0.16219432  -1.13963830  -0.18109441   1.82135984   0.82587574   0.24687787   1.55026151  -1.86531711
  0.90053779   0.16180580  -1.13814015  -0.18023490   1.82108115   0.82599998   0.24610415   1.54925346  -1.86937837
  0.90324756   0.16155067  -1.13664699  -0.17943361   1.82078854   0.82609214   0.24538298   1.54838749  -1.87340597
  0.90598644   0.16142978  -1.13515931  -0.17869072   1.82047900   0.82615464   0.24471533   1.54766593  -1.87739956
  0.90875398   0.16144372  -1.13367770  -0.17800874   1.82014645   0.82619437   0.24409935   1.54708859  -1.88135653
  0.91154954   0.16159256  -1.13220439  -0.17738865   1.81979125   0.82620916   0.24353553   1.54665905  -1.88527425
  0.91437229   0.16187637  -1.13074086  -0.17683134   1.81941258   0.82620125   0.24302146   1.54637646  -1.88915022
  0.91722102   0.16229519  -1.12928752  -0.17633104   1.81901775   0.82615788   0.24256588   1.54625005  -1.89298893
  0.92009459   0.16284870  -1.12784534  -0.17588566   1.81860975   0.82607260   0.24217179   1.54628507  -1.89679058
  0.92299176   0.16353639  -1.12641560  -0.17549392   1.81819059   0.82594561   0.24183447   1.54647864  -1.90055328
  0.92591122   0.16435793  -1.12499798  -0.17515468   1.81775905   0.82578165   0.24155236   1.54682694  -1.90427726
  0.92885173   0.16531300  -1.12359120  -0.17487030   1.81730716   0.82559266   0.24132267   1.54732459  -1.90796074
  0.93181199   0.16640123  -1.12219386  -0.17464216   1.81683076   0.82538469   0.24114466   1.54796887  -1.91160276
  0.93479047   0.16762168  -1.12080656  -0.17446839   1.81633526   0.82515096   0.24101933   1.54876151  -1.91520292
  0.93778568   0.16897375  -1.11942821  -0.17434885   1.81582053   0.82489302   0.24094586   1.54970022  -1.91876069
  0.94079602   0.17045643  -1.11805971  -0.17428151   1.81529466   0.82460072   0.24092678   1.55078797  -1.92227577
  0.94381989   0.17206830  -1.11670276  -0.17426557   1.81476391   0.82426886   0.24095951   1.55202295  -1.92574551
  0.94685566   0.17380824  -1.11535761  -0.17430019   1.81423091   0.82389839   0.24104466   1.55340147  -1.92916975
  0.94990168   0.17567501  -1.11402417  -0.17438346   1.81369619   0.82349944   0.24118044   1.55491182  -1.93255018
  0.95295637   0.17766725  -1.11270174  -0.17451867   1.81315594   0.82307423   0.24136470   1.55655355  -1.93588236
  0.95601805   0.17978342  -1.11139049  -0.17471075   1.81260593   0.82262627   0.24159232   1.55832443  -1.93915924
  0.95908482   0.18202229  -1.11009065  -0.17496013   1.81205121   0.82214712   0.24186652   1.56022836  -1.94237866
  0.96215477   0.18438269  -1.10880304  -0.17526755   1.81149750   0.82162963   0.24218902   1.56226696  -1.94553770
  0.96522591   0.18686307  -1.10752914  -0.17563341   1.81094688   0.82107683   0.24255553   1.56443321  -1.94863284
  0.96829621   0.18946211  -1.10626899  -0.17605697   1.81039967   0.82049189   0.24296740   1.56672337  -1.95166357
  0.97136359   0.19217828  -1.10502281  -0.17653797   1.80985391   0.81988204   0.24342311   1.56913070  -1.95462843
  0.97442593   0.19501048  -1.10378942  -0.17707643   1.80930807   0.81924953   0.24392478   1.57165396  -1.95752668
  0.97748107   0.19795733  -1.10256803  -0.17767085   1.80876191   0.81859616   0.24447168   1.57428997  -1.96035751
  0.98052694   0.20101730  -1.10135775  -0.17832102   1.80821158   0.81793041   0.24505904   1.57703070  -1.96311899
  0.98356155   0.20418877  -1.10015923  -0.17902478   1.80766360   0.81724396   0.24569076   1.57987856  -1.96581068
  0.98658268   0.20747095  -1.09897217  -0.17978197   1.80712582   0.81653105   0.24636289   1.58282894  -1.96842948
  0.98958803   0.21086679  -1.09779317  -0.18059648   1.80663004   0.81574988   0.24707901   1.58589296  -1.97097024
  0.99257652   0.21437758  -1.09661933  -0.18147180   1.80617862   0.81490211   0.24784143   1.58906682  -1.97343218
  0.99554679   0.21800237  -1.09544807  -0.18240432   1.80575406   0.81401708   0.24865564   1.59233945  -1.97582222
  0.99849693   0.22173862  -1.09427874  -0.18339172   1.80533915   0.81311922   0.24952161   1.59570174  -1.97814195
  1.00142471   0.22558231  -1.09311348  -0.18442782   1.80492645   0.81221813   0.25043731   1.59914901  -1.98039187
  1.00432757   0.22952961  -1.09195381  -0.18550263   1.80451913   0.81130431   0.25140677   1.60268713  -1.98257489
  1.00720317   0.23357809  -1.09079917  -0.18661298   1.80411819   0.81037648   0.25242149   1.60631070  -1.98468839
  1.01004930   0.23773029  -1.08964471  -0.18776309   1.80375032   0.80940092   0.25347365   1.61002208  -1.98672520
  1.01286505   0.24198587  -1.08849108  -0.18895840   1.80342099   0.80837321   0.25456507   1.61382058  -1.98868028
  1.01564915   0.24634223  -1.08733898  -0.19019889   1.80311022   0.80732237   0.25570849   1.61770139  -1.99055752
  1.01839918   0.25079693  -1.08618749  -0.19147918   1.80281453   0.80625149   0.25690619   1.62166371  -1.99235901
  1.02111229   0.25535093  -1.08503294  -0.19279861   1.80255270   0.80513752   0.25815180   1.62570749  -1.99408090
  1.02378695   0.26000239  -1.08387475  -0.19415312   1.80232421   0.80398200   0.25944507   1.62982987  -1.99572459
  1.02642116   0.26474803  -1.08271445  -0.19554300   1.80212057   0.80279444   0.26078711   1.63402863  -1.99728708
  1.02901347   0.26958755  -1.08155244  -0.19697553   1.80195222   0.80155979   0.26218118   1.63830900  -1.99876031
  1.03156243   0.27451884  -1.08038703  -0.19843804   1.80181660   0.80028779   0.26362820   1.64266232  -2.00015451
  1.03406691   0.27953721  -1.07921835  -0.19991663   1.80170239   0.79899303   0.26512928   1.64708307  -2.00147947
  1.03652519   0.28463692  -1.07804944  -0.20141674   1.80158344   0.79770512   0.26667534   1.65156110  -2.00272631
  1.03893451   0.28981635  -1.07688302  -0.20295207   1.80146905   0.79640926   0.26826251   1.65609917  -2.00387764
  1.04129141   0.29507218  -1.07571955  -0.20451754   1.80135712   0.79511420   0.26987965   1.66068355  -2.00493223
  1.04359301   0.30040040  -1.07455849  -0.20609846   1.80124803   0.79382517   0.27151887   1.66530249  -2.00589791
  1.04583679   0.30580009  -1.07340077  -0.20770002   1.80115947   0.79251496   0.27319368   1.66997039  -2.00676801
  1.04802014   0.31126869  -1.07224324  -0.20931330   1.80108741   0.79119196   0.27490176   1.67467923  -2.00754910
  1.05014118   0.31680238  -1.07108271  -0.21092030   1.80103089   0.78985723   0.27664308   1.67942570  -2.00825466
  1.05219901   0.32240081  -1.06991562  -0.21252611   1.80099832   0.78849658   0.27842035   1.68421474  -2.00888108
  1.05419262   0.32806247  -1.06873949  -0.21413340   1.80098417   0.78712025   0.28023329   1.68903970  -2.00942810
  1.05612111   0.33378667  -1.06755078  -0.21574494   1.80099032   0.78572408   0.28208513   1.69390238  -2.00989480
  1.05798412   0.33957027  -1.06634612  -0.21735556   1.80099742   0.78434008   0.28396907   1.69878481  -2.01028911
  1.05978160   0.34540790  -1.06512660  -0.21896053   1.80099004   0.78298470   0.28588687   1.70368428  -2.01061497
  1.06151215   0.35129722  -1.06389519  -0.22056771   1.80098598   0.78162595   0.28784195   1.70861503  -2.01085971
  1.06317468   0.35723527  -1.06265127  -0.22216672   1.80099267   0.78026386   0.28982393   1.71356363  -2.01103059
  1.06476922   0.36321802  -1.06139396  -0.22375182   1.80099911   0.77892506   0.29181552   1.71850506  -2.01113438
  1.06629490   0.36924274  -1.06012746  -0.22533472   1.80101865   0.77758480   0.29382343   1.72345236  -2.01115692
  1.06775063   0.37530736  -1.05884713  -0.22690947   1.80104009   0.77625933   0.29586031   1.72840451  -2.01110877
  1.06913563   0.38141187  -1.05754659  -0.22847381   1.80106470   0.77495572   0.29792150   1.73334982  -2.01099662
  1.07045078   0.38755228  -1.05622549  -0.23002064   1.80110043   0.77366368   0.29999987   1.73828551  -2.01082569
  1.07169756   0.39372389  -1.05488625  -0.23154789   1.80115553   0.77236376   0.30210305   1.74322410  -2.01059601
  1.07287619   0.39992467  -1.05353077  -0.23306923   1.80124468   0.77101735   0.30423953   1.74819055  -2.01029030
  1.07398466   0.40615110  -1.05216307  -0.23459546   1.80135392   0.76964120   0.30641066   1.75318137  -2.00989684
  1.07502072   0.41239915  -1.05079331  -0.23614289   1.80148115   0.76822849   0.30863319   1.75821176  -2.00939379
  1.07598083   0.41866520  -1.04942366  -0.23769434   1.80161748   0.76681204   0.31089741   1.76325449  -2.00879522
  1.07686180   0.42494341  -1.04806252  -0.23925328   1.80175727   0.76538344   0.31321959   1.76832852  -2.00808760
  1.07765844   0.43122592  -1.04671819  -0.24082328   1.80187561   0.76396118   0.31559049   1.77343275  -2.00725480
  1.07836582   0.43750980  -1.04538934  -0.24236880   1.80201884   0.76248567   0.31799590   1.77857331  -2.00631367
  1.07898214   0.44379317  -1.04407090  -0.24386482   1.80219192   0.76097287   0.32043313   1.78372939  -2.00529145
  1.07950474   0.45007299  -1.04276370  -0.24534724   1.80233523   0.75950694   0.32288817   1.78886740  -2.00416404
  1.07993204   0.45634940  -1.04146015  -0.24683067   1.80241589   0.75816015   0.32532411   1.79393137  -2.00293288
  1.08026644   0.46261962  -1.04015496  -0.24830827   1.80242948   0.75696610   0.32770469   1.79887639  -2.00161667
  1.08050977   0.46888470  -1.03883667  -0.24976516   1.80240153   0.75589311   0.33002449   1.80370578  -2.00023536
  1.08065926   0.47513688  -1.03752233  -0.25120359   1.80235685   0.75485660   0.33236401   1.80851078  -1.99876293
  1.08071224   0.48137135  -1.03621513  -0.25257702   1.80233500   0.75379154   0.33476706   1.81333780  -1.99722710
  1.08066847   0.48758715  -1.03490968  -0.25387387   1.80234590   0.75269069   0.33722905   1.81818215  -1.99564048
  1.08053002   0.49377928  -1.03361028  -0.25512036   1.80238263   0.75154158   0.33974515   1.82305497  -1.99397512
  1.08029537   0.49994825  -1.03231034  -0.25634041   1.80241234   0.75040446   0.34227877   1.82791136  -1.99222149
  1.07996399   0.50609106  -1.03101377  -0.25756447   1.80240504   0.74931635   0.34482130   1.83273683  -1.99035475
  1.07953359   0.51220339  -1.02973790  -0.25880111   1.80240720   0.74818358   0.34741876   1.83759412  -1.98834094
  1.07900113   0.51828265  -1.02848214  -0.26000233   1.80245941   0.74695420   0.35007407   1.84249892  -1.98621113
  1.07836454   0.52433156  -1.02723108  -0.26114407   1.80254780   0.74568257   0.35274232   1.84739654  -1.98400366
  1.07762457   0.53034919  -1.02597900  -0.26223609   1.80262684   0.74445596   0.35539832   1.85223619  -1.98172960
  1.07678292   0.53633232  -1.02472687  -0.26327853   1.80269738   0.74326418   0.35805271   1.85703003  -1.97938824
  1.07584110   0.54227814  -1.02348088  -0.26431258   1.80273268   0.74212995   0.36070738   1.86177674  -1.97694379
  1.07479974   0.54818014  -1.02225817  -0.26535169   1.80274325   0.74102168   0.36338686   1.86650346  -1.97436904
  1.07365886   0.55403520  -1.02106861  -0.26640177   1.80274860   0.73990344   0.36610618   1.87122995  -1.97164731
  1.07241781   0.55984046  -1.01991616  -0.26744136   1.80276791   0.73876199   0.36885582   1.87594901  -1.96879466
  1.07107569   0.56559654  -1.01879538  -0.26848203   1.80276862   0.73766301   0.37159449   1.88061136  -1.96581623
  1.06963192   0.57130264  -1.01769939  -0.26951678   1.80271740   0.73668530   0.37426250   1.88515228  -1.96273940
  1.06808557   0.57695945  -1.01662114  -0.27049850   1.80264985   0.73580437   0.37685563   1.88956846  -1.95961181
  1.06643871   0.58256570  -1.01555652  -0.27140297   1.80259659   0.73497532   0.37940027   1.89388739  -1.95645448
  1.06469481   0.58811922  -1.01450883  -0.27224666   1.80257588   0.73414076   0.38195291   1.89816364  -1.95324157
  1.06285718   0.59361766  -1.01347791  -0.27303768   1.80258887   0.73329018   0.38452551   1.90240802  -1.94996715
  1.06092766   0.59906204  -1.01245574  -0.27379195   1.80261690   0.73245950   0.38708768   1.90659012  -1.94663285
  1.05890928   0.60444912  -1.01144231  -0.27451949   1.80263693   0.73168424   0.38962560   1.91069071  -1.94324005
  1.05680483   0.60977398  -1.01044220  -0.27520019   1.80266109   0.73095159   0.39214631   1.91471593  -1.93980628
  1.05461713   0.61503533  -1.00945521  -0.27582580   1.80271264   0.73022276   0.39467804   1.91869140  -1.93633511
  1.05235020   0.62023014  -1.00848086  -0.27640439   1.80278947   0.72949547   0.39721643   1.92261650  -1.93282370
  1.05000708   0.62535766  -1.00751522  -0.27694944   1.80288197   0.72878245   0.39974626   1.92647939  -1.92926908
  1.04759152   0.63041389  -1.00656155  -0.27747258   1.80298055   0.72809034   0.40226324   1.93027748  -1.92566360
  1.04510730   0.63539475  -1.00562190  -0.27798759   1.80306051   0.72745137   0.40475322   1.93399471  -1.92200361
  1.04255674   0.64030101  -1.00469328  -0.27850065   1.80312581   0.72687242   0.40720670   1.93761716  -1.91829380
  1.03994295   0.64512923  -1.00378391  -0.27901170   1.80320083   0.72631475   0.40964185   1.94116346  -1.91452642
  1.03726853   0.64987705  -1.00290025  -0.27952020   1.80331014   0.72573821   0.41207959   1.94465431  -1.91069351
  1.03453615   0.65454108  -1.00204548  -0.28002237   1.80344944   0.72515361   0.41451012   1.94808028  -1.90680315
  1.03174843   0.65911964  -1.00121911  -0.28052164   1.80360728   0.72458055   0.41692407   1.95142926  -1.90286027
  1.02890798   0.66360843  -1.00042384  -0.28100770   1.80377516   0.72403693   0.41930690   1.95468915  -1.89888078
  1.02601744   0.66800291  -0.99966094  -0.28146827   1.80394150   0.72354200   0.42164520   1.95785012  -1.89488268
  1.02307884   0.67230168  -0.99892815  -0.28189650   1.80410926   0.72309689   0.42393215   1.96090758  -1.89087874
  1.02009495   0.67650054  -0.99822822  -0.28228502   1.80428247   0.72269647   0.42616618   1.96386284  -1.88687768
  1.01706899   0.68059424  -0.99756564  -0.28263149   1.80446227   0.72233151   0.42835618   1.96672494  -1.88287959
  1.01400318   0.68458173  -0.99694263  -0.28294271   1.80467311   0.72196193   0.43052486   1.96951287  -1.87887178
  1.01090002   0.68846034  -0.99635973  -0.28322547   1.80490962   0.72159739   0.43266556   1.97221811  -1.87485447
  1.00776246   0.69222513  -0.99581802  -0.28348097   1.80515200   0.72126530   0.43476480   1.97482761  -1.87083525
  1.00459322   0.69587223  -0.99531689  -0.28371094   1.80538479   0.72098723   0.43681238   1.97733084  -1.86682106
  1.00139365   0.69940379  -0.99485136  -0.28392050   1.80562749   0.72074593   0.43881315   1.97972650  -1.86281302
  0.99816596   0.70281791  -0.99442420  -0.28411392   1.80590123   0.72050881   0.44077920   1.98202639  -1.85880281
  0.99491305   0.70610971  -0.99403894  -0.28429449   1.80619766   0.72028083   0.44271019   1.98423053  -1.85478848
  0.99163800   0.70927337  -0.99369787  -0.28446495   1.80649206   0.72009020   0.44459522   1.98632946  -1.85077391
  0.98834382   0.71230281  -0.99340430  -0.28462487   1.80676676   0.71995439   0.44642764   1.98831907  -1.84676296
  0.98503332   0.71519218  -0.99316248  -0.28477193   1.80701497   0.71987610   0.44820576   1.99020082  -1.84275793
  0.98170912   0.71793624  -0.99297697  -0.28490395   1.80723818   0.71984820   0.44993070   1.99197861  -1.83875942
  0.97837359   0.72053051  -0.99285212  -0.28501961   1.80744335   0.71985819   0.45160533   1.99365680  -1.83476683
  0.97502890   0.72297133  -0.99279154  -0.28511897   1.80763989   0.71989274   0.45323282   1.99523834  -1.83077910
  0.97167701   0.72525590  -0.99279746  -0.28520461   1.80783424   0.71994516   0.45481374   1.99672174  -1.82679552
  0.96831973   0.72738197  -0.99287134  -0.28527965   1.80803276   0.72001007   0.45634906   1.99810456  -1.82281559
  0.96495875   0.72934776  -0.99301378  -0.28534767   1.80824061   0.72008435   0.45783869   1.99938309  -1.81883937
  0.96159568   0.73115184  -0.99322463  -0.28541242   1.80846101   0.72016766   0.45928137   2.00055253  -1.81486761
  0.95823206   0.73279298  -0.99350303  -0.28547792   1.80869417   0.72026395   0.46067404   2.00160649  -1.81090199
  0.95486939   0.73427004  -0.99384826  -0.28554666   1.80894142   0.72037462   0.46201550   2.00254075  -1.80694444
  0.95150913   0.73558200  -0.99425978  -0.28561965   1.80920515   0.72049868   0.46330645   2.00335315  -1.80299706
  0.94815267   0.73672796  -0.99473678  -0.28569787   1.80948519   0.72063825   0.46454537   2.00404064  -1.79906257
  0.94480139   0.73770718  -0.99527853  -0.28578192   1.80978005   0.72079676   0.46573041   2.00460030  -1.79514394
  0.94145657   0.73851904  -0.99588475  -0.28587111   1.81008967   0.72097469   0.46686157   2.00503149  -1.79124390
  0.93811946   0.73916313  -0.99655492  -0.28596541   1.81041116   0.72117626   0.46793655   2.00533222  -1.78736533
  0.93479123   0.73963911  -0.99728938  -0.28606310   1.81074528   0.72139920   0.46895592   2.00550425  -1.78351023
  0.93147303   0.73994681  -0.99808838  -0.28616338   1.81109020   0.72164465   0.46991781   2.00554803  -1.77968047
  0.92816591   0.74008641  -0.99895160  -0.28626714   1.81143900   0.72192175   0.47081749   2.00546044  -1.77587848
  0.92487086   0.74005822  -0.99987934  -0.28637408   1.81178806   0.72223436   0.47165338   2.00524143  -1.77210575
  0.92158878   0.73986267  -1.00087262  -0.28648250   1.81213796   0.72257944   0.47242702   2.00489449  -1.76836267
  0.91832047   0.73950039  -1.00193274  -0.28659223   1.81248801   0.72295646   0.47313969   2.00442176  -1.76464861
  0.91506667   0.73897193  -1.00306210  -0.28670605   1.81283679   0.72336673   0.47379282   2.00382370  -1.76096016
  0.91182789   0.73827835  -1.00426177  -0.28682231   1.81318477   0.72380759   0.47438758   2.00310398  -1.75729719
  0.90860452   0.73742101  -1.00553224  -0.28693904   1.81353166   0.72427780   0.47492386   2.00226557  -1.75366042
  0.90539693   0.73640106  -1.00687535  -0.28705721   1.81387690   0.72477775   0.47540176   2.00130966  -1.75004794
  0.90220532   0.73522020  -1.00829132  -0.28717574   1.81421873   0.72530913   0.47582046   2.00023778  -1.74646038
  0.89902983   0.73388006  -1.00978105  -0.28729472   1.81455616   0.72587332   0.47617933   1.99905092  -1.74289705
  0.89587043   0.73238280  -1.01134393  -0.28741235   1.81488802   0.72647128   0.47647756   1.99775110  -1.73935926
  0.89272710   0.73073045  -1.01298042  -0.28752808   1.81521549   0.72710138   0.47671584   1.99634065  -1.73584624
  0.88959966   0.72892559  -1.01468945  -0.28763975   1.81553959   0.72776165   0.47689488   1.99482278  -1.73235899
  0.88648797   0.72697051  -1.01647121  -0.28774886   1.81585965   0.72845456   0.47701397   1.99319709  -1.72889623
  0.88339185   0.72486751  -1.01832591  -0.28785625   1.81617561   0.72918182   0.47707302   1.99146366  -1.72545698
  0.88031098   0.72261908  -1.02025321  -0.28796141   1.81648856   0.72994273   0.47707278   1.98962418  -1.72204081
  0.87724501   0.72022795  -1.02225219  -0.28806356   1.81679998   0.73073580   0.47701436   1.98768087  -1.71864752
  0.87419346   0.71769722  -1.02432104  -0.28816218   1.81711105   0.73155946   0.47689936   1.98563619  -1.71527678
  0.87115571   0.71503074  -1.02645668  -0.28825693   1.81742468   0.73240771   0.47673322   1.98349548  -1.71192684
  0.86813102   0.71223277  -1.02865592  -0.28834823   1.81774639   0.73327236   0.47652107   1.98126360  -1.70859539
  0.86511858   0.70930780  -1.03091554  -0.28843768   1.81808054   0.73414938   0.47626432   1.97894201  -1.70528100
  0.86211755   0.70626035  -1.03323274  -0.28852612   1.81843282   0.73503398   0.47596462   1.97653207  -1.70198277
  0.85912712   0.70309501  -1.03560403  -0.28861636   1.81880226   0.73593229   0.47561913   1.97403003  -1.69870125
  0.85614651   0.69981622  -1.03802618  -0.28871075   1.81918731   0.73685119   0.47522472   1.97143214  -1.69543726
  0.85317499   0.69642825  -1.04049659  -0.28881020   1.81958852   0.73779370   0.47477996   1.96873691  -1.69219152
  0.85021184   0.69293516  -1.04301308  -0.28891453   1.82000795   0.73875995   0.47428507   1.96594468  -1.68896450
  0.84725643   0.68934065  -1.04557415  -0.28902256   1.82044764   0.73975078   0.47373903   1.96305536  -1.68575771
  0.84430834   0.68564751  -1.04817933  -0.28913191   1.82090612   0.74077473   0.47313507   1.96006480  -1.68257598
  0.84136718   0.68185901  -1.05082657  -0.28924047   1.82138259   0.74182985   0.47247868   1.95697840  -1.67941878
  0.83843248   0.67797856  -1.05351419  -0.28934720   1.82187999   0.74291018   0.47177496   1.95380161  -1.67628429
  0.83550386   0.67400903  -1.05624173  -0.28945074   1.82240036   0.74401655   0.47102111   1.95053405  -1.67317402
  0.83258095   0.66995378  -1.05900717  -0.28955055   1.82294472   0.74514489   0.47022195   1.94718076  -1.67008609
  0.82966334   0.66581599  -1.06180920  -0.28964667   1.82351422   0.74629556   0.46937659   1.94374220  -1.66702041
  0.82675058   0.66159943  -1.06464520  -0.28974018   1.82410993   0.74746425   0.46849026   1.94022305  -1.66397391
  0.82384217   0.65730768  -1.06751351  -0.28983206   1.82473432   0.74864998   0.46756238   1.93662357  -1.66094576
  0.82093754   0.65294491  -1.07041119  -0.28992399   1.82538950   0.74984773   0.46659810   1.93294807  -1.65793263
  0.81803610   0.64851509  -1.07333623  -0.29001734   1.82607815   0.75105723   0.46559631   1.92919589  -1.65493394
  0.81513717   0.64402271  -1.07628538  -0.29011390   1.82680223   0.75227455   0.46456169   1.92537046  -1.65194685
  0.81224008   0.63947198  -1.07925644  -0.29021483   1.82756443   0.75350009   0.46349281   1.92147067  -1.64897130
  0.80934407   0.63486780  -1.08224572  -0.29032188   1.82836744   0.75472754   0.46239636   1.91750160  -1.64600377
  0.80644829   0.63021526  -1.08524992  -0.29043739   1.82921556   0.75595164   0.46127579   1.91346578  -1.64304145
  0.80355196   0.62551873  -1.08826699  -0.29056197   1.83010933   0.75717999   0.46012400   1.90935752  -1.64008728
  0.80065443   0.62078246  -1.09129405  -0.29069493   1.83104624   0.75841853   0.45893949   1.90517573  -1.63714329
  0.79775510   0.61601060  -1.09432858  -0.29083534   1.83202594   0.75966804   0.45772354   1.90092239  -1.63421000
  0.79485337   0.61120731  -1.09736836  -0.29098212   1.83305040   0.76092561   0.45647871   1.89660087  -1.63128720
  0.79194865   0.60637676  -1.10041139  -0.29113462   1.83412255   0.76218709   0.45520759   1.89221477  -1.62837407
  0.78904039   0.60152317  -1.10345551  -0.29129287   1.83524446   0.76344971   0.45391232   1.88776686  -1.62546968
  0.78612807   0.59665080  -1.10649862  -0.29145749   1.83641783   0.76471139   0.45259457   1.88325944  -1.62257281
  0.78321115   0.59176395  -1.10953848  -0.29162915   1.83764432   0.76597019   0.45125616   1.87869470  -1.61968233
  0.78028913   0.58686700  -1.11257273  -0.29180853   1.83892562   0.76722363   0.44989942   1.87407524  -1.61679698
  0.77736155   0.58196429  -1.11559906  -0.29199683   1.84026292   0.76846989   0.44852603   1.86940333  -1.61391524
  0.77442794   0.57706021  -1.11861518  -0.29219548   1.84165663   0.76970859   0.44713708   1.86468051  -1.61103573
  0.77148790   0.57215906  -1.12161902  -0.29240547   1.84310796   0.77093820   0.44573407   1.85990889  -1.60815723
  0.76854103   0.56726512  -1.12460851  -0.29262769   1.84461766   0.77215784   0.44431827   1.85509038  -1.60527868
  0.76558697   0.56238269  -1.12758157  -0.29286255   1.84618722   0.77336523   0.44289179   1.85022768  -1.60239925
  0.76262538   0.55751600  -1.13053609  -0.29311072   1.84781745   0.77455876   0.44145641   1.84532337  -1.59951796
  0.75965600   0.55266921  -1.13347020  -0.29337332   1.84950834   0.77573829   0.44001276   1.84037920  -1.59663375
  0.75667862   0.54784639  -1.13638211  -0.29365104   1.85126010   0.77690363   0.43856185   1.83539700  -1.59374596
  0.75369303   0.54305164  -1.13926995  -0.29394412   1.85307388   0.77805112   0.43710661   1.83038103  -1.59085337
  0.75069904   0.53828946  -1.14213072  -0.29425282   1.85495071   0.77917424   0.43565280   1.82533806  -1.58795421
  0.74769652   0.53356391  -1.14496305  -0.29457898   1.85689174   0.78027240   0.43419956   1.82026907  -1.58504712
  0.74468543   0.52887891  -1.14776546  -0.29492362   1.85889611   0.78134825   0.43274572   1.81517410  -1.58213210
  0.74166573   0.52423866  -1.15053521  -0.29528587   1.86096274   0.78239975   0.43129396   1.81005801  -1.57920946
  0.73863750   0.51964690  -1.15327121  -0.29566685   1.86309197   0.78342619   0.42984477   1.80492282  -1.57627818
  0.73560086   0.51510746  -1.15597194  -0.29606575   1.86528513   0.78442336   0.42839993   1.79977343  -1.57333810
  0.73255609   0.51062356  -1.15863774  -0.29648506   1.86754283   0.78539238   0.42695955   1.79460977  -1.57038740
  0.72950351   0.50619824  -1.16126897  -0.29692680   1.86986388   0.78633696   0.42552342   1.78943111  -1.56742501
  0.72644338   0.50183480  -1.16386431  -0.29738937   1.87224766   0.78725518   0.42409381   1.78424209  -1.56445176
  0.72337610   0.49753605  -1.16642409  -0.29787454   1.87469422   0.78814691   0.42267121   1.77904428  -1.56146588
  0.72030207   0.49330471  -1.16894862  -0.29838358   1.87720374   0.78901118   0.42125721   1.77384002  -1.55846587
  0.71722168   0.48914374  -1.17143673  -0.29891636   1.87977501   0.78984327   0.41985658   1.76863634  -1.55545036
  0.71413536   0.48505599  -1.17388776  -0.29947455   1.88240676   0.79064117   0.41847130   1.76343731  -1.55241727
  0.71104352   0.48104409  -1.17630199  -0.30005983   1.88509978   0.79140493   0.41710027   1.75824358  -1.54936544
  0.70794658   0.47711055  -1.17867965  -0.30067284   1.88785508   0.79213387   0.41574336   1.75305660  -1.54629444
  0.70484496   0.47325791  -1.18102034  -0.30131318   1.89067300   0.79282566   0.41440198   1.74787998  -1.54320428
  0.70173905   0.46948903  -1.18332184  -0.30197825   1.89355174   0.79347780   0.41307845   1.74271956  -1.54009705
  0.69862941   0.46580636  -1.18558349  -0.30266984   1.89649005   0.79408933   0.41177432   1.73757820  -1.53697136
  0.69551666   0.46221232  -1.18780485  -0.30339066   1.89948575   0.79466111   0.41049081   1.73245760  -1.53382539
  0.69240138   0.45870932  -1.18998484  -0.30414140   1.90253635   0.79519092   0.40923138   1.72736297  -1.53065826
  0.68928421   0.45529963  -1.19212331  -0.30492500   1.90564028   0.79567983   0.40799608   1.72229529  -1.52746809
  0.68616568   0.45198543  -1.19422076  -0.30574286   1.90880046   0.79612322   0.40678593   1.71725743  -1.52425343
  0.68304630   0.44876897  -1.19627720  -0.30659548   1.91201951   0.79651598   0.40560282   1.71225312  -1.52101357
  0.67992654   0.44565249  -1.19829209  -0.30748272   1.91529823   0.79685401   0.40444907   1.70728673  -1.51774850
  0.67680694   0.44263829  -1.20026361  -0.30840365   1.91863203   0.79713906   0.40332650   1.70236188  -1.51445991
  0.67368812   0.43972837  -1.20219139  -0.30936032   1.92201835   0.79737250   0.40223458   1.69748021  -1.51114659
  0.67057064   0.43692473  -1.20407556  -0.31035480   1.92545766   0.79755272   0.40117403   1.69264354  -1.50780715
  0.66745507   0.43422944  -1.20591603  -0.31138876   1.92894997   0.79767792   0.40014631   1.68785430  -1.50444058
  0.66434195   0.43164452  -1.20771257  -0.31246355   1.93249474   0.79774644   0.39915306   1.68311529  -1.50104604
  0.66123184   0.42917191  -1.20946487  -0.31358053   1.93608998   0.79775845   0.39819565   1.67842887  -1.49762296
  0.65812528   0.42681344  -1.21117238  -0.31473953   1.93973337   0.79771389   0.39727551   1.67379826  -1.49417188
  0.65502276   0.42457075  -1.21283342  -0.31593716   1.94341772   0.79761757   0.39639402   1.66922708  -1.49069680
  0.65192504   0.42244490  -1.21444644  -0.31717195   1.94712851   0.79748304   0.39555096   1.66471668  -1.48720062
  0.64883297   0.42043654  -1.21601196  -0.31844467   1.95085688   0.79731904   0.39474506   1.66026769  -1.48368343
  0.64574713   0.41854630  -1.21753363  -0.31975554   1.95461534   0.79710757   0.39397667   1.65588755  -1.48014153
  0.64266793   0.41677545  -1.21901481  -0.32110652   1.95842095   0.79682585   0.39324817   1.65158343  -1.47657012
  0.63959574   0.41512597  -1.22045671  -0.32250164   1.96228299   0.79646203   0.39256233   1.64735815  -1.47296538
  0.63653089   0.41360006  -1.22185871  -0.32394542   1.96620160   0.79601591   0.39192132   1.64321116  -1.46932511
  0.63347349   0.41220078  -1.22321970  -0.32544414   1.97018327   0.79547664   0.39132886   1.63914539  -1.46564440
  0.63042343   0.41093450  -1.22453715  -0.32701097   1.97426124   0.79479545   0.39079628   1.63517248  -1.46191041
  0.62738211   0.40980644  -1.22580353  -0.32865025   1.97841345   0.79400241   0.39032512   1.63128267  -1.45812945
  0.62434991   0.40881816  -1.22701399  -0.33035958   1.98259909   0.79315032   0.38991035   1.62746437  -1.45431108
  0.62132692   0.40796885  -1.22816946  -0.33213313   1.98679006   0.79227678   0.38954174   1.62371169  -1.45046144
  0.61831317   0.40725697  -1.22927421  -0.33396232   1.99097601   0.79139506   0.38921279   1.62002705  -1.44658488
  0.61530843   0.40668226  -1.23033324  -0.33584067   1.99517354   0.79047712   0.38892789   1.61642570  -1.44268007
  0.61231217   0.40624966  -1.23134874  -0.33777882   1.99943771   0.78943650   0.38870630   1.61293532  -1.43872890
  0.60932502   0.40596267  -1.23231684  -0.33978154   2.00375449   0.78829188   0.38854805   1.60954997  -1.43473259
  0.60634680   0.40582094  -1.23323718  -0.34184144   2.00809497   0.78708533   0.38844538   1.60626053  -1.43070087
  0.60337699   0.40582357  -1.23411204  -0.34395085   2.01244751   0.78583446   0.38839332   1.60306553  -1.42663940
  0.60041462   0.40597380  -1.23494318  -0.34611592   2.01684803   0.78448650   0.38840208   1.59998022  -1.42253728
  0.59745894   0.40627349  -1.23572850  -0.34833596   2.02128925   0.78304940   0.38847315   1.59700401  -1.41839651
  0.59450920   0.40672429  -1.23646700  -0.35061231   2.02576868   0.78152618   0.38860628   1.59413635  -1.41421627
  0.59156490   0.40732612  -1.23715666  -0.35293845   2.03025748   0.77995801   0.38879435   1.59136788  -1.41000581
  0.58862524   0.40808040  -1.23779648  -0.35531217   2.03475675   0.77834506   0.38903333   1.58869932  -1.40576619
  0.58569003   0.40898667  -1.23838710  -0.35772874   2.03925113   0.77670277   0.38932617   1.58613185  -1.40150179
  0.58275882   0.41004745  -1.23892996  -0.36019676   2.04376315   0.77499540   0.38968933   1.58367421  -1.39720383
  0.57983088   0.41126302  -1.23942458  -0.36270892   2.04829052   0.77322249   0.39012014   1.58133200  -1.39287619
  0.57690557   0.41263390  -1.23987137  -0.36526335   2.05283695   0.77137495   0.39061427   1.57911200  -1.38851633
  0.57398290   0.41416114  -1.24025684  -0.36787467   2.05735747   0.76949832   0.39113469   1.57700655  -1.38411131
  0.57106269   0.41585505  -1.24052350  -0.37062540   2.06178169   0.76761315   0.39156342   1.57502185  -1.37957898
  0.56814128   0.41772284  -1.24061360  -0.37356341   2.06605477   0.76573216   0.39178976   1.57316848  -1.37486596
  0.56522063   0.41978806  -1.24040254  -0.37688569   2.07001167   0.76402351   0.39158395   1.57134861  -1.36982958
  0.56230065   0.42206111  -1.23984005  -0.38061542   2.07365044   0.76250946   0.39093469   1.56951674  -1.36448517
  0.55937829   0.42453976  -1.23891212  -0.38471449   2.07697680   0.76117896   0.38989420   1.56767717  -1.35888056
  0.55644107   0.42723174  -1.23753760  -0.38921482   2.08000090   0.75988283   0.38829909   1.56593906  -1.35292611
  0.55348521   0.43014080  -1.23568808  -0.39409456   2.08270124   0.75866254   0.38619169   1.56427627  -1.34667148
  0.55051187   0.43326658  -1.23337102  -0.39931819   2.08506143   0.75762421   0.38372099   1.56259977  -1.34021820
  0.54751885   0.43662993  -1.23051409  -0.40496575   2.08709410   0.75675644   0.38083954   1.56086227  -1.33352904
  0.54450625   0.44023390  -1.22713135  -0.41102560   2.08885452   0.75606240   0.37772226   1.55899072  -1.32667741
  0.54149550   0.44406948  -1.22326980  -0.41754517   2.09029260   0.75563982   0.37443438   1.55693119  -1.31965321
  0.53850851   0.44814135  -1.21890565  -0.42461173   2.09135940   0.75545742   0.37077757   1.55476212  -1.31232992
  0.53553500   0.45242199  -1.21410807  -0.43209232   2.09216663   0.75526816   0.36675438   1.55269368  -1.30471099
  0.53257032   0.45688787  -1.20898160  -0.43981497   2.09285780   0.75490954   0.36256484   1.55082012  -1.29691943
  0.52961994   0.46154165  -1.20356430  -0.44773064   2.09347691   0.75435385   0.35835237   1.54914020  -1.28902746
  0.52667950   0.46638122  -1.19791839  -0.45572414   2.09408529   0.75367659   0.35439099   1.54753804  -1.28122119
  0.52373611   0.47140549  -1.19203808  -0.46372453   2.09466576   0.75294594   0.35059373   1.54601257  -1.27353988
  0.52081038   0.47659847  -1.18598493  -0.47172733   2.09521968   0.75211087   0.34684603   1.54466941  -1.26591572
  0.51791882   0.48194770  -1.17982090  -0.47972772   2.09576273   0.75118100   0.34316209   1.54351209  -1.25834409
  0.51504091   0.48747095  -1.17346596  -0.48773051   2.09625359   0.75030618   0.33935636   1.54245811  -1.25082582
  0.51216752   0.49317083  -1.16692581  -0.49573091   2.09673342   0.74951713   0.33553295   1.54141689  -1.24340943
  0.50929679   0.49904509  -1.16020018  -0.50373364   2.09720412   0.74881547   0.33164515   1.54039829  -1.23607359
  0.50641879   0.50510626  -1.15319128  -0.51173416   2.09770289   0.74796157   0.32720197   1.53971061  -1.22863979
  0.50353335   0.51135494  -1.14590600  -0.51973711   2.09814808   0.74715908   0.32236076   1.53919874  -1.22119084
  0.50064475   0.51777589  -1.13840407  -0.52773785   2.09857883   0.74639984   0.31728805   1.53881331  -1.21376271
  0.49774973   0.52436368  -1.13070350  -0.53574079   2.09897882   0.74584612   0.31209567   1.53838677  -1.20641972
  0.49483303   0.53111271  -1.12283179  -0.54374155   2.09936944   0.74561304   0.30668408   1.53784677  -1.19913605
  0.49187355   0.53799500  -1.11485351  -0.55174447   2.09985934   0.74570406   0.30086857   1.53718028  -1.19181220
  0.48887026   0.54497470  -1.10684892  -0.55974529   2.10051850   0.74598139   0.29471856   1.53645747  -1.18440001
  0.48583753   0.55202776  -1.09885108  -0.56774846   2.10132836   0.74622487   0.28840424   1.53584430  -1.17687678
  0.48278693   0.55914939  -1.09085073  -0.57574951   2.10224782   0.74641699   0.28186966   1.53541629  -1.16922513
  0.47972106   0.56634605  -1.08284849  -0.58375267   2.10325918   0.74685519   0.27479400   1.53505323  -1.16140316
  0.47664748   0.57362185  -1.07484671  -0.59175348   2.10436356   0.74759719   0.26717043   1.53472278  -1.15342556
  0.47358987   0.58098267  -1.06684464  -0.59975568   2.10559492   0.74849418   0.25941491   1.53437051  -1.14542211
  0.47057419   0.58841999  -1.05884304  -0.60775778   2.10692469   0.74939595   0.25165257   1.53411012  -1.13741467
  0.46760575   0.59592560  -1.05084104  -0.61575984   2.10837595   0.75024516   0.24391420   1.53395328  -1.12941161
  0.46467080   0.60349960  -1.04283923  -0.62375822   2.10991852   0.75131954   0.23604463   1.53373752  -1.12140384
  0.46176113   0.61113993  -1.03483713  -0.63175597   2.11160590   0.75262015   0.22807730   1.53339479  -1.11340057
  0.45889387   0.61884500  -1.02683549  -0.63975779   2.11339610   0.75404083   0.22006373   1.53304334  -1.10539274
  0.45607692   0.62659836  -1.01883352  -0.64775917   2.11527923   0.75548911   0.21206225   1.53274017  -1.09739024
  0.45331073   0.63436910  -1.01083194  -0.65575822   2.11718289   0.75698401   0.20406259   1.53251368  -1.08938371
  0.45058643   0.64213056  -1.00283016  -0.66373307   2.11908104   0.75843658   0.19610903   1.53243515  -1.08138031
  0.44787978   0.64987991  -0.99482846  -0.67166543   2.12095059   0.76001213   0.18812964   1.53240983  -1.07337328
  0.44516919   0.65762229  -0.98682661  -0.67951013   2.12289846   0.76157932   0.18012311   1.53248621  -1.06537206
  0.44243942   0.66535149  -0.97882499  -0.68724743   2.12494109   0.76304036   0.17211418   1.53273409  -1.05737268
  0.43967313   0.67305658  -0.97082316  -0.69487498   2.12702843   0.76446331   0.16410399   1.53312713  -1.04936661
  0.43685456   0.68072285  -0.96282161  -0.70235450   2.12917904   0.76575938   0.15609509   1.53373300  -1.04136349
  0.43397253   0.68833497  -0.95481989  -0.70965779   2.13138931   0.76684734   0.14808490   1.53463102  -1.03336738
  0.43099978   0.69588764  -0.94681839  -0.71671074   2.13361324   0.76778644   0.14007603   1.53582810  -1.02542236
  0.42791984   0.70337483  -0.93881680  -0.72345837   2.13586857   0.76847678   0.13206585   1.53741826  -1.01755301
  0.42473165   0.71078767  -0.93081543  -0.72985104   2.13811902   0.76893091   0.12405708   1.53942702  -1.00980746
  0.42142935   0.71811177  -0.92281400  -0.73582220   2.14026598   0.76929219   0.11604724   1.54181269  -1.00225296
  0.41801137   0.72533952  -0.91481275  -0.74130879   2.14237547   0.76944233   0.10803877   1.54463003  -0.99494682
  0.41448431   0.73246447  -0.90681142  -0.74635965   2.14442793   0.76940760   0.10002963   1.54784484  -0.98786374
  0.41083460   0.73948724  -0.89881023  -0.75094736   2.14644096   0.76920679   0.09202179   1.55142305  -0.98102746
  0.40706606   0.74641080  -0.89080896  -0.75507797   2.14846281   0.76882062   0.08401330   1.55532996  -0.97444682
  0.40317771   0.75322918  -0.88280788  -0.75871596   2.15046604   0.76828772   0.07600590   1.55954713  -0.96816241
  0.39917083   0.75993698  -0.87480676  -0.76184263   2.15243846   0.76760059   0.06800523   1.56407812  -0.96220145
  0.39505623   0.76653483  -0.86680580  -0.76447337   2.15441275   0.76667475   0.06008942   1.56890386  -0.95659450
  0.39085876   0.77302908  -0.85880481  -0.76668123   2.15632905   0.76565285   0.05240023   1.57381418  -0.95136641
  0.38659253   0.77942911  -0.85080388  -0.76855035   2.15820947   0.76464205   0.04477957   1.57876636  -0.94640959
  0.38226903   0.78574217  -0.84280296  -0.77008807   2.16010133   0.76361055   0.03718966   1.58376444  -0.94171783
  0.37789739   0.79196875  -0.83480215  -0.77124142   2.16198771   0.76251065   0.02967742   1.58883734  -0.93736428
  0.37349387   0.79811583  -0.82680140  -0.77191965   2.16377021   0.76155459   0.02240203   1.59376207  -0.93350978
  0.36908029   0.80418432  -0.81880075  -0.77205866   2.16544164   0.76058486   0.01533729   1.59871053  -0.93022223
  0.36469805   0.81019152  -0.81080018  -0.77175759   2.16691324   0.75974596   0.00882711   1.60334450  -0.92757369
  0.36038295   0.81615155  -0.80279967  -0.77113567   2.16813700   0.75910744   0.00307580   1.60745748  -0.92555876
  0.35615731   0.82206848  -0.79479919  -0.77029213   2.16911938   0.75855928  -0.00198145   1.61116771  -0.92408103
  0.35202378   0.82794610  -0.78679871  -0.76933433   2.16994416   0.75799982  -0.00671536   1.61474844  -0.92291685
  0.34797924   0.83378806  -0.77879826  -0.76828023   2.17069057   0.75738645  -0.01140072   1.61836640  -0.92195464
  0.34402369   0.83959128  -0.77079779  -0.76709453   2.17140306   0.75657714  -0.01624207   1.62227017  -0.92116303
  0.34017200   0.84536358  -0.76279736  -0.76578107   2.17204874   0.75564300  -0.02109065   1.62630938  -0.92060485
  0.33644049   0.85110860  -0.75479691  -0.76437148   2.17253335   0.75470538  -0.02573874   1.63029118  -0.92033609
  0.33284005   0.85682707  -0.74679650  -0.76287842   2.17283235   0.75372618  -0.03009410   1.63420041  -0.92038682
  0.32938194   0.86252074  -0.73879607  -0.76133480   2.17292197   0.75271870  -0.03410711   1.63800207  -0.92075287
  0.32607416   0.86819218  -0.73079566  -0.75975097   2.17280157   0.75170245  -0.03774680   1.64165143  -0.92144014
  0.32292265   0.87384160  -0.72279526  -0.75813644   2.17244396   0.75075723  -0.04099517   1.64507914  -0.92244719
  0.31993430   0.87946843  -0.71479488  -0.75651844   2.17186802   0.74984129  -0.04389118   1.64833305  -0.92374190
  0.31711673   0.88506900  -0.70679447  -0.75493169   2.17105332   0.74896004  -0.04647461   1.65145051  -0.92528599
  0.31447594   0.89063852  -0.69879409  -0.75338949   2.16999515   0.74808387  -0.04882004   1.65451571  -0.92705104
  0.31201624   0.89617541  -0.69079368  -0.75189567   2.16871687   0.74716478  -0.05095932   1.65757617  -0.92902864
  0.30974214   0.90168010  -0.68279327  -0.75047013   2.16722815   0.74622184  -0.05289672   1.66060728  -0.93120116
  0.30765141   0.90715394  -0.67479285  -0.74910574   2.16557899   0.74523551  -0.05465077   1.66359847  -0.93356511
  0.30574228   0.91259705  -0.66679243  -0.74780683   2.16381896   0.74416453  -0.05627783   1.66658699  -0.93609750
  0.30401744   0.91800678  -0.65879198  -0.74660100   2.16197543   0.74296798  -0.05786522   1.66964828  -0.93875163
  0.30247945   0.92338037  -0.65079154  -0.74549996   2.16000888   0.74174312  -0.05942389   1.67273097  -0.94151309
  0.30112911   0.92871661  -0.64279109  -0.74451171   2.15787763   0.74059038  -0.06089559   1.67573512  -0.94438738
  0.29996376   0.93401387  -0.63479065  -0.74364428   2.15556205   0.73956682  -0.06224893   1.67860305  -0.94736963
  0.29897847   0.93927109  -0.62679021  -0.74288807   2.15307265   0.73867865  -0.06348585   1.68132432  -0.95046124
  0.29816968   0.94449064  -0.61878977  -0.74220841   2.15047429   0.73783323  -0.06461864   1.68394460  -0.95368867
  0.29753724   0.94967391  -0.61078931  -0.74159902   2.14780511   0.73697474  -0.06564789   1.68648774  -0.95705784
  0.29708066   0.95482041  -0.60278888  -0.74108166   2.14505401   0.73616007  -0.06658138   1.68891667  -0.96054210
  0.29679722   0.95993031  -0.59478843  -0.74065162   2.14225715   0.73533595  -0.06746389   1.69128461  -0.96413279
  0.29668622   0.96499873  -0.58678799  -0.74034898   2.13946054   0.73436139  -0.06844175   1.69378329  -0.96776330
  0.29674561   0.97002370  -0.57878751  -0.74019093   2.13672255   0.73309763  -0.06958407   1.69653881  -0.97140642
  0.29697140   0.97500588  -0.57078702  -0.74014991   2.13404385   0.73157896  -0.07083121   1.69947897  -0.97509792
  0.29735738   0.97994709  -0.56278653  -0.74020091   2.13134337   0.73005525  -0.07197017   1.70229859  -0.97889336
  0.29789616   0.98484126  -0.55478609  -0.74034857   2.12859599   0.72853202  -0.07300295   1.70501718  -0.98278179
  0.29857895   0.98968542  -0.54678562  -0.74058019   2.12578404   0.72707683  -0.07395054   1.70760290  -0.98675709
  0.29939859   0.99447924  -0.53878521  -0.74088252   2.12290177   0.72578771  -0.07479238   1.70995672  -0.99082121
  0.30034997   0.99921506  -0.53078479  -0.74126908   2.11996675   0.72459747  -0.07561947   1.71218319  -0.99494041
  0.30142767   1.00388584  -0.52278442  -0.74175153   2.11693006   0.72358418  -0.07643529   1.71425177  -0.99909577
  0.30262414   1.00849172  -0.51478404  -0.74229999   2.11379285   0.72278855  -0.07716079   1.71607606  -1.00332090
  0.30393396   1.01302874  -0.50678370  -0.74289531   2.11056910   0.72215928  -0.07777376   1.71768017  -1.00763552
  0.30535219   1.01749170  -0.49878336  -0.74354150   2.10728091   0.72162128  -0.07833748   1.71915547  -1.01202242
  0.30687475   1.02187297  -0.49078306  -0.74425665   2.10397775   0.72101517  -0.07897483   1.72068196  -1.01644598
  0.30849692   1.02616788  -0.48278273  -0.74505140   2.10069704   0.72022820  -0.07971880   1.72235092  -1.02089313
  0.31021646   1.03036997  -0.47478243  -0.74598099   2.09753125   0.71902306  -0.08073469   1.72439780  -1.02529321
  0.31202839   1.03447433  -0.46678207  -0.74703292   2.09441616   0.71751606  -0.08199272   1.72674667  -1.02965861
  0.31391953   1.03848066  -0.45878187  -0.74819932   2.09117033   0.71610041  -0.08326563   1.72905349  -1.03401225
  0.31587511   1.04239477  -0.45078158  -0.74942336   2.08780279   0.71484120  -0.08439248   1.73116221  -1.03841627
  0.31788624   1.04622030  -0.44278141  -0.75065824   2.08432337   0.71384010  -0.08524759   1.73290077  -1.04291700
  0.31995067   1.04994492  -0.43478120  -0.75194523   2.08068140   0.71324048  -0.08597637   1.73425303  -1.04743980
  0.32206440   1.05355905  -0.42678110  -0.75328534   2.07690622   0.71295722  -0.08668773   1.73533089  -1.05196596
  0.32422271   1.05705798  -0.41878089  -0.75466066   2.07315272   0.71269434  -0.08751346   1.73634602  -1.05649837
  0.32642361   1.06043136  -0.41078083  -0.75610279   2.06937497   0.71247915  -0.08853349   1.73734978  -1.06099705
  0.32866388   1.06367530  -0.40278071  -0.75764408   2.06548257   0.71247295  -0.08970956   1.73824478  -1.06543241
  0.33093493   1.06679221  -0.39478068  -0.75927032   2.06148274   0.71261675  -0.09097304   1.73904814  -1.06982722
  0.33323014   1.06977627  -0.38678062  -0.76098458   2.05730986   0.71299345  -0.09221661   1.73967941  -1.07419117
  0.33554082   1.07262641  -0.37878065  -0.76276776   2.05299008   0.71347134  -0.09343938   1.74024467  -1.07854495
  0.33785872   1.07534760  -0.37078148  -0.76460065   2.04859460   0.71386777  -0.09467253   1.74087973  -1.08290429
  0.34017748   1.07794564  -0.36278638  -0.76645927   2.04415887   0.71414206  -0.09586225   1.74157286  -1.08729376
  0.34249301   1.08041982  -0.35479129  -0.76837798   2.03964604   0.71441514  -0.09706780   1.74226885  -1.09166457
  0.34479785   1.08276863  -0.34678875  -0.77044036   2.03504971   0.71461209  -0.09848865   1.74314229  -1.09591647
  0.34708421   1.08498778  -0.33880264  -0.77264547   2.03026531   0.71495449  -0.10008835   1.74407242  -1.10002898
  0.34934803   1.08706711  -0.33087748  -0.77496232   2.02522314   0.71563804  -0.10180579   1.74492711  -1.10400549
  0.35158968   1.08899066  -0.32309936  -0.77727242   2.01999712   0.71657882  -0.10354692   1.74571998  -1.10793019
  0.35381146   1.09073552  -0.31557266  -0.77950614   2.01463681   0.71771630  -0.10523278   1.74647847  -1.11183341
  0.35601807   1.09227157  -0.30840426  -0.78164441   2.00925954   0.71875300  -0.10701572   1.74750172  -1.11568476
  0.35821312   1.09358051  -0.30167901  -0.78360474   2.00395255   0.71955867  -0.10889713   1.74887348  -1.11952673
  0.36040237   1.09464831  -0.29548716  -0.78526580   1.99880750   0.72004263  -0.11067457   1.75054373  -1.12345999
  0.36259059   1.09546282  -0.28988411  -0.78661851   1.99377956   0.72040120  -0.11222491   1.75232764  -1.12747040
  0.36477193   1.09601427  -0.28493839  -0.78781392   1.98871482   0.72099832  -0.11338748   1.75397790  -1.13138030
  0.36692950   1.09629630  -0.28069119  -0.78882926   1.98377138   0.72142232  -0.11435352   1.75585479  -1.13517074
  0.36904835   1.09632198  -0.27712036  -0.78957008   1.97903460   0.72159819  -0.11516665   1.75796233  -1.13890784
  0.37111133   1.09612263  -0.27414515  -0.79016792   1.97431314   0.72219297  -0.11578880   1.75978196  -1.14243887
  0.37310826   1.09570911  -0.27169104  -0.79069411   1.96938523   0.72365389  -0.11625074   1.76105840  -1.14569214
  0.37502794   1.09508594  -0.26970319  -0.79102599   1.96433268   0.72565736  -0.11676462   1.76208743  -1.14878974
  0.37686805   1.09425501  -0.26816147  -0.79106582   1.95932984   0.72771102  -0.11737006   1.76318334  -1.15185673
  0.37863360   1.09321386  -0.26705108  -0.79080222   1.95436982   0.72969075  -0.11793936   1.76440125  -1.15494744
  0.38033360   1.09195640  -0.26636413  -0.79029039   1.94948244   0.73134695  -0.11843967   1.76592718  -1.15805763
  0.38196890   1.09050342  -0.26603273  -0.78954287   1.94467198   0.73273919  -0.11883489   1.76765357  -1.16120365
  0.38353701   1.08888791  -0.26594828  -0.78866584   1.93984388   0.73422449  -0.11918728   1.76930365  -1.16429867
  0.38503871   1.08713069  -0.26603384  -0.78777214   1.93491918   0.73607366  -0.11953819   1.77067144  -1.16725104
  0.38647322   1.08524006  -0.26624504  -0.78689986   1.92998607   0.73810350  -0.11999885   1.77187329  -1.17004632
  0.38784334   1.08320041  -0.26659217  -0.78618925   1.92486950   0.74043560  -0.12052929   1.77293441  -1.17257460
  0.38914394   1.08099862  -0.26710908  -0.78565951   1.91973620   0.74251237  -0.12127030   1.77430656  -1.17483217
  0.39036905   1.07863707  -0.26778755  -0.78519833   1.91469106   0.74407822  -0.12222072   1.77613332  -1.17693512
  0.39152269   1.07611996  -0.26861081  -0.78474731   1.90970230   0.74521129  -0.12322476   1.77829685  -1.17895967
  0.39259995   1.07346982  -0.26954244  -0.78433117   1.90464194   0.74639587  -0.12408495   1.78036399  -1.18087107
  0.39359729   1.07068875  -0.27057569  -0.78396667   1.89956147   0.74749807  -0.12488936   1.78244933  -1.18265479
  0.39451418   1.06778405  -0.27170253  -0.78368388   1.89450027   0.74851934  -0.12564708   1.78451862  -1.18428027
  0.39534690   1.06476672  -0.27295930  -0.78368822   1.88936436   0.74988204  -0.12608307   1.78617588  -1.18552968
  0.39607171   1.06162869  -0.27438095  -0.78391675   1.88423790   0.75131992  -0.12626999   1.78764670  -1.18643175
  0.39666372   1.05838343  -0.27591140  -0.78418864   1.87895747   0.75317735  -0.12620652   1.78872978  -1.18711943
  0.39711668   1.05503300  -0.27750047  -0.78444347   1.87341180   0.75563506  -0.12599786   1.78936649  -1.18764452
  0.39742997   1.05157985  -0.27913875  -0.78459609   1.86784616   0.75820979  -0.12581526   1.78985403  -1.18809844
  0.39761093   1.04801751  -0.28081818  -0.78472146   1.86238552   0.76057817  -0.12593537   1.79048246  -1.18842967
  0.39766654   1.04434945  -0.28250466  -0.78486376   1.85703032   0.76273666  -0.12651217   1.79129397  -1.18861153
  0.39761017   1.04056566  -0.28422217  -0.78499051   1.85178651   0.76462468  -0.12741927   1.79229852  -1.18869473
  0.39745546   1.03666488  -0.28599116  -0.78505950   1.84661536   0.76635516  -0.12839913   1.79333521  -1.18873334
  0.39721036   1.03265755  -0.28782967  -0.78506310   1.84137562   0.76842048  -0.12905768   1.79392829  -1.18871908
  0.39687620   1.02854489  -0.28973041  -0.78500636   1.83610450   0.77073619  -0.12955900   1.79418449  -1.18864252
  0.39645625   1.02433268  -0.29168243  -0.78485668   1.83086723   0.77319673  -0.12993939   1.79415620  -1.18854031
  0.39595660   1.02002508  -0.29367303  -0.78465689   1.82565546   0.77579974  -0.13024455   1.79386663  -1.18838497
  0.39538327   1.01561417  -0.29571923  -0.78441697   1.82050490   0.77838104  -0.13053344   1.79346827  -1.18817809
  0.39474023   1.01110327  -0.29780307  -0.78411990   1.81544551   0.78085584  -0.13092063   1.79305081  -1.18794397
  0.39403625   1.00649486  -0.29991632  -0.78376502   1.81050284   0.78314356  -0.13144985   1.79268202  -1.18769915
  0.39328125   1.00179015  -0.30204791  -0.78335869   1.80563824   0.78529177  -0.13216274   1.79236300  -1.18744876
  0.39248806   0.99699247  -0.30420314  -0.78289752   1.80088626   0.78725930  -0.13300934   1.79208767  -1.18720997
  0.39166305   0.99211078  -0.30634947  -0.78238151   1.79620688   0.78915755  -0.13409005   1.79181205  -1.18698606
  0.39081638   0.98715477  -0.30847043  -0.78178742   1.79160734   0.79102203  -0.13537034   1.79147947  -1.18681057
  0.38995778   0.98212858  -0.31055993  -0.78109725   1.78700246   0.79303816  -0.13675394   1.79095431  -1.18670495
  0.38909926   0.97703189  -0.31261561  -0.78032924   1.78233385   0.79528383  -0.13823469   1.79021273  -1.18666421
  0.38825264   0.97186255  -0.31465089  -0.77948509   1.77765152   0.79761560  -0.13980358   1.78934977  -1.18670459
  0.38742840   0.96662763  -0.31666110  -0.77855412   1.77299966   0.79995778  -0.14142429   1.78838591  -1.18685343
  0.38663770   0.96133105  -0.31864351  -0.77754977   1.76837851   0.80231159  -0.14308234   1.78731563  -1.18711191
  0.38589119   0.95597757  -0.32059609  -0.77649870   1.76377482   0.80471343  -0.14475720   1.78611086  -1.18746674
  0.38519802   0.95056975  -0.32252584  -0.77541759   1.75922778   0.80708791  -0.14644791   1.78481360  -1.18791372
  0.38456498   0.94511403  -0.32442929  -0.77433586   1.75473012   0.80945655  -0.14816269   1.78341649  -1.18843289
  0.38399872   0.93961027  -0.32631862  -0.77326397   1.75031002   0.81174480  -0.14991495   1.78197819  -1.18902086
  0.38350419   0.93405924  -0.32819646  -0.77221178   1.74593707   0.81396690  -0.15172120   1.78052329  -1.18967364
  0.38308439   0.92846667  -0.33006081  -0.77117998   1.74159008   0.81617908  -0.15356103   1.77901385  -1.19039020
  0.38274163   0.92284001  -0.33191174  -0.77015722   1.73730009   0.81834470  -0.15540457   1.77745135  -1.19118430
  0.38247809   0.91718294  -0.33374638  -0.76916068   1.73303200   0.82052108  -0.15727696   1.77582527  -1.19203896
  0.38229566   0.91149981  -0.33556436  -0.76821205   1.72876502   0.82275609  -0.15919583   1.77411975  -1.19293162
  0.38219517   0.90579341  -0.33737697  -0.76730996   1.72454741   0.82496875  -0.16115435   1.77237484  -1.19386290
  0.38217432   0.90007143  -0.33917879  -0.76644244   1.72038742   0.82715351  -0.16314775   1.77059018  -1.19484160
  0.38223134   0.89433859  -0.34097041  -0.76560520   1.71625004   0.82938191  -0.16514311   1.76872272  -1.19586550
  0.38236332   0.88860266  -0.34274329  -0.76478610   1.71215231   0.83162344  -0.16715223   1.76679219  -1.19694545
  0.38256869   0.88286680  -0.34449703  -0.76398149   1.70809552   0.83386237  -0.16918340   1.76481883  -1.19808367
  0.38284604   0.87713600  -0.34623364  -0.76317997   1.70410851   0.83605139  -0.17120824   1.76281640  -1.19929183
  0.38319303   0.87141446  -0.34794904  -0.76238431   1.70017078   0.83822710  -0.17323306   1.76077292  -1.20056332
  0.38360745   0.86570775  -0.34963886  -0.76159488   1.69629223   0.84037239  -0.17526444   1.75870045  -1.20189750
  0.38408731   0.86001972  -0.35129972  -0.76081905   1.69245314   0.84252252  -0.17731294   1.75658928  -1.20328371
  0.38463041   0.85435607  -0.35292456  -0.76005675   1.68865670   0.84466820  -0.17939285   1.75445137  -1.20472201
  0.38523515   0.84871977  -0.35451167  -0.75930462   1.68489543   0.84681256  -0.18150444   1.75229278  -1.20621442
  0.38590002   0.84311624  -0.35605658  -0.75855532   1.68118131   0.84893433  -0.18363836   1.75012126  -1.20776940
  0.38662443   0.83754884  -0.35755550  -0.75780802   1.67749996   0.85104831  -0.18579631   1.74793754  -1.20938819
  0.38740792   0.83202431  -0.35900401  -0.75705844   1.67387215   0.85312981  -0.18795816   1.74574148  -1.21107822
  0.38824981   0.82654990  -0.36039644  -0.75630577   1.67031478   0.85516266  -0.19011238   1.74353115  -1.21284281
  0.38914949   0.82112871  -0.36172924  -0.75555803   1.66680019   0.85718974  -0.19227519   1.74129825  -1.21467166
  0.39010632   0.81576516  -0.36300193  -0.75481829   1.66333539   0.85919994  -0.19444261   1.73904926  -1.21656261
  0.39111986   0.81046168  -0.36421600  -0.75408777   1.65991872   0.86119076  -0.19661597   1.73679206  -1.21851351
  0.39218953   0.80522035  -0.36537228  -0.75336516   1.65654658   0.86315894  -0.19879961   1.73453749  -1.22052467
  0.39331391   0.80004556  -0.36646845  -0.75263997   1.65323071   0.86508141  -0.20098403   1.73229564  -1.22260674
  0.39449121   0.79493943  -0.36750606  -0.75191089   1.64995750   0.86697767  -0.20316194   1.73006130  -1.22475751
  0.39571801   0.78990736  -0.36847929  -0.75117009   1.64673969   0.86881919  -0.20534157   1.72785377  -1.22698394
  0.39699052   0.78495515  -0.36938240  -0.75041348   1.64358449   0.87059611  -0.20752676   1.72567843  -1.22928769
  0.39830492   0.78008399  -0.37021375  -0.74964580   1.64045444   0.87235648  -0.20973866   1.72353222  -1.23165682
  0.39965779   0.77529687  -0.37097582  -0.74887987   1.63733594   0.87413188  -0.21197627   1.72140175  -1.23407262
  0.40104555   0.77059710  -0.37167477  -0.74812094   1.63425665   0.87589103  -0.21422962   1.71929423  -1.23652546
  0.40246432   0.76598543  -0.37231940  -0.74737195   1.63122463   0.87762670  -0.21648607   1.71721119  -1.23900553
  0.40391009   0.76146400  -0.37291900  -0.74664018   1.62825702   0.87932581  -0.21872656   1.71515061  -1.24149960
  0.40537820   0.75703454  -0.37348028  -0.74593143   1.62535495   0.88099891  -0.22094289   1.71310483  -1.24399321
  0.40686352   0.75270027  -0.37400875  -0.74524432   1.62254212   0.88262300  -0.22311787   1.71107432  -1.24648097
  0.40836068   0.74846390  -0.37450796  -0.74458155   1.61982364   0.88420083  -0.22524525   1.70905473  -1.24895235
  0.40986413   0.74432502  -0.37498111  -0.74394806   1.61716512   0.88578258  -0.22733497   1.70703622  -1.25139133
  0.41136863   0.74028426  -0.37543261  -0.74333975   1.61457502   0.88735203  -0.22938430   1.70502906  -1.25379508
  0.41286919   0.73634347  -0.37586556  -0.74275498   1.61207259   0.88888168  -0.23138781   1.70304351  -1.25616049
  0.41436054   0.73250460  -0.37628031  -0.74219253   1.60966659   0.89035736  -0.23334665   1.70108732  -1.25848383
  0.41583781   0.72876643  -0.37667881  -0.74165181   1.60733795   0.89179659  -0.23527106   1.69916557  -1.26075849
  0.41729653   0.72512943  -0.37706282  -0.74113071   1.60508825   0.89319319  -0.23715599   1.69728271  -1.26298251
  0.41873233   0.72159599  -0.37743063  -0.74062649   1.60293127   0.89453017  -0.23899497   1.69544083  -1.26515620
  0.42014142   0.71816778  -0.37778147  -0.74013829   1.60087475   0.89580001  -0.24078398   1.69363960  -1.26727746
  0.42152016   0.71484522  -0.37811391  -0.73966453   1.59891175   0.89701113  -0.24252509   1.69187767  -1.26934412
  0.42286542   0.71162777  -0.37842754  -0.73920513   1.59703230   0.89817300  -0.24422163   1.69015581  -1.27135327
  0.42417453   0.70851377  -0.37872224  -0.73875867   1.59521877   0.89930415  -0.24587718   1.68847261  -1.27330300
  0.42544527   0.70550296  -0.37899625  -0.73832231   1.59346866   0.90040458  -0.24748734   1.68682758  -1.27519589
  0.42667600   0.70259420  -0.37924946  -0.73789502   1.59177858   0.90147677  -0.24905289   1.68522071  -1.27703162
  0.42786558   0.69978519  -0.37948295  -0.73747553   1.59014139   0.90252545  -0.25057521   1.68365323  -1.27881026
  0.42901331   0.69707366  -0.37969801  -0.73706270   1.58855495   0.90354840  -0.25205494   1.68212825  -1.28053274
  0.43011889   0.69445646  -0.37989676  -0.73665642   1.58701154   0.90454995  -0.25349529   1.68064845  -1.28219856
  0.43118226   0.69193199  -0.38007933  -0.73625440   1.58551882   0.90551658  -0.25489341   1.67921710  -1.28381173
  0.43220367   0.68949937  -0.38024653  -0.73585597   1.58409017   0.90643134  -0.25624617   1.67783641  -1.28537437
  0.43318355   0.68715691  -0.38039955  -0.73546315   1.58272593   0.90729526  -0.25755333   1.67650433  -1.28688508
  0.43412252   0.68490240  -0.38053937  -0.73507851   1.58141740   0.90812066  -0.25881527   1.67521629  -1.28834177
  0.43502132   0.68273418  -0.38066597  -0.73470339   1.58016203   0.90891114  -0.26002910   1.67396894  -1.28974521
  0.43588092   0.68065068  -0.38078010  -0.73433966   1.57896123   0.90966593  -0.26119282   1.67276035  -1.29109539
  0.43670234   0.67865056  -0.38088413  -0.73399226   1.57781919   0.91037701  -0.26230606   1.67159478  -1.29239013
  0.43748659   0.67673042  -0.38098099  -0.73366466   1.57671719   0.91106606  -0.26337600   1.67047051  -1.29362494
  0.43823476   0.67488767  -0.38107405  -0.73335878   1.57565062   0.91173408  -0.26440252   1.66939102  -1.29479919
  0.43894787   0.67312019  -0.38116409  -0.73307086   1.57461876   0.91238081  -0.26538692   1.66835603  -1.29591653
  0.43962696   0.67142680  -0.38125201  -0.73279910   1.57362902   0.91299516  -0.26632655   1.66736776  -1.29698060
  0.44027308   0.66980620  -0.38133768  -0.73254117   1.57268380   0.91357629  -0.26722183   1.66642350  -1.29799398
  0.44088724   0.66825757  -0.38142120  -0.73229689   1.57178828   0.91411863  -0.26807171   1.66552267  -1.29895843
  0.44147037   0.66677946  -0.38150059  -0.73206238   1.57093781   0.91463239  -0.26888216   1.66465873  -1.29987640
  0.44202347   0.66537013  -0.38157276  -0.73183126   1.57012507   0.91512964  -0.26966394   1.66382604  -1.30075195
  0.44254780   0.66402694  -0.38163756  -0.73160134   1.56934268   0.91561796  -0.27042109   1.66302281  -1.30158757
  0.44304475   0.66274797  -0.38169607  -0.73137319   1.56859378   0.91608900  -0.27115000   1.66225200  -1.30238622
  0.44351562   0.66153174  -0.38174677  -0.73114432   1.56788192   0.91653803  -0.27184915   1.66151177  -1.30315281
  0.44396174   0.66037667  -0.38179024  -0.73091624   1.56720987   0.91696081  -0.27252063   1.66080311  -1.30388766
  0.44438443   0.65928181  -0.38182823  -0.73069475   1.56658272   0.91734816  -0.27315958   1.66012929  -1.30458962
  0.44478480   0.65824617  -0.38186271  -0.73048622   1.56600166   0.91769637  -0.27376178   1.65949242  -1.30525630
  0.44516379   0.65726661  -0.38189439  -0.73029116   1.56544534   0.91803555  -0.27433528   1.65888393  -1.30588442
  0.44552224   0.65634003  -0.38192123  -0.73010354   1.56489712   0.91838412  -0.27488804   1.65829964  -1.30647855
  0.44586121   0.65546419  -0.38194290  -0.72991962   1.56435797   0.91873429  -0.27541955   1.65774335  -1.30704489
  0.44618184   0.65463771  -0.38196058  -0.72974027   1.56383701   0.91906895  -0.27592468   1.65722092  -1.30758693
  0.44648519   0.65385992  -0.38197592  -0.72956931   1.56334480   0.91937151  -0.27639733   1.65673725  -1.30810540
  0.44677208   0.65313069  -0.38199033  -0.72941220   1.56288892   0.91963222  -0.27683257   1.65629432  -1.30859850
  0.44704312   0.65244976  -0.38200467  -0.72927339   1.56247062   0.91985337  -0.27722986   1.65588927  -1.30906268
  0.44729883   0.65181528  -0.38201922  -0.72915171   1.56207955   0.92005882  -0.27759817   1.65551003  -1.30949374
  0.44753969   0.65122516  -0.38203410  -0.72904328   1.56171048   0.92026172  -0.27794458   1.65514879  -1.30989128
  0.44776613   0.65067712  -0.38204703  -0.72893962   1.56135936   0.92047060  -0.27827615   1.65479889  -1.31026033
  0.44797876   0.65016901  -0.38205692  -0.72883532   1.56102796   0.92068192  -0.27859472   1.65445939  -1.31060623
  0.44817828   0.64969899  -0.38206404  -0.72872907   1.56072183   0.92088424  -0.27889855   1.65413383  -1.31093274
  0.44836533   0.64926558  -0.38206911  -0.72862285   1.56044504   0.92106799  -0.27918523   1.65382608  -1.31124119
  0.44854049   0.64886758  -0.38207293  -0.72852037   1.56019906   0.92122782  -0.27945223   1.65353887  -1.31153116
  0.44870422   0.64850399  -0.38207621  -0.72842572   1.55998331   0.92136192  -0.27969740   1.65327375  -1.31180142
  0.44885686   0.64817396  -0.38207945  -0.72834261   1.55979576   0.92147120  -0.27991938   1.65303128  -1.31205046
  0.44899870   0.64787665  -0.38208299  -0.72827369   1.55963387   0.92155762  -0.28011758   1.65281153  -1.31227711
  0.44912992   0.64761124  -0.38208702  -0.72822040   1.55949466   0.92162430  -0.28029207   1.65261387  -1.31248069
  0.44925068   0.64737688  -0.38209155  -0.72818301   1.55937518   0.92167453  -0.28044365   1.65243740  -1.31266110
  0.44936114   0.64717260  -0.38209651  -0.72816068   1.55927273   0.92171149  -0.28057366   1.65228105  -1.31281885
  0.44946142   0.64699669  -0.38210170  -0.72815073   1.55917945   0.92174588  -0.28068646   1.65214131  -1.31295451
  0.44955181   0.64684482  -0.38210695  -0.72814579   1.55907063   0.92181218  -0.28079512   1.65200762  -1.31306840
  0.44963285   0.64671264  -0.38211342  -0.72813753   1.55893756   0.92191928  -0.28090654   1.65187768  -1.31316487
  0.44970525   0.64659662  -0.38212297  -0.72811961   1.55878608   0.92205458  -0.28102099   1.65175556  -1.31325008
  0.44976978   0.64649407  -0.38213723  -0.72808868   1.55862642   0.92220037  -0.28113577   1.65164595  -1.31332912
  0.44982716   0.64640299  -0.38215721  -0.72804438   1.55846813   0.92234184  -0.28124730   1.65155177  -1.31340498
  0.44987804   0.64632198  -0.38218322  -0.72798881   1.55831783   0.92246997  -0.28135260   1.65147359  -1.31347842
  0.44992298   0.64625005  -0.38221491  -0.72792544   1.55817937   0.92258069  -0.28144947   1.65141012  -1.31354879
  0.44996248   0.64618650  -0.38225149  -0.72785826   1.55805433   0.92267370  -0.28153648   1.65135892  -1.31361465
  0.44999696   0.64613081  -0.38229186  -0.72779112   1.55794311   0.92275015  -0.28161315   1.65131743  -1.31367447
  0.45002680   0.64608252  -0.38233481  -0.72772725   1.55784544   0.92281171  -0.28167958   1.65128333  -1.31372706
  0.45005235   0.64604118  -0.38237911  -0.72766911   1.55776067   0.92286012  -0.28173622   1.65125468  -1.31377167
  0.45007393   0.64600635  -0.38242358  -0.72761828   1.55768789   0.92289704  -0.28178382   1.65122988  -1.31380810
  0.45009185   0.64597760  -0.38246714  -0.72757563   1.55762591   0.92292411  -0.28182328   1.65120765  -1.31383660
  0.45010641   0.64595447  -0.38250885  -0.72754131   1.55757344   0.92294286  -0.28185561   1.65118700  -1.31385773
  0.45011789   0.64593649  -0.38254798  -0.72751495   1.55752920   0.92295453  -0.28188183   1.65116727  -1.31387240
  0.45012656   0.64592320  -0.38258395  -0.72749580   1.55749187   0.92296031  -0.28190295   1.65114799  -1.31388165
  0.45013271   0.64591411  -0.38261643  -0.72748292   1.55746011   0.92296144  -0.28191988   1.65112874  -1.31388650
  0.45013662   0.64590876  -0.38264523  -0.72747523   1.55743269   0.92295894  -0.28193347   1.65110930  -1.31388799
  0.45013857   0.64590668  -0.38267035  -0.72747165   1.55740860   0.92295356  -0.28194451   1.65108960  -1.31388708
  0.45013884   0.64590743  -0.38269192  -0.72747116   1.55738703   0.92294584  -0.28195366   1.65106970  -1.31388464
  0.45013770   0.64591060  -0.38271022  -0.72747286   1.55736728   0.92293626  -0.28196149   1.65104965  -1.31388136
  0.45013541   0.64591579  -0.38272557  -0.72747601   1.55734881   0.92292517  -0.28196840   1.65102955  -1.31387779
  0.45013223   0.64592266  -0.38273839  -0.72748001   1.55733116   0.92291296  -0.28197471   1.65100947  -1.31387433
  0.45012839   0.64593088  -0.38274910  -0.72748437   1.55731396   0.92289994  -0.28198058   1.65098944  -1.31387127
  0.45012411   0.64594019  -0.38275814  -0.72748878   1.55729695   0.92288640  -0.28198615   1.65096949  -1.31386879
  0.45011959   0.64595033  -0.38276593  -0.72749309   1.55727978   0.92287287  -0.28199150   1.65094953  -1.31386686
  0.45011499   0.64596111  -0.38277287  -0.72749715   1.55726239   0.92285941  -0.28199669   1.65092961  -1.31386553
  0.45011048   0.64597236  -0.38277932  -0.72750087   1.55724499   0.92284566  -0.28200181   1.65090999  -1.31386482
  0.45010617   0.64598393  -0.38278558  -0.72750419   1.55722782   0.92283130  -0.28200689   1.65089082  -1.31386476
  0.45010216   0.64599573  -0.38279190  -0.72750710   1.55721091   0.92281635  -0.28201188   1.65087211  -1.31386528
  0.45009854   0.64600768  -0.38279847  -0.72750970   1.55719418   0.92280106  -0.28201679   1.65085377  -1.31386627
  0.45009536   0.64601972  -0.38280541  -0.72751209   1.55717754   0.92278565  -0.28202170   1.65083572  -1.31386757
  0.45009265   0.64603181  -0.38281285  -0.72751434   1.55716103   0.92277019  -0.28202662   1.65081793  -1.31386908
  0.45009044   0.64604394  -0.38282082  -0.72751652   1.55714469   0.92275464  -0.28203158   1.65080040  -1.31387075
  0.45008874   0.64605610  -0.38282936  -0.72751867   1.55712853   0.92273903  -0.28203657   1.65078310  -1.31387253
  0.45008754   0.64606828  -0.38283846  -0.72752082   1.55711255   0.92272344  -0.28204158   1.65076598  -1.31387438
  0.45008681   0.64608050  -0.38284808  -0.72752300   1.55709675   0.92270785  -0.28204660   1.65074902  -1.31387629
  0.45008654   0.64609277  -0.38285819  -0.72752521   1.55708112   0.92269232  -0.28205160   1.65073216  -1.31387825
  0.45008668   0.64610510  -0.38286874  -0.72752746   1.55706556   0.92267700  -0.28205649   1.65071530  -1.31388025
  0.45008721   0.64611751  -0.38287965  -0.72752978   1.55704997   0.92266205  -0.28206129   1.65069837  -1.31388225
  0.45008807   0.64613001  -0.38289086  -0.72753216   1.55703443   0.92264727  -0.28206609   1.65068147  -1.31388429
  0.45008924   0.64614262  -0.38290232  -0.72753463   1.55701896   0.92263257  -0.28207099   1.65066467  -1.31388632
  0.45009066   0.64615534  -0.38291396  -0.72753720   1.55700355   0.92261792  -0.28207602   1.65064798  -1.31388834
  0.45009229   0.64616818  -0.38292574  -0.72753981   1.55698825   0.92260325  -0.28208111   1.65063139  -1.31389040
  0.45009410   0.64618116  -0.38293762  -0.72754247   1.55697301   0.92258862  -0.28208622   1.65061484  -1.31389248
  0.45009604   0.64619427  -0.38294956  -0.72754513   1.55695789   0.92257391  -0.28209131   1.65059837  -1.31389462
  0.45009808   0.64620753  -0.38296153  -0.72754776   1.55694295   0.92255900  -0.28209631   1.65058199  -1.31389686
  0.45010018   0.64622092  -0.38297350  -0.72755032   1.55692818   0.92254390  -0.28210120   1.65056567  -1.31389921
  0.45010231   0.64623445  -0.38298544  -0.72755284   1.55691344   0.92252880  -0.28210598   1.65054936  -1.31390163
  0.45010444   0.64624812  -0.38299732  -0.72755541   1.55689852   0.92251403  -0.28211076   1.65053293  -1.31390400
  0.45010655   0.64626192  -0.38300914  -0.72755796   1.55688356   0.92249937  -0.28211548   1.65051646  -1.31390636
  0.45010862   0.64627585  -0.38302091  -0.72756045   1.55686869   0.92248457  -0.28212014   1.65050004  -1.31390875
  0.45011062   0.64628988  -0.38303263  -0.72756292   1.55685386   0.92246969  -0.28212479   1.65048367  -1.31391114
  0.45011255   0.64630402  -0.38304429  -0.72756539   1.55683903   0.92245478  -0.28212948   1.65046735  -1.31391346
  0.45011438   0.64631826  -0.38305589  -0.72756785   1.55682412   0.92244001  -0.28213414   1.65045097  -1.31391569
  0.45011612   0.64633259  -0.38306747  -0.72757028   1.55680917   0.92242531  -0.28213869   1.65043453  -1.31391789
  0.45011774   0.64634699  -0.38307901  -0.72757263   1.55679418   0.92241068  -0.28214307   1.65041802  -1.31392006
  0.45011925   0.64636147  -0.38309052  -0.72757492   1.55677922   0.92239595  -0.28214742   1.65040154  -1.31392218
  0.45012063   0.64637600  -0.38310199  -0.72757714   1.55676437   0.92238097  -0.28215181   1.65038521  -1.31392427
  0.45012189   0.64639060  -0.38311344  -0.72757933   1.55674962   0.92236571  -0.28215634   1.65036905  -1.31392630
  0.45012302   0.64640524  -0.38312484  -0.72758148   1.55673495   0.92235020  -0.28216101   1.65035304  -1.31392825
  0.45012402   0.64641993  -0.38313621  -0.72758358   1.55672034   0.92233454  -0.28216580   1.65033714  -1.31393013
  0.45012490   0.64643467  -0.38314754  -0.72758565   1.55670569   0.92231885  -0.28217064   1.65032126  -1.31393193
  0.45012565   0.64644945  -0.38315883  -0.72758777   1.55669080   0.92230355  -0.28217556   1.65030524  -1.31393354
  0.45012629   0.64646426  -0.38317011  -0.72758987   1.55667581   0.92228835  -0.28218045   1.65028916  -1.31393505
  0.45012682   0.64647910  -0.38318140  -0.72759190   1.55666089   0.92227302  -0.28218530   1.65027312  -1.31393653
  0.45012724   0.64649397  -0.38319269  -0.72759386   1.55664604   0.92225751  -0.28219005   1.65025712  -1.31393800
  0.45012757   0.64650885  -0.38320399  -0.72759573   1.55663119   0.92224196  -0.28219465   1.65024109  -1.31393946
  0.45012780   0.64652376  -0.38321531  -0.72759754   1.55661626   0.92222653  -0.28219910   1.65022495  -1.31394088
  0.45012795   0.64653869  -0.38322665  -0.72759933   1.55660119   0.92221129  -0.28220344   1.65020871  -1.31394222
  0.45012802   0.64655363  -0.38323800  -0.72760111   1.55658604   0.92219616  -0.28220778   1.65019241  -1.31394348
  0.45012802   0.64656859  -0.38324936  -0.72760292   1.55657081   0.92218110  -0.28221218   1.65017612  -1.31394464
  0.45012795   0.64658357  -0.38326075  -0.72760472   1.55655554   0.92216606  -0.28221662   1.65015983  -1.31394572
  0.45012782   0.64659856  -0.38327215  -0.72760649   1.55654016   0.92215117  -0.28222096   1.65014344  -1.31394675
  0.45012764   0.64661357  -0.38328358  -0.72760825   1.55652461   0.92213658  -0.28222517   1.65012688  -1.31394772
  0.45012741   0.64662860  -0.38329503  -0.72760999   1.55650896   0.92212214  -0.28222931   1.65011023  -1.31394865
  0.45012714   0.64664364  -0.38330650  -0.72761171   1.55649338   0.92210753  -0.28223353   1.65009367  -1.31394954
  0.45012684   0.64665870  -0.38331798  -0.72761346   1.55647788   0.92209269  -0.28223793   1.65007726  -1.31395038
  0.45012650   0.64667377  -0.38332947  -0.72761520   1.55646257   0.92207747  -0.28224251   1.65006106  -1.31395120
  0.45012614   0.64668886  -0.38334096  -0.72761691   1.55644736   0.92206199  -0.28224718   1.65004498  -1.31395202
  0.45012574   0.64670398  -0.38335246  -0.72761862   1.55643223   0.92204637  -0.28225189   1.65002895  -1.31395284
  0.45012533   0.64671912  -0.38336397  -0.72762027   1.55641717   0.92203063  -0.28225653   1.65001292  -1.31395370
  0.45012490   0.64673428  -0.38337548  -0.72762185   1.55640214   0.92201482  -0.28226105   1.64999687  -1.31395461
  0.45012445   0.64674947  -0.38338698  -0.72762340   1.55638710   0.92199902  -0.28226551   1.64998076  -1.31395555
  0.45012399   0.64676468  -0.38339846  -0.72762498   1.55637194   0.92198336  -0.28227005   1.64996460  -1.31395644
  0.45012352   0.64677992  -0.38340992  -0.72762661   1.55635667   0.92196786  -0.28227467   1.64994840  -1.31395728
  0.45012303   0.64679519  -0.38342137  -0.72762823   1.55634135   0.92195238  -0.28227930   1.64993217  -1.31395811
  0.45012253   0.64681048  -0.38343282  -0.72762982   1.55632604   0.92193684  -0.28228386   1.64991594  -1.31395899
  0.45012203   0.64682579  -0.38344426  -0.72763138   1.55631067   0.92192140  -0.28228833   1.64989961  -1.31395990
  0.45012152   0.64684113  -0.38345571  -0.72763293   1.55629524   0.92190604  -0.28229270   1.64988320  -1.31396082
  0.45012101   0.64685648  -0.38346717  -0.72763450   1.55627977   0.92189075  -0.28229701   1.64986673  -1.31396172
  0.45012051   0.64687186  -0.38347865  -0.72763610   1.55626429   0.92187546  -0.28230136   1.64985025  -1.31396259
  0.45012000   0.64688725  -0.38349015  -0.72763774   1.55624881   0.92186014  -0.28230577   1.64983379  -1.31396341
  0.45011949   0.64690265  -0.38350168  -0.72763937   1.55623340   0.92184468  -0.28231018   1.64981738  -1.31396425
  0.45011898   0.64691807  -0.38351321  -0.72764098   1.55621795   0.92182927  -0.28231453   1.64980091  -1.31396510
  0.45011847   0.64693351  -0.38352475  -0.72764260   1.55620247   0.92181385  -0.28231891   1.64978445  -1.31396595
  0.45011796   0.64694897  -0.38353630  -0.72764421   1.55618701   0.92179836  -0.28232332   1.64976801  -1.31396680
  0.45011744   0.64696444  -0.38354787  -0.72764582   1.55617158   0.92178277  -0.28232778   1.64975162  -1.31396766
  0.45011692   0.64697993  -0.38355944  -0.72764742   1.55615622   0.92176705  -0.28233228   1.64973527  -1.31396852
  0.45011640   0.64699543  -0.38357103  -0.72764899   1.55614087   0.92175126  -0.28233673   1.64971892  -1.31396942
  0.45011588   0.64701095  -0.38358262  -0.72765054   1.55612557   0.92173540  -0.28234117   1.64970256  -1.31397034
  0.45011535   0.64702648  -0.38359422  -0.72765204   1.55611028   0.92171948  -0.28234550   1.64968617  -1.31397132
  0.45011482   0.64704203  -0.38360584  -0.72765352   1.55609496   0.92170365  -0.28234973   1.64966968  -1.31397231
  0.45011429   0.64705760  -0.38361746  -0.72765503   1.55607950   0.92168801  -0.28235394   1.64965309  -1.31397325
  0.45011375   0.64707318  -0.38362909  -0.72765662   1.55606389   0.92167260  -0.28235825   1.64963643  -1.31397411
  0.45011321   0.64708878  -0.38364072  -0.72765825   1.55604826   0.92165713  -0.28236274   1.64961984  -1.31397491
  0.45011265   0.64710438  -0.38365234  -0.72765987   1.55603266   0.92164155  -0.28236729   1.64960330  -1.31397572
  0.45011209   0.64712001  -0.38366396  -0.72766145   1.55601699   0.92162604  -0.28237177   1.64958669  -1.31397657
  0.45011152   0.64713565  -0.38367557  -0.72766300   1.55600129   0.92161057  -0.28237618   1.64957002  -1.31397746
  0.45011094   0.64715131  -0.38368716  -0.72766452   1.55598547   0.92159525  -0.28238051   1.64955324  -1.31397837
  0.45011035   0.64716698  -0.38369876  -0.72766607   1.55596953   0.92158012  -0.28238480   1.64953634  -1.31397925
  0.45010976   0.64718266  -0.38371038  -0.72766763   1.55595366   0.92156482  -0.28238917   1.64951954  -1.31398011
  0.45010916   0.64719834  -0.38372203  -0.72766921   1.55593800   0.92154909  -0.28239368   1.64950294  -1.31398098
  0.45010856   0.64721403  -0.38373370  -0.72767080   1.55592254   0.92153296  -0.28239834   1.64948654  -1.31398184
  0.45010796   0.64722972  -0.38374540  -0.72767241   1.55590723   0.92151651  -0.28240310   1.64947029  -1.31398270
  0.45010735   0.64724543  -0.38375713  -0.72767402   1.55589199   0.92149996  -0.28240784   1.64945405  -1.31398355
  0.45010674   0.64726115  -0.38376888  -0.72767566   1.55587660   0.92148369  -0.28241250   1.64943764  -1.31398435
  0.45010612   0.64727687  -0.38378064  -0.72767731   1.55586107   0.92146764  -0.28241711   1.64942109  -1.31398512
  0.45010550   0.64729262  -0.38379240  -0.72767895   1.55584542   0.92145179  -0.28242165   1.64940442  -1.31398589
  0.45010486   0.64730838  -0.38380417  -0.72768061   1.55582954   0.92143629  -0.28242613   1.64938757  -1.31398661
  0.45010423   0.64732414  -0.38381595  -0.72768232   1.55581348   0.92142107  -0.28243067   1.64937061  -1.31398725
  0.45010359   0.64733992  -0.38382773  -0.72768413   1.55579716   0.92140626  -0.28243529   1.64935350  -1.31398777
  0.45010294   0.64735571  -0.38383954  -0.72768594   1.55578075   0.92139157  -0.28243987   1.64933632  -1.31398827
  0.45010229   0.64737151  -0.38385139  -0.72768765   1.55576458   0.92137641  -0.28244435   1.64931928  -1.31398889
  0.45010165   0.64738730  -0.38386328  -0.72768927   1.55574870   0.92136072  -0.28244879   1.64930245  -1.31398962
  0.45010099   0.64740311  -0.38387520  -0.72769083   1.55573291   0.92134485  -0.28245313   1.64928564  -1.31399042
  0.45010034   0.64741893  -0.38388713  -0.72769233   1.55571725   0.92132872  -0.28245744   1.64926890  -1.31399129
  0.45009967   0.64743476  -0.38389906  -0.72769381   1.55570173   0.92131233  -0.28246181   1.64925226  -1.31399220
  0.45009900   0.64745061  -0.38391098  -0.72769527   1.55568630   0.92129570  -0.28246628   1.64923573  -1.31399314
  0.45009833   0.64746648  -0.38392288  -0.72769675   1.55567083   0.92127909  -0.28247088   1.64921920  -1.31399404
  0.45009764   0.64748236  -0.38393475  -0.72769830   1.55565528   0.92126253  -0.28247566   1.64920269  -1.31399488
  0.45009695   0.64749826  -0.38394660  -0.72769988   1.55563970   0.92124596  -0.28248057   1.64918621  -1.31399569
  0.45009624   0.64751418  -0.38395845  -0.72770148   1.55562408   0.92122942  -0.28248553   1.64916970  -1.31399648
  0.45009554   0.64753011  -0.38397029  -0.72770310   1.55560835   0.92121306  -0.28249045   1.64915308  -1.31399724
  0.45009483   0.64754606  -0.38398214  -0.72770473   1.55559252   0.92119687  -0.28249528   1.64913633  -1.31399799
  0.45009412   0.64756202  -0.38399400  -0.72770633   1.55557671   0.92118065  -0.28250001   1.64911952  -1.31399879
  0.45009340   0.64757800  -0.38400587  -0.72770787   1.55556098   0.92116428  -0.28250463   1.64910271  -1.31399965
  0.45009268   0.64759400  -0.38401774  -0.72770937   1.55554533   0.92114774  -0.28250922   1.64908593  -1.31400056
  0.45009196   0.64761000  -0.38402962  -0.72771086   1.55552970   0.92113118  -0.28251372   1.64906910  -1.31400151
  0.45009123   0.64762602  -0.38404152  -0.72771232   1.55551404   0.92111466  -0.28251812   1.64905219  -1.31400247
  0.45009050   0.64764205  -0.38405343  -0.72771378   1.55549830   0.92109824  -0.28252245   1.64903521  -1.31400344
  0.45008977   0.64765809  -0.38406535  -0.72771529   1.55548238   0.92108208  -0.28252679   1.64901811  -1.31400434
  0.45008903   0.64767414  -0.38407727  -0.72771690   1.55546611   0.92106648  -0.28253115   1.64900079  -1.31400513
  0.45008830   0.64769021  -0.38408920  -0.72771859   1.55544955   0.92105131  -0.28253555   1.64898331  -1.31400579
  0.45008756   0.64770628  -0.38410116  -0.72772030   1.55543296   0.92103614  -0.28254002   1.64896585  -1.31400643
  0.45008682   0.64772235  -0.38411314  -0.72772199   1.55541653   0.92102060  -0.28254458   1.64894856  -1.31400711
  0.45008608   0.64773843  -0.38412515  -0.72772367   1.55540025   0.92100472  -0.28254928   1.64893147  -1.31400781
  0.45008534   0.64775451  -0.38413717  -0.72772535   1.55538408   0.92098857  -0.28255411   1.64891451  -1.31400851
  0.45008460   0.64777061  -0.38414919  -0.72772709   1.55536775   0.92097267  -0.28255901   1.64889745  -1.31400912
  0.45008386   0.64778672  -0.38416124  -0.72772886   1.55535136   0.92095687  -0.28256393   1.64888033  -1.31400970
  0.45008312   0.64780284  -0.38417331  -0.72773061   1.55533505   0.92094091  -0.28256884   1.64886326  -1.31401030
  0.45008237   0.64781897  -0.38418540  -0.72773231   1.55531892   0.92092459  -0.28257376   1.64884631  -1.31401097
  0.45008163   0.64783511  -0.38419751  -0.72773395   1.55530296   0.92090797  -0.28257864   1.64882944  -1.31401172
  0.45008088   0.64785127  -0.38420962  -0.72773552   1.55528700   0.92089135  -0.28258336   1.64881249  -1.31401253
  0.45008014   0.64786745  -0.38422175  -0.72773710   1.55527081   0.92087517  -0.28258790   1.64879527  -1.31401332
  0.45007939   0.64788364  -0.38423388  -0.72773867   1.55525461   0.92085900  -0.28259241   1.64877799  -1.31401411
  0.45007863   0.64789984  -0.38424601  -0.72774023   1.55523852   0.92084259  -0.28259696   1.64876081  -1.31401495
