  0.41770023   0.46579962  -1.27410009  -0.43299997   2.09290024   0.69139928   0.43859997   1.64320016  -1.13520007
  0.41770038   0.46579937  -1.27410014  -0.43299996   2.09290033   0.69139892   0.43859993   1.64320022  -1.13520013
  0.41770095   0.46579850  -1.27410028  -0.43299993   2.09290033   0.69139815   0.43859978   1.64320024  -1.13520046
  0.41770227   0.46579658  -1.27410058  -0.43299981   2.09289984   0.69139724   0.43859935   1.64320009  -1.13520141
  0.41770473   0.46579309  -1.27410116  -0.43299939   2.09289835   0.69139653   0.43859841   1.64319970  -1.13520346
  0.41770875   0.46578747  -1.27410215  -0.43299832   2.09289530   0.69139640   0.43859670   1.64319909  -1.13520720
  0.41771480   0.46577909  -1.27410376  -0.43299617   2.09289004   0.69139732   0.43859395   1.64319829  -1.13521327
  0.41772333   0.46576725  -1.27410617  -0.43299250   2.09288188   0.69139978   0.43858985   1.64319732  -1.13522236
  0.41773483   0.46575120  -1.27410958  -0.43298679   2.09287007   0.69140432   0.43858409   1.64319617  -1.13523524
  0.41774982   0.46573008  -1.27411411  -0.43297842   2.09285379   0.69141149   0.43857639   1.64319477  -1.13525286
  0.41776889   0.46570299  -1.27411974  -0.43296661   2.09283216   0.69142183   0.43856647   1.64319307  -1.13527641
  0.41779270   0.46566896  -1.27412639  -0.43295058   2.09280426   0.69143581   0.43855389   1.64319106  -1.13530717
  0.41782201   0.46562699  -1.27413396  -0.43292956   2.09276914   0.69145387   0.43853818   1.64318874  -1.13534648
  0.41785767   0.46557603  -1.27414236  -0.43290290   2.09272587   0.69147643   0.43851879   1.64318606  -1.13539563
  0.41790060   0.46551504  -1.27415162  -0.43287004   2.09267355   0.69150389   0.43849524   1.64318299  -1.13545588
  0.41795173   0.46544304  -1.27416185  -0.43283053   2.09261134   0.69153664   0.43846709   1.64317947  -1.13552840
  0.41801201   0.46535907  -1.27417325  -0.43278396   2.09253839   0.69157515   0.43843396   1.64317542  -1.13561426
  0.41808236   0.46526229  -1.27418600  -0.43272986   2.09245379   0.69162006   0.43839551   1.64317080  -1.13571465
  0.41816371   0.46515186  -1.27420024  -0.43266765   2.09235658   0.69167193   0.43835135   1.64316572  -1.13583075
  0.41825696   0.46502692  -1.27421612  -0.43259672   2.09224542   0.69173190   0.43830087   1.64316024  -1.13596385
  0.41836316   0.46488609  -1.27423405  -0.43251596   2.09211706   0.69180369   0.43824294   1.64315394  -1.13611579
  0.41848349   0.46472706  -1.27425511  -0.43242336   2.09196789   0.69189101   0.43817611   1.64314700  -1.13628880
  0.41861927   0.46454662  -1.27428094  -0.43231633   2.09179468   0.69199633   0.43809904   1.64314009  -1.13648521
  0.41877196   0.46434078  -1.27431323  -0.43219230   2.09159442   0.69212143   0.43801057   1.64313357  -1.13670740
  0.41894308   0.46410514  -1.27435341  -0.43204912   2.09136400   0.69226797   0.43790949   1.64312713  -1.13695770
  0.41913415   0.46383511  -1.27440256  -0.43188500   2.09109981   0.69243820   0.43779433   1.64311984  -1.13723845
  0.41934664   0.46352620  -1.27446151  -0.43169826   2.09079848   0.69263391   0.43766351   1.64311090  -1.13755183
  0.41958188   0.46317445  -1.27453088  -0.43148746   2.09045726   0.69285635   0.43751568   1.64309957  -1.13789986
  0.41984102   0.46277680  -1.27461092  -0.43125166   2.09007446   0.69310585   0.43734994   1.64308511  -1.13828419
  0.42012492   0.46233137  -1.27470153  -0.43099047   2.08964982   0.69338150   0.43716593   1.64306701  -1.13870589
  0.42043425   0.46183716  -1.27480243  -0.43070370   2.08918246   0.69368404   0.43696331   1.64304441  -1.13916609
  0.42076953   0.46129373  -1.27491349  -0.43039088   2.08867136   0.69401471   0.43674159   1.64301704  -1.13966586
  0.42113119   0.46070087  -1.27503487  -0.43005117   2.08811582   0.69437436   0.43650029   1.64298534  -1.14020614
  0.42151960   0.46005856  -1.27516683  -0.42968374   2.08751554   0.69476340   0.43623917   1.64294990  -1.14078778
  0.42193514   0.45936678  -1.27530955  -0.42928796   2.08687044   0.69518201   0.43595812   1.64291115  -1.14141150
  0.42237820   0.45862530  -1.27546317  -0.42886332   2.08617930   0.69563196   0.43565675   1.64286884  -1.14207822
  0.42284925   0.45783344  -1.27562797  -0.42840903   2.08544066   0.69611496   0.43533444   1.64282299  -1.14278893
  0.42334881   0.45699023  -1.27580426  -0.42792413   2.08465348   0.69663182   0.43499071   1.64277376  -1.14354467
  0.42387736   0.45609470  -1.27599205  -0.42740804   2.08381745   0.69718229   0.43462537   1.64272107  -1.14434635
  0.42443532   0.45514619  -1.27619096  -0.42686072   2.08293322   0.69776496   0.43423854   1.64266464  -1.14519450
  0.42502306   0.45414424  -1.27640032  -0.42628237   2.08200031   0.69838022   0.43383015   1.64260346  -1.14608992
  0.42564093   0.45308839  -1.27661959  -0.42567276   2.08101795   0.69902875   0.43339980   1.64253702  -1.14703346
  0.42628928   0.45197817  -1.27684852  -0.42503120   2.07998520   0.69971141   0.43294700   1.64246530  -1.14802614
  0.42696853   0.45081283  -1.27708710  -0.42435662   2.07890022   0.70043042   0.43247116   1.64238796  -1.14906941
  0.42767918   0.44959129  -1.27733564  -0.42364765   2.07776192   0.70118679   0.43197210   1.64230502  -1.15016479
  0.42842179   0.44831221  -1.27759451  -0.42290292   2.07656989   0.70198025   0.43144946   1.64221689  -1.15131357
  0.42919701   0.44697395  -1.27786395  -0.42212119   2.07532256   0.70281211   0.43090233   1.64212335  -1.15251726
  0.43000555   0.44557468  -1.27814410  -0.42130125   2.07401805   0.70368402   0.43032960   1.64202396  -1.15377749
  0.43084810   0.44411273  -1.27843497  -0.42044212   2.07265520   0.70459673   0.42973043   1.64191828  -1.15509568
  0.43172527   0.44258673  -1.27873638  -0.41954309   2.07123313   0.70555084   0.42910440   1.64180561  -1.15647322
  0.43263758   0.44099575  -1.27904795  -0.41860369   2.06975137   0.70654655   0.42845129   1.64168523  -1.15791132
  0.43358540   0.43933933  -1.27936914  -0.41762362   2.06820951   0.70758427   0.42777090   1.64155645  -1.15941099
  0.43456895   0.43761743  -1.27969939  -0.41660263   2.06660798   0.70866334   0.42706324   1.64141910  -1.16097298
  0.43558836   0.43583035  -1.28003806  -0.41554065   2.06494699   0.70978355   0.42632822   1.64127302  -1.16259777
  0.43664361   0.43397869  -1.28038458  -0.41443771   2.06322677   0.71094478   0.42556579   1.64111818  -1.16428562
  0.43773462   0.43206311  -1.28073853  -0.41329371   2.06144733   0.71214740   0.42477603   1.64095451  -1.16603680
  0.43886119   0.43008432  -1.28109959  -0.41210840   2.05960889   0.71339143   0.42395915   1.64078219  -1.16785154
  0.44002309   0.42804308  -1.28146737  -0.41088162   2.05771186   0.71467668   0.42311534   1.64060138  -1.16972990
  0.44122000   0.42594013  -1.28184134  -0.40961323   2.05575629   0.71600364   0.42224481   1.64041184  -1.17167211
  0.44245157   0.42377620  -1.28222089  -0.40830303   2.05374225   0.71737280   0.42134773   1.64021317  -1.17367854
  0.44371747   0.42155186  -1.28260528  -0.40695063   2.05167000   0.71878437   0.42042418   1.64000506  -1.17574967
  0.44501735   0.41926767  -1.28299370  -0.40555565   2.04954025   0.72023770   0.41947427   1.63978740  -1.17788593
  0.44635090   0.41692413  -1.28338523  -0.40411789   2.04735338   0.72173256   0.41849797   1.63955986  -1.18008771
  0.44771783   0.41452175  -1.28377900  -0.40263729   2.04510978   0.72326861   0.41749537   1.63932209  -1.18235530
  0.44911791   0.41206098  -1.28417424  -0.40111371   2.04280950   0.72484599   0.41646658   1.63907368  -1.18468905
  0.45055088   0.40954225  -1.28457034  -0.39954688   2.04045269   0.72646465   0.41541176   1.63881446  -1.18708928
  0.45201652   0.40696596  -1.28496671  -0.39793651   2.03803903   0.72812523   0.41433094   1.63854405  -1.18955642
  0.45351461   0.40433252  -1.28536279  -0.39628227   2.03556870   0.72982771   0.41322435   1.63826223  -1.19209088
  0.45504492   0.40164244  -1.28575794  -0.39458391   2.03304208   0.73157182   0.41209228   1.63796874  -1.19469302
  0.45660721   0.39889634  -1.28615140  -0.39284144   2.03045993   0.73335679   0.41093517   1.63766333  -1.19736302
  0.45820120   0.39609499  -1.28654231  -0.39105508   2.02782276   0.73518230   0.40975344   1.63734549  -1.20010102
  0.45982662   0.39323936  -1.28692970  -0.38922510   2.02513133   0.73704759   0.40854728   1.63701506  -1.20290696
  0.46148312   0.39033056  -1.28731258  -0.38735172   2.02238627   0.73895219   0.40731708   1.63667181  -1.20578087
  0.46317034   0.38736997  -1.28768989  -0.38543521   2.01958837   0.74089567   0.40606351   1.63631536  -1.20872285
  0.46488785   0.38435911  -1.28806047  -0.38347578   2.01673840   0.74287764   0.40478685   1.63594561  -1.21173294
  0.46663520   0.38129966  -1.28842318  -0.38147363   2.01383739   0.74489735   0.40348736   1.63556263  -1.21481103
  0.46841192   0.37819326  -1.28877694  -0.37942882   2.01088614   0.74695448   0.40216545   1.63516639  -1.21795725
  0.47021760   0.37504147  -1.28912082  -0.37734138   2.00788550   0.74904863   0.40082171   1.63475681  -1.22117166
  0.47205185   0.37184565  -1.28945402  -0.37521135   2.00483645   0.75117898   0.39945669   1.63433404  -1.22445426
  0.47391434   0.36860706  -1.28977573  -0.37303889   2.00173995   0.75334452   0.39807073   1.63389827  -1.22780481
  0.47580474   0.36532680  -1.29008517  -0.37082438   1.99859652   0.75554474   0.39666435   1.63344940  -1.23122308
  0.47772272   0.36200599  -1.29038144  -0.36856819   1.99540650   0.75777943   0.39523803   1.63298713  -1.23470889
  0.47966794   0.35864571  -1.29066355  -0.36627046   1.99216999   0.76004881   0.39379211   1.63251104  -1.23826237
  0.48164002   0.35524713  -1.29093053  -0.36393113   1.98888782   0.76235207   0.39232697   1.63202113  -1.24188359
  0.48363857   0.35181148  -1.29118130  -0.36155023   1.98556046   0.76468918   0.39084304   1.63151697  -1.24557280
  0.48566318   0.34834005  -1.29141483  -0.35912783   1.98218916   0.76705879   0.38934093   1.63099862  -1.24932997
  0.48771349   0.34483418  -1.29163020  -0.35666430   1.97877539   0.76945906   0.38782146   1.63046628  -1.25315479
  0.48978912   0.34129538  -1.29182631  -0.35416039   1.97532001   0.77188916   0.38628520   1.62991979  -1.25704676
  0.49188972   0.33772523  -1.29200204  -0.35161676   1.97182329   0.77434910   0.38473254   1.62935880  -1.26100553
  0.49401493   0.33412542  -1.29215642  -0.34903384   1.96828616   0.77683809   0.38316413   1.62878342  -1.26503083
  0.49616441   0.33049769  -1.29228851  -0.34641206   1.96470900   0.77935635   0.38158087   1.62819323  -1.26912259
  0.49833789   0.32684378  -1.29239748  -0.34375208   1.96109288   0.78190292   0.37998364   1.62758830  -1.27328036
  0.50053508   0.32316546  -1.29248246  -0.34105456   1.95743924   0.78447619   0.37837306   1.62696906  -1.27750353
  0.50275572   0.31946459  -1.29254256  -0.33832025   1.95374974   0.78707417   0.37674986   1.62633600  -1.28179142
  0.50499958   0.31574299  -1.29257678  -0.33554993   1.95002520   0.78969628   0.37511479   1.62568902  -1.28614366
  0.50726645   0.31200242  -1.29258427  -0.33274426   1.94626683   0.79234119   0.37346862   1.62502842  -1.29055973
  0.50955615   0.30824453  -1.29256432  -0.32990402   1.94247564   0.79500780   0.37181213   1.62435446  -1.29503905
  0.51186857   0.30447091  -1.29251618  -0.32703011   1.93865212   0.79769574   0.37014599   1.62366706  -1.29958104
  0.51420358   0.30068310  -1.29243909  -0.32412326   1.93479658   0.80040495   0.36847089   1.62296602  -1.30418537
  0.51656108   0.29688250  -1.29233236  -0.32118397   1.93090974   0.80313471   0.36678766   1.62225142  -1.30885180
  0.51894098   0.29307050  -1.29219539  -0.31821278   1.92699315   0.80588283   0.36509706   1.62152393  -1.31357975
  0.52134319   0.28924851  -1.29202745  -0.31521056   1.92304773   0.80864817   0.36339967   1.62078374  -1.31836863
  0.52376764   0.28541799  -1.29182777  -0.31217827   1.91907368   0.81143074   0.36169616   1.62003054  -1.32321793
  0.52621428   0.28158046  -1.29159572  -0.30911706   1.91507195   0.81422938   0.35998757   1.61926444  -1.32812688
  0.52868300   0.27773756  -1.29133073  -0.30602811   1.91104396   0.81704210   0.35827504   1.61848602  -1.33309450
  0.53117371   0.27389111  -1.29103222  -0.30291272   1.90699134   0.81986664   0.35655960   1.61769605  -1.33811962
  0.53368628   0.27004301  -1.29069954  -0.29977230   1.90291485   0.82270235   0.35484210   1.61689465  -1.34320120
  0.53622060   0.26619524  -1.29033222  -0.29660812   1.89881585   0.82554788   0.35312349   1.61608225  -1.34833818
  0.53877652   0.26234977  -1.28992984  -0.29342134   1.89469578   0.82840174   0.35140481   1.61525940  -1.35352956
  0.54135397   0.25850859  -1.28949199  -0.29021329   1.89055600   0.83126261   0.34968690   1.61442659  -1.35877418
  0.54395289   0.25467358  -1.28901830  -0.28698533   1.88639748   0.83412962   0.34797044   1.61358420  -1.36407092
  0.54657324   0.25084654  -1.28850857  -0.28373873   1.88222174   0.83700110   0.34625638   1.61273292  -1.36941862
  0.54921507   0.24702915  -1.28796257  -0.28047474   1.87802971   0.83987623   0.34454553   1.61187308  -1.37481628
  0.55187845   0.24322293  -1.28738009  -0.27719449   1.87382206   0.84275449   0.34283848   1.61100494  -1.38026306
  0.55456349   0.23942928  -1.28676103  -0.27389912   1.86960008   0.84563435   0.34113589   1.61012913  -1.38575797
  0.55727036   0.23564951  -1.28610526  -0.27058987   1.86536489   0.84851451   0.33943854   1.60924607  -1.39130005
  0.55999921   0.23188494  -1.28541269  -0.26726820   1.86111778   0.85139339   0.33774728   1.60835625  -1.39688820
  0.56275025   0.22813690  -1.28468320  -0.26393564   1.85685971   0.85426994   0.33606284   1.60745998  -1.40252131
  0.56552365   0.22440668  -1.28391670  -0.26059355   1.85259140   0.85714349   0.33438589   1.60655748  -1.40819846
  0.56831961   0.22069559  -1.28311317  -0.25724324   1.84831416   0.86001253   0.33271713   1.60564936  -1.41391858
  0.57113830   0.21700494  -1.28227264  -0.25388612   1.84402887   0.86287624   0.33105721   1.60473594  -1.41968064
  0.57397991   0.21333604  -1.28139515  -0.25052354   1.83973655   0.86573363   0.32940681   1.60381767  -1.42548360
  0.57684460   0.20969018  -1.28048091  -0.24715688   1.83543887   0.86858270   0.32776668   1.60289538  -1.43132623
  0.57973254   0.20606868  -1.27953006  -0.24378775   1.83113691   0.87142249   0.32613736   1.60196951  -1.43720723
  0.58264388   0.20247289  -1.27854283  -0.24041778   1.82683191   0.87425184   0.32451940   1.60104052  -1.44312520
  0.58557874   0.19890419  -1.27751945  -0.23704853   1.82252482   0.87707018   0.32291343   1.60010875  -1.44907889
  0.58853722   0.19536388  -1.27646020  -0.23368140   1.81821672   0.87987653   0.32132011   1.59917477  -1.45506711
  0.59151943   0.19185330  -1.27536544  -0.23031780   1.81390933   0.88266898   0.31974014   1.59823957  -1.46108844
  0.59452543   0.18837375  -1.27423546  -0.22695936   1.80960363   0.88544683   0.31817401   1.59730357  -1.46714151
  0.59755531   0.18492645  -1.27307058  -0.22360754   1.80530052   0.88820950   0.31662219   1.59636717  -1.47322503
  0.60060913   0.18151254  -1.27187129  -0.22026374   1.80100168   0.89095527   0.31508525   1.59543121  -1.47933761
  0.60368696   0.17813309  -1.27063802  -0.21692937   1.79670817   0.89368340   0.31356354   1.59449612  -1.48547795
  0.60678889   0.17478904  -1.26937120  -0.21360572   1.79242073   0.89639360   0.31205730   1.59356214  -1.49164490
  0.60991498   0.17148124  -1.26807138  -0.21029404   1.78814062   0.89908475   0.31056682   1.59262983  -1.49783719
  0.61306531   0.16821051  -1.26673906  -0.20699559   1.78386900   0.90175597   0.30909242   1.59169962  -1.50405364
  0.61623994   0.16497757  -1.26537472  -0.20371159   1.77960674   0.90440670   0.30763447   1.59077182  -1.51029316
  0.61943894   0.16178314  -1.26397890  -0.20044341   1.77535512   0.90703584   0.30619316   1.58984686  -1.51655444
  0.62266234   0.15862792  -1.26255211  -0.19719239   1.77111529   0.90964256   0.30476868   1.58892508  -1.52283624
  0.62591017   0.15551258  -1.26109487  -0.19395978   1.76688819   0.91222631   0.30336132   1.58800674  -1.52913742
  0.62918244   0.15243783  -1.25960780  -0.19074689   1.76267515   0.91478604   0.30197125   1.58709229  -1.53545667
  0.63247914   0.14940436  -1.25809149  -0.18755506   1.75847756   0.91732073   0.30059857   1.58618216  -1.54179262
  0.63580021   0.14641299  -1.25654662  -0.18438578   1.75429706   0.91982910   0.29924348   1.58527682  -1.54814379
  0.63914557   0.14346457  -1.25497375  -0.18124048   1.75013471   0.92231091   0.29790612   1.58437637  -1.55450886
  0.64251511   0.14055989  -1.25337348  -0.17812034   1.74599148   0.92476578   0.29658666   1.58348112  -1.56088660
  0.64590872   0.13769975  -1.25174651  -0.17502647   1.74186882   0.92719263   0.29528524   1.58259175  -1.56727572
  0.64932622   0.13488487  -1.25009354  -0.17196005   1.73776787   0.92959086   0.29400178   1.58170866  -1.57367482
  0.65276744   0.13211594  -1.24841536  -0.16892235   1.73369026   0.93195931   0.29273622   1.58083238  -1.58008239
  0.65623218   0.12939364  -1.24671271  -0.16591454   1.72963711   0.93429763   0.29148864   1.57996314  -1.58649710
  0.65972021   0.12671849  -1.24498630  -0.16293760   1.72560913   0.93660584   0.29025906   1.57910112  -1.59291779
  0.66323127   0.12409091  -1.24323694  -0.15999238   1.72160747   0.93888318   0.28904738   1.57824687  -1.59934317
  0.66676507   0.12151125  -1.24146542  -0.15707976   1.71763306   0.94112922   0.28785341   1.57740072  -1.60577193
  0.67032128   0.11897983  -1.23967258  -0.15420079   1.71368725   0.94334304   0.28667703   1.57656310  -1.61220264
  0.67389955   0.11649698  -1.23785922  -0.15135651   1.70977118   0.94552411   0.28551823   1.57573423  -1.61863390
  0.67749946   0.11406303  -1.23602610  -0.14854799   1.70588609   0.94767180   0.28437694   1.57491436  -1.62506427
  0.68112056   0.11167834  -1.23417396  -0.14577618   1.70203299   0.94978582   0.28325304   1.57410364  -1.63149238
  0.68476233   0.10934325  -1.23230357  -0.14304197   1.69821301   0.95186567   0.28214638   1.57330234  -1.63791682
  0.68842424   0.10705813  -1.23041571  -0.14034624   1.69442725   0.95391081   0.28105688   1.57251087  -1.64433619
  0.69210573   0.10482338  -1.22851119  -0.13768988   1.69067711   0.95592031   0.27998442   1.57172976  -1.65074890
  0.69580617   0.10263942  -1.22659085  -0.13507381   1.68696359   0.95789384   0.27892888   1.57095934  -1.65715344
  0.69952495   0.10050665  -1.22465556  -0.13249888   1.68328798   0.95983077   0.27789009   1.57020005  -1.66354824
  0.70326138   0.09842548  -1.22270616  -0.12996580   1.67965121   0.96173098   0.27686794   1.56945216  -1.66993190
  0.70701478   0.09639626  -1.22074347  -0.12747521   1.67605435   0.96359407   0.27586222   1.56871605  -1.67630299
  0.71078445   0.09441929  -1.21876830  -0.12502764   1.67249816   0.96542002   0.27487279   1.56799200  -1.68266022
  0.71456966   0.09249477  -1.21678150  -0.12262366   1.66898378   0.96720820   0.27389938   1.56728046  -1.68900215
  0.71836968   0.09062289  -1.21478395  -0.12026395   1.66551261   0.96895783   0.27294169   1.56658176  -1.69532723
  0.72218372   0.08880379  -1.21277641  -0.11794910   1.66208537   0.97066916   0.27199944   1.56589580  -1.70163415
  0.72601102   0.08703751  -1.21075964  -0.11567949   1.65870299   0.97234215   0.27107231   1.56522251  -1.70792171
  0.72985074   0.08532406  -1.20873446  -0.11345553   1.65536681   0.97397606   0.27015991   1.56456209  -1.71418853
  0.73370205   0.08366341  -1.20670159  -0.11127765   1.65207759   0.97557092   0.26926198   1.56391452  -1.72043337
  0.73756411   0.08205551  -1.20466177  -0.10914621   1.64883620   0.97712644   0.26837829   1.56327996  -1.72665495
  0.74143603   0.08050029  -1.20261582  -0.10706167   1.64564382   0.97864199   0.26750851   1.56265863  -1.73285182
  0.74531690   0.07899768  -1.20056445  -0.10502430   1.64250093   0.98011783   0.26665246   1.56205054  -1.73902280
  0.74920582   0.07754756  -1.19850833  -0.10303413   1.63940779   0.98155446   0.26580995   1.56145568  -1.74516690
  0.75310184   0.07614973  -1.19644823  -0.10109106   1.63636501   0.98295172   0.26498064   1.56087424  -1.75128304
  0.75700404   0.07480396  -1.19438494  -0.09919512   1.63337366   0.98430889   0.26416408   1.56030654  -1.75736993
  0.76091148   0.07351002  -1.19231913  -0.09734628   1.63043398   0.98562652   0.26336004   1.55975240  -1.76342663
  0.76482324   0.07226757  -1.19025137  -0.09554438   1.62754614   0.98690518   0.26256832   1.55921161  -1.76945236
  0.76873839   0.07107624  -1.18818231  -0.09378927   1.62471087   0.98814451   0.26178854   1.55868424  -1.77544610
  0.77265599   0.06993564  -1.18611266  -0.09208108   1.62192904   0.98934399   0.26102025   1.55817039  -1.78140661
  0.77657509   0.06884548  -1.18404309  -0.09042007   1.61920123   0.99050370   0.26026325   1.55766996  -1.78733271
  0.78049470   0.06780549  -1.18197420  -0.08880635   1.61652763   0.99162412   0.25951751   1.55718285  -1.79322337
  0.78441384   0.06681538  -1.17990663  -0.08723984   1.61390863   0.99270533   0.25878296   1.55670920  -1.79907759
  0.78833146   0.06587487  -1.17784109  -0.08572039   1.61134468   0.99374729   0.25805930   1.55624914  -1.80489426
  0.79224652   0.06498368  -1.17577835  -0.08424791   1.60883637   0.99474992   0.25734612   1.55580278  -1.81067211
  0.79615794   0.06414157  -1.17371927  -0.08282237   1.60638445   0.99571286   0.25664309   1.55537035  -1.81640980
  0.80006460   0.06334828  -1.17166462  -0.08144366   1.60398941   0.99663605   0.25595007   1.55495206  -1.82210608
  0.80396539   0.06260352  -1.16961491  -0.08011123   1.60165049   0.99752105   0.25526704   1.55454766  -1.82776032
  0.80785920   0.06190674  -1.16757054  -0.07882399   1.59936674   0.99836950   0.25459389   1.55415674  -1.83337226
  0.81174497   0.06125719  -1.16553199  -0.07758076   1.59713782   0.99918187   0.25393011   1.55377916  -1.83894148
  0.81562170   0.06065393  -1.16349985  -0.07638067   1.59496397   0.99995778   0.25327497   1.55341492  -1.84446723
  0.81948843   0.06009597  -1.16147476  -0.07522324   1.59284538   1.00069708   0.25262801   1.55306386  -1.84994863
  0.82334421   0.05958232  -1.15945732  -0.07410822   1.59078202   1.00140006   0.25198914   1.55272574  -1.85538487
  0.82718810   0.05911210  -1.15744805  -0.07303534   1.58877357   1.00206740   0.25135852   1.55240025  -1.86077532
  0.83101912   0.05868454  -1.15544736  -0.07200426   1.58681967   1.00269989   0.25073629   1.55208712  -1.86611939
  0.83483629   0.05829898  -1.15345562  -0.07101465   1.58492010   1.00329798   0.25012237   1.55178618  -1.87141636
  0.83863860   0.05795491  -1.15147335  -0.07006625   1.58307518   1.00386136   0.24951651   1.55149761  -1.87666523
  0.84242505   0.05765191  -1.14950115  -0.06915892   1.58128552   1.00438942   0.24891845   1.55122170  -1.88186485
  0.84619462   0.05738966  -1.14753964  -0.06829239   1.57955134   1.00488229   0.24832807   1.55095852  -1.88701421
  0.84994631   0.05716788  -1.14558934  -0.06746622   1.57787240   1.00534084   0.24774537   1.55070789  -1.89211258
  0.85367908   0.05698626  -1.14365071  -0.06667964   1.57624826   1.00576602   0.24717037   1.55046966  -1.89715947
  0.85739194   0.05684437  -1.14172409  -0.06593169   1.57467838   1.00615869   0.24660301   1.55024368  -1.90215453
  0.86108397   0.05674164  -1.13980984  -0.06522142   1.57316222   1.00651953   0.24604299   1.55002980  -1.90709733
  0.86475427   0.05667734  -1.13790838  -0.06454799   1.57169937   1.00684894   0.24549003   1.54982790  -1.91198742
  0.86840201   0.05665061  -1.13602014  -0.06391066   1.57028944   1.00714736   0.24494402   1.54963781  -1.91682436
  0.87202641   0.05666047  -1.13414551  -0.06330866   1.56893186   1.00741544   0.24440495   1.54945926  -1.92160789
  0.87562671   0.05670587  -1.13228480  -0.06274120   1.56762580   1.00765405   0.24387275   1.54929183  -1.92633781
  0.87920217   0.05678567  -1.13043828  -0.06220750   1.56637050   1.00786393   0.24334732   1.54913514  -1.93101395
  0.88275205   0.05689876  -1.12860626  -0.06170685   1.56516525   1.00804567   0.24282855   1.54898888  -1.93563601
  0.88627562   0.05704400  -1.12678910  -0.06123859   1.56400937   1.00819983   0.24231629   1.54885274  -1.94020364
  0.88977212   0.05722034  -1.12498718  -0.06080211   1.56290235   1.00832683   0.24181045   1.54872650  -1.94471642
  0.89324081   0.05742680  -1.12320088  -0.06039678   1.56184359   1.00842726   0.24131097   1.54860985  -1.94917397
  0.89668090   0.05766251  -1.12143056  -0.06002191   1.56083250   1.00850180   0.24081783   1.54850249  -1.95357594
  0.90009163   0.05792668  -1.11967649  -0.05967676   1.55986855   1.00855103   0.24033097   1.54840416  -1.95792204
  0.90347224   0.05821857  -1.11793890  -0.05936056   1.55895105   1.00857564   0.23985039   1.54831460  -1.96221203
  0.90682200   0.05853747  -1.11621796  -0.05907248   1.55807924   1.00857639   0.23937603   1.54823357  -1.96644574
  0.91014022   0.05888266  -1.11451384  -0.05881166   1.55725228   1.00855404   0.23890787   1.54816087  -1.97062306
  0.91342628   0.05925339  -1.11282673  -0.05857725   1.55646925   1.00850937   0.23844585   1.54809631  -1.97474389
  0.91667959   0.05964883  -1.11115686  -0.05836836   1.55572929   1.00844313   0.23798992   1.54803968  -1.97880817
  0.91989959   0.06006808  -1.10950451  -0.05818419   1.55503149   1.00835605   0.23754005   1.54799078  -1.98281582
  0.92308578   0.06051020  -1.10786997  -0.05802396   1.55437486   1.00824892   0.23709623   1.54794942  -1.98676675
  0.92623767   0.06097418  -1.10625357  -0.05788693   1.55375843   1.00812250   0.23665849   1.54791542  -1.99066090
  0.92935477   0.06145902  -1.10465554  -0.05777232   1.55318126   1.00797748   0.23622686   1.54788858  -1.99449824
  0.93243663   0.06196369  -1.10307611  -0.05767939   1.55264235   1.00781461   0.23580130   1.54786865  -1.99827877
  0.93548281   0.06248718  -1.10151546  -0.05760741   1.55214075   1.00763459   0.23538173   1.54785533  -2.00200249
  0.93849286   0.06302851  -1.09997374  -0.05755561   1.55167558   1.00743804   0.23496809   1.54784831  -2.00566941
  0.94146638   0.06358672  -1.09845110  -0.05752326   1.55124598   1.00722557   0.23456036   1.54784734  -2.00927959
  0.94440296   0.06416088  -1.09694769  -0.05750962   1.55085111   1.00699779   0.23415854   1.54785216  -2.01283312
  0.94730219   0.06475013  -1.09546359  -0.05751391   1.55049008   1.00675537   0.23376258   1.54786244  -2.01633009
  0.95016370   0.06535363  -1.09399890  -0.05753543   1.55016192   1.00649911   0.23337245   1.54787790  -2.01977061
  0.95298710   0.06597054  -1.09255375  -0.05757350   1.54986571   1.00622966   0.23298818   1.54789833  -2.02315469
  0.95577203   0.06660006  -1.09112833  -0.05762750   1.54960058   1.00594761   0.23260977   1.54792361  -2.02648231
  0.95851812   0.06724138  -1.08972284  -0.05769681   1.54936564   1.00565364   0.23223715   1.54795354  -2.02975343
  0.96122504   0.06789371  -1.08833746  -0.05778070   1.54915997   1.00534843   0.23187037   1.54798789  -2.03296814
  0.96389248   0.06855627  -1.08697230  -0.05787838   1.54898274   1.00503252   0.23150950   1.54802655  -2.03612664
  0.96652019   0.06922827  -1.08562739  -0.05798915   1.54883293   1.00470665   0.23115453   1.54806929  -2.03922911
  0.96910792   0.06990894  -1.08430279  -0.05811237   1.54870945   1.00437163   0.23080544   1.54811590  -2.04227576
  0.97165549   0.07059746  -1.08299850  -0.05824740   1.54861135   1.00402807   0.23046226   1.54816613  -2.04526683
  0.97416274   0.07129300  -1.08171449  -0.05839358   1.54853771   1.00367660   0.23012498   1.54821974  -2.04820264
  0.97662953   0.07199472  -1.08045075  -0.05855032   1.54848753   1.00331790   0.22979356   1.54827644  -2.05108349
  0.97905575   0.07270176  -1.07920734  -0.05871704   1.54845984   1.00295259   0.22946797   1.54833604  -2.05390963
  0.98144134   0.07341327  -1.07798438  -0.05889316   1.54845369   1.00258118   0.22914825   1.54839844  -2.05668128
  0.98378618   0.07412841  -1.07678205  -0.05907817   1.54846805   1.00220437   0.22883437   1.54846350  -2.05939859
  0.98609017   0.07484635  -1.07560059  -0.05927144   1.54850210   1.00182250   0.22852643   1.54853129  -2.06206175
  0.98835320   0.07556633  -1.07444020  -0.05947246   1.54855477   1.00143633   0.22822436   1.54860165  -2.06467082
  0.99057509   0.07628759  -1.07330107  -0.05968070   1.54862505   1.00104666   0.22792806   1.54867431  -2.06722589
  0.99275568   0.07700941  -1.07218324  -0.05989552   1.54871211   1.00065403   0.22763755   1.54874908  -2.06972717
  0.99489480   0.07773108  -1.07108667  -0.06011627   1.54881516   1.00025898   0.22735282   1.54882566  -2.07217498
  0.99699231   0.07845189  -1.07001117  -0.06034230   1.54893329   0.99986220   0.22707378   1.54890359  -2.07456971
  0.99904814   0.07917112  -1.06895652  -0.06057294   1.54906563   0.99946429   0.22680036   1.54898246  -2.07691186
  1.00106224   0.07988801  -1.06792249  -0.06080753   1.54921133   0.99906575   0.22653251   1.54906192  -2.07920195
  1.00303465   0.08060182  -1.06690888  -0.06104548   1.54936957   0.99866700   0.22627027   1.54914176  -2.08144053
  1.00496547   0.08131179  -1.06591558  -0.06128633   1.54953952   0.99826848   0.22601360   1.54922177  -2.08362806
  1.00685485   0.08201722  -1.06494254  -0.06152968   1.54972035   0.99787062   0.22576249   1.54930180  -2.08576499
  1.00870297   0.08271740  -1.06398980  -0.06177519   1.54991125   0.99747390   0.22551684   1.54938167  -2.08785166
  1.01051000   0.08341167  -1.06305746  -0.06202249   1.55011141   0.99707879   0.22527655   1.54946126  -2.08988839
  1.01227611   0.08409940  -1.06214567  -0.06227121   1.55031994   0.99668584   0.22504149   1.54954043  -2.09187545
  1.01400145   0.08477998  -1.06125459  -0.06252089   1.55053590   0.99629556   0.22481165   1.54961923  -2.09381314
  1.01568611   0.08545285  -1.06038436  -0.06277099   1.55075839   0.99590839   0.22458706   1.54969776  -2.09570179
  1.01733018   0.08611750  -1.05953504  -0.06302097   1.55098659   0.99552473   0.22436767   1.54977607  -2.09754172
  1.01893373   0.08677347  -1.05870666  -0.06327032   1.55121969   0.99514505   0.22415339   1.54985404  -2.09933324
  1.02049681   0.08742031  -1.05789920  -0.06351861   1.55145692   0.99476991   0.22394405   1.54993144  -2.10107665
  1.02201949   0.08805755  -1.05711270  -0.06376549   1.55169750   0.99439986   0.22373950   1.55000804  -2.10277214
  1.02350181   0.08868470  -1.05634712  -0.06401052   1.55194076   0.99403519   0.22353987   1.55008392  -2.10442007
  1.02494383   0.08930129  -1.05560238  -0.06425331   1.55218595   0.99367623   0.22334530   1.55015918  -2.10602086
  1.02634567   0.08990687  -1.05487825  -0.06449347   1.55243236   0.99332328   0.22315597   1.55023387  -2.10757498
  1.02770746   0.09050100  -1.05417452  -0.06473070   1.55267932   0.99297666   0.22297188   1.55030791  -2.10908293
  1.02902939   0.09108325  -1.05349096  -0.06496476   1.55292633   0.99263657   0.22279303   1.55038118  -2.11054516
  1.03031173   0.09165325  -1.05282735  -0.06519544   1.55317292   0.99230316   0.22261942   1.55045362  -2.11196218
  1.03155478   0.09221066  -1.05218348  -0.06542258   1.55341857   0.99197665   0.22245099   1.55052516  -2.11333452
  1.03275890   0.09275518  -1.05155908  -0.06564595   1.55366284   0.99165717   0.22228780   1.55059576  -2.11466283
  1.03392453   0.09328658  -1.05095386  -0.06586532   1.55390527   0.99134492   0.22212981   1.55066537  -2.11594783
  1.03505211   0.09380464  -1.05036765  -0.06608047   1.55414540   0.99104015   0.22197687   1.55073382  -2.11719014
  1.03614212   0.09430917  -1.04980032  -0.06629124   1.55438285   0.99074302   0.22182879   1.55080099  -2.11839035
  1.03719506   0.09479999  -1.04925177  -0.06649742   1.55461729   0.99045360   0.22168548   1.55086689  -2.11954905
  1.03821140   0.09527696  -1.04872191  -0.06669888   1.55484832   0.99017204   0.22154685   1.55093155  -2.12066680
  1.03919165   0.09573997  -1.04821064  -0.06689550   1.55507547   0.98989858   0.22141275   1.55099493  -2.12174414
  1.04013626   0.09618892  -1.04771786  -0.06708706   1.55529846   0.98963330   0.22128310   1.55105707  -2.12278166
  1.04104571   0.09662380  -1.04724334  -0.06727336   1.55551702   0.98937624   0.22115777   1.55111791  -2.12378003
  1.04192050   0.09704459  -1.04678683  -0.06745424   1.55573086   0.98912756   0.22103658   1.55117734  -2.12473988
  1.04276112   0.09745131  -1.04634806  -0.06762959   1.55593965   0.98888740   0.22091939   1.55123528  -2.12566186
  1.04356806   0.09784392  -1.04592685  -0.06779934   1.55614310   0.98865590   0.22080611   1.55129171  -2.12654656
  1.04434179   0.09822235  -1.04552308  -0.06796342   1.55634089   0.98843319   0.22069665   1.55134662  -2.12739449
  1.04508273   0.09858649  -1.04513674  -0.06812174   1.55653277   0.98821937   0.22059085   1.55139997  -2.12820607
  1.04579129   0.09893623  -1.04476775  -0.06827416   1.55671861   0.98801437   0.22048878   1.55145188  -2.12898183
  1.04646784   0.09927152  -1.04441588  -0.06842051   1.55689827   0.98781808   0.22039054   1.55150244  -2.12972240
  1.04711280   0.09959236  -1.04408076  -0.06856079   1.55707157   0.98763053   0.22029611   1.55155166  -2.13042837
  1.04772660   0.09989883  -1.04376198  -0.06869511   1.55723836   0.98745173   0.22020546   1.55159950  -2.13110033
  1.04830972   0.10019100  -1.04345913  -0.06882360   1.55739854   0.98728166   0.22011858   1.55164595  -2.13173892
  1.04886268   0.10046901  -1.04317182  -0.06894637   1.55755203   0.98712027   0.22003549   1.55169106  -2.13234482
  1.04938605   0.10073298  -1.04289968  -0.06906347   1.55769879   0.98696747   0.21995624   1.55173491  -2.13291873
  1.04988042   0.10098307  -1.04264234  -0.06917491   1.55783885   0.98682306   0.21988088   1.55177760  -2.13346146
  1.05034643   0.10121947  -1.04239934  -0.06928059   1.55797239   0.98668668   0.21980954   1.55181928  -2.13397400
  1.05078481   0.10144249  -1.04217003  -0.06938047   1.55809961   0.98655807   0.21974217   1.55185986  -2.13445744
  1.05119643   0.10165246  -1.04195366  -0.06947466   1.55822071   0.98643704   0.21967857   1.55189908  -2.13491294
  1.05158224   0.10184979  -1.04174946  -0.06956338   1.55833592   0.98632339   0.21961856   1.55193669  -2.13534171
  1.05194334   0.10203487  -1.04155666  -0.06964689   1.55844550   0.98621689   0.21956199   1.55197251  -2.13574507
  1.05228089   0.10220811  -1.04137461  -0.06972550   1.55854972   0.98611725   0.21950870   1.55200646  -2.13612434
  1.05259614   0.10236990  -1.04120271  -0.06979945   1.55864882   0.98602419   0.21945854   1.55203850  -2.13648082
  1.05289032   0.10252063  -1.04104050  -0.06986900   1.55874301   0.98593739   0.21941134   1.55206867  -2.13681581
  1.05316469   0.10266069  -1.04088763  -0.06993437   1.55883247   0.98585658   0.21936690   1.55209704  -2.13713048
  1.05342040   0.10279048  -1.04074386  -0.06999581   1.55891728   0.98578160   0.21932491   1.55212367  -2.13742580
  1.05365858   0.10291040  -1.04060906  -0.07005359   1.55899748   0.98571236   0.21928506   1.55214865  -2.13770260
  1.05388021   0.10302087  -1.04048316  -0.07010795   1.55907310   0.98564874   0.21924709   1.55217212  -2.13796163
  1.05408618   0.10312232  -1.04036609  -0.07015903   1.55914420   0.98559063   0.21921079   1.55219426  -2.13820358
  1.05427726   0.10321521  -1.04025769  -0.07020693   1.55921087   0.98553787   0.21917601   1.55221527  -2.13842910
  1.05445415   0.10330002  -1.04015773  -0.07025171   1.55927324   0.98549030   0.21914264   1.55223527  -2.13863887
  1.05461742   0.10337722  -1.04006589  -0.07029342   1.55933147   0.98544769   0.21911058   1.55225441  -2.13883355
  1.05476765   0.10344730  -1.03998173  -0.07033211   1.55938577   0.98540983   0.21907976   1.55227276  -2.13901383
  1.05490536   0.10351072  -1.03990476  -0.07036789   1.55943635   0.98537644   0.21905017   1.55229040  -2.13918043
  1.05503110   0.10356790  -1.03983444  -0.07040087   1.55948348   0.98534725   0.21902178   1.55230739  -2.13933408
  1.05514541   0.10361926  -1.03977022  -0.07043117   1.55952740   0.98532195   0.21899461   1.55232378  -2.13947557
  1.05524891   0.10366517  -1.03971152  -0.07045897   1.55956841   0.98530023   0.21896866   1.55233960  -2.13960569
  1.05534223   0.10370598  -1.03965779  -0.07048442   1.55960676   0.98528176   0.21894393   1.55235491  -2.13972528
  1.05542604   0.10374203  -1.03960853  -0.07050771   1.55964271   0.98526622   0.21892039   1.55236974  -2.13983518
  1.05550106   0.10377365  -1.03956325  -0.07052903   1.55967650   0.98525333   0.21889798   1.55238413  -2.13993620
  1.05556804   0.10380116  -1.03952155  -0.07054858   1.55970833   0.98524282   0.21887664   1.55239811  -2.14002915
  1.05562771   0.10382487  -1.03948308  -0.07056656   1.55973840   0.98523446   0.21885626   1.55241174  -2.14011479
  1.05568082   0.10384512  -1.03944754  -0.07058315   1.55976689   0.98522804   0.21883674   1.55242507  -2.14019384
  1.05572807   0.10386224  -1.03941468  -0.07059853   1.55979395   0.98522338   0.21881796   1.55243816  -2.14026697
  1.05577015   0.10387655  -1.03938430  -0.07061287   1.55981974   0.98522031   0.21879980   1.55245108  -2.14033481
  1.05580768   0.10388840  -1.03935622  -0.07062628   1.55984438   0.98521869   0.21878214   1.55246389  -2.14039790
  1.05584121   0.10389809  -1.03933026  -0.07063888   1.55986801   0.98521841   0.21876488   1.55247666  -2.14045677
  1.05587124   0.10390593  -1.03930629  -0.07065078   1.55989072   0.98521934   0.21874791   1.55248946  -2.14051186
  1.05589821   0.10391220  -1.03928416  -0.07066205   1.55991263   0.98522141   0.21873114   1.55250232  -2.14056358
  1.05592248   0.10391714  -1.03926375  -0.07067277   1.55993384   0.98522450   0.21871451   1.55251531  -2.14061227
  1.05594435   0.10392096  -1.03924492  -0.07068298   1.55995441   0.98522856   0.21869796   1.55252846  -2.14065822
  1.05596407   0.10392383  -1.03922756  -0.07069274   1.55997444   0.98523351   0.21868146   1.55254178  -2.14070170
  1.05598184   0.10392588  -1.03921156  -0.07070208   1.55999397   0.98523927   0.21866498   1.55255530  -2.14074293
  1.05599782   0.10392720  -1.03919679  -0.07071104   1.56001308   0.98524579   0.21864851   1.55256903  -2.14078210
  1.05601212   0.10392787  -1.03918315  -0.07071965   1.56003181   0.98525301   0.21863204   1.55258296  -2.14081936
  1.05602485   0.10392791  -1.03917053  -0.07072792   1.56005021   0.98526087   0.21861558   1.55259709  -2.14085487
  1.05603607   0.10392735  -1.03915885  -0.07073589   1.56006830   0.98526933   0.21859914   1.55261142  -2.14088875
  1.05604586   0.10392620  -1.03914800  -0.07074357   1.56008614   0.98527832   0.21858272   1.55262592  -2.14092109
  1.05605427   0.10392446  -1.03913790  -0.07075098   1.56010373   0.98528782   0.21856634   1.55264059  -2.14095202
  1.05606134   0.10392214  -1.03912848  -0.07075814   1.56012112   0.98529777   0.21855001   1.55265543  -2.14098161
  1.05606714   0.10391925  -1.03911966  -0.07076506   1.56013833   0.98530815   0.21853373   1.55267041  -2.14100996
  1.05607171   0.10391580  -1.03911139  -0.07077176   1.56015537   0.98531892   0.21851751   1.55268554  -2.14103713
  1.05607511   0.10391182  -1.03910362  -0.07077825   1.56017228   0.98533006   0.21850135   1.55270081  -2.14106322
  1.05607739   0.10390732  -1.03909629  -0.07078454   1.56018907   0.98534154   0.21848524   1.55271623  -2.14108829
  1.05607864   0.10390236  -1.03908938  -0.07079065   1.56020576   0.98535335   0.21846918   1.55273178  -2.14111243
  1.05607890   0.10389697  -1.03908284  -0.07079658   1.56022237   0.98536545   0.21845315   1.55274748  -2.14113569
  1.05607826   0.10389119  -1.03907665  -0.07080236   1.56023892   0.98537785   0.21843714   1.55276333  -2.14115816
  1.05607679   0.10388507  -1.03907079  -0.07080799   1.56025543   0.98539052   0.21842114   1.55277934  -2.14117989
  1.05607455   0.10387864  -1.03906524  -0.07081349   1.56027190   0.98540345   0.21840513   1.55279550  -2.14120096
  1.05607162   0.10387195  -1.03905997  -0.07081887   1.56028835   0.98541664   0.21838910   1.55281184  -2.14122142
  1.05606806   0.10386503  -1.03905497  -0.07082414   1.56030479   0.98543006   0.21837304   1.55282834  -2.14124134
  1.05606393   0.10385791  -1.03905023  -0.07082931   1.56032124   0.98544371   0.21835692   1.55284503  -2.14126076
  1.05605929   0.10385061  -1.03904574  -0.07083440   1.56033770   0.98545759   0.21834075   1.55286188  -2.14127974
  1.05605419   0.10384315  -1.03904147  -0.07083941   1.56035419   0.98547167   0.21832450   1.55287892  -2.14129832
  1.05604866   0.10383555  -1.03903741  -0.07084436   1.56037070   0.98548596   0.21830818   1.55289613  -2.14131654
  1.05604274   0.10382781  -1.03903356  -0.07084925   1.56038724   0.98550045   0.21829177   1.55291352  -2.14133444
  1.05603646   0.10381994  -1.03902988  -0.07085409   1.56040383   0.98551512   0.21827529   1.55293108  -2.14135204
  1.05602985   0.10381195  -1.03902639  -0.07085889   1.56042046   0.98552997   0.21825871   1.55294882  -2.14136937
  1.05602291   0.10380384  -1.03902305  -0.07086364   1.56043715   0.98554499   0.21824205   1.55296673  -2.14138646
  1.05601567   0.10379560  -1.03901986  -0.07086836   1.56045388   0.98556019   0.21822530   1.55298480  -2.14140332
  1.05600812   0.10378725  -1.03901680  -0.07087304   1.56047068   0.98557555   0.21820846   1.55300304  -2.14141996
  1.05600029   0.10377879  -1.03901386  -0.07087768   1.56048753   0.98559106   0.21819154   1.55302144  -2.14143641
  1.05599217   0.10377020  -1.03901104  -0.07088230   1.56050446   0.98560673   0.21817453   1.55303999  -2.14145267
  1.05598377   0.10376151  -1.03900832  -0.07088688   1.56052144   0.98562256   0.21815744   1.55305871  -2.14146875
  1.05597509   0.10375270  -1.03900570  -0.07089142   1.56053850   0.98563853   0.21814027   1.55307757  -2.14148466
  1.05596614   0.10374378  -1.03900316  -0.07089594   1.56055564   0.98565465   0.21812302   1.55309659  -2.14150041
  1.05595692   0.10373475  -1.03900069  -0.07090042   1.56057285   0.98567091   0.21810569   1.55311576  -2.14151602
  1.05594745   0.10372562  -1.03899830  -0.07090488   1.56059013   0.98568731   0.21808828   1.55313508  -2.14153149
  1.05593774   0.10371639  -1.03899598  -0.07090930   1.56060750   0.98570385   0.21807079   1.55315454  -2.14154683
  1.05592778   0.10370705  -1.03899371  -0.07091371   1.56062495   0.98572053   0.21805322   1.55317415  -2.14156206
  1.05591759   0.10369762  -1.03899150  -0.07091808   1.56064248   0.98573733   0.21803556   1.55319391  -2.14157718
  1.05590719   0.10368810  -1.03898934  -0.07092244   1.56066010   0.98575427   0.21801782   1.55321380  -2.14159221
  1.05589659   0.10367848  -1.03898723  -0.07092678   1.56067780   0.98577135   0.21799999   1.55323385  -2.14160714
  1.05588578   0.10366878  -1.03898516  -0.07093110   1.56069560   0.98578854   0.21798207   1.55325403  -2.14162201
  1.05587479   0.10365899  -1.03898313  -0.07093541   1.56071348   0.98580587   0.21796407   1.55327435  -2.14163680
  1.05586363   0.10364911  -1.03898115  -0.07093971   1.56073145   0.98582332   0.21794597   1.55329482  -2.14165155
  1.05585231   0.10363916  -1.03897920  -0.07094400   1.56074951   0.98584090   0.21792778   1.55331543  -2.14166624
  1.05584082   0.10362913  -1.03897728  -0.07094827   1.56076767   0.98585859   0.21790949   1.55333617  -2.14168089
  1.05582919   0.10361902  -1.03897539  -0.07095255   1.56078592   0.98587641   0.21789111   1.55335706  -2.14169550
  1.05581741   0.10360883  -1.03897354  -0.07095681   1.56080426   0.98589435   0.21787263   1.55337808  -2.14171009
  1.05580550   0.10359858  -1.03897171  -0.07096108   1.56082270   0.98591241   0.21785406   1.55339924  -2.14172465
  1.05579345   0.10358825  -1.03896990  -0.07096533   1.56084123   0.98593059   0.21783539   1.55342054  -2.14173920
  1.05578127   0.10357785  -1.03896812  -0.07096959   1.56085986   0.98594888   0.21781662   1.55344197  -2.14175372
  1.05576897   0.10356738  -1.03896635  -0.07097384   1.56087859   0.98596729   0.21779775   1.55346354  -2.14176824
  1.05575654   0.10355685  -1.03896460  -0.07097810   1.56089741   0.98598582   0.21777879   1.55348524  -2.14178275
  1.05574400   0.10354624  -1.03896287  -0.07098235   1.56091633   0.98600447   0.21775973   1.55350708  -2.14179725
  1.05573133   0.10353556  -1.03896115  -0.07098660   1.56093535   0.98602323   0.21774057   1.55352904  -2.14181176
  1.05571855   0.10352482  -1.03895945  -0.07099084   1.56095447   0.98604210   0.21772131   1.55355114  -2.14182626
  1.05570565   0.10351401  -1.03895775  -0.07099509   1.56097368   0.98606109   0.21770196   1.55357337  -2.14184076
  1.05569264   0.10350312  -1.03895606  -0.07099934   1.56099300   0.98608019   0.21768252   1.55359573  -2.14185527
  1.05567952   0.10349217  -1.03895438  -0.07100359   1.56101241   0.98609940   0.21766297   1.55361822  -2.14186978
  1.05566629   0.10348115  -1.03895270  -0.07100784   1.56103192   0.98611872   0.21764334   1.55364083  -2.14188430
  1.05565296   0.10347006  -1.03895103  -0.07101209   1.56105153   0.98613816   0.21762360   1.55366357  -2.14189883
  1.05563952   0.10345890  -1.03894936  -0.07101634   1.56107124   0.98615770   0.21760377   1.55368644  -2.14191338
  1.05562598   0.10344767  -1.03894769  -0.07102060   1.56109106   0.98617735   0.21758385   1.55370943  -2.14192794
  1.05561235   0.10343637  -1.03894601  -0.07102486   1.56111097   0.98619712   0.21756383   1.55373255  -2.14194252
  1.05559861   0.10342500  -1.03894434  -0.07102912   1.56113098   0.98621699   0.21754372   1.55375580  -2.14195712
  1.05558479   0.10341357  -1.03894267  -0.07103338   1.56115109   0.98623697   0.21752351   1.55377916  -2.14197174
  1.05557087   0.10340207  -1.03894100  -0.07103765   1.56117130   0.98625706   0.21750320   1.55380265  -2.14198638
  1.05555686   0.10339051  -1.03893932  -0.07104193   1.56119161   0.98627726   0.21748280   1.55382627  -2.14200104
  1.05554277   0.10337888  -1.03893764  -0.07104620   1.56121202   0.98629756   0.21746230   1.55385000  -2.14201573
  1.05552859   0.10336719  -1.03893595  -0.07105049   1.56123253   0.98631798   0.21744171   1.55387386  -2.14203045
  1.05551433   0.10335543  -1.03893426  -0.07105478   1.56125314   0.98633850   0.21742102   1.55389784  -2.14204520
  1.05549999   0.10334361  -1.03893256  -0.07105907   1.56127385   0.98635912   0.21740024   1.55392194  -2.14205997
  1.05548557   0.10333172  -1.03893086  -0.07106337   1.56129466   0.98637985   0.21737936   1.55394617  -2.14207478
  1.05547107   0.10331977  -1.03892915  -0.07106767   1.56131558   0.98640069   0.21735839   1.55397051  -2.14208962
  1.05545650   0.10330776  -1.03892743  -0.07107199   1.56133659   0.98642163   0.21733732   1.55399497  -2.14210449
  1.05544185   0.10329569  -1.03892571  -0.07107630   1.56135770   0.98644267   0.21731616   1.55401955  -2.14211939
  1.05542713   0.10328355  -1.03892397  -0.07108063   1.56137891   0.98646383   0.21729490   1.55404425  -2.14213433
  1.05541233   0.10327135  -1.03892223  -0.07108496   1.56140023   0.98648508   0.21727355   1.55406907  -2.14214930
  1.05539747   0.10325909  -1.03892047  -0.07108930   1.56142164   0.98650644   0.21725210   1.55409401  -2.14216431
  1.05538253   0.10324677  -1.03891871  -0.07109364   1.56144315   0.98652790   0.21723056   1.55411906  -2.14217935
  1.05536753   0.10323438  -1.03891693  -0.07109799   1.56146476   0.98654947   0.21720893   1.55414423  -2.14219443
  1.05535245   0.10322193  -1.03891514  -0.07110235   1.56148647   0.98657113   0.21718721   1.55416952  -2.14220955
  1.05533731   0.10320942  -1.03891334  -0.07110672   1.56150828   0.98659290   0.21716539   1.55419492  -2.14222470
  1.05532210   0.10319685  -1.03891153  -0.07111109   1.56153019   0.98661478   0.21714348   1.55422044  -2.14223989
  1.05530683   0.10318422  -1.03890971  -0.07111547   1.56155220   0.98663675   0.21712148   1.55424607  -2.14225511
  1.05529149   0.10317153  -1.03890787  -0.07111985   1.56157431   0.98665883   0.21709938   1.55427182  -2.14227038
  1.05527609   0.10315877  -1.03890602  -0.07112425   1.56159651   0.98668100   0.21707720   1.55429768  -2.14228568
  1.05526062   0.10314596  -1.03890415  -0.07112865   1.56161882   0.98670328   0.21705492   1.55432366  -2.14230102
  1.05524510   0.10313308  -1.03890228  -0.07113305   1.56164122   0.98672566   0.21703255   1.55434974  -2.14231640
  1.05522951   0.10312015  -1.03890038  -0.07113747   1.56166372   0.98674814   0.21701010   1.55437594  -2.14233181
  1.05521386   0.10310715  -1.03889847  -0.07114189   1.56168632   0.98677072   0.21698755   1.55440226  -2.14234727
  1.05519816   0.10309410  -1.03889655  -0.07114632   1.56170902   0.98679340   0.21696491   1.55442868  -2.14236276
  1.05518239   0.10308098  -1.03889461  -0.07115075   1.56173181   0.98681617   0.21694218   1.55445522  -2.14237829
  1.05516657   0.10306781  -1.03889266  -0.07115519   1.56175470   0.98683905   0.21691937   1.55448187  -2.14239386
  1.05515069   0.10305457  -1.03889069  -0.07115964   1.56177769   0.98686203   0.21689646   1.55450863  -2.14240947
  1.05513476   0.10304128  -1.03888870  -0.07116410   1.56180078   0.98688510   0.21687347   1.55453550  -2.14242512
  1.05511877   0.10302793  -1.03888670  -0.07116856   1.56182396   0.98690827   0.21685039   1.55456248  -2.14244081
  1.05510273   0.10301452  -1.03888468  -0.07117304   1.56184724   0.98693154   0.21682722   1.55458956  -2.14245654
  1.05508663   0.10300105  -1.03888264  -0.07117751   1.56187062   0.98695491   0.21680396   1.55461676  -2.14247230
  1.05507048   0.10298752  -1.03888059  -0.07118200   1.56189409   0.98697837   0.21678062   1.55464407  -2.14248810
  1.05505428   0.10297394  -1.03887851  -0.07118649   1.56191766   0.98700194   0.21675718   1.55467148  -2.14250394
  1.05503803   0.10296030  -1.03887643  -0.07119099   1.56194133   0.98702559   0.21673367   1.55469900  -2.14251982
  1.05502173   0.10294660  -1.03887432  -0.07119549   1.56196509   0.98704935   0.21671006   1.55472663  -2.14253574
  1.05500537   0.10293284  -1.03887219  -0.07120000   1.56198894   0.98707320   0.21668638   1.55475437  -2.14255169
  1.05498897   0.10291903  -1.03887005  -0.07120452   1.56201289   0.98709715   0.21666260   1.55478221  -2.14256769
  1.05497252   0.10290515  -1.03886789  -0.07120904   1.56203694   0.98712119   0.21663875   1.55481016  -2.14258372
  1.05495602   0.10289122  -1.03886571  -0.07121357   1.56206107   0.98714532   0.21661480   1.55483821  -2.14259978
  1.05493947   0.10287724  -1.03886351  -0.07121811   1.56208531   0.98716956   0.21659078   1.55486637  -2.14261589
  1.05492288   0.10286320  -1.03886129  -0.07122265   1.56210963   0.98719388   0.21656667   1.55489463  -2.14263203
  1.05490624   0.10284910  -1.03885905  -0.07122720   1.56213405   0.98721830   0.21654248   1.55492300  -2.14264821
  1.05488955   0.10283494  -1.03885679  -0.07123176   1.56215857   0.98724281   0.21651820   1.55495147  -2.14266442
  1.05487282   0.10282073  -1.03885451  -0.07123632   1.56218317   0.98726742   0.21649385   1.55498004  -2.14268067
  1.05485604   0.10280647  -1.03885222  -0.07124088   1.56220787   0.98729212   0.21646941   1.55500872  -2.14269695
  1.05483922   0.10279214  -1.03884990  -0.07124545   1.56223267   0.98731691   0.21644489   1.55503750  -2.14271327
  1.05482236   0.10277777  -1.03884756  -0.07125003   1.56225755   0.98734180   0.21642029   1.55506638  -2.14272962
  1.05480545   0.10276333  -1.03884520  -0.07125461   1.56228253   0.98736678   0.21639561   1.55509537  -2.14274601
  1.05478850   0.10274884  -1.03884282  -0.07125920   1.56230759   0.98739185   0.21637085   1.55512445  -2.14276243
  1.05477151   0.10273430  -1.03884042  -0.07126379   1.56233275   0.98741701   0.21634602   1.55515363  -2.14277889
  1.05475448   0.10271970  -1.03883800  -0.07126839   1.56235800   0.98744226   0.21632110   1.55518292  -2.14279538
  1.05473741   0.10270505  -1.03883556  -0.07127299   1.56238334   0.98746760   0.21629610   1.55521230  -2.14281190
  1.05472030   0.10269035  -1.03883310  -0.07127759   1.56240877   0.98749304   0.21627103   1.55524178  -2.14282845
  1.05470315   0.10267558  -1.03883061  -0.07128220   1.56243429   0.98751856   0.21624588   1.55527137  -2.14284504
  1.05468596   0.10266077  -1.03882810  -0.07128682   1.56245990   0.98754417   0.21622065   1.55530105  -2.14286166
  1.05466873   0.10264590  -1.03882557  -0.07129143   1.56248560   0.98756987   0.21619535   1.55533082  -2.14287831
  1.05465146   0.10263098  -1.03882302  -0.07129606   1.56251139   0.98759567   0.21616997   1.55536070  -2.14289499
  1.05463416   0.10261600  -1.03882045  -0.07130068   1.56253726   0.98762155   0.21614451   1.55539067  -2.14291170
  1.05461682   0.10260098  -1.03881786  -0.07130531   1.56256323   0.98764752   0.21611899   1.55542074  -2.14292844
  1.05459944   0.10258589  -1.03881524  -0.07130995   1.56258928   0.98767357   0.21609338   1.55545090  -2.14294521
  1.05458203   0.10257076  -1.03881260  -0.07131458   1.56261542   0.98769972   0.21606770   1.55548116  -2.14296201
  1.05456458   0.10255557  -1.03880993  -0.07131922   1.56264165   0.98772595   0.21604195   1.55551151  -2.14297883
  1.05454710   0.10254033  -1.03880725  -0.07132387   1.56266796   0.98775227   0.21601613   1.55554196  -2.14299569
  1.05452959   0.10252504  -1.03880454  -0.07132851   1.56269436   0.98777867   0.21599023   1.55557250  -2.14301257
  1.05451204   0.10250970  -1.03880181  -0.07133316   1.56272085   0.98780516   0.21596426   1.55560314  -2.14302948
  1.05449446   0.10249430  -1.03879905  -0.07133781   1.56274742   0.98783174   0.21593822   1.55563386  -2.14304642
  1.05447685   0.10247886  -1.03879627  -0.07134246   1.56277408   0.98785840   0.21591211   1.55566468  -2.14306338
  1.05445920   0.10246336  -1.03879347  -0.07134711   1.56280082   0.98788515   0.21588593   1.55569559  -2.14308037
  1.05444153   0.10244781  -1.03879064  -0.07135177   1.56282764   0.98791198   0.21585968   1.55572660  -2.14309738
  1.05442382   0.10243221  -1.03878779  -0.07135643   1.56285456   0.98793890   0.21583337   1.55575769  -2.14311442
  1.05440609   0.10241656  -1.03878491  -0.07136109   1.56288155   0.98796590   0.21580698   1.55578887  -2.14313148
  1.05438832   0.10240086  -1.03878201  -0.07136575   1.56290863   0.98799299   0.21578052   1.55582014  -2.14314856
  1.05437053   0.10238510  -1.03877909  -0.07137041   1.56293579   0.98802015   0.21575400   1.55585151  -2.14316567
