  0.67497651   0.19659271  -0.21709156   0.78176248   0.71672437   0.84869433   0.81675632   1.95753814  -2.12518188
  0.67497651   0.19659271  -0.21709156   0.78176248   0.71672437   0.84869433   0.81675632   1.95753814  -2.12518188
  0.67497651   0.19659271  -0.21709156   0.78176248   0.71672437   0.84869433   0.81675632   1.95753814  -2.12518188
  0.67497651   0.19659271  -0.21709156   0.78176248   0.71672437   0.84869433   0.81675632   1.95753814  -2.12518188
  0.67497651   0.19659271  -0.21709156   0.78176248   0.71672437   0.84869433   0.81675632   1.95753814  -2.12518188
  0.67497651   0.19659271  -0.21709156   0.78176248   0.71672437   0.84869433   0.81675632   1.95753814  -2.12518188
  0.67653154   0.19690690  -0.21606403   0.78151629   0.71764964   0.84774430   0.81668185   1.95691663  -2.12736214
  0.67653154   0.19690690  -0.21606403   0.78151629   0.71764964   0.84774430   0.81668185   1.95691663  -2.12736214
  0.67731039   0.19709060  -0.21569230   0.78158183   0.71801713   0.84730605   0.81610394   1.95699060  -2.12857545
  0.67756577   0.19712909  -0.21557679   0.78149697   0.71819131   0.84742127   0.81613505   1.95695808  -2.12848365
  0.67861368   0.19746386  -0.21521854   0.78108057   0.71866946   0.84690182   0.81568730   1.95689998  -2.13020243
  0.67861368   0.19746386  -0.21521854   0.78108057   0.71866946   0.84690182   0.81568730   1.95689998  -2.13020243
  0.67861368   0.19746386  -0.21521854   0.78108057   0.71866946   0.84690182   0.81568730   1.95689998  -2.13020243
  0.67977046   0.19781768  -0.21517909   0.78047968   0.71910704   0.84683943   0.81499511   1.95684067  -2.13151458
  0.67977046   0.19781768  -0.21517909   0.78047968   0.71910704   0.84683943   0.81499511   1.95684067  -2.13151458
  0.67977046   0.19781768  -0.21517909   0.78047968   0.71910704   0.84683943   0.81499511   1.95684067  -2.13151458
  0.68087282   0.19796812  -0.21513146   0.77987627   0.71956617   0.84684920   0.81427561   1.95667045  -2.13293618
  0.68087282   0.19796812  -0.21513146   0.77987627   0.71956617   0.84684920   0.81427561   1.95667045  -2.13293618
  0.68087282   0.19796812  -0.21513146   0.77987627   0.71956617   0.84684920   0.81427561   1.95667045  -2.13293618
  0.68213445   0.19813848  -0.21505670   0.77923264   0.72008631   0.84679945   0.81349922   1.95634863  -2.13457622
  0.68213445   0.19813848  -0.21505670   0.77923264   0.72008631   0.84679945   0.81349922   1.95634863  -2.13457622
  0.68213445   0.19813848  -0.21505670   0.77923264   0.72008631   0.84679945   0.81349922   1.95634863  -2.13457622
  0.68359559   0.19819609  -0.21450579   0.77867182   0.72086026   0.84628300   0.81275898   1.95603121  -2.13713557
  0.68386568   0.19830860  -0.21450352   0.77872521   0.72095457   0.84640769   0.81263946   1.95592701  -2.13689649
  0.68386568   0.19830860  -0.21450352   0.77872521   0.72095457   0.84640769   0.81263946   1.95592701  -2.13689649
  0.68386568   0.19830860  -0.21450352   0.77872521   0.72095457   0.84640769   0.81263946   1.95592701  -2.13689649
  0.68475584   0.19837094  -0.21494750   0.77766976   0.72120595   0.84685726   0.81184638   1.95578988  -2.13813260
  0.68475584   0.19837094  -0.21494750   0.77766976   0.72120595   0.84685726   0.81184638   1.95578988  -2.13813260
  0.68568164   0.19834160  -0.21527144   0.77706164   0.72147822   0.84722022   0.81092379   1.95539987  -2.13921574
  0.68568164   0.19834160  -0.21527144   0.77706164   0.72147822   0.84722022   0.81092379   1.95539987  -2.13921574
  0.68669415   0.19815257  -0.21510986   0.77663682   0.72196572   0.84711412   0.81001701   1.95511296  -2.14114604
  0.68669415   0.19815257  -0.21510986   0.77663682   0.72196572   0.84711412   0.81001701   1.95511296  -2.14114604
  0.68698123   0.19820614  -0.21501099   0.77650562   0.72214409   0.84722759   0.81006203   1.95502414  -2.14108832
  0.68816778   0.19829900  -0.21481084   0.77598099   0.72265685   0.84691834   0.80929646   1.95465671  -2.14311104
  0.68816778   0.19829900  -0.21481084   0.77598099   0.72265685   0.84691834   0.80929646   1.95465671  -2.14311104
  0.68816778   0.19829900  -0.21481084   0.77598099   0.72265685   0.84691834   0.80929646   1.95465671  -2.14311104
  0.68846451   0.19836358  -0.21472541   0.77588935   0.72282357   0.84702179   0.80928538   1.95457403  -2.14305960
  0.68986859   0.19854678  -0.21459506   0.77529968   0.72336987   0.84672362   0.80822794   1.95427466  -2.14533342
  0.68986859   0.19854678  -0.21459506   0.77529968   0.72336987   0.84672362   0.80822794   1.95427466  -2.14533342
  0.68986859   0.19854678  -0.21459506   0.77529968   0.72336987   0.84672362   0.80822794   1.95427466  -2.14533342
  0.69010440   0.19855014  -0.21448645   0.77509530   0.72355396   0.84686127   0.80832538   1.95424047  -2.14532061
  0.69136428   0.19863285  -0.21442243   0.77418633   0.72408863   0.84672713   0.80750381   1.95399619  -2.14755592
  0.69155572   0.19880611  -0.21453759   0.77432111   0.72405668   0.84674027   0.80729120   1.95383439  -2.14739146
  0.69155572   0.19880611  -0.21453759   0.77432111   0.72405668   0.84674027   0.80729120   1.95383439  -2.14739146
  0.69155572   0.19880611  -0.21453759   0.77432111   0.72405668   0.84674027   0.80729120   1.95383439  -2.14739146
  0.69282192   0.19869485  -0.21492857   0.77318648   0.72449526   0.84725964   0.80606947   1.95357235  -2.14924626
  0.69282192   0.19869485  -0.21492857   0.77318648   0.72449526   0.84725964   0.80606947   1.95357235  -2.14924626
  0.69282192   0.19869485  -0.21492857   0.77318648   0.72449526   0.84725964   0.80606947   1.95357235  -2.14924626
  0.69414921   0.19860197  -0.21516310   0.77230861   0.72497733   0.84759669   0.80494415   1.95303072  -2.15103934
  0.69414921   0.19860197  -0.21516310   0.77230861   0.72497733   0.84759669   0.80494415   1.95303072  -2.15103934
  0.69414921   0.19860197  -0.21516310   0.77230861   0.72497733   0.84759669   0.80494415   1.95303072  -2.15103934
  0.69538794   0.19846216  -0.21540378   0.77141526   0.72543805   0.84797259   0.80385505   1.95256791  -2.15278340
  0.69538794   0.19846216  -0.21540378   0.77141526   0.72543805   0.84797259   0.80385505   1.95256791  -2.15278340
  0.69538794   0.19846216  -0.21540378   0.77141526   0.72543805   0.84797259   0.80385505   1.95256791  -2.15278340
  0.69661776   0.19834666  -0.21559208   0.77056947   0.72590511   0.84828852   0.80281551   1.95211480  -2.15451153
  0.69661776   0.19834666  -0.21559208   0.77056947   0.72590511   0.84828852   0.80281551   1.95211480  -2.15451153
  0.69661776   0.19834666  -0.21559208   0.77056947   0.72590511   0.84828852   0.80281551   1.95211480  -2.15451153
  0.69798061   0.19832687  -0.21569099   0.76973973   0.72642944   0.84846775   0.80179742   1.95159881  -2.15637793
  0.69798061   0.19832687  -0.21569099   0.76973973   0.72642944   0.84846775   0.80179742   1.95159881  -2.15637793
  0.69798061   0.19832687  -0.21569099   0.76973973   0.72642944   0.84846775   0.80179742   1.95159881  -2.15637793
  0.69919526   0.19824380  -0.21587596   0.76890499   0.72688288   0.84877305   0.80077950   1.95118807  -2.15805446
  0.69919526   0.19824380  -0.21587596   0.76890499   0.72688288   0.84877305   0.80077950   1.95118807  -2.15805446
  0.69919526   0.19824380  -0.21587596   0.76890499   0.72688288   0.84877305   0.80077950   1.95118807  -2.15805446
  0.70041051   0.19816828  -0.21602270   0.76809545   0.72734635   0.84903943   0.79979276   1.95077345  -2.15973892
  0.70041051   0.19816828  -0.21602270   0.76809545   0.72734635   0.84903943   0.79979276   1.95077345  -2.15973892
  0.70041051   0.19816828  -0.21602270   0.76809545   0.72734635   0.84903943   0.79979276   1.95077345  -2.15973892
  0.70177124   0.19818424  -0.21608192   0.76730027   0.72787133   0.84916944   0.79881471   1.95027958  -2.16158050
  0.70177124   0.19818424  -0.21608192   0.76730027   0.72787133   0.84916944   0.79881471   1.95027958  -2.16158050
  0.70177124   0.19818424  -0.21608192   0.76730027   0.72787133   0.84916944   0.79881471   1.95027958  -2.16158050
  0.70298531   0.19812984  -0.21623137   0.76648779   0.72832715   0.84943438   0.79783506   1.94988935  -2.16324081
  0.70298531   0.19812984  -0.21623137   0.76648779   0.72832715   0.84943438   0.79783506   1.94988935  -2.16324081
  0.70298531   0.19812984  -0.21623137   0.76648779   0.72832715   0.84943438   0.79783506   1.94988935  -2.16324081
  0.70419192   0.19807812  -0.21635292   0.76570333   0.72878660   0.84966995   0.79688025   1.94949400  -2.16489625
  0.70419192   0.19807812  -0.21635292   0.76570333   0.72878660   0.84966995   0.79688025   1.94949400  -2.16489625
  0.70419192   0.19807812  -0.21635292   0.76570333   0.72878660   0.84966995   0.79688025   1.94949400  -2.16489625
  0.70555203   0.19811644  -0.21638708   0.76492693   0.72931145   0.84977018   0.79593043   1.94901229  -2.16672056
  0.70555203   0.19811644  -0.21638708   0.76492693   0.72931145   0.84977018   0.79593043   1.94901229  -2.16672056
  0.70555203   0.19811644  -0.21638708   0.76492693   0.72931145   0.84977018   0.79593043   1.94901229  -2.16672056
  0.70702472   0.19815340  -0.21594450   0.76420696   0.73006165   0.84940001   0.79523155   1.94856493  -2.16917677
  0.70727838   0.19822497  -0.21593205   0.76433597   0.73014820   0.84952343   0.79503606   1.94849885  -2.16895390
  0.70727838   0.19822497  -0.21593205   0.76433597   0.73014820   0.84952343   0.79503606   1.94849885  -2.16895390
  0.70727838   0.19822497  -0.21593205   0.76433597   0.73014820   0.84952343   0.79503606   1.94849885  -2.16895390
  0.70881626   0.19848040  -0.21581889   0.76366045   0.73071978   0.84926012   0.79397412   1.94812211  -2.17121639
  0.70881626   0.19848040  -0.21581889   0.76366045   0.73071978   0.84926012   0.79397412   1.94812211  -2.17121639
  0.70894233   0.19836503  -0.21567786   0.76345447   0.73090540   0.84945008   0.79409621   1.94820070  -2.17120162
  0.70894233   0.19836503  -0.21567786   0.76345447   0.73090540   0.84945008   0.79409621   1.94820070  -2.17120162
  0.71004601   0.19841996  -0.21620111   0.76248008   0.73112893   0.84983170   0.79293046   1.94788335  -2.17281688
  0.71004601   0.19841996  -0.21620111   0.76248008   0.73112893   0.84983170   0.79293046   1.94788335  -2.17281688
  0.71004601   0.19841996  -0.21620111   0.76248008   0.73112893   0.84983170   0.79293046   1.94788335  -2.17281688
  0.71132335   0.19833887  -0.21634285   0.76164367   0.73160802   0.85011141   0.79191799   1.94743032  -2.17454685
  0.71132335   0.19833887  -0.21634285   0.76164367   0.73160802   0.85011141   0.79191799   1.94743032  -2.17454685
  0.71132335   0.19833887  -0.21634285   0.76164367   0.73160802   0.85011141   0.79191799   1.94743032  -2.17454685
  0.71267654   0.19833372  -0.21642761   0.76082837   0.73211391   0.85027960   0.79092808   1.94693231  -2.17636760
  0.71267654   0.19833372  -0.21642761   0.76082837   0.73211391   0.85027960   0.79092808   1.94693231  -2.17636760
  0.71267654   0.19833372  -0.21642761   0.76082837   0.73211391   0.85027960   0.79092808   1.94693231  -2.17636760
  0.71389096   0.19827390  -0.21657567   0.76001988   0.73255836   0.85054927   0.78995479   1.94653358  -2.17801041
  0.71389096   0.19827390  -0.21657567   0.76001988   0.73255836   0.85054927   0.78995479   1.94653358  -2.17801041
  0.71389096   0.19827390  -0.21657567   0.76001988   0.73255836   0.85054927   0.78995479   1.94653358  -2.17801041
  0.71510081   0.19822533  -0.21668505   0.75924083   0.73301086   0.85077633   0.78901471   1.94613718  -2.17965567
  0.71510081   0.19822533  -0.21668505   0.75924083   0.73301086   0.85077633   0.78901471   1.94613718  -2.17965567
  0.71510081   0.19822533  -0.21668505   0.75924083   0.73301086   0.85077633   0.78901471   1.94613718  -2.17965567
  0.71645757   0.19827172  -0.21670250   0.75847880   0.73352722   0.85086192   0.78808633   1.94566058  -2.18145715
  0.71645757   0.19827172  -0.21670250   0.75847880   0.73352722   0.85086192   0.78808633   1.94566058  -2.18145715
  0.71645757   0.19827172  -0.21670250   0.75847880   0.73352722   0.85086192   0.78808633   1.94566058  -2.18145715
  0.71766471   0.19825314  -0.21681364   0.75769223   0.73397201   0.85108906   0.78716995   1.94529112  -2.18305732
  0.71766471   0.19825314  -0.21681364   0.75769223   0.73397201   0.85108906   0.78716995   1.94529112  -2.18305732
  0.71766471   0.19825314  -0.21681364   0.75769223   0.73397201   0.85108906   0.78716995   1.94529112  -2.18305732
  0.71882546   0.19824639  -0.21693264   0.75694119   0.73439104   0.85131821   0.78629611   1.94492178  -2.18454982
  0.71882546   0.19824639  -0.21693264   0.75694119   0.73439104   0.85131821   0.78629611   1.94492178  -2.18454982
  0.71882546   0.19824639  -0.21693264   0.75694119   0.73439104   0.85131821   0.78629611   1.94492178  -2.18454982
  0.72033489   0.19819337  -0.21700476   0.75602000   0.73496060   0.85148215   0.78515029   1.94439126  -2.18672316
  0.72033489   0.19819337  -0.21700476   0.75602000   0.73496060   0.85148215   0.78515029   1.94439126  -2.18672316
  0.72033489   0.19819337  -0.21700476   0.75602000   0.73496060   0.85148215   0.78515029   1.94439126  -2.18672316
  0.72144787   0.19819629  -0.21707566   0.75535527   0.73537171   0.85166483   0.78433479   1.94403418  -2.18812774
  0.72144787   0.19819629  -0.21707566   0.75535527   0.73537171   0.85166483   0.78433479   1.94403418  -2.18812774
  0.72144787   0.19819629  -0.21707566   0.75535527   0.73537171   0.85166483   0.78433479   1.94403418  -2.18812774
  0.72255180   0.19821169  -0.21716366   0.75462174   0.73577737   0.85186478   0.78354661   1.94371962  -2.18954494
  0.72365932   0.19833273  -0.21689989   0.75424054   0.73626586   0.85158150   0.78305127   1.94316360  -2.19105659
  0.72365932   0.19833273  -0.21689989   0.75424054   0.73626586   0.85158150   0.78305127   1.94316360  -2.19105659
  0.72365932   0.19833273  -0.21689989   0.75424054   0.73626586   0.85158150   0.78305127   1.94316360  -2.19105659
  0.72365932   0.19833273  -0.21689989   0.75424054   0.73626586   0.85158150   0.78305127   1.94316360  -2.19105659
  0.72489781   0.19849823  -0.21647280   0.75368332   0.73689941   0.85127653   0.78261326   1.94287747  -2.19278183
  0.72489781   0.19849823  -0.21647280   0.75368332   0.73689941   0.85127653   0.78261326   1.94287747  -2.19278183
  0.72489781   0.19849823  -0.21647280   0.75368332   0.73689941   0.85127653   0.78261326   1.94287747  -2.19278183
  0.72591711   0.19853090  -0.21683650   0.75292768   0.73715574   0.85175151   0.78152809   1.94285473  -2.19393500
  0.72591711   0.19853090  -0.21683650   0.75292768   0.73715574   0.85175151   0.78152809   1.94285473  -2.19393500
  0.72680526   0.19846684  -0.21704455   0.75227013   0.73741871   0.85193796   0.78071012   1.94250850  -2.19532886
  0.72680526   0.19846684  -0.21704455   0.75227013   0.73741871   0.85193796   0.78071012   1.94250850  -2.19532886
  0.72680526   0.19846684  -0.21704455   0.75227013   0.73741871   0.85193796   0.78071012   1.94250850  -2.19532886
  0.72836438   0.19858575  -0.21650186   0.75188824   0.73817835   0.85144592   0.77988206   1.94200184  -2.19763327
  0.72836438   0.19858575  -0.21650186   0.75188824   0.73817835   0.85144592   0.77988206   1.94200184  -2.19763327
  0.72836438   0.19858575  -0.21650186   0.75188824   0.73817835   0.85144592   0.77988206   1.94200184  -2.19763327
  0.72943926   0.19868605  -0.21673432   0.75102940   0.73851672   0.85184398   0.77915327   1.94178716  -2.19868657
  0.72943926   0.19868605  -0.21673432   0.75102940   0.73851672   0.85184398   0.77915327   1.94178716  -2.19868657
  0.72943926   0.19868605  -0.21673432   0.75102940   0.73851672   0.85184398   0.77915327   1.94178716  -2.19868657
  0.73091547   0.19886477  -0.21624857   0.75043120   0.73923685   0.85138304   0.77856890   1.94128764  -2.20089531
  0.73091547   0.19886477  -0.21624857   0.75043120   0.73923685   0.85138304   0.77856890   1.94128764  -2.20089531
  0.73091547   0.19886477  -0.21624857   0.75043120   0.73923685   0.85138304   0.77856890   1.94128764  -2.20089531
  0.73091547   0.19886477  -0.21624857   0.75043120   0.73923685   0.85138304   0.77856890   1.94128764  -2.20089531
  0.73229891   0.19900041  -0.21639422   0.74965616   0.73968045   0.85160755   0.77739722   1.94114340  -2.20257806
  0.73229891   0.19900041  -0.21639422   0.74965616   0.73968045   0.85160755   0.77739722   1.94114340  -2.20257806
  0.73229891   0.19900041  -0.21639422   0.74965616   0.73968045   0.85160755   0.77739722   1.94114340  -2.20257806
  0.73353146   0.19900700  -0.21642992   0.74890347   0.74014197   0.85175584   0.77652066   1.94079030  -2.20422342
  0.73353146   0.19900700  -0.21642992   0.74890347   0.74014197   0.85175584   0.77652066   1.94079030  -2.20422342
  0.73353146   0.19900700  -0.21642992   0.74890347   0.74014197   0.85175584   0.77652066   1.94079030  -2.20422342
  0.73485079   0.19908685  -0.21640431   0.74818817   0.74063751   0.85179953   0.77566771   1.94036271  -2.20593055
  0.73485079   0.19908685  -0.21640431   0.74818817   0.74063751   0.85179953   0.77566771   1.94036271  -2.20593055
  0.73485079   0.19908685  -0.21640431   0.74818817   0.74063751   0.85179953   0.77566771   1.94036271  -2.20593055
  0.73603197   0.19911826  -0.21646202   0.74745381   0.74106591   0.85197034   0.77484599   1.94002907  -2.20742561
  0.73603197   0.19911826  -0.21646202   0.74745381   0.74106591   0.85197034   0.77484599   1.94002907  -2.20742561
  0.73603197   0.19911826  -0.21646202   0.74745381   0.74106591   0.85197034   0.77484599   1.94002907  -2.20742561
  0.73754681   0.19933378  -0.21593386   0.74682737   0.74181774   0.85150136   0.77437215   1.93946738  -2.20955492
  0.73754681   0.19933378  -0.21593386   0.74682737   0.74181774   0.85150136   0.77437215   1.93946738  -2.20955492
  0.73774139   0.19928012  -0.21582839   0.74695451   0.74194739   0.85160527   0.77417003   1.93952038  -2.20951113
  0.73774139   0.19928012  -0.21582839   0.74695451   0.74194739   0.85160527   0.77417003   1.93952038  -2.20951113
  0.73881136   0.19948581  -0.21610628   0.74629649   0.74216911   0.85168970   0.77314717   1.93934456  -2.21100572
  0.73881136   0.19948581  -0.21610628   0.74629649   0.74216911   0.85168970   0.77314717   1.93934456  -2.21100572
  0.74016317   0.19957389  -0.21577062   0.74569036   0.74279522   0.85141195   0.77248345   1.93888824  -2.21301836
  0.74016317   0.19957389  -0.21577062   0.74569036   0.74279522   0.85141195   0.77248345   1.93888824  -2.21301836
  0.74016317   0.19957389  -0.21577062   0.74569036   0.74279522   0.85141195   0.77248345   1.93888824  -2.21301836
  0.74016317   0.19957389  -0.21577062   0.74569036   0.74279522   0.85141195   0.77248345   1.93888824  -2.21301836
  0.74141615   0.19961653  -0.21571377   0.74478365   0.74331579   0.85152111   0.77170905   1.93874263  -2.21481550
  0.74141615   0.19961653  -0.21571377   0.74478365   0.74331579   0.85152111   0.77170905   1.93874263  -2.21481550
  0.74173735   0.19970518  -0.21564563   0.74483896   0.74344909   0.85159123   0.77157468   1.93863843  -2.21472012
  0.74173735   0.19970518  -0.21564563   0.74483896   0.74344909   0.85159123   0.77157468   1.93863843  -2.21472012
  0.74317887   0.19975214  -0.21584828   0.74378640   0.74389313   0.85174861   0.77044348   1.93823738  -2.21690285
  0.74317887   0.19975214  -0.21584828   0.74378640   0.74389313   0.85174861   0.77044348   1.93823738  -2.21690285
  0.74317887   0.19975214  -0.21584828   0.74378640   0.74389313   0.85174861   0.77044348   1.93823738  -2.21690285
  0.74426372   0.19976768  -0.21591412   0.74316543   0.74427106   0.85193101   0.76966246   1.93789983  -2.21819622
  0.74426372   0.19976768  -0.21591412   0.74316543   0.74427106   0.85193101   0.76966246   1.93789983  -2.21819622
  0.74546909   0.19985870  -0.21583694   0.74277287   0.74469880   0.85183235   0.76878376   1.93743234  -2.21974927
  0.74542775   0.19971069  -0.21573521   0.74253138   0.74480087   0.85192656   0.76897246   1.93753715  -2.21988139
  0.74542775   0.19971069  -0.21573521   0.74253138   0.74480087   0.85192656   0.76897246   1.93753715  -2.21988139
  0.74678593   0.19988478  -0.21539611   0.74207062   0.74539152   0.85157088   0.76824022   1.93711228  -2.22182288
  0.74678593   0.19988478  -0.21539611   0.74207062   0.74539152   0.85157088   0.76824022   1.93711228  -2.22182288
  0.74678593   0.19988478  -0.21539611   0.74207062   0.74539152   0.85157088   0.76824022   1.93711228  -2.22182288
  0.74678593   0.19988478  -0.21539611   0.74207062   0.74539152   0.85157088   0.76824022   1.93711228  -2.22182288
  0.74835100   0.20018180  -0.21502628   0.74139826   0.74606930   0.85120901   0.76750765   1.93676512  -2.22395203
  0.74835100   0.20018180  -0.21502628   0.74139826   0.74606930   0.85120901   0.76750765   1.93676512  -2.22395203
  0.74860694   0.20020830  -0.21494224   0.74141352   0.74620922   0.85132852   0.76742118   1.93673721  -2.22383504
  0.74860694   0.20020830  -0.21494224   0.74141352   0.74620922   0.85132852   0.76742118   1.93673721  -2.22383504
  0.74860694   0.20020830  -0.21494224   0.74141352   0.74620922   0.85132852   0.76742118   1.93673721  -2.22383504
  0.74981189   0.20047060  -0.21520310   0.74046377   0.74649972   0.85145708   0.76651828   1.93659389  -2.22547024
  0.74981189   0.20047060  -0.21520310   0.74046377   0.74649972   0.85145708   0.76651828   1.93659389  -2.22547024
  0.75107306   0.20054827  -0.21472592   0.73993975   0.74715920   0.85110200   0.76606482   1.93616024  -2.22734393
  0.75107306   0.20054827  -0.21472592   0.73993975   0.74715920   0.85110200   0.76606482   1.93616024  -2.22734393
  0.75132692   0.20059160  -0.21466547   0.74006472   0.74726324   0.85116544   0.76586530   1.93611818  -2.22726811
  0.75132692   0.20059160  -0.21466547   0.74006472   0.74726324   0.85116544   0.76586530   1.93611818  -2.22726811
  0.75277235   0.20091357  -0.21431104   0.73949353   0.74786539   0.85069565   0.76519670   1.93571585  -2.22934969
  0.75277235   0.20091357  -0.21431104   0.73949353   0.74786539   0.85069565   0.76519670   1.93571585  -2.22934969
  0.75277235   0.20091357  -0.21431104   0.73949353   0.74786539   0.85069565   0.76519670   1.93571585  -2.22934969
  0.75277235   0.20091357  -0.21431104   0.73949353   0.74786539   0.85069565   0.76519670   1.93571585  -2.22934969
  0.75388481   0.20099328  -0.21453997   0.73869047   0.74817815   0.85103811   0.76419817   1.93573856  -2.23070419
  0.75435183   0.20105009  -0.21437376   0.73827953   0.74845557   0.85105634   0.76431436   1.93553951  -2.23111606
  0.75518673   0.20099420  -0.21454243   0.73788048   0.74865470   0.85110506   0.76335683   1.93525887  -2.23253694
  0.75518673   0.20099420  -0.21454243   0.73788048   0.74865470   0.85110506   0.76335683   1.93525887  -2.23253694
  0.75518673   0.20099420  -0.21454243   0.73788048   0.74865470   0.85110506   0.76335683   1.93525887  -2.23253694
  0.75622998   0.20104249  -0.21461110   0.73728264   0.74900165   0.85128341   0.76262407   1.93497219  -2.23372073
  0.75622998   0.20104249  -0.21461110   0.73728264   0.74900165   0.85128341   0.76262407   1.93497219  -2.23372073
  0.75734572   0.20096461  -0.21467818   0.73656507   0.74938982   0.85141705   0.76177674   1.93456146  -2.23536893
  0.75734572   0.20096461  -0.21467818   0.73656507   0.74938982   0.85141705   0.76177674   1.93456146  -2.23536893
  0.75734572   0.20096461  -0.21467818   0.73656507   0.74938982   0.85141705   0.76177674   1.93456146  -2.23536893
  0.75839636   0.20105061  -0.21461708   0.73603751   0.74978529   0.85145568   0.76113705   1.93427902  -2.23661185
  0.75839636   0.20105061  -0.21461708   0.73603751   0.74978529   0.85145568   0.76113705   1.93427902  -2.23661185
  0.75910845   0.20104171  -0.21471066   0.73552387   0.75001405   0.85163057   0.76060832   1.93410069  -2.23751767
  0.76001291   0.20121721  -0.21441370   0.73536170   0.75043507   0.85145872   0.76033666   1.93369440  -2.23826777
  0.75973457   0.20117743  -0.21453654   0.73524660   0.75027093   0.85129267   0.76040368   1.93372697  -2.23860949
  0.76092660   0.20126792  -0.21410720   0.73488488   0.75086835   0.85100470   0.75980560   1.93346995  -2.24026751
  0.76092660   0.20126792  -0.21410720   0.73488488   0.75086835   0.85100470   0.75980560   1.93346995  -2.24026751
  0.76092660   0.20126792  -0.21410720   0.73488488   0.75086835   0.85100470   0.75980560   1.93346995  -2.24026751
  0.76110786   0.20124691  -0.21399885   0.73490555   0.75100052   0.85109769   0.75975058   1.93348539  -2.24020338
  0.76239829   0.20158263  -0.21361826   0.73426848   0.75158491   0.85071410   0.75939763   1.93315478  -2.24189705
  0.76239829   0.20158263  -0.21361826   0.73426848   0.75158491   0.85071410   0.75939763   1.93315478  -2.24189705
  0.76239829   0.20158263  -0.21361826   0.73426848   0.75158491   0.85071410   0.75939763   1.93315478  -2.24189705
  0.76342498   0.20173075  -0.21334910   0.73412216   0.75199484   0.85033756   0.75849569   1.93311341  -2.24361117
  0.76342498   0.20173075  -0.21334910   0.73412216   0.75199484   0.85033756   0.75849569   1.93311341  -2.24361117
  0.76374508   0.20177740  -0.21322142   0.73401412   0.75219243   0.85048400   0.75853340   1.93305993  -2.24348274
  0.76374508   0.20177740  -0.21322142   0.73401412   0.75219243   0.85048400   0.75853340   1.93305993  -2.24348274
  0.76520065   0.20213567  -0.21280990   0.73331334   0.75282681   0.84995614   0.75796606   1.93275033  -2.24570951
  0.76520065   0.20213567  -0.21280990   0.73331334   0.75282681   0.84995614   0.75796606   1.93275033  -2.24570951
  0.76520065   0.20213567  -0.21280990   0.73331334   0.75282681   0.84995614   0.75796606   1.93275033  -2.24570951
  0.76550253   0.20222241  -0.21274324   0.73337477   0.75294805   0.85001101   0.75782203   1.93267595  -2.24563856
  0.76550253   0.20222241  -0.21274324   0.73337477   0.75294805   0.85001101   0.75782203   1.93267595  -2.24563856
  0.76667493   0.20248971  -0.21281571   0.73247573   0.75329697   0.84996976   0.75704424   1.93265983  -2.24742265
  0.76667493   0.20248971  -0.21281571   0.73247573   0.75329697   0.84996976   0.75704424   1.93265983  -2.24742265
  0.76777534   0.20257383  -0.21280989   0.73198625   0.75366571   0.85002441   0.75624981   1.93237102  -2.24872563
  0.76777534   0.20257383  -0.21280989   0.73198625   0.75366571   0.85002441   0.75624981   1.93237102  -2.24872563
  0.76777534   0.20257383  -0.21280989   0.73198625   0.75366571   0.85002441   0.75624981   1.93237102  -2.24872563
  0.76892647   0.20267477  -0.21270259   0.73137878   0.75411112   0.85000979   0.75558597   1.93209443  -2.25018767
  0.76892647   0.20267477  -0.21270259   0.73137878   0.75411112   0.85000979   0.75558597   1.93209443  -2.25018767
  0.76892647   0.20267477  -0.21270259   0.73137878   0.75411112   0.85000979   0.75558597   1.93209443  -2.25018767
  0.77038206   0.20279743  -0.21253170   0.73067677   0.75467529   0.84989077   0.75471857   1.93169170  -2.25216287
  0.77038206   0.20279743  -0.21253170   0.73067677   0.75467529   0.84989077   0.75471857   1.93169170  -2.25216287
  0.77038206   0.20279743  -0.21253170   0.73067677   0.75467529   0.84989077   0.75471857   1.93169170  -2.25216287
  0.77145273   0.20292051  -0.21241709   0.73016531   0.75508701   0.84986536   0.75411012   1.93144468  -2.25344181
  0.77145273   0.20292051  -0.21241709   0.73016531   0.75508701   0.84986536   0.75411012   1.93144468  -2.25344181
  0.77145273   0.20292051  -0.21241709   0.73016531   0.75508701   0.84986536   0.75411012   1.93144468  -2.25344181
  0.77249090   0.20306244  -0.21232195   0.72961015   0.75548092   0.84985535   0.75354453   1.93124600  -2.25468351
  0.77330862   0.20322992  -0.21204682   0.72944285   0.75585046   0.84960128   0.75326921   1.93087438  -2.25557240
  0.77330862   0.20322992  -0.21204682   0.72944285   0.75585046   0.84960128   0.75326921   1.93087438  -2.25557240
  0.77331154   0.20306570  -0.21190157   0.72928779   0.75597041   0.84958534   0.75329999   1.93100072  -2.25596628
  0.77417974   0.20331508  -0.21200178   0.72891642   0.75616451   0.84957453   0.75265467   1.93081745  -2.25688096
  0.77417974   0.20331508  -0.21200178   0.72891642   0.75616451   0.84957453   0.75265467   1.93081745  -2.25688096
  0.77417974   0.20331508  -0.21200178   0.72891642   0.75616451   0.84957453   0.75265467   1.93081745  -2.25688096
  0.77563527   0.20355965  -0.21123498   0.72851342   0.75697178   0.84885083   0.75231655   1.93029036  -2.25904242
  0.77563527   0.20355965  -0.21123498   0.72851342   0.75697178   0.84885083   0.75231655   1.93029036  -2.25904242
  0.77563527   0.20355965  -0.21123498   0.72851342   0.75697178   0.84885083   0.75231655   1.93029036  -2.25904242
  0.77563527   0.20355965  -0.21123498   0.72851342   0.75697178   0.84885083   0.75231655   1.93029036  -2.25904242
  0.77664356   0.20382986  -0.21062671   0.72843163   0.75753265   0.84823376   0.75201855   1.93006464  -2.26047607
  0.77664356   0.20382986  -0.21062671   0.72843163   0.75753265   0.84823376   0.75201855   1.93006464  -2.26047607
  0.77664356   0.20382986  -0.21062671   0.72843163   0.75753265   0.84823376   0.75201855   1.93006464  -2.26047607
  0.77664356   0.20382986  -0.21062671   0.72843163   0.75753265   0.84823376   0.75201855   1.93006464  -2.26047607
  0.77664356   0.20382986  -0.21062671   0.72843163   0.75753265   0.84823376   0.75201855   1.93006464  -2.26047607
  0.77664356   0.20382986  -0.21062671   0.72843163   0.75753265   0.84823376   0.75201855   1.93006464  -2.26047607
  0.77716601   0.20440268  -0.20931294   0.72923704   0.75817755   0.84689250   0.75259149   1.93002107  -2.26105200
  0.77716601   0.20440268  -0.20931294   0.72923704   0.75817755   0.84689250   0.75259149   1.93002107  -2.26105200
  0.77716601   0.20440268  -0.20931294   0.72923704   0.75817755   0.84689250   0.75259149   1.93002107  -2.26105200
  0.77716601   0.20440268  -0.20931294   0.72923704   0.75817755   0.84689250   0.75259149   1.93002107  -2.26105200
  0.77523372   0.20839508  -0.20277648   0.73491216   0.75966662   0.83941782   0.75896840   1.93292486  -2.25840692
  0.77523372   0.20839508  -0.20277648   0.73491216   0.75966662   0.83941782   0.75896840   1.93292486  -2.25840692
  0.77523372   0.20839508  -0.20277648   0.73491216   0.75966662   0.83941782   0.75896840   1.93292486  -2.25840692
  0.77523372   0.20839508  -0.20277648   0.73491216   0.75966662   0.83941782   0.75896840   1.93292486  -2.25840692
  0.77523372   0.20839508  -0.20277648   0.73491216   0.75966662   0.83941782   0.75896840   1.93292486  -2.25840692
  0.77337036   0.21185941  -0.19720992   0.73986995   0.76076724   0.83312001   0.76461063   1.93540266  -2.25569466
  0.77337036   0.21185941  -0.19720992   0.73986995   0.76076724   0.83312001   0.76461063   1.93540266  -2.25569466
  0.77337036   0.21185941  -0.19720992   0.73986995   0.76076724   0.83312001   0.76461063   1.93540266  -2.25569466
  0.77337036   0.21185941  -0.19720992   0.73986995   0.76076724   0.83312001   0.76461063   1.93540266  -2.25569466
  0.77337036   0.21185941  -0.19720992   0.73986995   0.76076724   0.83312001   0.76461063   1.93540266  -2.25569466
  0.77143435   0.21545266  -0.19145012   0.74497095   0.76182042   0.82669309   0.77034201   1.93814701  -2.25295231
  0.77143435   0.21545266  -0.19145012   0.74497095   0.76182042   0.82669309   0.77034201   1.93814701  -2.25295231
  0.77143435   0.21545266  -0.19145012   0.74497095   0.76182042   0.82669309   0.77034201   1.93814701  -2.25295231
  0.77143435   0.21545266  -0.19145012   0.74497095   0.76182042   0.82669309   0.77034201   1.93814701  -2.25295231
  0.77143435   0.21545266  -0.19145012   0.74497095   0.76182042   0.82669309   0.77034201   1.93814701  -2.25295231
  0.77143435   0.21545266  -0.19145012   0.74497095   0.76182042   0.82669309   0.77034201   1.93814701  -2.25295231
  0.77143435   0.21545266  -0.19145012   0.74497095   0.76182042   0.82669309   0.77034201   1.93814701  -2.25295231
  0.76904832   0.22034597  -0.18331689   0.75208828   0.76332731   0.81774186   0.77822579   1.94136325  -2.24949379
  0.76904832   0.22034597  -0.18331689   0.75208828   0.76332731   0.81774186   0.77822579   1.94136325  -2.24949379
  0.76904832   0.22034597  -0.18331689   0.75208828   0.76332731   0.81774186   0.77822579   1.94136325  -2.24949379
  0.76904832   0.22034597  -0.18331689   0.75208828   0.76332731   0.81774186   0.77822579   1.94136325  -2.24949379
  0.76746547   0.22384708  -0.17852096   0.75619990   0.76398894   0.81236921   0.78312139   1.94407515  -2.24702863
  0.76746547   0.22384708  -0.17852096   0.75619990   0.76398894   0.81236921   0.78312139   1.94407515  -2.24702863
  0.76746547   0.22384708  -0.17852096   0.75619990   0.76398894   0.81236921   0.78312139   1.94407515  -2.24702863
  0.76746547   0.22384708  -0.17852096   0.75619990   0.76398894   0.81236921   0.78312139   1.94407515  -2.24702863
  0.76746547   0.22384708  -0.17852096   0.75619990   0.76398894   0.81236921   0.78312139   1.94407515  -2.24702863
  0.76746547   0.22384708  -0.17852096   0.75619990   0.76398894   0.81236921   0.78312139   1.94407515  -2.24702863
  0.76746547   0.22384708  -0.17852096   0.75619990   0.76398894   0.81236921   0.78312139   1.94407515  -2.24702863
  0.76458159   0.22902821  -0.16979913   0.76401895   0.76524092   0.80314136   0.79163191   1.94767377  -2.24273099
  0.76458159   0.22902821  -0.16979913   0.76401895   0.76524092   0.80314136   0.79163191   1.94767377  -2.24273099
  0.76458159   0.22902821  -0.16979913   0.76401895   0.76524092   0.80314136   0.79163191   1.94767377  -2.24273099
  0.76458159   0.22902821  -0.16979913   0.76401895   0.76524092   0.80314136   0.79163191   1.94767377  -2.24273099
  0.76458159   0.22902821  -0.16979913   0.76401895   0.76524092   0.80314136   0.79163191   1.94767377  -2.24273099
  0.76458159   0.22902821  -0.16979913   0.76401895   0.76524092   0.80314136   0.79163191   1.94767377  -2.24273099
  0.76248373   0.23450106  -0.16162450   0.77080644   0.76640411   0.79446595   0.79951861   1.95128665  -2.23920909
  0.76248373   0.23450106  -0.16162450   0.77080644   0.76640411   0.79446595   0.79951861   1.95128665  -2.23920909
  0.76248373   0.23450106  -0.16162450   0.77080644   0.76640411   0.79446595   0.79951861   1.95128665  -2.23920909
  0.76248373   0.23450106  -0.16162450   0.77080644   0.76640411   0.79446595   0.79951861   1.95128665  -2.23920909
  0.76248373   0.23450106  -0.16162450   0.77080644   0.76640411   0.79446595   0.79951861   1.95128665  -2.23920909
  0.76248438   0.23488988  -0.15951215   0.77252792   0.76700913   0.79242508   0.80089637   1.95085546  -2.23954057
  0.76248438   0.23488988  -0.15951215   0.77252792   0.76700913   0.79242508   0.80089637   1.95085546  -2.23954057
  0.76248438   0.23488988  -0.15951215   0.77252792   0.76700913   0.79242508   0.80089637   1.95085546  -2.23954057
  0.76248438   0.23488988  -0.15951215   0.77252792   0.76700913   0.79242508   0.80089637   1.95085546  -2.23954057
  0.76248438   0.23488988  -0.15951215   0.77252792   0.76700913   0.79242508   0.80089637   1.95085546  -2.23954057
  0.76248438   0.23488988  -0.15951215   0.77252792   0.76700913   0.79242508   0.80089637   1.95085546  -2.23954057
  0.76248438   0.23488988  -0.15951215   0.77252792   0.76700913   0.79242508   0.80089637   1.95085546  -2.23954057
  0.75832857   0.24347316  -0.14728418   0.78310381   0.76806767   0.77972284   0.81347791   1.95693011  -2.23245544
  0.75832857   0.24347316  -0.14728418   0.78310381   0.76806767   0.77972284   0.81347791   1.95693011  -2.23245544
  0.75832857   0.24347316  -0.14728418   0.78310381   0.76806767   0.77972284   0.81347791   1.95693011  -2.23245544
  0.75832857   0.24347316  -0.14728418   0.78310381   0.76806767   0.77972284   0.81347791   1.95693011  -2.23245544
  0.75832857   0.24347316  -0.14728418   0.78310381   0.76806767   0.77972284   0.81347791   1.95693011  -2.23245544
  0.75832857   0.24347316  -0.14728418   0.78310381   0.76806767   0.77972284   0.81347791   1.95693011  -2.23245544
  0.75640623   0.24811088  -0.14013506   0.78906962   0.76875014   0.77253387   0.82041473   1.95971399  -2.22912978
  0.75640623   0.24811088  -0.14013506   0.78906962   0.76875014   0.77253387   0.82041473   1.95971399  -2.22912978
  0.75640623   0.24811088  -0.14013506   0.78906962   0.76875014   0.77253387   0.82041473   1.95971399  -2.22912978
  0.75640623   0.24811088  -0.14013506   0.78906962   0.76875014   0.77253387   0.82041473   1.95971399  -2.22912978
  0.75640623   0.24811088  -0.14013506   0.78906962   0.76875014   0.77253387   0.82041473   1.95971399  -2.22912978
  0.75472898   0.25227920  -0.13365931   0.79446646   0.76930137   0.76611075   0.82653191   1.96229866  -2.22627732
  0.75472898   0.25227920  -0.13365931   0.79446646   0.76930137   0.76611075   0.82653191   1.96229866  -2.22627732
  0.75472898   0.25227920  -0.13365931   0.79446646   0.76930137   0.76611075   0.82653191   1.96229866  -2.22627732
  0.75472898   0.25227920  -0.13365931   0.79446646   0.76930137   0.76611075   0.82653191   1.96229866  -2.22627732
  0.75472898   0.25227920  -0.13365931   0.79446646   0.76930137   0.76611075   0.82653191   1.96229866  -2.22627732
  0.75472898   0.25227920  -0.13365931   0.79446646   0.76930137   0.76611075   0.82653191   1.96229866  -2.22627732
  0.75472898   0.25227920  -0.13365931   0.79446646   0.76930137   0.76611075   0.82653191   1.96229866  -2.22627732
  0.75221160   0.25817714  -0.12467585   0.80201103   0.76986692   0.75731491   0.83520634   1.96589509  -2.22191822
  0.75221160   0.25817714  -0.12467585   0.80201103   0.76986692   0.75731491   0.83520634   1.96589509  -2.22191822
  0.75221160   0.25817714  -0.12467585   0.80201103   0.76986692   0.75731491   0.83520634   1.96589509  -2.22191822
  0.75221160   0.25817714  -0.12467585   0.80201103   0.76986692   0.75731491   0.83520634   1.96589509  -2.22191822
  0.75221160   0.25817714  -0.12467585   0.80201103   0.76986692   0.75731491   0.83520634   1.96589509  -2.22191822
  0.75221160   0.25817714  -0.12467585   0.80201103   0.76986692   0.75731491   0.83520634   1.96589509  -2.22191822
  0.75036896   0.26268049  -0.11737741   0.80801598   0.77034354   0.75038828   0.84216330   1.96828811  -2.21862635
  0.75036896   0.26268049  -0.11737741   0.80801598   0.77034354   0.75038828   0.84216330   1.96828811  -2.21862635
  0.75036896   0.26268049  -0.11737741   0.80801598   0.77034354   0.75038828   0.84216330   1.96828811  -2.21862635
  0.75036896   0.26268049  -0.11737741   0.80801598   0.77034354   0.75038828   0.84216330   1.96828811  -2.21862635
  0.75036896   0.26268049  -0.11737741   0.80801598   0.77034354   0.75038828   0.84216330   1.96828811  -2.21862635
  0.75036896   0.26268049  -0.11737741   0.80801598   0.77034354   0.75038828   0.84216330   1.96828811  -2.21862635
  0.74833699   0.26806559  -0.10946949   0.81454714   0.77065840   0.74287628   0.84970520   1.97144379  -2.21478293
  0.74833699   0.26806559  -0.10946949   0.81454714   0.77065840   0.74287628   0.84970520   1.97144379  -2.21478293
  0.74833699   0.26806559  -0.10946949   0.81454714   0.77065840   0.74287628   0.84970520   1.97144379  -2.21478293
  0.74833699   0.26806559  -0.10946949   0.81454714   0.77065840   0.74287628   0.84970520   1.97144379  -2.21478293
  0.74833699   0.26806559  -0.10946949   0.81454714   0.77065840   0.74287628   0.84970520   1.97144379  -2.21478293
  0.74713488   0.27103145  -0.10436795   0.81872042   0.77092199   0.73819800   0.85452892   1.97269115  -2.21257458
  0.74713488   0.27103145  -0.10436795   0.81872042   0.77092199   0.73819800   0.85452892   1.97269115  -2.21257458
  0.74713488   0.27103145  -0.10436795   0.81872042   0.77092199   0.73819800   0.85452892   1.97269115  -2.21257458
  0.74713488   0.27103145  -0.10436795   0.81872042   0.77092199   0.73819800   0.85452892   1.97269115  -2.21257458
  0.74713488   0.27103145  -0.10436795   0.81872042   0.77092199   0.73819800   0.85452892   1.97269115  -2.21257458
  0.74713488   0.27103145  -0.10436795   0.81872042   0.77092199   0.73819800   0.85452892   1.97269115  -2.21257458
  0.74493789   0.27586344  -0.09679868   0.82507627   0.77100231   0.73126838   0.86185792   1.97528876  -2.20865141
  0.74493789   0.27586344  -0.09679868   0.82507627   0.77100231   0.73126838   0.86185792   1.97528876  -2.20865141
  0.74493789   0.27586344  -0.09679868   0.82507627   0.77100231   0.73126838   0.86185792   1.97528876  -2.20865141
  0.74493789   0.27586344  -0.09679868   0.82507627   0.77100231   0.73126838   0.86185792   1.97528876  -2.20865141
  0.74493789   0.27586344  -0.09679868   0.82507627   0.77100231   0.73126838   0.86185792   1.97528876  -2.20865141
  0.74335187   0.28110339  -0.08950989   0.83088163   0.77111743   0.72456825   0.86865273   1.97829085  -2.20529227
  0.74335187   0.28110339  -0.08950989   0.83088163   0.77111743   0.72456825   0.86865273   1.97829085  -2.20529227
  0.74335187   0.28110339  -0.08950989   0.83088163   0.77111743   0.72456825   0.86865273   1.97829085  -2.20529227
  0.74335187   0.28110339  -0.08950989   0.83088163   0.77111743   0.72456825   0.86865273   1.97829085  -2.20529227
  0.74335187   0.28110339  -0.08950989   0.83088163   0.77111743   0.72456825   0.86865273   1.97829085  -2.20529227
  0.74335187   0.28110339  -0.08950989   0.83088163   0.77111743   0.72456825   0.86865273   1.97829085  -2.20529227
  0.74150930   0.28504290  -0.08256999   0.83665260   0.77117808   0.71850608   0.87527330   1.97985027  -2.20194846
  0.74150930   0.28504290  -0.08256999   0.83665260   0.77117808   0.71850608   0.87527330   1.97985027  -2.20194846
  0.74150930   0.28504290  -0.08256999   0.83665260   0.77117808   0.71850608   0.87527330   1.97985027  -2.20194846
  0.74150930   0.28504290  -0.08256999   0.83665260   0.77117808   0.71850608   0.87527330   1.97985027  -2.20194846
  0.74071736   0.28882804  -0.07777361   0.84021548   0.77122952   0.71419854   0.87962905   1.98221284  -2.19993110
  0.74071736   0.28882804  -0.07777361   0.84021548   0.77122952   0.71419854   0.87962905   1.98221284  -2.19993110
  0.74071736   0.28882804  -0.07777361   0.84021548   0.77122952   0.71419854   0.87962905   1.98221284  -2.19993110
  0.74071736   0.28882804  -0.07777361   0.84021548   0.77122952   0.71419854   0.87962905   1.98221284  -2.19993110
  0.74071736   0.28882804  -0.07777361   0.84021548   0.77122952   0.71419854   0.87962905   1.98221284  -2.19993110
  0.74071736   0.28882804  -0.07777361   0.84021548   0.77122952   0.71419854   0.87962905   1.98221284  -2.19993110
  0.74071736   0.28882804  -0.07777361   0.84021548   0.77122952   0.71419854   0.87962905   1.98221284  -2.19993110
  0.74071736   0.28882804  -0.07777361   0.84021548   0.77122952   0.71419854   0.87962905   1.98221284  -2.19993110
  0.73774017   0.29597301  -0.06709085   0.84910230   0.77086995   0.70487452   0.88993387   1.98571295  -2.19417616
  0.73774017   0.29597301  -0.06709085   0.84910230   0.77086995   0.70487452   0.88993387   1.98571295  -2.19417616
  0.73774017   0.29597301  -0.06709085   0.84910230   0.77086995   0.70487452   0.88993387   1.98571295  -2.19417616
  0.73774017   0.29597301  -0.06709085   0.84910230   0.77086995   0.70487452   0.88993387   1.98571295  -2.19417616
  0.73774017   0.29597301  -0.06709085   0.84910230   0.77086995   0.70487452   0.88993387   1.98571295  -2.19417616
  0.73774017   0.29597301  -0.06709085   0.84910230   0.77086995   0.70487452   0.88993387   1.98571295  -2.19417616
  0.73774017   0.29597301  -0.06709085   0.84910230   0.77086995   0.70487452   0.88993387   1.98571295  -2.19417616
  0.73578365   0.29898371  -0.06178261   0.85384962   0.77045247   0.70038089   0.89525517   1.98676728  -2.19091387
  0.73578365   0.29898371  -0.06178261   0.85384962   0.77045247   0.70038089   0.89525517   1.98676728  -2.19091387
  0.73578365   0.29898371  -0.06178261   0.85384962   0.77045247   0.70038089   0.89525517   1.98676728  -2.19091387
  0.73453367   0.29910690  -0.06219851   0.85404690   0.76983913   0.70091756   0.89563275   1.98746950  -2.18908635
  0.73453367   0.29910690  -0.06219851   0.85404690   0.76983913   0.70091756   0.89563275   1.98746950  -2.18908635
  0.73453367   0.29910690  -0.06219851   0.85404690   0.76983913   0.70091756   0.89563275   1.98746950  -2.18908635
  0.73453367   0.29910690  -0.06219851   0.85404690   0.76983913   0.70091756   0.89563275   1.98746950  -2.18908635
  0.73453367   0.29910690  -0.06219851   0.85404690   0.76983913   0.70091756   0.89563275   1.98746950  -2.18908635
  0.73333031   0.29913833  -0.06189226   0.85475528   0.76935274   0.70073693   0.89662028   1.98746953  -2.18762248
  0.73333031   0.29913833  -0.06189226   0.85475528   0.76935274   0.70073693   0.89662028   1.98746953  -2.18762248
  0.73333031   0.29913833  -0.06189226   0.85475528   0.76935274   0.70073693   0.89662028   1.98746953  -2.18762248
  0.73196492   0.29901262  -0.06229763   0.85521063   0.76867957   0.70118978   0.89690749   1.98790349  -2.18586018
  0.73196492   0.29901262  -0.06229763   0.85521063   0.76867957   0.70118978   0.89690749   1.98790349  -2.18586018
  0.73196492   0.29901262  -0.06229763   0.85521063   0.76867957   0.70118978   0.89690749   1.98790349  -2.18586018
  0.73099785   0.29910273  -0.06187015   0.85568687   0.76835760   0.70098839   0.89800811   1.98790109  -2.18464559
  0.72972367   0.29905678  -0.06204928   0.85606426   0.76779427   0.70132738   0.89848992   1.98846547  -2.18304908
  0.72985549   0.29926638  -0.06212644   0.85615360   0.76775750   0.70125338   0.89841782   1.98828548  -2.18293860
  0.72985549   0.29926638  -0.06212644   0.85615360   0.76775750   0.70125338   0.89841782   1.98828548  -2.18293860
  0.72916212   0.29932310  -0.06172739   0.85665447   0.76752918   0.70103280   0.89913505   1.98839550  -2.18211425
  0.72916212   0.29932310  -0.06172739   0.85665447   0.76752918   0.70103280   0.89913505   1.98839550  -2.18211425
  0.72916212   0.29932310  -0.06172739   0.85665447   0.76752918   0.70103280   0.89913505   1.98839550  -2.18211425
  0.72780678   0.29939945  -0.06172907   0.85726996   0.76692333   0.70119564   0.89990780   1.98870709  -2.18021746
  0.72780678   0.29939945  -0.06172907   0.85726996   0.76692333   0.70119564   0.89990780   1.98870709  -2.18021746
  0.72780678   0.29939945  -0.06172907   0.85726996   0.76692333   0.70119564   0.89990780   1.98870709  -2.18021746
  0.72684346   0.29938126  -0.06168660   0.85772463   0.76649562   0.70120306   0.90045259   1.98888033  -2.17910564
  0.72590421   0.29942181  -0.06201303   0.85805605   0.76600571   0.70158269   0.90066818   1.98918832  -2.17762193
  0.72590421   0.29942181  -0.06201303   0.85805605   0.76600571   0.70158269   0.90066818   1.98918832  -2.17762193
  0.72590421   0.29942181  -0.06201303   0.85805605   0.76600571   0.70158269   0.90066818   1.98918832  -2.17762193
  0.72560968   0.29937197  -0.06209194   0.85793452   0.76586410   0.70152741   0.90085974   1.98923086  -2.17767749
  0.72489166   0.29929116  -0.06190611   0.85840027   0.76563068   0.70166041   0.90142157   1.98923065  -2.17644169
  0.72489166   0.29929116  -0.06190611   0.85840027   0.76563068   0.70166041   0.90142157   1.98923065  -2.17644169
  0.72361107   0.29932823  -0.06241182   0.85867529   0.76498499   0.70228087   0.90186219   1.98946776  -2.17431079
  0.72335862   0.29922756  -0.06242795   0.85864906   0.76486566   0.70215188   0.90195808   1.98955424  -2.17452897
  0.72335862   0.29922756  -0.06242795   0.85864906   0.76486566   0.70215188   0.90195808   1.98955424  -2.17452897
  0.72335862   0.29922756  -0.06242795   0.85864906   0.76486566   0.70215188   0.90195808   1.98955424  -2.17452897
  0.72202400   0.29901218  -0.06277457   0.85907509   0.76426030   0.70267639   0.90240139   1.98971903  -2.17261863
  0.72202400   0.29901218  -0.06277457   0.85907509   0.76426030   0.70267639   0.90240139   1.98971903  -2.17261863
  0.72202400   0.29901218  -0.06277457   0.85907509   0.76426030   0.70267639   0.90240139   1.98971903  -2.17261863
  0.72202400   0.29901218  -0.06277457   0.85907509   0.76426030   0.70267639   0.90240139   1.98971903  -2.17261863
  0.72053022   0.29878063  -0.06311357   0.85947164   0.76360280   0.70321569   0.90303039   1.98985053  -2.17055278
  0.72053022   0.29878063  -0.06311357   0.85947164   0.76360280   0.70321569   0.90303039   1.98985053  -2.17055278
  0.72053022   0.29878063  -0.06311357   0.85947164   0.76360280   0.70321569   0.90303039   1.98985053  -2.17055278
  0.71974635   0.29856680  -0.06320959   0.85996469   0.76321434   0.70325391   0.90309597   1.99004766  -2.16987697
  0.71974635   0.29856680  -0.06320959   0.85996469   0.76321434   0.70325391   0.90309597   1.99004766  -2.16987697
  0.71887643   0.29864231  -0.06342843   0.85995603   0.76284241   0.70364619   0.90381805   1.98996775  -2.16834434
  0.71862649   0.29852789  -0.06344826   0.86004928   0.76271218   0.70353752   0.90381189   1.99008217  -2.16848050
  0.71862649   0.29852789  -0.06344826   0.86004928   0.76271218   0.70353752   0.90381189   1.99008217  -2.16848050
  0.71837435   0.29835638  -0.06342758   0.86027561   0.76263121   0.70362984   0.90375144   1.99025669  -2.16822058
  0.71837435   0.29835638  -0.06342758   0.86027561   0.76263121   0.70362984   0.90375144   1.99025669  -2.16822058
  0.71660673   0.29807470  -0.06396188   0.86040874   0.76186502   0.70437742   0.90451231   1.99054138  -2.16595121
  0.71666646   0.29827295  -0.06408264   0.86057827   0.76175979   0.70424900   0.90438211   1.99036083  -2.16587024
  0.71666646   0.29827295  -0.06408264   0.86057827   0.76175979   0.70424900   0.90438211   1.99036083  -2.16587024
  0.71666646   0.29827295  -0.06408264   0.86057827   0.76175979   0.70424900   0.90438211   1.99036083  -2.16587024
  0.71533647   0.29795059  -0.06421856   0.86098141   0.76125870   0.70475272   0.90501660   1.99053679  -2.16402161
  0.71533647   0.29795059  -0.06421856   0.86098141   0.76125870   0.70475272   0.90501660   1.99053679  -2.16402161
  0.71518197   0.29799645  -0.06432542   0.86099699   0.76111816   0.70464292   0.90504114   1.99050019  -2.16407203
  0.71518197   0.29799645  -0.06432542   0.86099699   0.76111816   0.70464292   0.90504114   1.99050019  -2.16407203
  0.71405525   0.29787652  -0.06403479   0.86173435   0.76069752   0.70462798   0.90585374   1.99054898  -2.16256292
  0.71405525   0.29787652  -0.06403479   0.86173435   0.76069752   0.70462798   0.90585374   1.99054898  -2.16256292
  0.71295070   0.29790568  -0.06435042   0.86206423   0.76014401   0.70499944   0.90624378   1.99082546  -2.16093197
  0.71295070   0.29790568  -0.06435042   0.86206423   0.76014401   0.70499944   0.90624378   1.99082546  -2.16093197
  0.71295070   0.29790568  -0.06435042   0.86206423   0.76014401   0.70499944   0.90624378   1.99082546  -2.16093197
  0.71166209   0.29772817  -0.06457676   0.86260034   0.75954339   0.70532339   0.90664022   1.99110283  -2.15929621
  0.71166209   0.29772817  -0.06457676   0.86260034   0.75954339   0.70532339   0.90664022   1.99110283  -2.15929621
  0.71142706   0.29775527  -0.06465974   0.86242086   0.75941361   0.70523334   0.90688629   1.99107075  -2.15937497
  0.71142706   0.29775527  -0.06465974   0.86242086   0.75941361   0.70523334   0.90688629   1.99107075  -2.15937497
  0.71020260   0.29757608  -0.06484471   0.86277634   0.75892577   0.70576337   0.90747279   1.99127886  -2.15746511
  0.71020260   0.29757608  -0.06484471   0.86277634   0.75892577   0.70576337   0.90747279   1.99127886  -2.15746511
  0.71020260   0.29757608  -0.06484471   0.86277634   0.75892577   0.70576337   0.90747279   1.99127886  -2.15746511
  0.71020260   0.29757608  -0.06484471   0.86277634   0.75892577   0.70576337   0.90747279   1.99127886  -2.15746511
  0.70855307   0.29741370  -0.06524798   0.86341119   0.75813713   0.70632156   0.90803699   1.99146030  -2.15503648
  0.70855307   0.29741370  -0.06524798   0.86341119   0.75813713   0.70632156   0.90803699   1.99146030  -2.15503648
  0.70837615   0.29741087  -0.06531126   0.86336686   0.75802316   0.70622304   0.90812793   1.99146214  -2.15513764
  0.70837615   0.29741087  -0.06531126   0.86336686   0.75802316   0.70622304   0.90812793   1.99146214  -2.15513764
  0.70692631   0.29726409  -0.06538609   0.86389588   0.75742845   0.70659957   0.90897096   1.99158689  -2.15303890
  0.70692631   0.29726409  -0.06538609   0.86389588   0.75742845   0.70659957   0.90897096   1.99158689  -2.15303890
  0.70692631   0.29726409  -0.06538609   0.86389588   0.75742845   0.70659957   0.90897096   1.99158689  -2.15303890
  0.70591760   0.29723631  -0.06528411   0.86439132   0.75700827   0.70665712   0.90961960   1.99175452  -2.15172164
  0.70591760   0.29723631  -0.06528411   0.86439132   0.75700827   0.70665712   0.90961960   1.99175452  -2.15172164
  0.70591760   0.29723631  -0.06528411   0.86439132   0.75700827   0.70665712   0.90961960   1.99175452  -2.15172164
  0.70496968   0.29718454  -0.06545201   0.86493232   0.75650091   0.70674341   0.90981805   1.99197980  -2.15061612
  0.70496968   0.29718454  -0.06545201   0.86493232   0.75650091   0.70674341   0.90981805   1.99197980  -2.15061612
  0.70397826   0.29715140  -0.06547731   0.86509307   0.75612194   0.70699761   0.91056248   1.99213385  -2.14924826
  0.70397826   0.29715140  -0.06547731   0.86509307   0.75612194   0.70699761   0.91056248   1.99213385  -2.14924826
  0.70397826   0.29715140  -0.06547731   0.86509307   0.75612194   0.70699761   0.91056248   1.99213385  -2.14924826
  0.70249960   0.29723787  -0.06572495   0.86580376   0.75537209   0.70732031   0.91123365   1.99226014  -2.14691515
  0.70225742   0.29707459  -0.06564729   0.86571354   0.75532025   0.70722747   0.91141632   1.99240923  -2.14716235
  0.70225742   0.29707459  -0.06564729   0.86571354   0.75532025   0.70722747   0.91141632   1.99240923  -2.14716235
  0.70225742   0.29707459  -0.06564729   0.86571354   0.75532025   0.70722747   0.91141632   1.99240923  -2.14716235
  0.70225742   0.29707459  -0.06564729   0.86571354   0.75532025   0.70722747   0.91141632   1.99240923  -2.14716235
  0.70075537   0.29693328  -0.06593153   0.86624746   0.75462858   0.70768107   0.91199458   1.99268766  -2.14507321
  0.70075537   0.29693328  -0.06593153   0.86624746   0.75462858   0.70768107   0.91199458   1.99268766  -2.14507321
  0.70075537   0.29693328  -0.06593153   0.86624746   0.75462858   0.70768107   0.91199458   1.99268766  -2.14507321
  0.70075537   0.29693328  -0.06593153   0.86624746   0.75462858   0.70768107   0.91199458   1.99268766  -2.14507321
  0.69940551   0.29697838  -0.06565151   0.86706874   0.75404474   0.70754707   0.91302313   1.99274716  -2.14331651
  0.69940551   0.29697838  -0.06565151   0.86706874   0.75404474   0.70754707   0.91302313   1.99274716  -2.14331651
  0.69940551   0.29697838  -0.06565151   0.86706874   0.75404474   0.70754707   0.91302313   1.99274716  -2.14331651
  0.69811728   0.29708657  -0.06546885   0.86775775   0.75347978   0.70753346   0.91388414   1.99309155  -2.14159668
  0.69811728   0.29708657  -0.06546885   0.86775775   0.75347978   0.70753346   0.91388414   1.99309155  -2.14159668
  0.69811728   0.29708657  -0.06546885   0.86775775   0.75347978   0.70753346   0.91388414   1.99309155  -2.14159668
  0.69660859   0.29721307  -0.06587548   0.86827321   0.75272083   0.70808827   0.91449756   1.99340485  -2.13907076
  0.69632223   0.29710413  -0.06586907   0.86818418   0.75259980   0.70793701   0.91467982   1.99350332  -2.13933829
  0.69632223   0.29710413  -0.06586907   0.86818418   0.75259980   0.70793701   0.91467982   1.99350332  -2.13933829
  0.69632223   0.29710413  -0.06586907   0.86818418   0.75259980   0.70793701   0.91467982   1.99350332  -2.13933829
  0.69610876   0.29693544  -0.06581088   0.86849557   0.75253771   0.70803478   0.91457318   1.99368920  -2.13902013
  0.69488041   0.29732926  -0.06520551   0.86940601   0.75201673   0.70762248   0.91599549   1.99371351  -2.13714879
  0.69488041   0.29732926  -0.06520551   0.86940601   0.75201673   0.70762248   0.91599549   1.99371351  -2.13714879
  0.69488041   0.29732926  -0.06520551   0.86940601   0.75201673   0.70762248   0.91599549   1.99371351  -2.13714879
  0.69371364   0.29741789  -0.06506950   0.86996560   0.75150194   0.70761800   0.91674618   1.99408674  -2.13567980
  0.69371364   0.29741789  -0.06506950   0.86996560   0.75150194   0.70761800   0.91674618   1.99408674  -2.13567980
  0.69371364   0.29741789  -0.06506950   0.86996560   0.75150194   0.70761800   0.91674618   1.99408674  -2.13567980
  0.69258568   0.29747586  -0.06489834   0.87066154   0.75098561   0.70753568   0.91742413   1.99437193  -2.13427703
  0.69258568   0.29747586  -0.06489834   0.87066154   0.75098561   0.70753568   0.91742413   1.99437193  -2.13427703
  0.69258568   0.29747586  -0.06489834   0.87066154   0.75098561   0.70753568   0.91742413   1.99437193  -2.13427703
  0.69160841   0.29764688  -0.06484584   0.87110643   0.75052629   0.70757126   0.91816607   1.99447295  -2.13280161
  0.69106307   0.29784029  -0.06443777   0.87163934   0.75030516   0.70727184   0.91874469   1.99473300  -2.13210665
  0.69010607   0.29806446  -0.06481048   0.87169086   0.74984923   0.70787665   0.91926484   1.99502069  -2.13014412
  0.68982106   0.29801048  -0.06489084   0.87174648   0.74965339   0.70767693   0.91928848   1.99508228  -2.13037561
  0.68988535   0.29792489  -0.06477745   0.87181296   0.74975062   0.70777197   0.91925439   1.99515987  -2.13028335
  0.68988535   0.29792489  -0.06477745   0.87181296   0.74975062   0.70777197   0.91925439   1.99515987  -2.13028335
  0.68857584   0.29781638  -0.06511168   0.87234176   0.74909755   0.70816878   0.91966054   1.99531466  -2.12841605
  0.68857584   0.29781638  -0.06511168   0.87234176   0.74909755   0.70816878   0.91966054   1.99531466  -2.12841605
  0.68830025   0.29777537  -0.06517229   0.87223123   0.74895640   0.70806594   0.91985081   1.99534630  -2.12853931
  0.68830025   0.29777537  -0.06517229   0.87223123   0.74895640   0.70806594   0.91985081   1.99534630  -2.12853931
  0.68743697   0.29777470  -0.06485396   0.87299238   0.74861882   0.70803815   0.92053554   1.99535630  -2.12707956
  0.68743697   0.29777470  -0.06485396   0.87299238   0.74861882   0.70803815   0.92053554   1.99535630  -2.12707956
  0.68634216   0.29799389  -0.06454413   0.87359120   0.74815421   0.70792024   0.92148366   1.99568082  -2.12555291
  0.68634216   0.29799389  -0.06454413   0.87359120   0.74815421   0.70792024   0.92148366   1.99568082  -2.12555291
  0.68634216   0.29799389  -0.06454413   0.87359120   0.74815421   0.70792024   0.92148366   1.99568082  -2.12555291
  0.68538358   0.29803350  -0.06439904   0.87412648   0.74771547   0.70782635   0.92209742   1.99589794  -2.12444275
  0.68538358   0.29803350  -0.06439904   0.87412648   0.74771547   0.70782635   0.92209742   1.99589794  -2.12444275
  0.68389344   0.29793697  -0.06490513   0.87455159   0.74698443   0.70847742   0.92242048   1.99638694  -2.12225734
  0.68389344   0.29793697  -0.06490513   0.87455159   0.74698443   0.70847742   0.92242048   1.99638694  -2.12225734
  0.68389344   0.29793697  -0.06490513   0.87455159   0.74698443   0.70847742   0.92242048   1.99638694  -2.12225734
  0.68389344   0.29793697  -0.06490513   0.87455159   0.74698443   0.70847742   0.92242048   1.99638694  -2.12225734
  0.68272553   0.29791483  -0.06515454   0.87470389   0.74645878   0.70884770   0.92318615   1.99634323  -2.12055826
  0.68272553   0.29791483  -0.06515454   0.87470389   0.74645878   0.70884770   0.92318615   1.99634323  -2.12055826
  0.68244769   0.29785146  -0.06522476   0.87477660   0.74628546   0.70872542   0.92321238   1.99641256  -2.12064658
  0.68244769   0.29785146  -0.06522476   0.87477660   0.74628546   0.70872542   0.92321238   1.99641256  -2.12064658
  0.68244769   0.29785146  -0.06522476   0.87477660   0.74628546   0.70872542   0.92321238   1.99641256  -2.12064658
  0.68074013   0.29755206  -0.06561959   0.87539754   0.74552983   0.70946746   0.92373805   1.99671523  -2.11805963
  0.68074013   0.29755206  -0.06561959   0.87539754   0.74552983   0.70946746   0.92373805   1.99671523  -2.11805963
  0.68074013   0.29755206  -0.06561959   0.87539754   0.74552983   0.70946746   0.92373805   1.99671523  -2.11805963
  0.68053901   0.29757182  -0.06571612   0.87535126   0.74538772   0.70936735   0.92383692   1.99669546  -2.11812354
  0.67953069   0.29759507  -0.06506141   0.87623035   0.74504900   0.70908732   0.92497017   1.99667633  -2.11665067
  0.67953069   0.29759507  -0.06506141   0.87623035   0.74504900   0.70908732   0.92497017   1.99667633  -2.11665067
  0.67856243   0.29781066  -0.06471789   0.87695749   0.74460228   0.70884627   0.92571247   1.99704488  -2.11538383
  0.67856243   0.29781066  -0.06471789   0.87695749   0.74460228   0.70884627   0.92571247   1.99704488  -2.11538383
  0.67856243   0.29781066  -0.06471789   0.87695749   0.74460228   0.70884627   0.92571247   1.99704488  -2.11538383
  0.67670485   0.29774657  -0.06529728   0.87713862   0.74375866   0.70968547   0.92648371   1.99756583  -2.11268957
  0.67670485   0.29774657  -0.06529728   0.87713862   0.74375866   0.70968547   0.92648371   1.99756583  -2.11268957
  0.67670485   0.29774657  -0.06529728   0.87713862   0.74375866   0.70968547   0.92648371   1.99756583  -2.11268957
  0.67659513   0.29782223  -0.06540654   0.87719783   0.74362375   0.70957103   0.92646542   1.99750457  -2.11271051
  0.67659513   0.29782223  -0.06540654   0.87719783   0.74362375   0.70957103   0.92646542   1.99750457  -2.11271051
  0.67525369   0.29796532  -0.06476769   0.87833894   0.74307865   0.70927067   0.92772716   1.99760693  -2.11070302
  0.67525369   0.29796532  -0.06476769   0.87833894   0.74307865   0.70927067   0.92772716   1.99760693  -2.11070302
  0.67525369   0.29796532  -0.06476769   0.87833894   0.74307865   0.70927067   0.92772716   1.99760693  -2.11070302
  0.67428043   0.29814040  -0.06444706   0.87896815   0.74263763   0.70903348   0.92853075   1.99788664  -2.10951494
  0.67428043   0.29814040  -0.06444706   0.87896815   0.74263763   0.70903348   0.92853075   1.99788664  -2.10951494
  0.67335973   0.29834397  -0.06423891   0.87948682   0.74222363   0.70897394   0.92927004   1.99817063  -2.10815758
  0.67335973   0.29834397  -0.06423891   0.87948682   0.74222363   0.70897394   0.92927004   1.99817063  -2.10815758
  0.67335973   0.29834397  -0.06423891   0.87948682   0.74222363   0.70897394   0.92927004   1.99817063  -2.10815758
  0.67228452   0.29852036  -0.06412668   0.88023890   0.74167993   0.70893351   0.92990602   1.99838716  -2.10653460
  0.67228452   0.29852036  -0.06412668   0.88023890   0.74167993   0.70893351   0.92990602   1.99838716  -2.10653460
  0.67119434   0.29868163  -0.06414505   0.88041969   0.74122234   0.70917647   0.93079770   1.99863052  -2.10486939
  0.67119434   0.29868163  -0.06414505   0.88041969   0.74122234   0.70917647   0.93079770   1.99863052  -2.10486939
  0.67091261   0.29862413  -0.06423802   0.88056599   0.74102751   0.70906164   0.93074725   1.99872227  -2.10490687
  0.66982043   0.29858418  -0.06403732   0.88099234   0.74063436   0.70923256   0.93159151   1.99901819  -2.10334845
  0.66982043   0.29858418  -0.06403732   0.88099234   0.74063436   0.70923256   0.93159151   1.99901819  -2.10334845
  0.66973816   0.29870442  -0.06417969   0.88119510   0.74047523   0.70913666   0.93144796   1.99895109  -2.10322558
  0.66973816   0.29870442  -0.06417969   0.88119510   0.74047523   0.70913666   0.93144796   1.99895109  -2.10322558
  0.66806597   0.29848731  -0.06457735   0.88176428   0.73970364   0.70977712   0.93191626   1.99940215  -2.10086288
  0.66806597   0.29848731  -0.06457735   0.88176428   0.73970364   0.70977712   0.93191626   1.99940215  -2.10086288
  0.66806597   0.29848731  -0.06457735   0.88176428   0.73970364   0.70977712   0.93191626   1.99940215  -2.10086288
  0.66781269   0.29848261  -0.06464177   0.88161525   0.73957738   0.70970955   0.93215444   1.99939505  -2.10090200
  0.66703089   0.29861106  -0.06400085   0.88249192   0.73930884   0.70945133   0.93312235   1.99939691  -2.09947988
  0.66703089   0.29861106  -0.06400085   0.88249192   0.73930884   0.70945133   0.93312235   1.99939691  -2.09947988
  0.66587817   0.29870345  -0.06426937   0.88288038   0.73872316   0.70978729   0.93356722   1.99972299  -2.09774006
  0.66587817   0.29870345  -0.06426937   0.88288038   0.73872316   0.70978729   0.93356722   1.99972299  -2.09774006
  0.66562342   0.29866511  -0.06431600   0.88280570   0.73859342   0.70970191   0.93373203   1.99976673  -2.09781619
  0.66562342   0.29866511  -0.06431600   0.88280570   0.73859342   0.70970191   0.93373203   1.99976673  -2.09781619
  0.66433974   0.29852407  -0.06445594   0.88326667   0.73805726   0.71017948   0.93432645   2.00003982  -2.09583421
  0.66433974   0.29852407  -0.06445594   0.88326667   0.73805726   0.71017948   0.93432645   2.00003982  -2.09583421
  0.66433974   0.29852407  -0.06445594   0.88326667   0.73805726   0.71017948   0.93432645   2.00003982  -2.09583421
  0.66306089   0.29862512  -0.06454032   0.88391667   0.73741990   0.71036659   0.93507024   2.00006766  -2.09380926
  0.66284935   0.29852831  -0.06450155   0.88386267   0.73734472   0.71026762   0.93522224   2.00016639  -2.09397974
  0.66284935   0.29852831  -0.06450155   0.88386267   0.73734472   0.71026762   0.93522224   2.00016639  -2.09397974
  0.66139419   0.29857931  -0.06419952   0.88451737   0.73678329   0.71040132   0.93642460   2.00046449  -2.09181589
  0.66142449   0.29876423  -0.06430916   0.88474285   0.73665089   0.71020794   0.93624826   2.00034353  -2.09183307
  0.66142449   0.29876423  -0.06430916   0.88474285   0.73665089   0.71020794   0.93624826   2.00034353  -2.09183307
  0.66142449   0.29876423  -0.06430916   0.88474285   0.73665089   0.71020794   0.93624826   2.00034353  -2.09183307
  0.66025088   0.29884157  -0.06418095   0.88528341   0.73615089   0.71034499   0.93705763   2.00065854  -2.09008984
  0.66025088   0.29884157  -0.06418095   0.88528341   0.73615089   0.71034499   0.93705763   2.00065854  -2.09008984
  0.66025088   0.29884157  -0.06418095   0.88528341   0.73615089   0.71034499   0.93705763   2.00065854  -2.09008984
  0.65908630   0.29889746  -0.06402576   0.88586911   0.73564123   0.71039303   0.93785162   2.00093535  -2.08848309
  0.65908630   0.29889746  -0.06402576   0.88586911   0.73564123   0.71039303   0.93785162   2.00093535  -2.08848309
  0.65908630   0.29889746  -0.06402576   0.88586911   0.73564123   0.71039303   0.93785162   2.00093535  -2.08848309
  0.65780382   0.29898066  -0.06391916   0.88645326   0.73505301   0.71041934   0.93870638   2.00121438  -2.08680738
  0.65780382   0.29898066  -0.06391916   0.88645326   0.73505301   0.71041934   0.93870638   2.00121438  -2.08680738
  0.65780382   0.29898066  -0.06391916   0.88645326   0.73505301   0.71041934   0.93870638   2.00121438  -2.08680738
  0.65661123   0.29917364  -0.06380164   0.88713976   0.73449752   0.71053401   0.93954341   2.00141977  -2.08479865
  0.65646027   0.29917072  -0.06385004   0.88715543   0.73438448   0.71041223   0.93957842   2.00143931  -2.08492113
  0.65646027   0.29917072  -0.06385004   0.88715543   0.73438448   0.71041223   0.93957842   2.00143931  -2.08492113
  0.65601214   0.29896885  -0.06383729   0.88736156   0.73417321   0.71030582   0.93961350   2.00168831  -2.08493305
  0.65503199   0.29919994  -0.06376887   0.88764455   0.73377932   0.71059559   0.94057628   2.00175680  -2.08298597
  0.65492017   0.29921358  -0.06378189   0.88812567   0.73360660   0.71037896   0.94028638   2.00182854  -2.08298692
  0.65487417   0.29909776  -0.06362326   0.88799631   0.73370846   0.71048252   0.94050589   2.00193454  -2.08292904
  0.65362306   0.29925922  -0.06349324   0.88861440   0.73312549   0.71050957   0.94140518   2.00217007  -2.08112106
  0.65362306   0.29925922  -0.06349324   0.88861440   0.73312549   0.71050957   0.94140518   2.00217007  -2.08112106
  0.65362306   0.29925922  -0.06349324   0.88861440   0.73312549   0.71050957   0.94140518   2.00217007  -2.08112106
  0.65362306   0.29925922  -0.06349324   0.88861440   0.73312549   0.71050957   0.94140518   2.00217007  -2.08112106
  0.65220761   0.29940447  -0.06356522   0.88918284   0.73243955   0.71070688   0.94227858   2.00237294  -2.07902100
  0.65220761   0.29940447  -0.06356522   0.88918284   0.73243955   0.71070688   0.94227858   2.00237294  -2.07902100
  0.65197572   0.29940675  -0.06363827   0.88927259   0.73226244   0.71054911   0.94230172   2.00240321  -2.07910036
  0.65197572   0.29940675  -0.06363827   0.88927259   0.73226244   0.71054911   0.94230172   2.00240321  -2.07910036
  0.65042604   0.29950655  -0.06358594   0.89011553   0.73156008   0.71085469   0.94324381   2.00265816  -2.07648961
  0.65042604   0.29950655  -0.06358594   0.89011553   0.73156008   0.71085469   0.94324381   2.00265816  -2.07648961
  0.65020427   0.29940577  -0.06353731   0.89007195   0.73148395   0.71076339   0.94340642   2.00276638  -2.07662991
  0.65020427   0.29940577  -0.06353731   0.89007195   0.73148395   0.71076339   0.94340642   2.00276638  -2.07662991
  0.64871987   0.29948663  -0.06323506   0.89084047   0.73086769   0.71083505   0.94455207   2.00309268  -2.07445126
  0.64871987   0.29948663  -0.06323506   0.89084047   0.73086769   0.71083505   0.94455207   2.00309268  -2.07445126
  0.64865609   0.29964121  -0.06334759   0.89099286   0.73071498   0.71066965   0.94448087   2.00299790  -2.07443144
  0.64865609   0.29964121  -0.06334759   0.89099286   0.73071498   0.71066965   0.94448087   2.00299790  -2.07443144
  0.64865609   0.29964121  -0.06334759   0.89099286   0.73071498   0.71066965   0.94448087   2.00299790  -2.07443144
  0.64683249   0.30225603  -0.05915335   0.89478200   0.72995500   0.70738887   0.94909316   2.00440326  -2.07072020
  0.64683249   0.30225603  -0.05915335   0.89478200   0.72995500   0.70738887   0.94909316   2.00440326  -2.07072020
  0.64568559   0.30240179  -0.05972479   0.89483438   0.72934638   0.70796022   0.94928290   2.00502769  -2.06904863
  0.64568559   0.30240179  -0.05972479   0.89483438   0.72934638   0.70796022   0.94928290   2.00502769  -2.06904863
  0.64568559   0.30240179  -0.05972479   0.89483438   0.72934638   0.70796022   0.94928290   2.00502769  -2.06904863
  0.64568559   0.30240179  -0.05972479   0.89483438   0.72934638   0.70796022   0.94928290   2.00502769  -2.06904863
  0.64416965   0.30216841  -0.06017294   0.89523829   0.72861073   0.70846683   0.94966656   2.00533679  -2.06718852
  0.64416965   0.30216841  -0.06017294   0.89523829   0.72861073   0.70846683   0.94966656   2.00533679  -2.06718852
  0.64397484   0.30218371  -0.06023076   0.89508202   0.72850974   0.70840138   0.94988663   2.00530439  -2.06724128
  0.64397484   0.30218371  -0.06023076   0.89508202   0.72850974   0.70840138   0.94988663   2.00530439  -2.06724128
  0.64276653   0.30225751  -0.05977473   0.89597466   0.72801625   0.70833768   0.95098417   2.00536098  -2.06528219
  0.64276653   0.30225751  -0.05977473   0.89597466   0.72801625   0.70833768   0.95098417   2.00536098  -2.06528219
  0.64276653   0.30225751  -0.05977473   0.89597466   0.72801625   0.70833768   0.95098417   2.00536098  -2.06528219
  0.64184185   0.30237392  -0.05951215   0.89657673   0.72757605   0.70815005   0.95168890   2.00558668  -2.06415352
  0.64184185   0.30237392  -0.05951215   0.89657673   0.72757605   0.70815005   0.95168890   2.00558668  -2.06415352
  0.64049617   0.30235150  -0.05994216   0.89697215   0.72690185   0.70869002   0.95201283   2.00600693  -2.06215953
  0.64049617   0.30235150  -0.05994216   0.89697215   0.72690185   0.70869002   0.95201283   2.00600693  -2.06215953
  0.64049617   0.30235150  -0.05994216   0.89697215   0.72690185   0.70869002   0.95201283   2.00600693  -2.06215953
  0.64026223   0.30238350  -0.06004062   0.89683293   0.72675921   0.70860682   0.95221445   2.00597403  -2.06220325
  0.64026223   0.30238350  -0.06004062   0.89683293   0.72675921   0.70860682   0.95221445   2.00597403  -2.06220325
  0.63904978   0.30241017  -0.05987130   0.89746117   0.72626043   0.70882427   0.95307816   2.00618552  -2.06021706
  0.63904978   0.30241017  -0.05987130   0.89746117   0.72626043   0.70882427   0.95307816   2.00618552  -2.06021706
  0.63904978   0.30241017  -0.05987130   0.89746117   0.72626043   0.70882427   0.95307816   2.00618552  -2.06021706
  0.63904978   0.30241017  -0.05987130   0.89746117   0.72626043   0.70882427   0.95307816   2.00618552  -2.06021706
  0.63804608   0.30230245  -0.06041859   0.89756547   0.72574181   0.70936686   0.95308651   2.00659834  -2.05890945
  0.63804608   0.30230245  -0.06041859   0.89756547   0.72574181   0.70936686   0.95308651   2.00659834  -2.05890945
  0.63804608   0.30230245  -0.06041859   0.89756547   0.72574181   0.70936686   0.95308651   2.00659834  -2.05890945
  0.63804608   0.30230245  -0.06041859   0.89756547   0.72574181   0.70936686   0.95308651   2.00659834  -2.05890945
  0.63804608   0.30230245  -0.06041859   0.89756547   0.72574181   0.70936686   0.95308651   2.00659834  -2.05890945
  0.63756154   0.30195342  -0.06144616   0.89686680   0.72548836   0.71026310   0.95258044   2.00678116  -2.05849250
  0.63756154   0.30195342  -0.06144616   0.89686680   0.72548836   0.71026310   0.95258044   2.00678116  -2.05849250
  0.63715037   0.30155844  -0.06259373   0.89599077   0.72532088   0.71146042   0.95197277   2.00701835  -2.05786953
  0.63715037   0.30155844  -0.06259373   0.89599077   0.72532088   0.71146042   0.95197277   2.00701835  -2.05786953
  0.63715037   0.30155844  -0.06259373   0.89599077   0.72532088   0.71146042   0.95197277   2.00701835  -2.05786953
  0.63715037   0.30155844  -0.06259373   0.89599077   0.72532088   0.71146042   0.95197277   2.00701835  -2.05786953
  0.63715037   0.30155844  -0.06259373   0.89599077   0.72532088   0.71146042   0.95197277   2.00701835  -2.05786953
  0.63715037   0.30155844  -0.06259373   0.89599077   0.72532088   0.71146042   0.95197277   2.00701835  -2.05786953
  0.63903126   0.29450190  -0.07274929   0.88802581   0.72617055   0.72000921   0.94190738   2.00382982  -2.06367188
  0.63903126   0.29450190  -0.07274929   0.88802581   0.72617055   0.72000921   0.94190738   2.00382982  -2.06367188
  0.63903126   0.29450190  -0.07274929   0.88802581   0.72617055   0.72000921   0.94190738   2.00382982  -2.06367188
  0.63903126   0.29450190  -0.07274929   0.88802581   0.72617055   0.72000921   0.94190738   2.00382982  -2.06367188
  0.63903126   0.29450190  -0.07274929   0.88802581   0.72617055   0.72000921   0.94190738   2.00382982  -2.06367188
  0.63903126   0.29450190  -0.07274929   0.88802581   0.72617055   0.72000921   0.94190738   2.00382982  -2.06367188
  0.63903126   0.29450190  -0.07274929   0.88802581   0.72617055   0.72000921   0.94190738   2.00382982  -2.06367188
  0.64059234   0.28839829  -0.08168504   0.88112203   0.72677070   0.72779285   0.93315916   2.00077250  -2.06822617
  0.64059234   0.28839829  -0.08168504   0.88112203   0.72677070   0.72779285   0.93315916   2.00077250  -2.06822617
  0.64059234   0.28839829  -0.08168504   0.88112203   0.72677070   0.72779285   0.93315916   2.00077250  -2.06822617
  0.64059234   0.28839829  -0.08168504   0.88112203   0.72677070   0.72779285   0.93315916   2.00077250  -2.06822617
  0.64059234   0.28839829  -0.08168504   0.88112203   0.72677070   0.72779285   0.93315916   2.00077250  -2.06822617
  0.64147353   0.28456329  -0.08746437   0.87653214   0.72706131   0.73294823   0.92763163   1.99898287  -2.07101972
  0.64147353   0.28456329  -0.08746437   0.87653214   0.72706131   0.73294823   0.92763163   1.99898287  -2.07101972
  0.64147353   0.28456329  -0.08746437   0.87653214   0.72706131   0.73294823   0.92763163   1.99898287  -2.07101972
  0.64147353   0.28456329  -0.08746437   0.87653214   0.72706131   0.73294823   0.92763163   1.99898287  -2.07101972
  0.64147353   0.28456329  -0.08746437   0.87653214   0.72706131   0.73294823   0.92763163   1.99898287  -2.07101972
  0.64230199   0.27979213  -0.09426649   0.87135724   0.72727797   0.73911736   0.92109684   1.99664575  -2.07417063
  0.64230199   0.27979213  -0.09426649   0.87135724   0.72727797   0.73911736   0.92109684   1.99664575  -2.07417063
  0.64230199   0.27979213  -0.09426649   0.87135724   0.72727797   0.73911736   0.92109684   1.99664575  -2.07417063
  0.64230199   0.27979213  -0.09426649   0.87135724   0.72727797   0.73911736   0.92109684   1.99664575  -2.07417063
  0.64230199   0.27979213  -0.09426649   0.87135724   0.72727797   0.73911736   0.92109684   1.99664575  -2.07417063
  0.64230199   0.27979213  -0.09426649   0.87135724   0.72727797   0.73911736   0.92109684   1.99664575  -2.07417063
  0.64348839   0.27523213  -0.10151780   0.86551590   0.72754144   0.74571980   0.91418040   1.99439632  -2.07756838
  0.64348839   0.27523213  -0.10151780   0.86551590   0.72754144   0.74571980   0.91418040   1.99439632  -2.07756838
  0.64348839   0.27523213  -0.10151780   0.86551590   0.72754144   0.74571980   0.91418040   1.99439632  -2.07756838
  0.64348839   0.27523213  -0.10151780   0.86551590   0.72754144   0.74571980   0.91418040   1.99439632  -2.07756838
  0.64275673   0.27467371  -0.10308023   0.86486668   0.72704284   0.74715222   0.91318113   1.99462605  -2.07663950
  0.64278789   0.27452896  -0.10298471   0.86463813   0.72716949   0.74725644   0.91332355   1.99467324  -2.07677921
  0.64278789   0.27452896  -0.10298471   0.86463813   0.72716949   0.74725644   0.91332355   1.99467324  -2.07677921
  0.64278789   0.27452896  -0.10298471   0.86463813   0.72716949   0.74725644   0.91332355   1.99467324  -2.07677921
  0.64278789   0.27452896  -0.10298471   0.86463813   0.72716949   0.74725644   0.91332355   1.99467324  -2.07677921
  0.64497981   0.26730186  -0.11302905   0.85664709   0.72774980   0.75648091   0.90316962   1.99016021  -2.08279409
  0.64497981   0.26730186  -0.11302905   0.85664709   0.72774980   0.75648091   0.90316962   1.99016021  -2.08279409
  0.64497981   0.26730186  -0.11302905   0.85664709   0.72774980   0.75648091   0.90316962   1.99016021  -2.08279409
  0.64497981   0.26730186  -0.11302905   0.85664709   0.72774980   0.75648091   0.90316962   1.99016021  -2.08279409
  0.64471984   0.26712164  -0.11411631   0.85578899   0.72754560   0.75760783   0.90249826   1.99062503  -2.08228219
  0.64471984   0.26712164  -0.11411631   0.85578899   0.72754560   0.75760783   0.90249826   1.99062503  -2.08228219
  0.64471984   0.26712164  -0.11411631   0.85578899   0.72754560   0.75760783   0.90249826   1.99062503  -2.08228219
  0.64471984   0.26712164  -0.11411631   0.85578899   0.72754560   0.75760783   0.90249826   1.99062503  -2.08228219
  0.64471984   0.26712164  -0.11411631   0.85578899   0.72754560   0.75760783   0.90249826   1.99062503  -2.08228219
  0.64471984   0.26712164  -0.11411631   0.85578899   0.72754560   0.75760783   0.90249826   1.99062503  -2.08228219
  0.64696973   0.25943729  -0.12526254   0.84690615   0.72789390   0.76808414   0.89135647   1.98590491  -2.08847563
  0.64696973   0.25943729  -0.12526254   0.84690615   0.72789390   0.76808414   0.89135647   1.98590491  -2.08847563
  0.64696973   0.25943729  -0.12526254   0.84690615   0.72789390   0.76808414   0.89135647   1.98590491  -2.08847563
  0.64696973   0.25943729  -0.12526254   0.84690615   0.72789390   0.76808414   0.89135647   1.98590491  -2.08847563
  0.64696973   0.25943729  -0.12526254   0.84690615   0.72789390   0.76808414   0.89135647   1.98590491  -2.08847563
  0.64696973   0.25943729  -0.12526254   0.84690615   0.72789390   0.76808414   0.89135647   1.98590491  -2.08847563
  0.64696973   0.25943729  -0.12526254   0.84690615   0.72789390   0.76808414   0.89135647   1.98590491  -2.08847563
  0.64848203   0.25463753  -0.13324384   0.84042151   0.72790585   0.77568266   0.88332144   1.98358716  -2.09256301
  0.64848203   0.25463753  -0.13324384   0.84042151   0.72790585   0.77568266   0.88332144   1.98358716  -2.09256301
  0.64848203   0.25463753  -0.13324384   0.84042151   0.72790585   0.77568266   0.88332144   1.98358716  -2.09256301
  0.64848203   0.25463753  -0.13324384   0.84042151   0.72790585   0.77568266   0.88332144   1.98358716  -2.09256301
  0.64848203   0.25463753  -0.13324384   0.84042151   0.72790585   0.77568266   0.88332144   1.98358716  -2.09256301
  0.64848203   0.25463753  -0.13324384   0.84042151   0.72790585   0.77568266   0.88332144   1.98358716  -2.09256301
  0.64964760   0.24952359  -0.14078639   0.83442576   0.72781931   0.78318169   0.87608341   1.98033744  -2.09604062
  0.64964760   0.24952359  -0.14078639   0.83442576   0.72781931   0.78318169   0.87608341   1.98033744  -2.09604062
  0.64964760   0.24952359  -0.14078639   0.83442576   0.72781931   0.78318169   0.87608341   1.98033744  -2.09604062
  0.64932524   0.24935795  -0.14130885   0.83402454   0.72763255   0.78373253   0.87597120   1.98045768  -2.09564592
  0.64932524   0.24935795  -0.14130885   0.83402454   0.72763255   0.78373253   0.87597120   1.98045768  -2.09564592
  0.64932524   0.24935795  -0.14130885   0.83402454   0.72763255   0.78373253   0.87597120   1.98045768  -2.09564592
  0.64932524   0.24935795  -0.14130885   0.83402454   0.72763255   0.78373253   0.87597120   1.98045768  -2.09564592
  0.64932524   0.24935795  -0.14130885   0.83402454   0.72763255   0.78373253   0.87597120   1.98045768  -2.09564592
  0.65124301   0.24349111  -0.15052598   0.82658729   0.72755758   0.79291233   0.86656076   1.97691686  -2.10044793
  0.65124301   0.24349111  -0.15052598   0.82658729   0.72755758   0.79291233   0.86656076   1.97691686  -2.10044793
  0.65124301   0.24349111  -0.15052598   0.82658729   0.72755758   0.79291233   0.86656076   1.97691686  -2.10044793
  0.65124301   0.24349111  -0.15052598   0.82658729   0.72755758   0.79291233   0.86656076   1.97691686  -2.10044793
  0.65124301   0.24349111  -0.15052598   0.82658729   0.72755758   0.79291233   0.86656076   1.97691686  -2.10044793
  0.65124301   0.24349111  -0.15052598   0.82658729   0.72755758   0.79291233   0.86656076   1.97691686  -2.10044793
  0.65244192   0.23892708  -0.15771021   0.82077988   0.72729913   0.80025988   0.85965607   1.97391803  -2.10362897
  0.65244192   0.23892708  -0.15771021   0.82077988   0.72729913   0.80025988   0.85965607   1.97391803  -2.10362897
  0.65244192   0.23892708  -0.15771021   0.82077988   0.72729913   0.80025988   0.85965607   1.97391803  -2.10362897
  0.65244192   0.23892708  -0.15771021   0.82077988   0.72729913   0.80025988   0.85965607   1.97391803  -2.10362897
  0.65244192   0.23892708  -0.15771021   0.82077988   0.72729913   0.80025988   0.85965607   1.97391803  -2.10362897
  0.65244192   0.23892708  -0.15771021   0.82077988   0.72729913   0.80025988   0.85965607   1.97391803  -2.10362897
  0.65244192   0.23892708  -0.15771021   0.82077988   0.72729913   0.80025988   0.85965607   1.97391803  -2.10362897
  0.65399973   0.23401784  -0.16576351   0.81416518   0.72696864   0.80850947   0.85155271   1.97097929  -2.10762918
  0.65399973   0.23401784  -0.16576351   0.81416518   0.72696864   0.80850947   0.85155271   1.97097929  -2.10762918
  0.65399973   0.23401784  -0.16576351   0.81416518   0.72696864   0.80850947   0.85155271   1.97097929  -2.10762918
  0.65399973   0.23401784  -0.16576351   0.81416518   0.72696864   0.80850947   0.85155271   1.97097929  -2.10762918
  0.65399973   0.23401784  -0.16576351   0.81416518   0.72696864   0.80850947   0.85155271   1.97097929  -2.10762918
  0.65399973   0.23401784  -0.16576351   0.81416518   0.72696864   0.80850947   0.85155271   1.97097929  -2.10762918
  0.65523897   0.22922154  -0.17315216   0.80816505   0.72655065   0.81635066   0.84443512   1.96760202  -2.11089179
  0.65523897   0.22922154  -0.17315216   0.80816505   0.72655065   0.81635066   0.84443512   1.96760202  -2.11089179
  0.65523897   0.22922154  -0.17315216   0.80816505   0.72655065   0.81635066   0.84443512   1.96760202  -2.11089179
  0.65523897   0.22922154  -0.17315216   0.80816505   0.72655065   0.81635066   0.84443512   1.96760202  -2.11089179
  0.65523897   0.22922154  -0.17315216   0.80816505   0.72655065   0.81635066   0.84443512   1.96760202  -2.11089179
  0.65523897   0.22922154  -0.17315216   0.80816505   0.72655065   0.81635066   0.84443512   1.96760202  -2.11089179
  0.65523897   0.22922154  -0.17315216   0.80816505   0.72655065   0.81635066   0.84443512   1.96760202  -2.11089179
  0.65676677   0.22435042  -0.18138756   0.80139779   0.72595750   0.82506181   0.83627578   1.96449754  -2.11462255
  0.65676677   0.22435042  -0.18138756   0.80139779   0.72595750   0.82506181   0.83627578   1.96449754  -2.11462255
  0.65676677   0.22435042  -0.18138756   0.80139779   0.72595750   0.82506181   0.83627578   1.96449754  -2.11462255
  0.65676677   0.22435042  -0.18138756   0.80139779   0.72595750   0.82506181   0.83627578   1.96449754  -2.11462255
  0.65676677   0.22435042  -0.18138756   0.80139779   0.72595750   0.82506181   0.83627578   1.96449754  -2.11462255
  0.65676677   0.22435042  -0.18138756   0.80139779   0.72595750   0.82506181   0.83627578   1.96449754  -2.11462255
  0.65676677   0.22435042  -0.18138756   0.80139779   0.72595750   0.82506181   0.83627578   1.96449754  -2.11462255
  0.65821583   0.21975200  -0.18880555   0.79518097   0.72540190   0.83311955   0.82886965   1.96139965  -2.11821672
  0.65821583   0.21975200  -0.18880555   0.79518097   0.72540190   0.83311955   0.82886965   1.96139965  -2.11821672
  0.65821583   0.21975200  -0.18880555   0.79518097   0.72540190   0.83311955   0.82886965   1.96139965  -2.11821672
  0.65821583   0.21975200  -0.18880555   0.79518097   0.72540190   0.83311955   0.82886965   1.96139965  -2.11821672
  0.65821583   0.21975200  -0.18880555   0.79518097   0.72540190   0.83311955   0.82886965   1.96139965  -2.11821672
  0.65949703   0.21535297  -0.19581300   0.78944001   0.72475399   0.84087467   0.82208515   1.95799103  -2.12122683
  0.65949703   0.21535297  -0.19581300   0.78944001   0.72475399   0.84087467   0.82208515   1.95799103  -2.12122683
  0.65949703   0.21535297  -0.19581300   0.78944001   0.72475399   0.84087467   0.82208515   1.95799103  -2.12122683
  0.65895920   0.21496480  -0.19734225   0.78866533   0.72415569   0.84240656   0.82111148   1.95836063  -2.12040994
  0.65895920   0.21496480  -0.19734225   0.78866533   0.72415569   0.84240656   0.82111148   1.95836063  -2.12040994
  0.65895920   0.21496480  -0.19734225   0.78866533   0.72415569   0.84240656   0.82111148   1.95836063  -2.12040994
  0.66118457   0.20944671  -0.20533220   0.78163845   0.72372029   0.85154756   0.81280082   1.95358397  -2.12530220
  0.66118457   0.20944671  -0.20533220   0.78163845   0.72372029   0.85154756   0.81280082   1.95358397  -2.12530220
  0.66118457   0.20944671  -0.20533220   0.78163845   0.72372029   0.85154756   0.81280082   1.95358397  -2.12530220
  0.66118457   0.20944671  -0.20533220   0.78163845   0.72372029   0.85154756   0.81280082   1.95358397  -2.12530220
  0.66118457   0.20944671  -0.20533220   0.78163845   0.72372029   0.85154756   0.81280082   1.95358397  -2.12530220
