  0.73476145  -0.05397426  -0.45318833   0.43256362   0.64517861   1.04719755   0.45084294   1.79816811  -2.12715904
  0.73476145  -0.05397426  -0.45318833   0.43256362   0.64517861   1.04719755   0.45084294   1.79816811  -2.12715904
  0.73476145  -0.05397426  -0.45318833   0.43256362   0.64517861   1.04719755   0.45084294   1.79816811  -2.12715904
  0.73476145  -0.05397426  -0.45318833   0.43256362   0.64517861   1.04719755   0.45084294   1.79816811  -2.12715904
  0.73617833  -0.05328359  -0.45263503   0.43178269   0.64565969   1.04664262   0.45020495   1.79836833  -2.12873966
  0.73617833  -0.05328359  -0.45263503   0.43178269   0.64565969   1.04664262   0.45020495   1.79836833  -2.12873966
  0.73813690  -0.05248770  -0.45193006   0.43066070   0.64620694   1.04620744   0.44915070   1.79836132  -2.13087499
  0.73813690  -0.05248770  -0.45193006   0.43066070   0.64620694   1.04620744   0.44915070   1.79836132  -2.13087499
  0.74050682  -0.05165896  -0.45116577   0.42911070   0.64671634   1.04596914   0.44771374   1.79832952  -2.13349482
  0.74238606  -0.05114924  -0.45077556   0.42759894   0.64679072   1.04615435   0.44624876   1.79813751  -2.13566714
  0.74238606  -0.05114924  -0.45077556   0.42759894   0.64679072   1.04615435   0.44624876   1.79813751  -2.13566714
  0.74462725  -0.05052240  -0.45005938   0.42612319   0.64721491   1.04610739   0.44477016   1.79767991  -2.13816535
  0.74462725  -0.05052240  -0.45005938   0.42612319   0.64721491   1.04610739   0.44477016   1.79767991  -2.13816535
  0.74655780  -0.05008725  -0.44961054   0.42458247   0.64732587   1.04637675   0.44329722   1.79741081  -2.14032469
  0.74655780  -0.05008725  -0.44961054   0.42458247   0.64732587   1.04637675   0.44329722   1.79741081  -2.14032469
  0.74853727  -0.04964432  -0.44913255   0.42308792   0.64745743   1.04661398   0.44180524   1.79693213  -2.14250406
  0.74853727  -0.04964432  -0.44913255   0.42308792   0.64745743   1.04661398   0.44180524   1.79693213  -2.14250406
  0.75032095  -0.04938018  -0.44876307   0.42156758   0.64745491   1.04696309   0.44034564   1.79659186  -2.14444365
  0.75032095  -0.04938018  -0.44876307   0.42156758   0.64745491   1.04696309   0.44034564   1.79659186  -2.14444365
  0.75222387  -0.04904920  -0.44835942   0.42009134   0.64747582   1.04719755   0.43891215   1.79608854  -2.14630530
  0.75338555  -0.04910554  -0.44797885   0.41906225   0.64758913   1.04716627   0.43760674   1.79576089  -2.14805625
  0.75388269  -0.04910413  -0.44773531   0.41876767   0.64776685   1.04717409   0.43769550   1.79566203  -2.14795865
  0.75486997  -0.04883388  -0.44732522   0.41801857   0.64805071   1.04699971   0.43667759   1.79522661  -2.14998633
  0.75521630  -0.04876290  -0.44721639   0.41794277   0.64811521   1.04702444   0.43663131   1.79513922  -2.14986989
  0.75720968  -0.04838663  -0.44684091   0.41617777   0.64805920   1.04719755   0.43494408   1.79483846  -2.15224403
  0.75720968  -0.04838663  -0.44684091   0.41617777   0.64805920   1.04719755   0.43494408   1.79483846  -2.15224403
  0.75912359  -0.04828368  -0.44642166   0.41455619   0.64801889   1.04719755   0.43330815   1.79451666  -2.15412930
  0.75912359  -0.04828368  -0.44642166   0.41455619   0.64801889   1.04719755   0.43330815   1.79451666  -2.15412930
  0.76104616  -0.04820531  -0.44593390   0.41293647   0.64805261   1.04719755   0.43169720   1.79405959  -2.15612657
  0.76104616  -0.04820531  -0.44593390   0.41293647   0.64805261   1.04719755   0.43169720   1.79405959  -2.15612657
  0.76296902  -0.04814607  -0.44544667   0.41131240   0.64807386   1.04719755   0.43007252   1.79359200  -2.15811654
  0.76296902  -0.04814607  -0.44544667   0.41131240   0.64807386   1.04719755   0.43007252   1.79359200  -2.15811654
  0.76489605  -0.04809896  -0.44495460   0.40968069   0.64809017   1.04719755   0.42843982   1.79311376  -2.16011355
  0.76489605  -0.04809896  -0.44495460   0.40968069   0.64809017   1.04719755   0.42843982   1.79311376  -2.16011355
  0.76682357  -0.04806112  -0.44446056   0.40804649   0.64809974   1.04719755   0.42680326   1.79263077  -2.16210849
  0.76682357  -0.04806112  -0.44446056   0.40804649   0.64809974   1.04719755   0.42680326   1.79263077  -2.16210849
  0.76875069  -0.04802888  -0.44396424   0.40641254   0.64810435   1.04719755   0.42516685   1.79214458  -2.16410070
  0.76875069  -0.04802888  -0.44396424   0.40641254   0.64810435   1.04719755   0.42516685   1.79214458  -2.16410070
  0.77067634  -0.04799943  -0.44346640   0.40478120   0.64810418   1.04719755   0.42353412   1.79165739  -2.16608673
  0.77067634  -0.04799943  -0.44346640   0.40478120   0.64810418   1.04719755   0.42353412   1.79165739  -2.16608673
  0.77244672  -0.04807155  -0.44301833   0.40320637   0.64805614   1.04719755   0.42195251   1.79129219  -2.16789952
  0.77374847  -0.04835935  -0.44277124   0.40190051   0.64783051   1.04719755   0.42060962   1.79084928  -2.16912190
  0.77374847  -0.04835935  -0.44277124   0.40190051   0.64783051   1.04719755   0.42060962   1.79084928  -2.16912190
  0.77555629  -0.04831311  -0.44223952   0.40043207   0.64790763   1.04719755   0.41912521   1.79027584  -2.17105291
  0.77555629  -0.04831311  -0.44223952   0.40043207   0.64790763   1.04719755   0.41912521   1.79027584  -2.17105291
  0.77744743  -0.04821337  -0.44171394   0.39889271   0.64795652   1.04719755   0.41758592   1.78979052  -2.17304260
  0.77744743  -0.04821337  -0.44171394   0.39889271   0.64795652   1.04719755   0.41758592   1.78979052  -2.17304260
  0.77935271  -0.04810485  -0.44119405   0.39733828   0.64798939   1.04719755   0.41603938   1.78933156  -2.17502952
  0.77935271  -0.04810485  -0.44119405   0.39733828   0.64798939   1.04719755   0.41603938   1.78933156  -2.17502952
  0.78108344  -0.04811217  -0.44073925   0.39584000   0.64795730   1.04719755   0.41455094   1.78902125  -2.17680501
  0.78231677  -0.04830974  -0.44050506   0.39465997   0.64774306   1.04719755   0.41335729   1.78863766  -2.17790383
  0.78231677  -0.04830974  -0.44050506   0.39465997   0.64774306   1.04719755   0.41335729   1.78863766  -2.17790383
  0.78392589  -0.04832592  -0.44005354   0.39328568   0.64774142   1.04719755   0.41202716   1.78828077  -2.17952750
  0.78559143  -0.04805590  -0.43931780   0.39199368   0.64819096   1.04697169   0.41100012   1.78739773  -2.18185475
  0.78579277  -0.04811823  -0.43918249   0.39212937   0.64830195   1.04699993   0.41078063   1.78747429  -2.18173685
  0.78579277  -0.04811823  -0.43918249   0.39212937   0.64830195   1.04699993   0.41078063   1.78747429  -2.18173685
  0.78798302  -0.04765098  -0.43869936   0.39033600   0.64825294   1.04719755   0.40898808   1.78712388  -2.18433918
  0.78798302  -0.04765098  -0.43869936   0.39033600   0.64825294   1.04719755   0.40898808   1.78712388  -2.18433918
  0.78988217  -0.04746054  -0.43819475   0.38882437   0.64826439   1.04719755   0.40749007   1.78676599  -2.18629744
  0.78988217  -0.04746054  -0.43819475   0.38882437   0.64826439   1.04719755   0.40749007   1.78676599  -2.18629744
  0.79176697  -0.04727374  -0.43765583   0.38734670   0.64832337   1.04719755   0.40602184   1.78634814  -2.18829045
  0.79176697  -0.04727374  -0.43765583   0.38734670   0.64832337   1.04719755   0.40602184   1.78634814  -2.18829045
  0.79365349  -0.04708184  -0.43710306   0.38587962   0.64839841   1.04717561   0.40456580   1.78593076  -2.19029131
  0.79365349  -0.04708184  -0.43710306   0.38587962   0.64839841   1.04717561   0.40456580   1.78593076  -2.19029131
  0.79554021  -0.04688377  -0.43654606   0.38441959   0.64847698   1.04714211   0.40312080   1.78552097  -2.19228693
  0.79554021  -0.04688377  -0.43654606   0.38441959   0.64847698   1.04714211   0.40312080   1.78552097  -2.19228693
  0.79742251  -0.04668031  -0.43599562   0.38296556   0.64854546   1.04711106   0.40169376   1.78512000  -2.19425200
  0.79742251  -0.04668031  -0.43599562   0.38296556   0.64854546   1.04711106   0.40169376   1.78512000  -2.19425200
  0.79907329  -0.04658510  -0.43557527   0.38158948   0.64848342   1.04719755   0.40037853   1.78487734  -2.19588009
  0.80075173  -0.04628020  -0.43480498   0.38035208   0.64896826   1.04690085   0.39932728   1.78405262  -2.19825914
  0.80094764  -0.04634749  -0.43466651   0.38045162   0.64908035   1.04693793   0.39914967   1.78413222  -2.19814554
  0.80094764  -0.04634749  -0.43466651   0.38045162   0.64908035   1.04693793   0.39914967   1.78413222  -2.19814554
  0.80323118  -0.04594430  -0.43426359   0.37848386   0.64880827   1.04719755   0.39724328   1.78387451  -2.20065409
  0.80323118  -0.04594430  -0.43426359   0.37848386   0.64880827   1.04719755   0.39724328   1.78387451  -2.20065409
  0.80497485  -0.04573718  -0.43371631   0.37721703   0.64891835   1.04713006   0.39594501   1.78347042  -2.20246566
  0.80497485  -0.04573718  -0.43371631   0.37721703   0.64891835   1.04713006   0.39594501   1.78347042  -2.20246566
  0.80685258  -0.04547462  -0.43310439   0.37582818   0.64907791   1.04699348   0.39462183   1.78308687  -2.20445685
  0.80685258  -0.04547462  -0.43310439   0.37582818   0.64907791   1.04699348   0.39462183   1.78308687  -2.20445685
  0.80888152  -0.04527141  -0.43252488   0.37420088   0.64909210   1.04706822   0.39298182   1.78269833  -2.20673561
  0.80888152  -0.04527141  -0.43252488   0.37420088   0.64909210   1.04706822   0.39298182   1.78269833  -2.20673561
  0.81062368  -0.04500301  -0.43194172   0.37299042   0.64926633   1.04697785   0.39174700   1.78227965  -2.20858365
  0.81062368  -0.04500301  -0.43194172   0.37299042   0.64926633   1.04697785   0.39174700   1.78227965  -2.20858365
  0.81227463  -0.04477647  -0.43143712   0.37171736   0.64934510   1.04700124   0.39054052   1.78205345  -2.21035232
  0.81353032  -0.04462577  -0.43109996   0.37071486   0.64932029   1.04719755   0.38949436   1.78166056  -2.21184179
  0.81353032  -0.04462577  -0.43109996   0.37071486   0.64932029   1.04719755   0.38949436   1.78166056  -2.21184179
  0.81529245  -0.04428068  -0.43048479   0.36955244   0.64955483   1.04703209   0.38834407   1.78126328  -2.21367206
  0.81529245  -0.04428068  -0.43048479   0.36955244   0.64955483   1.04703209   0.38834407   1.78126328  -2.21367206
  0.81732427  -0.04394036  -0.42981555   0.36802531   0.64973158   1.04693738   0.38686130   1.78092004  -2.21603179
  0.81732427  -0.04394036  -0.42981555   0.36802531   0.64973158   1.04693738   0.38686130   1.78092004  -2.21603179
  0.81904759  -0.04357721  -0.42921046   0.36690205   0.64996929   1.04680849   0.38570858   1.78055906  -2.21788728
  0.81904759  -0.04357721  -0.42921046   0.36690205   0.64996929   1.04680849   0.38570858   1.78055906  -2.21788728
  0.82071499  -0.04324122  -0.42865836   0.36569864   0.65013805   1.04678011   0.38456992   1.78035747  -2.21973304
  0.82221682  -0.04285137  -0.42800085   0.36482667   0.65055583   1.04654813   0.38344836   1.77978331  -2.22185971
  0.82221682  -0.04285137  -0.42800085   0.36482667   0.65055583   1.04654813   0.38344836   1.77978331  -2.22185971
  0.82374720  -0.04254564  -0.42760332   0.36366834   0.65054809   1.04661182   0.38254382   1.77971303  -2.22315614
  0.82374720  -0.04254564  -0.42760332   0.36366834   0.65054809   1.04661182   0.38254382   1.77971303  -2.22315614
  0.82551316  -0.04208694  -0.42702162   0.36249114   0.65075602   1.04655136   0.38142157   1.77941373  -2.22506259
  0.82551316  -0.04208694  -0.42702162   0.36249114   0.65075602   1.04655136   0.38142157   1.77941373  -2.22506259
  0.82751823  -0.04161661  -0.42634842   0.36107026   0.65098254   1.04653498   0.38001232   1.77910717  -2.22746320
  0.82751823  -0.04161661  -0.42634842   0.36107026   0.65098254   1.04653498   0.38001232   1.77910717  -2.22746320
  0.82923717  -0.04116707  -0.42571815   0.35999633   0.65127928   1.04641595   0.37892914   1.77876526  -2.22937364
  0.82923717  -0.04116707  -0.42571815   0.35999633   0.65127928   1.04641595   0.37892914   1.77876526  -2.22937364
  0.83089646  -0.04074423  -0.42514274   0.35886930   0.65150784   1.04636124   0.37785824   1.77858857  -2.23124213
  0.83214584  -0.04036637  -0.42458183   0.35796721   0.65188179   1.04606579   0.37734060   1.77808356  -2.23283367
  0.83236391  -0.04043051  -0.42440560   0.35810866   0.65203997   1.04620198   0.37711642   1.77817374  -2.23277161
  0.83236391  -0.04043051  -0.42440560   0.35810866   0.65203997   1.04620198   0.37711642   1.77817374  -2.23277161
  0.83477967  -0.03959727  -0.42369387   0.35642444   0.65225321   1.04591440   0.37547651   1.77799410  -2.23573666
  0.83477967  -0.03959727  -0.42369387   0.35642444   0.65225321   1.04591440   0.37547651   1.77799410  -2.23573666
  0.83652120  -0.03911217  -0.42306687   0.35534329   0.65254113   1.04577104   0.37439275   1.77772640  -2.23765368
  0.83652120  -0.03911217  -0.42306687   0.35534329   0.65254113   1.04577104   0.37439275   1.77772640  -2.23765368
  0.83833258  -0.03859050  -0.42240402   0.35419805   0.65285984   1.04559115   0.37330805   1.77746612  -2.23966856
  0.83833258  -0.03859050  -0.42240402   0.35419805   0.65285984   1.04559115   0.37330805   1.77746612  -2.23966856
  0.83992616  -0.03815872  -0.42189288   0.35313508   0.65302033   1.04554615   0.37233363   1.77737397  -2.24130147
  0.84147434  -0.03770240  -0.42106580   0.35220770   0.65367727   1.04510371   0.37140295   1.77677101  -2.24367089
  0.84147434  -0.03770240  -0.42106580   0.35220770   0.65367727   1.04510371   0.37140295   1.77677101  -2.24367089
  0.84294195  -0.03722008  -0.42051402   0.35135405   0.65398162   1.04488110   0.37050047   1.77662256  -2.24534955
  0.84294195  -0.03722008  -0.42051402   0.35135405   0.65398162   1.04488110   0.37050047   1.77662256  -2.24534955
  0.84474143  -0.03662316  -0.41974390   0.35029220   0.65449323   1.04451308   0.36946203   1.77636216  -2.24757934
  0.84474143  -0.03662316  -0.41974390   0.35029220   0.65449323   1.04451308   0.36946203   1.77636216  -2.24757934
  0.84642755  -0.03605704  -0.41909547   0.34929230   0.65486730   1.04423194   0.36854583   1.77619692  -2.24942549
  0.84642755  -0.03605704  -0.41909547   0.34929230   0.65486730   1.04423194   0.36854583   1.77619692  -2.24942549
  0.84825436  -0.03544027  -0.41834614   0.34822174   0.65534107   1.04388037   0.36748096   1.77599881  -2.25162365
  0.84825436  -0.03544027  -0.41834614   0.34822174   0.65534107   1.04388037   0.36748096   1.77599881  -2.25162365
  0.84998197  -0.03485918  -0.41767874   0.34720422   0.65572676   1.04358991   0.36652110   1.77584556  -2.25354209
  0.84998197  -0.03485918  -0.41767874   0.34720422   0.65572676   1.04358991   0.36652110   1.77584556  -2.25354209
  0.85179680  -0.03424788  -0.41694117   0.34613987   0.65618438   1.04324909   0.36547454   1.77566151  -2.25569457
  0.85196364  -0.03428137  -0.41682489   0.34613785   0.65627594   1.04333150   0.36544067   1.77570143  -2.25561043
  0.85360562  -0.03361314  -0.41625897   0.34506120   0.65656957   1.04290757   0.36456448   1.77543571  -2.25762418
  0.85375479  -0.03368903  -0.41611368   0.34507888   0.65669816   1.04302516   0.36450641   1.77551978  -2.25755912
  0.85539754  -0.03311463  -0.41573114   0.34397269   0.65667827   1.04293517   0.36337161   1.77564931  -2.25929116
  0.85539754  -0.03311463  -0.41573114   0.34397269   0.65667827   1.04293517   0.36337161   1.77564931  -2.25929116
  0.85718170  -0.03256611  -0.41505453   0.34288868   0.65702676   1.04269057   0.36233483   1.77542778  -2.26129717
  0.85718170  -0.03256611  -0.41505453   0.34288868   0.65702676   1.04269057   0.36233483   1.77542778  -2.26129717
  0.85895458  -0.03200849  -0.41438596   0.34183034   0.65737241   1.04244060   0.36133304   1.77523214  -2.26323168
  0.85895458  -0.03200849  -0.41438596   0.34183034   0.65737241   1.04244060   0.36133304   1.77523214  -2.26323168
  0.86090669  -0.03141508  -0.41363106   0.34059685   0.65776536   1.04217484   0.36012430   1.77505780  -2.26560212
  0.86090669  -0.03141508  -0.41363106   0.34059685   0.65776536   1.04217484   0.36012430   1.77505780  -2.26560212
  0.86257418  -0.03087834  -0.41294134   0.33967065   0.65818925   1.04187234   0.35919765   1.77481425  -2.26747683
  0.86257418  -0.03087834  -0.41294134   0.33967065   0.65818925   1.04187234   0.35919765   1.77481425  -2.26747683
  0.86432359  -0.03028315  -0.41223146   0.33867268   0.65862328   1.04153468   0.35826142   1.77462748  -2.26943530
  0.86432359  -0.03028315  -0.41223146   0.33867268   0.65862328   1.04153468   0.35826142   1.77462748  -2.26943530
  0.86583739  -0.02977714  -0.41169545   0.33775164   0.65887383   1.04134410   0.35747045   1.77464121  -2.27094850
  0.86705602  -0.02937001  -0.41111735   0.33724603   0.65930747   1.04104439   0.35646853   1.77443174  -2.27272353
  0.86734565  -0.02936810  -0.41092679   0.33674812   0.65943419   1.04104475   0.35681866   1.77436117  -2.27283417
  0.86859335  -0.02882735  -0.41057363   0.33617670   0.65956016   1.04079235   0.35579359   1.77439900  -2.27433571
  0.86859335  -0.02882735  -0.41057363   0.33617670   0.65956016   1.04079235   0.35579359   1.77439900  -2.27433571
  0.87052341  -0.02814118  -0.40965041   0.33515661   0.66026535   1.04025765   0.35485704   1.77404120  -2.27665337
  0.87052341  -0.02814118  -0.40965041   0.33515661   0.66026535   1.04025765   0.35485704   1.77404120  -2.27665337
  0.87204620  -0.02758696  -0.40905802   0.33428142   0.66061586   1.03997745   0.35405665   1.77408295  -2.27829678
  0.87360299  -0.02699764  -0.40818980   0.33333677   0.66137383   1.03933429   0.35336918   1.77350939  -2.28066236
  0.87360299  -0.02699764  -0.40818980   0.33333677   0.66137383   1.03933429   0.35336918   1.77350939  -2.28066236
  0.87493850  -0.02651657  -0.40775584   0.33277002   0.66156347   1.03921679   0.35256290   1.77373977  -2.28171009
  0.87577750  -0.02629114  -0.40729717   0.33221719   0.66192382   1.03903557   0.35245038   1.77354928  -2.28248104
  0.87695075  -0.02576811  -0.40676607   0.33167312   0.66234819   1.03860287   0.35159409   1.77341699  -2.28426780
  0.87695075  -0.02576811  -0.40676607   0.33167312   0.66234819   1.03860287   0.35159409   1.77341699  -2.28426780
  0.87851195  -0.02514623  -0.40603287   0.33085782   0.66292429   1.03809340   0.35100567   1.77309835  -2.28598700
  0.87851195  -0.02514623  -0.40603287   0.33085782   0.66292429   1.03809340   0.35100567   1.77309835  -2.28598700
  0.88020646  -0.02441817  -0.40519381   0.33022947   0.66365055   1.03748469   0.34978107   1.77295459  -2.28842497
  0.88040196  -0.02449589  -0.40501683   0.33005761   0.66379127   1.03760046   0.34989148   1.77304597  -2.28837277
  0.88184365  -0.02372382  -0.40469916   0.32915596   0.66383642   1.03722593   0.34908447   1.77334538  -2.28991154
  0.88184365  -0.02372382  -0.40469916   0.32915596   0.66383642   1.03722593   0.34908447   1.77334538  -2.28991154
  0.88344786  -0.02309423  -0.40401893   0.32829308   0.66430897   1.03683807   0.34828511   1.77338591  -2.29170639
  0.88344786  -0.02309423  -0.40401893   0.32829308   0.66430897   1.03683807   0.34828511   1.77338591  -2.29170639
  0.88512437  -0.02239366  -0.40335120   0.32744950   0.66475651   1.03639375   0.34754167   1.77332522  -2.29337816
  0.88624849  -0.02195379  -0.40275885   0.32683801   0.66526050   1.03600138   0.34687248   1.77320474  -2.29509347
  0.88624849  -0.02195379  -0.40275885   0.32683801   0.66526050   1.03600138   0.34687248   1.77320474  -2.29509347
  0.88789093  -0.02127603  -0.40201375   0.32603257   0.66583572   1.03550408   0.34609397   1.77310055  -2.29696937
  0.88789093  -0.02127603  -0.40201375   0.32603257   0.66583572   1.03550408   0.34609397   1.77310055  -2.29696937
  0.88957343  -0.02056218  -0.40126891   0.32518943   0.66640268   1.03499286   0.34532977   1.77303977  -2.29884926
  0.88957343  -0.02056218  -0.40126891   0.32518943   0.66640268   1.03499286   0.34532977   1.77303977  -2.29884926
  0.89128787  -0.01984137  -0.40042020   0.32431301   0.66711459   1.03441260   0.34445459   1.77297714  -2.30110945
  0.89242122  -0.01938517  -0.39982120   0.32351916   0.66761959   1.03397948   0.34417701   1.77276011  -2.30259174
  0.89267027  -0.01932904  -0.39972257   0.32375302   0.66769432   1.03401133   0.34389975   1.77276214  -2.30247582
  0.89414765  -0.01864569  -0.39899075   0.32306769   0.66833695   1.03338692   0.34317842   1.77248968  -2.30444768
  0.89414765  -0.01864569  -0.39899075   0.32306769   0.66833695   1.03338692   0.34317842   1.77248968  -2.30444768
  0.89587824  -0.01786133  -0.39811532   0.32224804   0.66911121   1.03271752   0.34222323   1.77242005  -2.30687604
  0.89587824  -0.01786133  -0.39811532   0.32224804   0.66911121   1.03271752   0.34222323   1.77242005  -2.30687604
  0.89731286  -0.01718083  -0.39761771   0.32141536   0.66940254   1.03237904   0.34171131   1.77277559  -2.30814567
  0.89731286  -0.01718083  -0.39761771   0.32141536   0.66940254   1.03237904   0.34171131   1.77277559  -2.30814567
  0.89889188  -0.01644150  -0.39693235   0.32066901   0.66994277   1.03185110   0.34102514   1.77281084  -2.30986155
  0.89889188  -0.01644150  -0.39693235   0.32066901   0.66994277   1.03185110   0.34102514   1.77281084  -2.30986155
  0.90061896  -0.01566539  -0.39603613   0.31982726   0.67074611   1.03118833   0.34018768   1.77276004  -2.31218874
  0.90173498  -0.01518237  -0.39542608   0.31906919   0.67128936   1.03071572   0.33994587   1.77256327  -2.31366501
  0.90198510  -0.01512556  -0.39532498   0.31930318   0.67136748   1.03074546   0.33967265   1.77256710  -2.31354816
  0.90342930  -0.01441911  -0.39459339   0.31866265   0.67203829   1.03008504   0.33899200   1.77231237  -2.31549712
  0.90342930  -0.01441911  -0.39459339   0.31866265   0.67203829   1.03008504   0.33899200   1.77231237  -2.31549712
  0.90513407  -0.01360760  -0.39369924   0.31788497   0.67286817   1.02936832   0.33809132   1.77225765  -2.31792267
  0.90513407  -0.01360760  -0.39369924   0.31788497   0.67286817   1.02936832   0.33809132   1.77225765  -2.31792267
  0.90655456  -0.01287591  -0.39318277   0.31712082   0.67321836   1.02897052   0.33763989   1.77265169  -2.31914697
  0.90655456  -0.01287591  -0.39318277   0.31712082   0.67321836   1.02897052   0.33763989   1.77265169  -2.31914697
  0.90808638  -0.01209143  -0.39251482   0.31642354   0.67377506   1.02839906   0.33705579   1.77274455  -2.32075569
  0.90808638  -0.01209143  -0.39251482   0.31642354   0.67377506   1.02839906   0.33705579   1.77274455  -2.32075569
  0.90993043  -0.01133218  -0.39129322   0.31553610   0.67501784   1.02749084   0.33624780   1.77220091  -2.32371658
  0.91019749  -0.01127144  -0.39118632   0.31561739   0.67508617   1.02751322   0.33612670   1.77220319  -2.32359210
  0.91146620  -0.01046877  -0.39066832   0.31477639   0.67553292   1.02692461   0.33556552   1.77262296  -2.32548234
  0.91180479  -0.01038488  -0.39053232   0.31486204   0.67562137   1.02693035   0.33544015   1.77257451  -2.32533753
  0.91300669  -0.00963351  -0.39001729   0.31413705   0.67608436   1.02634144   0.33500151   1.77280202  -2.32697818
  0.91300669  -0.00963351  -0.39001729   0.31413705   0.67608436   1.02634144   0.33500151   1.77280202  -2.32697818
  0.91470916  -0.00876897  -0.38917213   0.31353755   0.67687403   1.02563877   0.33424939   1.77279352  -2.32890204
  0.91563094  -0.00824850  -0.38865574   0.31305718   0.67740346   1.02516704   0.33387834   1.77289037  -2.33029299
  0.91563094  -0.00824850  -0.38865574   0.31305718   0.67740346   1.02516704   0.33387834   1.77289037  -2.33029299
  0.91729255  -0.00740902  -0.38779789   0.31243692   0.67822198   1.02444640   0.33321314   1.77279968  -2.33221346
  0.91729255  -0.00740902  -0.38779789   0.31243692   0.67822198   1.02444640   0.33321314   1.77279968  -2.33221346
  0.91890857  -0.00655748  -0.38698061   0.31177011   0.67900028   1.02373635   0.33259199   1.77281729  -2.33412317
  0.91890857  -0.00655748  -0.38698061   0.31177011   0.67900028   1.02373635   0.33259199   1.77281729  -2.33412317
  0.92051717  -0.00569287  -0.38617481   0.31110566   0.67976953   1.02302531   0.33199580   1.77286762  -2.33599292
  0.92051717  -0.00569287  -0.38617481   0.31110566   0.67976953   1.02302531   0.33199580   1.77286762  -2.33599292
  0.92228193  -0.00468747  -0.38524747   0.31035771   0.68070404   1.02216892   0.33129933   1.77301288  -2.33828415
  0.92228193  -0.00468747  -0.38524747   0.31035771   0.68070404   1.02216892   0.33129933   1.77301288  -2.33828415
  0.92379578  -0.00387171  -0.38444750   0.30978361   0.68149879   1.02146473   0.33073820   1.77300245  -2.34007801
  0.92379578  -0.00387171  -0.38444750   0.30978361   0.68149879   1.02146473   0.33073820   1.77300245  -2.34007801
  0.92538211  -0.00299636  -0.38362850   0.30915063   0.68230678   1.02072669   0.33017787   1.77304008  -2.34194010
  0.92538211  -0.00299636  -0.38362850   0.30915063   0.68230678   1.02072669   0.33017787   1.77304008  -2.34194010
  0.92712719  -0.00196538  -0.38268749   0.30844066   0.68328643   1.01983447   0.32951349   1.77319343  -2.34423109
  0.92712719  -0.00196538  -0.38268749   0.30844066   0.68328643   1.01983447   0.32951349   1.77319343  -2.34423109
  0.92862866  -0.00112831  -0.38187972   0.30789135   0.68411057   1.01910490   0.32897736   1.77319485  -2.34602088
  0.92862866  -0.00112831  -0.38187972   0.30789135   0.68411057   1.01910490   0.32897736   1.77319485  -2.34602088
  0.93020171  -0.00023068  -0.38105257   0.30728475   0.68494940   1.01834067   0.32844290   1.77324477  -2.34787871
  0.93020171  -0.00023068  -0.38105257   0.30728475   0.68494940   1.01834067   0.32844290   1.77324477  -2.34787871
  0.93192835   0.00083072  -0.38010214   0.30660943   0.68596891   1.01741407   0.32781440   1.77341636  -2.35016013
  0.93192835   0.00083072  -0.38010214   0.30660943   0.68596891   1.01741407   0.32781440   1.77341636  -2.35016013
  0.93341668   0.00168982  -0.37928694   0.30608581   0.68682284   1.01665911   0.32730346   1.77343018  -2.35194479
  0.93341668   0.00168982  -0.37928694   0.30608581   0.68682284   1.01665911   0.32730346   1.77343018  -2.35194479
  0.93497645   0.00261052  -0.37845141   0.30550549   0.68769339   1.01586841   0.32679529   1.77349223  -2.35379854
  0.93497645   0.00261052  -0.37845141   0.30550549   0.68769339   1.01586841   0.32679529   1.77349223  -2.35379854
  0.93668401   0.00370319  -0.37749135   0.30486521   0.68875391   1.01490744   0.32620248   1.77368200  -2.35607097
  0.93668401   0.00370319  -0.37749135   0.30486521   0.68875391   1.01490744   0.32620248   1.77368200  -2.35607097
  0.93815892   0.00458506  -0.37666862   0.30436735   0.68963828   1.01412724   0.32571674   1.77370810  -2.35785062
  0.93815892   0.00458506  -0.37666862   0.30436735   0.68963828   1.01412724   0.32571674   1.77370810  -2.35785062
  0.93970515   0.00552950  -0.37582456   0.30381328   0.69054124   1.01331029   0.32523471   1.77378202  -2.35970069
  0.93970515   0.00552950  -0.37582456   0.30381328   0.69054124   1.01331029   0.32523471   1.77378202  -2.35970069
  0.94139275   0.00665401  -0.37485524   0.30320823   0.69164296   1.01231564   0.32467786   1.77399005  -2.36196297
  0.94139275   0.00665401  -0.37485524   0.30320823   0.69164296   1.01231564   0.32467786   1.77399005  -2.36196297
  0.94285394   0.00755902  -0.37402500   0.30273614   0.69255814   1.01151054   0.32421716   1.77402804  -2.36373761
  0.94285394   0.00755902  -0.37402500   0.30273614   0.69255814   1.01151054   0.32421716   1.77402804  -2.36373761
  0.94438648   0.00852759  -0.37317229   0.30220819   0.69349400   1.01066765   0.32376105   1.77411340  -2.36558433
  0.94438648   0.00852759  -0.37317229   0.30220819   0.69349400   1.01066765   0.32376105   1.77411340  -2.36558433
  0.94605335   0.00968434  -0.37219405   0.30163842   0.69463699   1.00964011   0.32324018   1.77433956  -2.36783557
  0.94605335   0.00968434  -0.37219405   0.30163842   0.69463699   1.00964011   0.32324018   1.77433956  -2.36783557
  0.94748746   0.01061179  -0.37135794   0.30120264   0.69558787   1.00880731   0.32281427   1.77438812  -2.36959307
  0.94748746   0.01061179  -0.37135794   0.30120264   0.69558787   1.00880731   0.32281427   1.77438812  -2.36959307
  0.94891517   0.01160148  -0.37050837   0.30077490   0.69658982   1.00791435   0.32245763   1.77448164  -2.37134731
  0.94891517   0.01160148  -0.37050837   0.30077490   0.69658982   1.00791435   0.32245763   1.77448164  -2.37134731
  0.95028432   0.01281834  -0.36952602   0.30049563   0.69794232   1.00672701   0.32221450   1.77472447  -2.37335749
  0.95028432   0.01281834  -0.36952602   0.30049563   0.69794232   1.00672701   0.32221450   1.77472447  -2.37335749
  0.95126162   0.01382943  -0.36870654   0.30048901   0.69917277   1.00566907   0.32219898   1.77481931  -2.37472544
  0.95126162   0.01382943  -0.36870654   0.30048901   0.69917277   1.00566907   0.32219898   1.77481931  -2.37472544
  0.95184270   0.01494899  -0.36792992   0.30077728   0.70060609   1.00444593   0.32256550   1.77516133  -2.37574800
  0.95250985   0.01588627  -0.36697769   0.30091106   0.70219006   1.00317899   0.32283862   1.77494250  -2.37728250
  0.95250985   0.01588627  -0.36697769   0.30091106   0.70219006   1.00317899   0.32283862   1.77494250  -2.37728250
  0.95250985   0.01588627  -0.36697769   0.30091106   0.70219006   1.00317899   0.32283862   1.77494250  -2.37728250
  0.95060917   0.02215481  -0.36475083   0.30585933   0.70968026   0.99618481   0.32802378   1.77903431  -2.37709821
  0.95060917   0.02215481  -0.36475083   0.30585933   0.70968026   0.99618481   0.32802378   1.77903431  -2.37709821
  0.95060917   0.02215481  -0.36475083   0.30585933   0.70968026   0.99618481   0.32802378   1.77903431  -2.37709821
  0.94885777   0.02587271  -0.36313703   0.30947425   0.71486049   0.99159698   0.33179308   1.78087649  -2.37653867
  0.94885777   0.02587271  -0.36313703   0.30947425   0.71486049   0.99159698   0.33179308   1.78087649  -2.37653867
  0.94885777   0.02587271  -0.36313703   0.30947425   0.71486049   0.99159698   0.33179308   1.78087649  -2.37653867
  0.94636608   0.03036383  -0.36116144   0.31397702   0.72125945   0.98595117   0.33644731   1.78315664  -2.37597960
  0.94636608   0.03036383  -0.36116144   0.31397702   0.72125945   0.98595117   0.33644731   1.78315664  -2.37597960
  0.94636608   0.03036383  -0.36116144   0.31397702   0.72125945   0.98595117   0.33644731   1.78315664  -2.37597960
  0.94335599   0.03528002  -0.35909683   0.31907061   0.72813067   0.97983766   0.34174027   1.78570199  -2.37479977
  0.94335599   0.03528002  -0.35909683   0.31907061   0.72813067   0.97983766   0.34174027   1.78570199  -2.37479977
  0.94335599   0.03528002  -0.35909683   0.31907061   0.72813067   0.97983766   0.34174027   1.78570199  -2.37479977
  0.94033758   0.03870093  -0.35741764   0.32348446   0.73368657   0.97508780   0.34616202   1.78709588  -2.37345568
  0.94033758   0.03870093  -0.35741764   0.32348446   0.73368657   0.97508780   0.34616202   1.78709588  -2.37345568
  0.93752839   0.04368433  -0.35547754   0.32817303   0.74000650   0.96928981   0.35106608   1.79012892  -2.37233173
  0.93752839   0.04368433  -0.35547754   0.32817303   0.74000650   0.96928981   0.35106608   1.79012892  -2.37233173
  0.93752839   0.04368433  -0.35547754   0.32817303   0.74000650   0.96928981   0.35106608   1.79012892  -2.37233173
  0.93386716   0.04942535  -0.35327439   0.33380299   0.74728407   0.96262438   0.35695329   1.79369076  -2.37057392
  0.93386716   0.04942535  -0.35327439   0.33380299   0.74728407   0.96262438   0.35695329   1.79369076  -2.37057392
  0.93386716   0.04942535  -0.35327439   0.33380299   0.74728407   0.96262438   0.35695329   1.79369076  -2.37057392
  0.93031844   0.05490584  -0.35111987   0.33916524   0.75414741   0.95630220   0.36239235   1.79706934  -2.36900922
  0.93031844   0.05490584  -0.35111987   0.33916524   0.75414741   0.95630220   0.36239235   1.79706934  -2.36900922
  0.93031844   0.05490584  -0.35111987   0.33916524   0.75414741   0.95630220   0.36239235   1.79706934  -2.36900922
  0.92648680   0.06037574  -0.34849707   0.34493686   0.76168827   0.94955389   0.36821459   1.79971353  -2.36746116
  0.92648680   0.06037574  -0.34849707   0.34493686   0.76168827   0.94955389   0.36821459   1.79971353  -2.36746116
  0.92648680   0.06037574  -0.34849707   0.34493686   0.76168827   0.94955389   0.36821459   1.79971353  -2.36746116
  0.92267242   0.06574683  -0.34601150   0.35044495   0.76878823   0.94314476   0.37386265   1.80260516  -2.36572529
  0.92267242   0.06574683  -0.34601150   0.35044495   0.76878823   0.94314476   0.37386265   1.80260516  -2.36572529
  0.92061907   0.06648562  -0.34468851   0.35281633   0.77188914   0.94082567   0.37619815   1.80152951  -2.36523742
  0.92061907   0.06648562  -0.34468851   0.35281633   0.77188914   0.94082567   0.37619815   1.80152951  -2.36523742
  0.92070422   0.06664242  -0.34470542   0.35303997   0.77189414   0.94073847   0.37608123   1.80152748  -2.36507952
  0.92070422   0.06664242  -0.34470542   0.35303997   0.77189414   0.94073847   0.37608123   1.80152748  -2.36507952
  0.91498371   0.07616549  -0.34065189   0.36150720   0.78301630   0.93033211   0.38482201   1.80758500  -2.36264969
  0.91498371   0.07616549  -0.34065189   0.36150720   0.78301630   0.93033211   0.38482201   1.80758500  -2.36264969
  0.91498371   0.07616549  -0.34065189   0.36150720   0.78301630   0.93033211   0.38482201   1.80758500  -2.36264969
  0.91498371   0.07616549  -0.34065189   0.36150720   0.78301630   0.93033211   0.38482201   1.80758500  -2.36264969
  0.91009203   0.08320384  -0.33045562   0.37180991   0.78539816   0.92032960   0.39479041   1.81354384  -2.36126707
  0.91009203   0.08320384  -0.33045562   0.37180991   0.78539816   0.92032960   0.39479041   1.81354384  -2.36126707
  0.91009203   0.08320384  -0.33045562   0.37180991   0.78539816   0.92032960   0.39479041   1.81354384  -2.36126707
  0.91009203   0.08320384  -0.33045562   0.37180991   0.78539816   0.92032960   0.39479041   1.81354384  -2.36126707
  0.90515947   0.08841179  -0.31732870   0.38342960   0.78539816   0.91016573   0.40571539   1.81725417  -2.36043604
  0.90515947   0.08841179  -0.31732870   0.38342960   0.78539816   0.91016573   0.40571539   1.81725417  -2.36043604
  0.90515947   0.08841179  -0.31732870   0.38342960   0.78539816   0.91016573   0.40571539   1.81725417  -2.36043604
  0.90515947   0.08841179  -0.31732870   0.38342960   0.78539816   0.91016573   0.40571539   1.81725417  -2.36043604
  0.90073780   0.09426850  -0.30497679   0.39427729   0.78533009   0.90030627   0.41598419   1.82222435  -2.36011704
  0.90073780   0.09426850  -0.30497679   0.39427729   0.78533009   0.90030627   0.41598419   1.82222435  -2.36011704
  0.90073780   0.09426850  -0.30497679   0.39427729   0.78533009   0.90030627   0.41598419   1.82222435  -2.36011704
  0.89756040   0.09880533  -0.29568287   0.40257472   0.78539816   0.89299441   0.42405610   1.82572425  -2.35902261
  0.89756040   0.09880533  -0.29568287   0.40257472   0.78539816   0.89299441   0.42405610   1.82572425  -2.35902261
  0.89756040   0.09880533  -0.29568287   0.40257472   0.78539816   0.89299441   0.42405610   1.82572425  -2.35902261
  0.89756040   0.09880533  -0.29568287   0.40257472   0.78539816   0.89299441   0.42405610   1.82572425  -2.35902261
  0.89309393   0.10509617  -0.28284134   0.41416587   0.78527190   0.88282518   0.43481265   1.83081807  -2.35824394
  0.89309393   0.10509617  -0.28284134   0.41416587   0.78527190   0.88282518   0.43481265   1.83081807  -2.35824394
  0.89309393   0.10509617  -0.28284134   0.41416587   0.78527190   0.88282518   0.43481265   1.83081807  -2.35824394
  0.89309393   0.10509617  -0.28284134   0.41416587   0.78527190   0.88282518   0.43481265   1.83081807  -2.35824394
  0.88911510   0.11137734  -0.27088054   0.42466800   0.78538219   0.87330477   0.44544189   1.83567340  -2.35712082
  0.88911510   0.11137734  -0.27088054   0.42466800   0.78538219   0.87330477   0.44544189   1.83567340  -2.35712082
  0.88911510   0.11137734  -0.27088054   0.42466800   0.78538219   0.87330477   0.44544189   1.83567340  -2.35712082
  0.88545094   0.11670896  -0.26109802   0.43379587   0.78539816   0.86549068   0.45429233   1.84010848  -2.35566879
  0.88545094   0.11670896  -0.26109802   0.43379587   0.78539816   0.86549068   0.45429233   1.84010848  -2.35566879
  0.88545094   0.11670896  -0.26109802   0.43379587   0.78539816   0.86549068   0.45429233   1.84010848  -2.35566879
  0.88545094   0.11670896  -0.26109802   0.43379587   0.78539816   0.86549068   0.45429233   1.84010848  -2.35566879
  0.88175227   0.12264687  -0.24981277   0.44404256   0.78532830   0.85658084   0.46395817   1.84459628  -2.35478427
  0.88175227   0.12264687  -0.24981277   0.44404256   0.78532830   0.85658084   0.46395817   1.84459628  -2.35478427
  0.88175227   0.12264687  -0.24981277   0.44404256   0.78532830   0.85658084   0.46395817   1.84459628  -2.35478427
  0.88175227   0.12264687  -0.24981277   0.44404256   0.78532830   0.85658084   0.46395817   1.84459628  -2.35478427
  0.87803226   0.12900327  -0.23774862   0.45456972   0.78537552   0.84731432   0.47476349   1.84922932  -2.35336911
  0.87803226   0.12900327  -0.23774862   0.45456972   0.78537552   0.84731432   0.47476349   1.84922932  -2.35336911
  0.87803226   0.12900327  -0.23774862   0.45456972   0.78537552   0.84731432   0.47476349   1.84922932  -2.35336911
  0.87463502   0.13427061  -0.22787768   0.46370012   0.78517816   0.83968593   0.48351302   1.85330701  -2.35204859
  0.87463502   0.13427061  -0.22787768   0.46370012   0.78517816   0.83968593   0.48351302   1.85330701  -2.35204859
  0.87463502   0.13427061  -0.22787768   0.46370012   0.78517816   0.83968593   0.48351302   1.85330701  -2.35204859
  0.87173329   0.13922132  -0.21914276   0.47168291   0.78515582   0.83288329   0.49150407   1.85692168  -2.35069263
  0.87173329   0.13922132  -0.21914276   0.47168291   0.78515582   0.83288329   0.49150407   1.85692168  -2.35069263
  0.87173329   0.13922132  -0.21914276   0.47168291   0.78515582   0.83288329   0.49150407   1.85692168  -2.35069263
  0.86903720   0.14401755  -0.21092489   0.47926972   0.78535657   0.82638012   0.49892224   1.86036706  -2.34964239
  0.86903720   0.14401755  -0.21092489   0.47926972   0.78535657   0.82638012   0.49892224   1.86036706  -2.34964239
  0.86903720   0.14401755  -0.21092489   0.47926972   0.78535657   0.82638012   0.49892224   1.86036706  -2.34964239
  0.86584297   0.14884833  -0.20187018   0.48769071   0.78539816   0.81950933   0.50736918   1.86365007  -2.34784683
  0.86584297   0.14884833  -0.20187018   0.48769071   0.78539816   0.81950933   0.50736918   1.86365007  -2.34784683
  0.86584297   0.14884833  -0.20187018   0.48769071   0.78539816   0.81950933   0.50736918   1.86365007  -2.34784683
  0.86584297   0.14884833  -0.20187018   0.48769071   0.78539816   0.81950933   0.50736918   1.86365007  -2.34784683
  0.86224451   0.15565546  -0.19023217   0.49825373   0.78534274   0.81054644   0.51787883   1.86845027  -2.34625473
  0.86224451   0.15565546  -0.19023217   0.49825373   0.78534274   0.81054644   0.51787883   1.86845027  -2.34625473
  0.86224451   0.15565546  -0.19023217   0.49825373   0.78534274   0.81054644   0.51787883   1.86845027  -2.34625473
  0.85966003   0.15973736  -0.18249263   0.50541600   0.78539816   0.80473421   0.52510136   1.87083385  -2.34469907
  0.85966003   0.15973736  -0.18249263   0.50541600   0.78539816   0.80473421   0.52510136   1.87083385  -2.34469907
  0.85966003   0.15973736  -0.18249263   0.50541600   0.78539816   0.80473421   0.52510136   1.87083385  -2.34469907
  0.85966003   0.15973736  -0.18249263   0.50541600   0.78539816   0.80473421   0.52510136   1.87083385  -2.34469907
  0.85617615   0.16742523  -0.17015238   0.51643264   0.78526780   0.79536152   0.53628595   1.87636873  -2.34291855
  0.85617615   0.16742523  -0.17015238   0.51643264   0.78526780   0.79536152   0.53628595   1.87636873  -2.34291855
  0.85468452   0.16721461  -0.16853755   0.51860684   0.78539816   0.79435396   0.53825641   1.87554679  -2.34146844
  0.85468452   0.16721461  -0.16853755   0.51860684   0.78539816   0.79435396   0.53825641   1.87554679  -2.34146844
  0.85468452   0.16721461  -0.16853755   0.51860684   0.78539816   0.79435396   0.53825641   1.87554679  -2.34146844
  0.85157743   0.17546429  -0.15583002   0.52962756   0.78506488   0.78473556   0.54960472   1.88138029  -2.33999296
  0.85157743   0.17546429  -0.15583002   0.52962756   0.78506488   0.78473556   0.54960472   1.88138029  -2.33999296
  0.85157743   0.17546429  -0.15583002   0.52962756   0.78506488   0.78473556   0.54960472   1.88138029  -2.33999296
  0.84919479   0.18020831  -0.14832394   0.53659213   0.78524370   0.77894683   0.55668468   1.88436489  -2.33858498
  0.84919479   0.18020831  -0.14832394   0.53659213   0.78524370   0.77894683   0.55668468   1.88436489  -2.33858498
  0.84919479   0.18020831  -0.14832394   0.53659213   0.78524370   0.77894683   0.55668468   1.88436489  -2.33858498
  0.84919479   0.18020831  -0.14832394   0.53659213   0.78524370   0.77894683   0.55668468   1.88436489  -2.33858498
  0.84570968   0.18794834  -0.13613386   0.54766451   0.78533170   0.76985789   0.56799429   1.88938887  -2.33622631
  0.84570968   0.18794834  -0.13613386   0.54766451   0.78533170   0.76985789   0.56799429   1.88938887  -2.33622631
  0.84570968   0.18794834  -0.13613386   0.54766451   0.78533170   0.76985789   0.56799429   1.88938887  -2.33622631
  0.84570968   0.18794834  -0.13613386   0.54766451   0.78533170   0.76985789   0.56799429   1.88938887  -2.33622631
  0.84213369   0.19481971  -0.12481800   0.55819535   0.78532946   0.76146267   0.57865671   1.89346320  -2.33374184
  0.84213369   0.19481971  -0.12481800   0.55819535   0.78532946   0.76146267   0.57865671   1.89346320  -2.33374184
  0.84213369   0.19481971  -0.12481800   0.55819535   0.78532946   0.76146267   0.57865671   1.89346320  -2.33374184
  0.83958188   0.19972070  -0.11672478   0.56568108   0.78539816   0.75554212   0.58646596   1.89609993  -2.33165865
  0.83958188   0.19972070  -0.11672478   0.56568108   0.78539816   0.75554212   0.58646596   1.89609993  -2.33165865
  0.83958188   0.19972070  -0.11672478   0.56568108   0.78539816   0.75554212   0.58646596   1.89609993  -2.33165865
  0.83958188   0.19972070  -0.11672478   0.56568108   0.78539816   0.75554212   0.58646596   1.89609993  -2.33165865
  0.83618699   0.20697982  -0.10520718   0.57625383   0.78522309   0.74712089   0.59720930   1.90044047  -2.32920323
  0.83618699   0.20697982  -0.10520718   0.57625383   0.78522309   0.74712089   0.59720930   1.90044047  -2.32920323
  0.83618699   0.20697982  -0.10520718   0.57625383   0.78522309   0.74712089   0.59720930   1.90044047  -2.32920323
  0.83378520   0.21178998  -0.09785679   0.58321826   0.78535722   0.74168536   0.60426872   1.90323431  -2.32730049
  0.83378520   0.21178998  -0.09785679   0.58321826   0.78535722   0.74168536   0.60426872   1.90323431  -2.32730049
  0.83378520   0.21178998  -0.09785679   0.58321826   0.78535722   0.74168536   0.60426872   1.90323431  -2.32730049
  0.83378520   0.21178998  -0.09785679   0.58321826   0.78535722   0.74168536   0.60426872   1.90323431  -2.32730049
  0.83046964   0.21691033  -0.08938326   0.59159390   0.78528091   0.73553738   0.61278496   1.90580979  -2.32428309
  0.83046964   0.21691033  -0.08938326   0.59159390   0.78528091   0.73553738   0.61278496   1.90580979  -2.32428309
  0.83046964   0.21691033  -0.08938326   0.59159390   0.78528091   0.73553738   0.61278496   1.90580979  -2.32428309
  0.82881790   0.21723550  -0.08911773   0.59275829   0.78528300   0.73520969   0.61416208   1.90617057  -2.32249116
  0.82881790   0.21723550  -0.08911773   0.59275829   0.78528300   0.73520969   0.61416208   1.90617057  -2.32249116
  0.82723333   0.21786507  -0.08809223   0.59449739   0.78539816   0.73430064   0.61592548   1.90656047  -2.32106679
  0.82723333   0.21786507  -0.08809223   0.59449739   0.78539816   0.73430064   0.61592548   1.90656047  -2.32106679
  0.82528068   0.21818511  -0.08811143   0.59569976   0.78512831   0.73428801   0.61731549   1.90719595  -2.31853317
  0.82528068   0.21818511  -0.08811143   0.59569976   0.78512831   0.73428801   0.61731549   1.90719595  -2.31853317
  0.82286339   0.22233197  -0.08227562   0.60172829   0.78539816   0.72970027   0.62322762   1.90947136  -2.31653993
  0.82286339   0.22233197  -0.08227562   0.60172829   0.78539816   0.72970027   0.62322762   1.90947136  -2.31653993
  0.82162590   0.22220560  -0.08263732   0.60203871   0.78496219   0.73000645   0.62382132   1.90988775  -2.31515526
  0.82162590   0.22220560  -0.08263732   0.60203871   0.78496219   0.73000645   0.62382132   1.90988775  -2.31515526
  0.81985672   0.22191023  -0.08325225   0.60264807   0.78426589   0.73056554   0.62457738   1.91019344  -2.31273307
  0.81985672   0.22191023  -0.08325225   0.60264807   0.78426589   0.73056554   0.62457738   1.91019344  -2.31273307
  0.81840468   0.22151588  -0.08378001   0.60307258   0.78368424   0.73102800   0.62510555   1.91037339  -2.31099946
  0.81840468   0.22151588  -0.08378001   0.60307258   0.78368424   0.73102800   0.62510555   1.91037339  -2.31099946
  0.81709684   0.22108062  -0.08429838   0.60347447   0.78312885   0.73144955   0.62552946   1.91037699  -2.30943208
  0.81578148   0.22073463  -0.08500874   0.60382701   0.78242305   0.73220989   0.62579785   1.91085033  -2.30736385
  0.81578148   0.22073463  -0.08500874   0.60382701   0.78242305   0.73220989   0.62579785   1.91085033  -2.30736385
  0.81450715   0.22029039  -0.08559627   0.60401680   0.78182130   0.73268524   0.62618238   1.91099304  -2.30599354
  0.81450715   0.22029039  -0.08559627   0.60401680   0.78182130   0.73268524   0.62618238   1.91099304  -2.30599354
  0.81291633   0.21975153  -0.08647388   0.60440318   0.78095566   0.73348598   0.62657767   1.91111182  -2.30363191
  0.81267364   0.21971064  -0.08657159   0.60426596   0.78084802   0.73343228   0.62675505   1.91109774  -2.30373479
  0.81267364   0.21971064  -0.08657159   0.60426596   0.78084802   0.73343228   0.62675505   1.91109774  -2.30373479
  0.81041126   0.21888847  -0.08782839   0.60452549   0.77962922   0.73467926   0.62758805   1.91116529  -2.30024133
  0.81033960   0.21865550  -0.08770728   0.60472078   0.77973356   0.73478663   0.62743146   1.91131886  -2.30026867
  0.80936303   0.21817131  -0.08821262   0.60512791   0.77922473   0.73511551   0.62746884   1.91115165  -2.29920920
  0.80913318   0.21817273  -0.08834898   0.60497683   0.77908448   0.73506166   0.62765352   1.91110845  -2.29925088
  0.80777688   0.21753539  -0.08909138   0.60523140   0.77837478   0.73595164   0.62800307   1.91122547  -2.29704495
  0.80777688   0.21753539  -0.08909138   0.60523140   0.77837478   0.73595164   0.62800307   1.91122547  -2.29704495
  0.80624645   0.21680076  -0.08994719   0.60545625   0.77755533   0.73682417   0.62844349   1.91113165  -2.29477726
  0.80594743   0.21675848  -0.09009692   0.60546346   0.77738908   0.73671514   0.62847065   1.91113105  -2.29494905
  0.80482657   0.21613459  -0.09073591   0.60569937   0.77678834   0.73748353   0.62871358   1.91109160  -2.29308819
  0.80482657   0.21613459  -0.09073591   0.60569937   0.77678834   0.73748353   0.62871358   1.91109160  -2.29308819
  0.80339837   0.21543422  -0.09151410   0.60594213   0.77603671   0.73825339   0.62899655   1.91114100  -2.29122870
  0.80339837   0.21543422  -0.09151410   0.60594213   0.77603671   0.73825339   0.62899655   1.91114100  -2.29122870
  0.80194848   0.21471617  -0.09230664   0.60611846   0.77527591   0.73905872   0.62936035   1.91115600  -2.28929444
  0.80194848   0.21471617  -0.09230664   0.60611846   0.77527591   0.73905872   0.62936035   1.91115600  -2.28929444
  0.80055504   0.21402908  -0.09309378   0.60630997   0.77452308   0.73983604   0.62969195   1.91113066  -2.28738873
  0.80039274   0.21403265  -0.09319968   0.60632065   0.77440969   0.73976108   0.62969913   1.91111045  -2.28746963
  0.79929077   0.21320673  -0.09374195   0.60652654   0.77389780   0.74040852   0.62986944   1.91089302  -2.28613017
  0.79929077   0.21320673  -0.09374195   0.60652654   0.77389780   0.74040852   0.62986944   1.91089302  -2.28613017
  0.79799436   0.21249828  -0.09450199   0.60669950   0.77317536   0.74107396   0.63009495   1.91075898  -2.28456636
  0.79689569   0.21206193  -0.09521544   0.60689481   0.77250234   0.74181726   0.63023050   1.91103696  -2.28283265
  0.79689569   0.21206193  -0.09521544   0.60689481   0.77250234   0.74181726   0.63023050   1.91103696  -2.28283265
  0.79543735   0.21146553  -0.09604059   0.60720676   0.77169547   0.74252650   0.63045774   1.91117385  -2.28100065
  0.79543735   0.21146553  -0.09604059   0.60720676   0.77169547   0.74252650   0.63045774   1.91117385  -2.28100065
  0.79399361   0.21081808  -0.09682537   0.60727717   0.77094226   0.74334671   0.63099422   1.91118042  -2.27894697
  0.79399361   0.21081808  -0.09682537   0.60727717   0.77094226   0.74334671   0.63099422   1.91118042  -2.27894697
  0.79251243   0.21012059  -0.09763391   0.60751195   0.77015803   0.74408460   0.63138765   1.91107311  -2.27699882
  0.79251243   0.21012059  -0.09763391   0.60751195   0.77015803   0.74408460   0.63138765   1.91107311  -2.27699882
  0.79109411   0.20942679  -0.09838667   0.60774413   0.76942881   0.74484282   0.63174241   1.91105986  -2.27510802
  0.79109411   0.20942679  -0.09838667   0.60774413   0.76942881   0.74484282   0.63174241   1.91105986  -2.27510802
  0.78967422   0.20875837  -0.09914851   0.60797329   0.76869000   0.74559236   0.63210383   1.91105793  -2.27321155
  0.78967422   0.20875837  -0.09914851   0.60797329   0.76869000   0.74559236   0.63210383   1.91105793  -2.27321155
  0.78816420   0.20809614  -0.09994908   0.60826088   0.76790113   0.74627647   0.63242430   1.91108393  -2.27141469
  0.78816420   0.20809614  -0.09994908   0.60826088   0.76790113   0.74627647   0.63242430   1.91108393  -2.27141469
  0.78666151   0.20740340  -0.10075085   0.60849672   0.76712366   0.74708924   0.63285710   1.91107087  -2.26931695
  0.78666151   0.20740340  -0.10075085   0.60849672   0.76712366   0.74708924   0.63285710   1.91107087  -2.26931695
  0.78527711   0.20674451  -0.10144553   0.60874164   0.76644028   0.74776989   0.63321669   1.91106821  -2.26757871
  0.78527711   0.20674451  -0.10144553   0.60874164   0.76644028   0.74776989   0.63321669   1.91106821  -2.26757871
  0.78370897   0.20607958  -0.10225066   0.60899776   0.76564266   0.74847562   0.63362717   1.91111279  -2.26570571
  0.78370897   0.20607958  -0.10225066   0.60899776   0.76564266   0.74847562   0.63362717   1.91111279  -2.26570571
  0.78260428   0.20537501  -0.10273081   0.60946297   0.76515206   0.74885507   0.63369755   1.91080760  -2.26463562
  0.78142910   0.20502823  -0.10352931   0.60962283   0.76439888   0.74964589   0.63402459   1.91101002  -2.26252788
  0.78116932   0.20492885  -0.10359111   0.60954370   0.76432018   0.74961165   0.63414196   1.91106254  -2.26267551
  0.77986777   0.20431400  -0.10425492   0.60970644   0.76368200   0.75043612   0.63467141   1.91104147  -2.26054513
  0.77965379   0.20433769  -0.10442072   0.60986425   0.76350222   0.75029875   0.63454954   1.91099989  -2.26065056
  0.77846563   0.20374253  -0.10497660   0.61004796   0.76295864   0.75099583   0.63500254   1.91097292  -2.25886527
  0.77818507   0.20352696  -0.10500433   0.61031352   0.76290411   0.75103574   0.63481932   1.91112693  -2.25889759
  0.77695931   0.20309411  -0.10573974   0.61053343   0.76219949   0.75178925   0.63527936   1.91109439  -2.25670537
  0.77665247   0.20306278  -0.10588354   0.61047962   0.76203714   0.75167146   0.63537493   1.91109015  -2.25689527
  0.77665247   0.20306278  -0.10588354   0.61047962   0.76203714   0.75167146   0.63537493   1.91109015  -2.25689527
  0.77523962   0.20221922  -0.10639139   0.61096768   0.76150942   0.75236592   0.63578504   1.91090086  -2.25500933
  0.77406934   0.20185059  -0.10704045   0.61128176   0.76086429   0.75295226   0.63597729   1.91118604  -2.25340940
  0.77406934   0.20185059  -0.10704045   0.61128176   0.76086429   0.75295226   0.63597729   1.91118604  -2.25340940
  0.77286277   0.20127976  -0.10752225   0.61155319   0.76035824   0.75335723   0.63642780   1.91096060  -2.25208459
  0.77209776   0.20101218  -0.10793908   0.61151642   0.75996095   0.75384804   0.63694792   1.91088221  -2.25066144
  0.77121088   0.20071785  -0.10840954   0.61193230   0.75948105   0.75423103   0.63695213   1.91107897  -2.24952080
  0.77091311   0.20064490  -0.10851706   0.61187801   0.75935616   0.75418673   0.63706144   1.91112957  -2.24962114
  0.76975205   0.20012806  -0.10903563   0.61228740   0.75883057   0.75481128   0.63743027   1.91108372  -2.24775220
  0.76975205   0.20012806  -0.10903563   0.61228740   0.75883057   0.75481128   0.63743027   1.91108372  -2.24775220
  0.76822599   0.19952211  -0.10966918   0.61263307   0.75816657   0.75540802   0.63795553   1.91113221  -2.24594787
  0.76822599   0.19952211  -0.10966918   0.61263307   0.75816657   0.75540802   0.63795553   1.91113221  -2.24594787
  0.76671803   0.19894576  -0.11030518   0.61304326   0.75749842   0.75599752   0.63843615   1.91118844  -2.24409973
  0.76671803   0.19894576  -0.11030518   0.61304326   0.75749842   0.75599752   0.63843615   1.91118844  -2.24409973
  0.76538573   0.19843905  -0.11084065   0.61346306   0.75692428   0.75644647   0.63887719   1.91112850  -2.24250848
  0.76412033   0.19808530  -0.11151596   0.61382537   0.75624863   0.75714716   0.63916206   1.91152035  -2.24054954
  0.76412033   0.19808530  -0.11151596   0.61382537   0.75624863   0.75714716   0.63916206   1.91152035  -2.24054954
  0.76271548   0.19761299  -0.11213821   0.61416206   0.75559609   0.75766524   0.63958469   1.91167872  -2.23893479
  0.76271548   0.19761299  -0.11213821   0.61416206   0.75559609   0.75766524   0.63958469   1.91167872  -2.23893479
  0.76106952   0.19702333  -0.11284376   0.61449185   0.75486192   0.75837729   0.64020890   1.91184474  -2.23681922
  0.76106952   0.19702333  -0.11284376   0.61449185   0.75486192   0.75837729   0.64020890   1.91184474  -2.23681922
  0.75941679   0.19644045  -0.11356405   0.61508168   0.75410184   0.75901720   0.64069754   1.91185630  -2.23461184
  0.75941679   0.19644045  -0.11356405   0.61508168   0.75410184   0.75901720   0.64069754   1.91185630  -2.23461184
  0.75805324   0.19599152  -0.11413807   0.61543376   0.75349232   0.75951531   0.64126483   1.91181977  -2.23282249
  0.75805324   0.19599152  -0.11413807   0.61543376   0.75349232   0.75951531   0.64126483   1.91181977  -2.23282249
  0.75649870   0.19546968  -0.11477423   0.61585318   0.75281644   0.76015492   0.64193443   1.91183418  -2.23063082
  0.75649870   0.19546968  -0.11477423   0.61585318   0.75281644   0.76015492   0.64193443   1.91183418  -2.23063082
  0.75506157   0.19496811  -0.11530524   0.61629933   0.75223110   0.76065330   0.64245845   1.91191468  -2.22888980
  0.75506157   0.19496811  -0.11530524   0.61629933   0.75223110   0.76065330   0.64245845   1.91191468  -2.22888980
  0.75340723   0.19446804  -0.11598376   0.61678217   0.75149678   0.76120981   0.64304931   1.91203392  -2.22687245
  0.75340723   0.19446804  -0.11598376   0.61678217   0.75149678   0.76120981   0.64304931   1.91203392  -2.22687245
  0.75185758   0.19396341  -0.11656862   0.61726440   0.75085545   0.76178785   0.64368929   1.91209579  -2.22479366
  0.75185758   0.19396341  -0.11656862   0.61726440   0.75085545   0.76178785   0.64368929   1.91209579  -2.22479366
  0.75037559   0.19348858  -0.11710590   0.61774765   0.75025528   0.76229198   0.64426922   1.91218778  -2.22292704
  0.75037559   0.19348858  -0.11710590   0.61774765   0.75025528   0.76229198   0.64426922   1.91218778  -2.22292704
  0.74874079   0.19301528  -0.11773612   0.61827636   0.74955491   0.76278839   0.64485547   1.91231712  -2.22099048
  0.74874079   0.19301528  -0.11773612   0.61827636   0.74955491   0.76278839   0.64485547   1.91231712  -2.22099048
  0.74715332   0.19253475  -0.11831145   0.61878429   0.74891178   0.76335539   0.64554900   1.91240292  -2.21885079
  0.74715332   0.19253475  -0.11831145   0.61878429   0.74891178   0.76335539   0.64554900   1.91240292  -2.21885079
  0.74566848   0.19208160  -0.11881016   0.61928726   0.74833692   0.76382076   0.64616640   1.91250693  -2.21701312
  0.74566848   0.19208160  -0.11881016   0.61928726   0.74833692   0.76382076   0.64616640   1.91250693  -2.21701312
  0.74400270   0.19162683  -0.11941730   0.61982179   0.74764706   0.76429891   0.64682335   1.91265236  -2.21504579
  0.74400270   0.19162683  -0.11941730   0.61982179   0.74764706   0.76429891   0.64682335   1.91265236  -2.21504579
  0.74273808   0.19126673  -0.11989917   0.62051131   0.74709516   0.76464790   0.64704210   1.91281145  -2.21353218
  0.74247001   0.19122985  -0.11999473   0.62037603   0.74698387   0.76460565   0.64726100   1.91281725  -2.21357443
  0.74095432   0.19074476  -0.12052985   0.62088630   0.74638927   0.76529529   0.64794806   1.91300525  -2.21124211
  0.74095432   0.19074476  -0.12052985   0.62088630   0.74638927   0.76529529   0.64794806   1.91300525  -2.21124211
  0.73947091   0.19032912  -0.12081028   0.62164529   0.74596149   0.76548205   0.64873555   1.91280825  -2.20950711
  0.73947091   0.19032912  -0.12081028   0.62164529   0.74596149   0.76548205   0.64873555   1.91280825  -2.20950711
  0.73784383   0.18995438  -0.12125453   0.62230564   0.74538972   0.76585762   0.64948984   1.91299581  -2.20753729
  0.73784383   0.18995438  -0.12125453   0.62230564   0.74538972   0.76585762   0.64948984   1.91299581  -2.20753729
  0.73638311   0.18966052  -0.12161839   0.62296873   0.74489396   0.76611090   0.65021659   1.91307316  -2.20576403
  0.73549872   0.18952229  -0.12168975   0.62345796   0.74469948   0.76615799   0.65072160   1.91321399  -2.20481655
  0.73549872   0.18952229  -0.12168975   0.62345796   0.74469948   0.76615799   0.65072160   1.91321399  -2.20481655
  0.73365942   0.18921811  -0.12225594   0.62419095   0.74399605   0.76664830   0.65163632   1.91350935  -2.20229522
  0.73365942   0.18921811  -0.12225594   0.62419095   0.74399605   0.76664830   0.65163632   1.91350935  -2.20229522
  0.73213034   0.18888292  -0.12268825   0.62478936   0.74344290   0.76699959   0.65233909   1.91371976  -2.20046569
  0.73213034   0.18888292  -0.12268825   0.62478936   0.74344290   0.76699959   0.65233909   1.91371976  -2.20046569
  0.73070283   0.18858281  -0.12303994   0.62544693   0.74295821   0.76724086   0.65303224   1.91379503  -2.19876391
  0.72944232   0.18835600  -0.12357523   0.62593295   0.74236863   0.76776083   0.65343119   1.91422277  -2.19690146
  0.72944232   0.18835600  -0.12357523   0.62593295   0.74236863   0.76776083   0.65343119   1.91422277  -2.19690146
  0.72811014   0.18803693  -0.12374577   0.62648028   0.74203687   0.76784028   0.65429245   1.91414097  -2.19555827
  0.72811014   0.18803693  -0.12374577   0.62648028   0.74203687   0.76784028   0.65429245   1.91414097  -2.19555827
  0.72649937   0.18774468  -0.12426548   0.62711302   0.74140184   0.76828937   0.65508554   1.91434805  -2.19332388
  0.72649937   0.18774468  -0.12426548   0.62711302   0.74140184   0.76828937   0.65508554   1.91434805  -2.19332388
  0.72482272   0.18737656  -0.12472435   0.62782089   0.74080230   0.76868200   0.65585952   1.91457127  -2.19124592
  0.72482272   0.18737656  -0.12472435   0.62782089   0.74080230   0.76868200   0.65585952   1.91457127  -2.19124592
  0.72321298   0.18703664  -0.12511551   0.62852465   0.74025893   0.76899646   0.65664910   1.91475411  -2.18931003
  0.72321298   0.18703664  -0.12511551   0.62852465   0.74025893   0.76899646   0.65664910   1.91475411  -2.18931003
  0.72176647   0.18677480  -0.12540484   0.62924538   0.73980591   0.76916968   0.65740654   1.91484821  -2.18761741
  0.72051746   0.18661092  -0.12592816   0.62972661   0.73921966   0.76966250   0.65788136   1.91525721  -2.18568586
  0.72051746   0.18661092  -0.12592816   0.62972661   0.73921966   0.76966250   0.65788136   1.91525721  -2.18568586
  0.71893549   0.18620927  -0.12645827   0.63042791   0.73858026   0.77010564   0.65838328   1.91555289  -2.18377680
  0.71871903   0.18625120  -0.12657120   0.63022779   0.73845580   0.77001072   0.65865563   1.91548553  -2.18384328
  0.71728784   0.18598150  -0.12651756   0.63120598   0.73826011   0.77010622   0.65974716   1.91545376  -2.18184482
  0.71728784   0.18598150  -0.12651756   0.63120598   0.73826011   0.77010622   0.65974716   1.91545376  -2.18184482
  0.71579746   0.18575888  -0.12685441   0.63188757   0.73776098   0.77035250   0.66051567   1.91572193  -2.18003007
  0.71579746   0.18575888  -0.12685441   0.63188757   0.73776098   0.77035250   0.66051567   1.91572193  -2.18003007
  0.71433282   0.18554167  -0.12713431   0.63262486   0.73730227   0.77051174   0.66132279   1.91585824  -2.17827614
  0.71313083   0.18535125  -0.12757017   0.63316044   0.73678346   0.77091619   0.66171686   1.91628766  -2.17660863
  0.71313083   0.18535125  -0.12757017   0.63316044   0.73678346   0.77091619   0.66171686   1.91628766  -2.17660863
  0.71178365   0.18513733  -0.12771006   0.63382567   0.73644497   0.77093411   0.66262035   1.91626938  -2.17515163
  0.71040796   0.18502762  -0.12823342   0.63439096   0.73582679   0.77140552   0.66327940   1.91664669  -2.17294015
  0.71040796   0.18502762  -0.12823342   0.63439096   0.73582679   0.77140552   0.66327940   1.91664669  -2.17294015
  0.70999776   0.18496078  -0.12838269   0.63435623   0.73564163   0.77131139   0.66343215   1.91670534  -2.17305360
  0.70830224   0.18462073  -0.12843569   0.63547016   0.73531731   0.77153000   0.66459485   1.91675280  -2.17062706
  0.70830224   0.18462073  -0.12843569   0.63547016   0.73531731   0.77153000   0.66459485   1.91675280  -2.17062706
  0.70673319   0.18440216  -0.12873393   0.63620254   0.73482339   0.77173512   0.66546179   1.91703673  -2.16876644
  0.70673319   0.18440216  -0.12873393   0.63620254   0.73482339   0.77173512   0.66546179   1.91703673  -2.16876644
  0.70525890   0.18422572  -0.12894995   0.63702495   0.73439388   0.77182222   0.66631089   1.91719182  -2.16701907
  0.70399306   0.18411766  -0.12944297   0.63755051   0.73381389   0.77226547   0.66684120   1.91762477  -2.16505331
  0.70399306   0.18411766  -0.12944297   0.63755051   0.73381389   0.77226547   0.66684120   1.91762477  -2.16505331
  0.70240503   0.18381248  -0.12986662   0.63810973   0.73324608   0.77267747   0.66775784   1.91783850  -2.16292541
  0.70240503   0.18381248  -0.12986662   0.63810973   0.73324608   0.77267747   0.66775784   1.91783850  -2.16292541
  0.70083536   0.18350976  -0.13023692   0.63880403   0.73271053   0.77300869   0.66860996   1.91801011  -2.16087725
  0.70066197   0.18353149  -0.13033717   0.63883716   0.73259270   0.77290805   0.66862763   1.91799496  -2.16095941
  0.69934575   0.18330507  -0.13022326   0.63976758   0.73242772   0.77283183   0.66955197   1.91808740  -2.15953373
  0.69934575   0.18330507  -0.13022326   0.63976758   0.73242772   0.77283183   0.66955197   1.91808740  -2.15953373
  0.69777630   0.18318659  -0.13041561   0.64067887   0.73198193   0.77287815   0.67051060   1.91830795  -2.15764154
  0.69653265   0.18310185  -0.13083904   0.64125211   0.73144665   0.77324102   0.67104265   1.91875751  -2.15579633
  0.69653265   0.18310185  -0.13083904   0.64125211   0.73144665   0.77324102   0.67104265   1.91875751  -2.15579633
  0.69484266   0.18277426  -0.13131936   0.64204199   0.73080258   0.77364773   0.67173961   1.91911060  -2.15365064
  0.69462676   0.18281821  -0.13142076   0.64186810   0.73068340   0.77353770   0.67199879   1.91905039  -2.15373428
  0.69321193   0.18279005  -0.13106705   0.64311340   0.73063821   0.77330075   0.67334641   1.91913266  -2.15181037
  0.69321193   0.18279005  -0.13106705   0.64311340   0.73063821   0.77330075   0.67334641   1.91913266  -2.15181037
  0.69177725   0.18275732  -0.13123806   0.64392231   0.73022170   0.77332887   0.67427222   1.91942745  -2.15004499
  0.69077051   0.18281961  -0.13118579   0.64461368   0.73003775   0.77322433   0.67505382   1.91972768  -2.14882197
  0.69077051   0.18281961  -0.13118579   0.64461368   0.73003775   0.77322433   0.67505382   1.91972768  -2.14882197
  0.68926931   0.18272345  -0.13140576   0.64543841   0.72957779   0.77330610   0.67597355   1.91998083  -2.14696082
  0.68831521   0.18274796  -0.13132161   0.64611444   0.72942620   0.77317289   0.67669740   1.92024843  -2.14590527
  0.68831521   0.18274796  -0.13132161   0.64611444   0.72942620   0.77317289   0.67669740   1.92024843  -2.14590527
  0.68641119   0.18265352  -0.13164919   0.64710628   0.72881148   0.77339988   0.67788864   1.92067213  -2.14331070
  0.68641119   0.18265352  -0.13164919   0.64710628   0.72881148   0.77339988   0.67788864   1.92067213  -2.14331070
  0.68481351   0.18247533  -0.13190372   0.64790780   0.72831586   0.77355920   0.67882188   1.92098466  -2.14138349
  0.68481351   0.18247533  -0.13190372   0.64790780   0.72831586   0.77355920   0.67882188   1.92098466  -2.14138349
  0.68330656   0.18235287  -0.13206101   0.64879423   0.72789130   0.77358601   0.67977200   1.92117718  -2.13957025
  0.68210132   0.18226620  -0.13246275   0.64935643   0.72737093   0.77392375   0.68028613   1.92160084  -2.13780337
  0.68210132   0.18226620  -0.13246275   0.64935643   0.72737093   0.77392375   0.68028613   1.92160084  -2.13780337
  0.68034441   0.18194269  -0.13296977   0.65020367   0.72668259   0.77435687   0.68101595   1.92195910  -2.13548953
  0.68011869   0.18196590  -0.13305313   0.65000900   0.72657708   0.77425159   0.68129793   1.92191510  -2.13559849
  0.67928979   0.18194998  -0.13258435   0.65101539   0.72670585   0.77393205   0.68224752   1.92186049  -2.13446297
  0.67787778   0.18181165  -0.13304949   0.65163950   0.72609902   0.77428864   0.68278118   1.92239768  -2.13262055
  0.67787778   0.18181165  -0.13304949   0.65163950   0.72609902   0.77428864   0.68278118   1.92239768  -2.13262055
  0.67643224   0.18174963  -0.13317003   0.65233024   0.72571372   0.77434502   0.68403062   1.92243687  -2.13061209
  0.67541023   0.18186949  -0.13292461   0.65322600   0.72562201   0.77400259   0.68491621   1.92271097  -2.12955780
  0.67541023   0.18186949  -0.13292461   0.65322600   0.72562201   0.77400259   0.68491621   1.92271097  -2.12955780
  0.67390582   0.18185785  -0.13306850   0.65412745   0.72518446   0.77400255   0.68592343   1.92301521  -2.12765379
  0.67285450   0.18196358  -0.13297571   0.65488347   0.72499282   0.77385353   0.68679121   1.92335404  -2.12634311
  0.67285450   0.18196358  -0.13297571   0.65488347   0.72499282   0.77385353   0.68679121   1.92335404  -2.12634311
  0.67117842   0.18183829  -0.13321941   0.65576963   0.72446560   0.77399769   0.68780050   1.92374316  -2.12424788
  0.67117842   0.18183829  -0.13321941   0.65576963   0.72446560   0.77399769   0.68780050   1.92374316  -2.12424788
  0.66963199   0.18177687  -0.13332546   0.65671421   0.72404284   0.77397073   0.68885843   1.92397861  -2.12234760
  0.66832656   0.18181620  -0.13370649   0.65747527   0.72348809   0.77427345   0.68953451   1.92440177  -2.12016094
  0.66800080   0.18171734  -0.13374598   0.65735917   0.72340181   0.77419108   0.68975218   1.92449036  -2.12036376
  0.66645153   0.18144135  -0.13391847   0.65807712   0.72298159   0.77447545   0.69076974   1.92481582  -2.11833038
  0.66644618   0.18159046  -0.13402541   0.65828143   0.72286818   0.77435038   0.69064181   1.92470005  -2.11824201
  0.66644618   0.18159046  -0.13402541   0.65828143   0.72286818   0.77435038   0.69064181   1.92470005  -2.11824201
  0.66451053   0.18132057  -0.13406377   0.65942196   0.72243006   0.77443060   0.69203385   1.92492645  -2.11582848
  0.66451053   0.18132057  -0.13406377   0.65942196   0.72243006   0.77443060   0.69203385   1.92492645  -2.11582848
  0.66272511   0.18126631  -0.13415409   0.66053204   0.72195535   0.77443167   0.69327070   1.92531083  -2.11355506
  0.66272511   0.18126631  -0.13415409   0.66053204   0.72195535   0.77443167   0.69327070   1.92531083  -2.11355506
  0.66112489   0.18132996  -0.13414296   0.66161753   0.72156732   0.77427250   0.69450196   1.92562571  -2.11155020
  0.66001419   0.18157059  -0.13391499   0.66253758   0.72141384   0.77397313   0.69556115   1.92604966  -2.11012373
  0.66001419   0.18157059  -0.13391499   0.66253758   0.72141384   0.77397313   0.69556115   1.92604966  -2.11012373
  0.65832647   0.18155158  -0.13405607   0.66352380   0.72091850   0.77399761   0.69668361   1.92650420  -2.10800364
  0.65832647   0.18155158  -0.13405607   0.66352380   0.72091850   0.77399761   0.69668361   1.92650420  -2.10800364
  0.65674372   0.18158579  -0.13407553   0.66456732   0.72051172   0.77387383   0.69787005   1.92680478  -2.10602330
  0.65565300   0.18179854  -0.13386495   0.66545801   0.72034861   0.77359891   0.69889518   1.92720371  -2.10462069
  0.65565300   0.18179854  -0.13386495   0.66545801   0.72034861   0.77359891   0.69889518   1.92720371  -2.10462069
  0.65397145   0.18176467  -0.13401404   0.66643124   0.71984510   0.77363527   0.70000516   1.92764232  -2.10250588
  0.65397145   0.18176467  -0.13401404   0.66643124   0.71984510   0.77363527   0.70000516   1.92764232  -2.10250588
  0.65239363   0.18178974  -0.13403533   0.66746758   0.71943242   0.77351776   0.70118565   1.92793452  -2.10052893
  0.65130750   0.18199863  -0.13382331   0.66835635   0.71926495   0.77324469   0.70220925   1.92832844  -2.09912532
  0.65130750   0.18199863  -0.13382331   0.66835635   0.71926495   0.77324469   0.70220925   1.92832844  -2.09912532
  0.64962534   0.18196544  -0.13396805   0.66933279   0.71875731   0.77327805   0.70332421   1.92876473  -2.09700539
  0.64962534   0.18196544  -0.13396805   0.66933279   0.71875731   0.77327805   0.70332421   1.92876473  -2.09700539
  0.64804904   0.18199432  -0.13397898   0.67037479   0.71834368   0.77315231   0.70451323   1.92905828  -2.09502853
  0.64683611   0.18206153  -0.13422304   0.67119541   0.71787191   0.77331662   0.70515399   1.92949815  -2.09311144
  0.64652866   0.18200162  -0.13427871   0.67106433   0.71777013   0.77322408   0.70539320   1.92955756  -2.09327490
  0.64652866   0.18200162  -0.13427871   0.67106433   0.71777013   0.77322408   0.70539320   1.92955756  -2.09327490
  0.64465219   0.18165489  -0.13478126   0.67203208   0.71704630   0.77388103   0.70625783   1.93003048  -2.09029295
  0.64445685   0.18170626  -0.13489929   0.67199687   0.71690496   0.77374840   0.70636032   1.92998154  -2.09038948
  0.64286809   0.18167918  -0.13436212   0.67341002   0.71683088   0.77331448   0.70804803   1.93003264  -2.08839693
  0.64169167   0.18243542  -0.13364175   0.67489108   0.71684267   0.77238612   0.70960782   1.93074376  -2.08690339
  0.64169167   0.18243542  -0.13364175   0.67489108   0.71684267   0.77238612   0.70960782   1.93074376  -2.08690339
  0.64010335   0.18248179  -0.13369377   0.67581655   0.71639237   0.77232657   0.71076463   1.93124215  -2.08495984
  0.64010335   0.18248179  -0.13369377   0.67581655   0.71639237   0.77232657   0.71076463   1.93124215  -2.08495984
  0.63854293   0.18256399  -0.13364285   0.67692924   0.71599361   0.77213047   0.71198160   1.93156144  -2.08299187
  0.63716046   0.18273718  -0.13399652   0.67775838   0.71539633   0.77239253   0.71282974   1.93205360  -2.08053750
  0.63681105   0.18259665  -0.13400287   0.67765755   0.71532453   0.77230897   0.71304852   1.93218623  -2.08078089
  0.63575157   0.18278633  -0.13353498   0.67885785   0.71528908   0.77187447   0.71425151   1.93233794  -2.07924875
  0.63575157   0.18278633  -0.13353498   0.67885785   0.71528908   0.77187447   0.71425151   1.93233794  -2.07924875
  0.63415378   0.18280134  -0.13367702   0.67974936   0.71477770   0.77190191   0.71531953   1.93284425  -2.07723740
  0.63415378   0.18280134  -0.13367702   0.67974936   0.71477770   0.77190191   0.71531953   1.93284425  -2.07723740
  0.63280975   0.18282759  -0.13378405   0.68054891   0.71434732   0.77188247   0.71624906   1.93317834  -2.07551712
  0.63280975   0.18282759  -0.13378405   0.68054891   0.71434732   0.77188247   0.71624906   1.93317834  -2.07551712
  0.63148046   0.18269647  -0.13409768   0.68110799   0.71382942   0.77213724   0.71693749   1.93360401  -2.07382114
  0.63148046   0.18269647  -0.13409768   0.68110799   0.71382942   0.77213724   0.71693749   1.93360401  -2.07382114
  0.63029359   0.18251589  -0.13463872   0.68141714   0.71322620   0.77261387   0.71738601   1.93394644  -2.07211382
  0.63029359   0.18251589  -0.13463872   0.68141714   0.71322620   0.77261387   0.71738601   1.93394644  -2.07211382
  0.62964115   0.18219790  -0.13522475   0.68130389   0.71275636   0.77313606   0.71731694   1.93407979  -2.07133493
  0.62964115   0.18219790  -0.13522475   0.68130389   0.71275636   0.77313606   0.71731694   1.93407979  -2.07133493
  0.62859320   0.18181567  -0.13640978   0.68106678   0.71184775   0.77426425   0.71702014   1.93460551  -2.06957399
  0.62859320   0.18181567  -0.13640978   0.68106678   0.71184775   0.77426425   0.71702014   1.93460551  -2.06957399
  0.62859320   0.18181567  -0.13640978   0.68106678   0.71184775   0.77426425   0.71702014   1.93460551  -2.06957399
  0.62991548   0.17677406  -0.14187611   0.67516524   0.70976439   0.78047188   0.71052727   1.93160331  -2.07163983
  0.62991548   0.17677406  -0.14187611   0.67516524   0.70976439   0.78047188   0.71052727   1.93160331  -2.07163983
  0.62963174   0.17596360  -0.14329066   0.67403213   0.70898036   0.78197756   0.70954252   1.93149490  -2.07096581
  0.62963174   0.17596360  -0.14329066   0.67403213   0.70898036   0.78197756   0.70954252   1.93149490  -2.07096581
  0.63187091   0.16964792  -0.15021444   0.66633674   0.70632722   0.79001648   0.70092771   1.92725866  -2.07379866
  0.63187091   0.16964792  -0.15021444   0.66633674   0.70632722   0.79001648   0.70092771   1.92725866  -2.07379866
  0.63187091   0.16964792  -0.15021444   0.66633674   0.70632722   0.79001648   0.70092771   1.92725866  -2.07379866
  0.63187091   0.16964792  -0.15021444   0.66633674   0.70632722   0.79001648   0.70092771   1.92725866  -2.07379866
  0.63419280   0.16386306  -0.15723461   0.65825741   0.70339262   0.79821893   0.69229841   1.92387493  -2.07647205
  0.63419280   0.16386306  -0.15723461   0.65825741   0.70339262   0.79821893   0.69229841   1.92387493  -2.07647205
  0.63419280   0.16386306  -0.15723461   0.65825741   0.70339262   0.79821893   0.69229841   1.92387493  -2.07647205
  0.63580953   0.15766159  -0.16379007   0.65119430   0.70043495   0.80617227   0.68429830   1.91967774  -2.07847536
  0.63580953   0.15766159  -0.16379007   0.65119430   0.70043495   0.80617227   0.68429830   1.91967774  -2.07847536
  0.63580953   0.15766159  -0.16379007   0.65119430   0.70043495   0.80617227   0.68429830   1.91967774  -2.07847536
  0.63580953   0.15766159  -0.16379007   0.65119430   0.70043495   0.80617227   0.68429830   1.91967774  -2.07847536
  0.63823984   0.15116391  -0.17135678   0.64245052   0.69689336   0.81542278   0.67484769   1.91549264  -2.08111930
  0.63823984   0.15116391  -0.17135678   0.64245052   0.69689336   0.81542278   0.67484769   1.91549264  -2.08111930
  0.63823984   0.15116391  -0.17135678   0.64245052   0.69689336   0.81542278   0.67484769   1.91549264  -2.08111930
  0.63995109   0.14648450  -0.17651620   0.63640607   0.69436294   0.82190667   0.66806002   1.91245049  -2.08328273
  0.63995109   0.14648450  -0.17651620   0.63640607   0.69436294   0.82190667   0.66806002   1.91245049  -2.08328273
  0.64116546   0.14265917  -0.18055956   0.63168197   0.69229285   0.82717247   0.66300615   1.90965598  -2.08447648
  0.64116546   0.14265917  -0.18055956   0.63168197   0.69229285   0.82717247   0.66300615   1.90965598  -2.08447648
  0.64116546   0.14265917  -0.18055956   0.63168197   0.69229285   0.82717247   0.66300615   1.90965598  -2.08447648
  0.64116546   0.14265917  -0.18055956   0.63168197   0.69229285   0.82717247   0.66300615   1.90965598  -2.08447648
  0.64322761   0.13671356  -0.18784233   0.62337629   0.68828432   0.83637133   0.65387923   1.90614152  -2.08639823
  0.64322761   0.13671356  -0.18784233   0.62337629   0.68828432   0.83637133   0.65387923   1.90614152  -2.08639823
  0.64322761   0.13671356  -0.18784233   0.62337629   0.68828432   0.83637133   0.65387923   1.90614152  -2.08639823
  0.64322761   0.13671356  -0.18784233   0.62337629   0.68828432   0.83637133   0.65387923   1.90614152  -2.08639823
  0.64557707   0.12971454  -0.19508857   0.61460535   0.68425763   0.84612585   0.64430142   1.90099813  -2.08908347
  0.64557707   0.12971454  -0.19508857   0.61460535   0.68425763   0.84612585   0.64430142   1.90099813  -2.08908347
  0.64557707   0.12971454  -0.19508857   0.61460535   0.68425763   0.84612585   0.64430142   1.90099813  -2.08908347
  0.64557707   0.12971454  -0.19508857   0.61460535   0.68425763   0.84612585   0.64430142   1.90099813  -2.08908347
  0.64786877   0.12415385  -0.20169145   0.60642157   0.68030931   0.85496686   0.63554568   1.89748911  -2.09134214
  0.64786877   0.12415385  -0.20169145   0.60642157   0.68030931   0.85496686   0.63554568   1.89748911  -2.09134214
  0.64786877   0.12415385  -0.20169145   0.60642157   0.68030931   0.85496686   0.63554568   1.89748911  -2.09134214
  0.64786877   0.12415385  -0.20169145   0.60642157   0.68030931   0.85496686   0.63554568   1.89748911  -2.09134214
  0.65006746   0.11711352  -0.20890251   0.59762142   0.67579456   0.86514584   0.62593545   1.89217158  -2.09353786
  0.65006746   0.11711352  -0.20890251   0.59762142   0.67579456   0.86514584   0.62593545   1.89217158  -2.09353786
  0.65006746   0.11711352  -0.20890251   0.59762142   0.67579456   0.86514584   0.62593545   1.89217158  -2.09353786
  0.65006746   0.11711352  -0.20890251   0.59762142   0.67579456   0.86514584   0.62593545   1.89217158  -2.09353786
  0.65006746   0.11711352  -0.20890251   0.59762142   0.67579456   0.86514584   0.62593545   1.89217158  -2.09353786
  0.65323338   0.10883715  -0.21753812   0.58658425   0.67012503   0.87760183   0.61375276   1.88589036  -2.09686274
  0.65323338   0.10883715  -0.21753812   0.58658425   0.67012503   0.87760183   0.61375276   1.88589036  -2.09686274
  0.65323338   0.10883715  -0.21753812   0.58658425   0.67012503   0.87760183   0.61375276   1.88589036  -2.09686274
  0.65453556   0.10527384  -0.22149178   0.58152352   0.66731638   0.88336940   0.60826295   1.88355054  -2.09810257
  0.65453556   0.10527384  -0.22149178   0.58152352   0.66731638   0.88336940   0.60826295   1.88355054  -2.09810257
  0.65453556   0.10527384  -0.22149178   0.58152352   0.66731638   0.88336940   0.60826295   1.88355054  -2.09810257
  0.65604047   0.10091588  -0.22644914   0.57534395   0.66366144   0.89061397   0.60171370   1.88043754  -2.09900564
  0.65604047   0.10091588  -0.22644914   0.57534395   0.66366144   0.89061397   0.60171370   1.88043754  -2.09900564
  0.65604047   0.10091588  -0.22644914   0.57534395   0.66366144   0.89061397   0.60171370   1.88043754  -2.09900564
  0.65604047   0.10091588  -0.22644914   0.57534395   0.66366144   0.89061397   0.60171370   1.88043754  -2.09900564
  0.65883451   0.09394082  -0.23344313   0.56574525   0.65843922   0.90149828   0.59138733   1.87481827  -2.10181197
  0.65883451   0.09394082  -0.23344313   0.56574525   0.65843922   0.90149828   0.59138733   1.87481827  -2.10181197
  0.65883451   0.09394082  -0.23344313   0.56574525   0.65843922   0.90149828   0.59138733   1.87481827  -2.10181197
  0.66036487   0.08941344  -0.23785754   0.55986427   0.65493916   0.90852947   0.58483709   1.87120615  -2.10332269
  0.66036487   0.08941344  -0.23785754   0.55986427   0.65493916   0.90852947   0.58483709   1.87120615  -2.10332269
  0.66036487   0.08941344  -0.23785754   0.55986427   0.65493916   0.90852947   0.58483709   1.87120615  -2.10332269
  0.66216053   0.08494197  -0.24250172   0.55337282   0.65112199   0.91597697   0.57803141   1.86770840  -2.10481261
  0.66216053   0.08494197  -0.24250172   0.55337282   0.65112199   0.91597697   0.57803141   1.86770840  -2.10481261
  0.66216053   0.08494197  -0.24250172   0.55337282   0.65112199   0.91597697   0.57803141   1.86770840  -2.10481261
  0.66369959   0.08051779  -0.24687619   0.54738362   0.64738909   0.92315849   0.57145174   1.86422672  -2.10620199
  0.66369959   0.08051779  -0.24687619   0.54738362   0.64738909   0.92315849   0.57145174   1.86422672  -2.10620199
  0.66369959   0.08051779  -0.24687619   0.54738362   0.64738909   0.92315849   0.57145174   1.86422672  -2.10620199
  0.66535816   0.07591267  -0.25150191   0.54090907   0.64330233   0.93086318   0.56460929   1.86052202  -2.10745207
  0.66535816   0.07591267  -0.25150191   0.54090907   0.64330233   0.93086318   0.56460929   1.86052202  -2.10745207
  0.66535816   0.07591267  -0.25150191   0.54090907   0.64330233   0.93086318   0.56460929   1.86052202  -2.10745207
  0.66679938   0.07145936  -0.25583852   0.53486956   0.63933351   0.93825101   0.55816434   1.85689356  -2.10849989
  0.66679938   0.07145936  -0.25583852   0.53486956   0.63933351   0.93825101   0.55816434   1.85689356  -2.10849989
  0.66679938   0.07145936  -0.25583852   0.53486956   0.63933351   0.93825101   0.55816434   1.85689356  -2.10849989
  0.66857649   0.06761282  -0.25979261   0.52898849   0.63560656   0.94506419   0.55169811   1.85380726  -2.11010733
  0.66857649   0.06761282  -0.25979261   0.52898849   0.63560656   0.94506419   0.55169811   1.85380726  -2.11010733
  0.66857649   0.06761282  -0.25979261   0.52898849   0.63560656   0.94506419   0.55169811   1.85380726  -2.11010733
  0.67019481   0.06292210  -0.26422342   0.52248468   0.63127717   0.95297773   0.54486681   1.84982605  -2.11127826
  0.67019481   0.06292210  -0.26422342   0.52248468   0.63127717   0.95297773   0.54486681   1.84982605  -2.11127826
  0.67019481   0.06292210  -0.26422342   0.52248468   0.63127717   0.95297773   0.54486681   1.84982605  -2.11127826
  0.67153481   0.05877703  -0.26825499   0.51665224   0.62720487   0.96019253   0.53870470   1.84650455  -2.11213357
  0.67153481   0.05877703  -0.26825499   0.51665224   0.62720487   0.96019253   0.53870470   1.84650455  -2.11213357
  0.67153481   0.05877703  -0.26825499   0.51665224   0.62720487   0.96019253   0.53870470   1.84650455  -2.11213357
  0.67153481   0.05877703  -0.26825499   0.51665224   0.62720487   0.96019253   0.53870470   1.84650455  -2.11213357
  0.67367765   0.05335945  -0.27362460   0.50851374   0.62160194   0.96998353   0.53003377   1.84208655  -2.11370643
  0.67367765   0.05335945  -0.27362460   0.50851374   0.62160194   0.96998353   0.53003377   1.84208655  -2.11370643
  0.67367765   0.05335945  -0.27362460   0.50851374   0.62160194   0.96998353   0.53003377   1.84208655  -2.11370643
  0.67367765   0.05335945  -0.27362460   0.50851374   0.62160194   0.96998353   0.53003377   1.84208655  -2.11370643
  0.67367765   0.05335945  -0.27362460   0.50851374   0.62160194   0.96998353   0.53003377   1.84208655  -2.11370643
  0.67635054   0.04638842  -0.28021558   0.49831986   0.61439853   0.98248377   0.51905293   1.83609276  -2.11565935
  0.67635054   0.04638842  -0.28021558   0.49831986   0.61439853   0.98248377   0.51905293   1.83609276  -2.11565935
  0.67635054   0.04638842  -0.28021558   0.49831986   0.61439853   0.98248377   0.51905293   1.83609276  -2.11565935
  0.67635054   0.04638842  -0.28021558   0.49831986   0.61439853   0.98248377   0.51905293   1.83609276  -2.11565935
  0.67835944   0.04131471  -0.28497042   0.49070969   0.60892687   0.99177104   0.51092778   1.83168061  -2.11714161
  0.67835944   0.04131471  -0.28497042   0.49070969   0.60892687   0.99177104   0.51092778   1.83168061  -2.11714161
  0.67835944   0.04131471  -0.28497042   0.49070969   0.60892687   0.99177104   0.51092778   1.83168061  -2.11714161
  0.67964072   0.03678104  -0.28882374   0.48466637   0.60432115   0.99964388   0.50455049   1.82753567  -2.11785814
  0.67964072   0.03678104  -0.28882374   0.48466637   0.60432115   0.99964388   0.50455049   1.82753567  -2.11785814
  0.67964072   0.03678104  -0.28882374   0.48466637   0.60432115   0.99964388   0.50455049   1.82753567  -2.11785814
  0.67964072   0.03678104  -0.28882374   0.48466637   0.60432115   0.99964388   0.50455049   1.82753567  -2.11785814
  0.68179101   0.03180525  -0.29362983   0.47665200   0.59838355   1.00933645   0.49618993   1.82328439  -2.11918667
  0.68179101   0.03180525  -0.29362983   0.47665200   0.59838355   1.00933645   0.49618993   1.82328439  -2.11918667
  0.68179101   0.03180525  -0.29362983   0.47665200   0.59838355   1.00933645   0.49618993   1.82328439  -2.11918667
  0.68179101   0.03180525  -0.29362983   0.47665200   0.59838355   1.00933645   0.49618993   1.82328439  -2.11918667
  0.68393006   0.02771312  -0.29772089   0.46955564   0.59311117   1.01773657   0.48859064   1.81981766  -2.12064231
  0.68393006   0.02771312  -0.29772089   0.46955564   0.59311117   1.01773657   0.48859064   1.81981766  -2.12064231
  0.68393006   0.02771312  -0.29772089   0.46955564   0.59311117   1.01773657   0.48859064   1.81981766  -2.12064231
  0.68518517   0.02253111  -0.30162121   0.46307447   0.58789267   1.02657379   0.48157301   1.81461933  -2.12148261
  0.68518517   0.02253111  -0.30162121   0.46307447   0.58789267   1.02657379   0.48157301   1.81461933  -2.12148261
  0.68518517   0.02253111  -0.30162121   0.46307447   0.58789267   1.02657379   0.48157301   1.81461933  -2.12148261
  0.68662700   0.01968598  -0.30458450   0.45786592   0.58383682   1.03273297   0.47617902   1.81246074  -2.12228829
  0.68662700   0.01968598  -0.30458450   0.45786592   0.58383682   1.03273297   0.47617902   1.81246074  -2.12228829
  0.68662700   0.01968598  -0.30458450   0.45786592   0.58383682   1.03273297   0.47617902   1.81246074  -2.12228829
  0.68776951   0.01564081  -0.30800812   0.45209632   0.57902467   1.04033985   0.47029339   1.80868775  -2.12259660
  0.68776951   0.01564081  -0.30800812   0.45209632   0.57902467   1.04033985   0.47029339   1.80868775  -2.12259660
  0.68914136   0.01186984  -0.31095396   0.44663821   0.57466975   1.04719755   0.46424941   1.80514829  -2.12361910
  0.68914136   0.01186984  -0.31095396   0.44663821   0.57466975   1.04719755   0.46424941   1.80514829  -2.12361910
  0.69113867   0.00202141  -0.31383225   0.43755464   0.56917702   1.04719755   0.45504110   1.80263939  -2.12132486
  0.69113867   0.00202141  -0.31383225   0.43755464   0.56917702   1.04719755   0.45504110   1.80263939  -2.12132486
  0.69113867   0.00202141  -0.31383225   0.43755464   0.56917702   1.04719755   0.45504110   1.80263939  -2.12132486
  0.69347577  -0.00999101  -0.31691648   0.42673790   0.56259828   1.04719755   0.44335010   1.79908811  -2.11928869
  0.69347577  -0.00999101  -0.31691648   0.42673790   0.56259828   1.04719755   0.44335010   1.79908811  -2.11928869
  0.69347577  -0.00999101  -0.31691648   0.42673790   0.56259828   1.04719755   0.44335010   1.79908811  -2.11928869
  0.69347577  -0.00999101  -0.31691648   0.42673790   0.56259828   1.04719755   0.44335010   1.79908811  -2.11928869
  0.69347577  -0.00999101  -0.31691648   0.42673790   0.56259828   1.04719755   0.44335010   1.79908811  -2.11928869
