  0.74363963   0.46155852  -1.17336176  -0.31172748   1.87207644   0.73033705   0.40422658   1.80723840  -1.54482868
  0.74363963   0.46155852  -1.17336176  -0.31172748   1.87207644   0.73033705   0.40422658   1.80723840  -1.54482868
  0.74363963   0.46155852  -1.17336176  -0.31172748   1.87207644   0.73033705   0.40422658   1.80723840  -1.54482868
  0.74479868   0.46181250  -1.17274848  -0.31184204   1.87236389   0.73001554   0.40409078   1.80706421  -1.54641000
  0.74517476   0.46187993  -1.17263838  -0.31158079   1.87247404   0.73011397   0.40392233   1.80709728  -1.54628855
  0.74727792   0.46174766  -1.17193141  -0.31124959   1.87153970   0.73014550   0.40346438   1.80756361  -1.54940655
  0.74898971   0.46128178  -1.17146693  -0.31066475   1.87068236   0.73039522   0.40299882   1.80774944  -1.55143452
  0.75160290   0.46080065  -1.17066335  -0.31014062   1.86978437   0.73059009   0.40225535   1.80801565  -1.55502468
  0.75541484   0.45567022  -1.17106915  -0.30745257   1.86481279   0.73299353   0.40008211   1.80762958  -1.56079582
  0.75721293   0.45541751  -1.17047436  -0.30700812   1.86436644   0.73310717   0.39959581   1.80769873  -1.56288664
  0.75962027   0.45509513  -1.16969019  -0.30653118   1.86360156   0.73322214   0.39895173   1.80791699  -1.56610109
  0.76281791   0.45091845  -1.16996491  -0.30431733   1.85951455   0.73518798   0.39714138   1.80760116  -1.57097903
  0.76417784   0.45068568  -1.16952873  -0.30396752   1.85915750   0.73528574   0.39675537   1.80761664  -1.57257333
  0.76605341   0.45016013  -1.16900946  -0.30345766   1.85828300   0.73548827   0.39620951   1.80770499  -1.57510140
  0.76744492   0.44958280  -1.16869094  -0.30291495   1.85745446   0.73578525   0.39576153   1.80779676  -1.57681842
  0.76934465   0.44905373  -1.16815169  -0.30247674   1.85669374   0.73600977   0.39515801   1.80792078  -1.57949199
  0.77094593   0.44829998  -1.16782714  -0.30183883   1.85567107   0.73637181   0.39460214   1.80797592  -1.58155869
  0.77262516   0.44747738  -1.16747087  -0.30120532   1.85462442   0.73674759   0.39402653   1.80801029  -1.58379140
  0.77551756   0.44312107  -1.16784770  -0.29906957   1.85067360   0.73877520   0.39218853   1.80751301  -1.58849488
  0.77675010   0.44294814  -1.16742935  -0.29876687   1.85037239   0.73884260   0.39185535   1.80752366  -1.58993329
  0.77811259   0.44264498  -1.16702436  -0.29832698   1.84971414   0.73897494   0.39151136   1.80760185  -1.59156364
  0.78007930   0.44234049  -1.16637491  -0.29798771   1.84912795   0.73908691   0.39093953   1.80775555  -1.59432722
  0.78164307   0.44172948  -1.16599311  -0.29742211   1.84823103   0.73938625   0.39043942   1.80784029  -1.59633164
  0.78325474   0.44102357  -1.16561273  -0.29682805   1.84726591   0.73970745   0.38991904   1.80787637  -1.59843425
  0.78523913   0.44035610  -1.16506882  -0.29633827   1.84640521   0.73999143   0.38925139   1.80795462  -1.60128115
  0.78688376   0.43950120  -1.16474256  -0.29566437   1.84531876   0.74039851   0.38865183   1.80797221  -1.60345057
  0.78857837   0.43863145  -1.16438031  -0.29501743   1.84425422   0.74079503   0.38804828   1.80797324  -1.60573809
  0.79027597   0.43773941  -1.16402346  -0.29435646   1.84316563   0.74120004   0.38744064   1.80796426  -1.60802827
  0.79317072   0.43331220  -1.16435934  -0.29217443   1.83917165   0.74325616   0.38557075   1.80738315  -1.61281394
  0.79440094   0.43316351  -1.16392396  -0.29188753   1.83890206   0.74331028   0.38524046   1.80738134  -1.61425190
  0.79575200   0.43290277  -1.16349843  -0.29146943   1.83828626   0.74341865   0.38490951   1.80744405  -1.61586211
  0.79771866   0.43266055  -1.16281408  -0.29116309   1.83776396   0.74349752   0.38434630   1.80757861  -1.61862864
  0.79926304   0.43212199  -1.16239958  -0.29063187   1.83693521   0.74375953   0.38386878   1.80765136  -1.62060130
  0.80084156   0.43149170  -1.16198864  -0.29006921   1.83603386   0.74404066   0.38338197   1.80767243  -1.62264257
  0.80283594   0.43092311  -1.16139489  -0.28962720   1.83526448   0.74427549   0.38272181   1.80774027  -1.62551482
  0.80445568   0.43016560  -1.16102519  -0.28900065   1.83426969   0.74463362   0.38215364   1.80775058  -1.62764609
  0.80611750   0.42939195  -1.16062594  -0.28839315   1.83328515   0.74498148   0.38158484   1.80774079  -1.62987419
  0.80818843   0.42823090  -1.16016364  -0.28764341   1.83195139   0.74546600   0.38083888   1.80765537  -1.63285565
  0.80958457   0.42737854  -1.15990735  -0.28697716   1.83093400   0.74589061   0.38029662   1.80763102  -1.63463608
  0.81154521   0.42676161  -1.15933803  -0.28652070   1.83016086   0.74614606   0.37961740   1.80765512  -1.63747173
  0.81316124   0.42601052  -1.15896347  -0.28589565   1.82917945   0.74649531   0.37904651   1.80764056  -1.63959782
  0.81482454   0.42525463  -1.15854793  -0.28529895   1.82821690   0.74683104   0.37848236   1.80761900  -1.64183090
  0.81690106   0.42414257  -1.15805929  -0.28457439   1.82693216   0.74729067   0.37773883   1.80752749  -1.64482920
  0.81829924   0.42332661  -1.15778186  -0.28392758   1.82595034   0.74769538   0.37720417   1.80749980  -1.64661667
  0.82024661   0.42274105  -1.15719802  -0.28348642   1.82520762   0.74793373   0.37653773   1.80751496  -1.64942982
  0.82184971   0.42202822  -1.15680992  -0.28287735   1.82425933   0.74826279   0.37597922   1.80749401  -1.65153176
  0.82350121   0.42131209  -1.15637777  -0.28229891   1.82333244   0.74857707   0.37543009   1.80746662  -1.65374200
  0.82558245   0.42027759  -1.15585588  -0.28161235   1.82211944   0.74899842   0.37469534   1.80737561  -1.65675090
  0.82698370   0.41951121  -1.15555304  -0.28099182   1.82118382   0.74937652   0.37417190   1.80734793  -1.65854516
  0.82891440   0.41896357  -1.15495434  -0.28056860   1.82047575   0.74959453   0.37352238   1.80735625  -1.66132722
  0.83050252   0.41829378  -1.15455290  -0.27997756   1.81956384   0.74990105   0.37297848   1.80733040  -1.66339970
  0.83214105   0.41762036  -1.15410424  -0.27941871   1.81867464   0.75019217   0.37244640   1.80729811  -1.66558291
  0.83408139   0.41703433  -1.15349943  -0.27897628   1.81792068   0.75042550   0.37180521   1.80730177  -1.66837654
  0.83567838   0.41633766  -1.15310170  -0.27837016   1.81698272   0.75074352   0.37124985   1.80726471  -1.67046802
  0.83732855   0.41565360  -1.15264718  -0.27781253   1.81609525   0.75103862   0.37070718   1.80722511  -1.67268228
  0.83939113   0.41468110  -1.15209955  -0.27715517   1.81494182   0.75142635   0.36999061   1.80712011  -1.67566002
  0.84079030   0.41397396  -1.15176737  -0.27656646   1.81406541   0.75177170   0.36948153   1.80708710  -1.67745164
  0.84269954   0.41347845  -1.15114828  -0.27616906   1.81340819   0.75196117   0.36885292   1.80708366  -1.68019349
  0.84426376   0.41287273  -1.15072898  -0.27560504   1.81255098   0.75223257   0.36833143   1.80704773  -1.68221769
  0.84588421   0.41226301  -1.15025504  -0.27507536   1.81171808   0.75248745   0.36782719   1.80700611  -1.68435764
  0.84783587   0.41175877  -1.14961457  -0.27467673   1.81104345   0.75267833   0.36719024   1.80700521  -1.68717560
  0.84941585   0.41113519  -1.14918638  -0.27411175   1.81018068   0.75295850   0.36666050   1.80696789  -1.68923617
  0.85103167   0.41052153  -1.14871434  -0.27358370   1.80935167   0.75321584   0.36614976   1.80692117  -1.69137962
  0.85296133   0.41001198  -1.14807560  -0.27318194   1.80867615   0.75340647   0.36552719   1.80690864  -1.69415307
  0.85453051   0.40940340  -1.14764991  -0.27261672   1.80781838   0.75367579   0.36500203   1.80685968  -1.69618829
  0.85615498   0.40880716  -1.14716299  -0.27209984   1.80700932   0.75392137   0.36449594   1.80680860  -1.69834282
  0.85808584   0.40832017  -1.14651538  -0.27171130   1.80635752   0.75410006   0.36387355   1.80679330  -1.70112226
  0.85965214   0.40773237  -1.14607827  -0.27116065   1.80552585   0.75435878   0.36335537   1.80674510  -1.70315346
  0.86126069   0.40715799  -1.14558870  -0.27065341   1.80473591   0.75459282   0.36285980   1.80669141  -1.70527845
  0.86319119   0.40669795  -1.14492976  -0.27027914   1.80411087   0.75475671   0.36224321   1.80667344  -1.70805480
  0.86474722   0.40613827  -1.14448635  -0.26974067   1.80330301   0.75499971   0.36173547   1.80662218  -1.71006355
  0.86634801   0.40558944  -1.14398778  -0.26924462   1.80253455   0.75521853   0.36125325   1.80656511  -1.71216641
  0.86828812   0.40516317  -1.14331468  -0.26888927   1.80194282   0.75536514   0.36063493   1.80654728  -1.71496205
  0.86983791   0.40463071  -1.14285984  -0.26836821   1.80116582   0.75559411   0.36013739   1.80649761  -1.71695943
  0.87141935   0.40410678  -1.14235874  -0.26788176   1.80041663   0.75579894   0.35967098   1.80643745  -1.71902148
  0.87336787   0.40371311  -1.14167152  -0.26754416   1.79985684   0.75592867   0.35905309   1.80641960  -1.72183132
  0.87490633   0.40320952  -1.14120915  -0.26703824   1.79910793   0.75614190   0.35856759   1.80636879  -1.72380564
  0.87692900   0.40252881  -1.14056117  -0.26652484   1.79822554   0.75637752   0.35792696   1.80625913  -1.72668915
  0.87831604   0.40203260  -1.14014334  -0.26604898   1.79755087   0.75660797   0.35747684   1.80622627  -1.72844442
  0.88016223   0.40171538  -1.13946977  -0.26573992   1.79706132   0.75670119   0.35691761   1.80620453  -1.73105319
  0.88164892   0.40130372  -1.13900765  -0.26526291   1.79637103   0.75686569   0.35647208   1.80615127  -1.73291314
  0.88355968   0.40100907  -1.13829163  -0.26497042   1.79589850   0.75693853   0.35591188   1.80612754  -1.73561938
  0.88508255   0.40058931  -1.13780292  -0.26450885   1.79522770   0.75711315   0.35545395   1.80609306  -1.73755671
  0.88706048   0.40001022  -1.13714080  -0.26403919   1.79442765   0.75729888   0.35485243   1.80599006  -1.74034641
  0.88844098   0.39958764  -1.13669814  -0.26360234   1.79382197   0.75748996   0.35442447   1.80596089  -1.74208083
  0.89026841   0.39933189  -1.13600931  -0.26332356   1.79338867   0.75755075   0.35388810   1.80593825  -1.74464621
  0.89172998   0.39898049  -1.13553653  -0.26287459   1.79275017   0.75768231   0.35346821   1.80588330  -1.74645117
  0.89365172   0.39875681  -1.13479329  -0.26262012   1.79234732   0.75771690   0.35291613   1.80585779  -1.74916845
  0.89516012   0.39839573  -1.13428637  -0.26219235   1.79173660   0.75786118   0.35247940   1.80582708  -1.75107486
  0.89713380   0.39790964  -1.13359784  -0.26176933   1.79102278   0.75799933   0.35189503   1.80572783  -1.75384734
  0.89851117   0.39754702  -1.13313397  -0.26136555   1.79047490   0.75815740   0.35148447   1.80570010  -1.75556887
  0.90032313   0.39734379  -1.13243196  -0.26111372   1.79009202   0.75818965   0.35096731   1.80567468  -1.75809789
  0.90176421   0.39704553  -1.13194895  -0.26069100   1.78950196   0.75829182   0.35056942   1.80561778  -1.75985730
  0.90369127   0.39688390  -1.13118362  -0.26047029   1.78916176   0.75829267   0.35002617   1.80558935  -1.76257622
  0.90518480   0.39657792  -1.13066159  -0.26007364   1.78860730   0.75840780   0.34960929   1.80556026  -1.76445004
  0.90715618   0.39617958  -1.12994787  -0.25969607   1.78797742   0.75850073   0.34904026   1.80546412  -1.76720933
  0.90852995   0.39587438  -1.12946458  -0.25932423   1.78748572   0.75862704   0.34864649   1.80543732  -1.76891684
  0.91032732   0.39572272  -1.12875022  -0.25909929   1.78715332   0.75863116   0.34814770   1.80540918  -1.77141091
  0.91174837   0.39547656  -1.12825765  -0.25870278   1.78661156   0.75870439   0.34777151   1.80535045  -1.77312533
  0.91368048   0.39537576  -1.12747148  -0.25851539   1.78633363   0.75867217   0.34723679   1.80531911  -1.77584503
  0.91515876   0.39512412  -1.12693558  -0.25814959   1.78583514   0.75875847   0.34683960   1.80529149  -1.77768523
  0.91712792   0.39481185  -1.12619803  -0.25781716   1.78528891   0.75880708   0.34628527   1.80519842  -1.78043135
  0.91849764   0.39456340  -1.12569646  -0.25747707   1.78485331   0.75890199   0.34590820   1.80517245  -1.78212359
  0.92028084   0.39446348  -1.12497035  -0.25727937   1.78457218   0.75887794   0.34542745   1.80514186  -1.78458319
  0.92168211   0.39426925  -1.12446871  -0.25690935   1.78407920   0.75892232   0.34507297   1.80508157  -1.78625269
  0.92405045   0.39461923  -1.12343981  -0.25691700   1.78424929   0.75859464   0.34440951   1.80491463  -1.78957144
  0.92531028   0.39427892  -1.12295886  -0.25656524   1.78364032   0.75877227   0.34413579   1.80504051  -1.79116288
  0.92678275   0.39404077  -1.12240572  -0.25623400   1.78318907   0.75884759   0.34374723   1.80501212  -1.79302232
  0.92868770   0.39375184  -1.12168492  -0.25590821   1.78266555   0.75888213   0.34322511   1.80490770  -1.79564389
  0.93004702   0.39354461  -1.12117289  -0.25559239   1.78227746   0.75895298   0.34286103   1.80487665  -1.79731143
  0.93181868   0.39349091  -1.12043618  -0.25542125   1.78204788   0.75890271   0.34239374   1.80484012  -1.79974413
  0.93319618   0.39334635  -1.11992844  -0.25507625   1.78160216   0.75891768   0.34206258   1.80477392  -1.80136033
  0.93556470   0.39373137  -1.11888309  -0.25511932   1.78183509   0.75857490   0.34139786   1.80460923  -1.80469512
  0.93681799   0.39346188  -1.11838511  -0.25480026   1.78129410   0.75871121   0.34114437   1.80472665  -1.80625139
  0.93826939   0.39329104  -1.11782357  -0.25449877   1.78090046   0.75874981   0.34077883   1.80469602  -1.80805764
  0.94018487   0.39310329  -1.11706957  -0.25422964   1.78047892   0.75873081   0.34027123   1.80459537  -1.81068690
  0.94153702   0.39295969  -1.11653976  -0.25394935   1.78015470   0.75876695   0.33992635   1.80456560  -1.81233169
  0.94329320   0.39296599  -1.11579085  -0.25381043   1.77998638   0.75868425   0.33947886   1.80452678  -1.81472615
  0.94510272   0.39285722  -1.11508368  -0.25353627   1.77960029   0.75864189   0.33900705   1.80443684  -1.81711740
  0.94645600   0.39277266  -1.11453514  -0.25328807   1.77933113   0.75864656   0.33867835   1.80441140  -1.81875436
  0.94820019   0.39282551  -1.11377748  -0.25317182   1.77920444   0.75854027   0.33824822   1.80437582  -1.82111700
  0.95000003   0.39277390  -1.11305842  -0.25292705   1.77887147   0.75847004   0.33779251   1.80429247  -1.82348274
  0.95134730   0.39272614  -1.11250135  -0.25269831   1.77863734   0.75845579   0.33747551   1.80426974  -1.82510263
  0.95308398   0.39281260  -1.11173722  -0.25259963   1.77854350   0.75833223   0.33705590   1.80423513  -1.82744604
  0.95487951   0.39280681  -1.11100779  -0.25237905   1.77825545   0.75823883   0.33661052   1.80415444  -1.82979767
  0.95622215   0.39278920  -1.11044361  -0.25216676   1.77805129   0.75820871   0.33630279   1.80413284  -1.83140427
  0.95795218   0.39290424  -1.10967406  -0.25208343   1.77798667   0.75807015   0.33589207   1.80409797  -1.83373090
  0.95974351   0.39293868  -1.10893572  -0.25188444   1.77773914   0.75795614   0.33545579   1.80401870  -1.83606941
  0.96108168   0.39294851  -1.10836524  -0.25168731   1.77756299   0.75791146   0.33515641   1.80399758  -1.83766351
  0.96280548   0.39309023  -1.10759072  -0.25161853   1.77752633   0.75775880   0.33475382   1.80396202  -1.83997454
  0.96485960   0.39354848  -1.10669379  -0.25161006   1.77768118   0.75735779   0.33424989   1.80373225  -1.84267602
  0.96635543   0.39364340  -1.10582732  -0.25158775   1.77762479   0.75711580   0.33428322   1.80358650  -1.84439365
  0.96766221   0.39368676  -1.10539232  -0.25134594   1.77741802   0.75723000   0.33373917   1.80384533  -1.84610094
  0.96939409   0.39369051  -1.10469474  -0.25114280   1.77715978   0.75715331   0.33328402   1.80379849  -1.84839382
  0.97074077   0.39370471  -1.10411759  -0.25095433   1.77700069   0.75710057   0.33298253   1.80376553  -1.85000433
  0.97245748   0.39385866  -1.10334136  -0.25089559   1.77698794   0.75693773   0.33258496   1.80371883  -1.85229989
  0.97450538   0.39433022  -1.10244283  -0.25089759   1.77716567   0.75652724   0.33208541   1.80348007  -1.85498837
  0.97599896   0.39444454  -1.10157359  -0.25088824   1.77713801   0.75627425   0.33211950   1.80332765  -1.85669925
  0.97729282   0.39453040  -1.10113134  -0.25067233   1.77698504   0.75636387   0.33158719   1.80357952  -1.85837998
  0.97901777   0.39459873  -1.10041824  -0.25050578   1.77679584   0.75625183   0.33114926   1.80353072  -1.86065058
  0.98035419   0.39465976  -1.09983202  -0.25034344   1.77668679   0.75617424   0.33086217   1.80349729  -1.86223525
  0.98205958   0.39486175  -1.09904750  -0.25031153   1.77672685   0.75598592   0.33047846   1.80344818  -1.86450326
  0.98410590   0.39536699  -1.09814077  -0.25033480   1.77694659   0.75555727   0.32998447   1.80320538  -1.86718547
  0.98559229   0.39551449  -1.09726898  -0.25034014   1.77695382   0.75528591   0.33002582   1.80304532  -1.86887115
  0.98687228   0.39566288  -1.09681445  -0.25016253   1.77687343   0.75534276   0.32950921   1.80329646  -1.87052628
  0.98858701   0.39581355  -1.09608243  -0.25004111   1.77676828   0.75518833   0.32909444   1.80325061  -1.87276552
  0.98991116   0.39593131  -1.09548570  -0.24990939   1.77671741   0.75508185   0.32882484   1.80321887  -1.87431897
  0.99160399   0.39618900  -1.09469177  -0.24990785   1.77681675   0.75486499   0.32845715   1.80316911  -1.87655606
  0.99364824   0.39673186  -1.09377631  -0.24995419   1.77708203   0.75441666   0.32796971   1.80292330  -1.87923067
  0.99512663   0.39691495  -1.09290187  -0.24997508   1.77712596   0.75412592   0.32801929   1.80275602  -1.88088926
  0.99639256   0.39712960  -1.09243448  -0.24983753   1.77712158   0.75414872   0.32751915   1.80300704  -1.88251787
  0.99809546   0.39736584  -1.09168378  -0.24976269   1.77710372   0.75395110   0.32712849   1.80296474  -1.88472263
  0.99940681   0.39754248  -1.09107652  -0.24966255   1.77711321   0.75381513   0.32687675   1.80293496  -1.88624381
  1.00108675   0.39785757  -1.09027314  -0.24969222   1.77727375   0.75356931   0.32652538   1.80288481  -1.88844940
  1.00312854   0.39843879  -1.08934912  -0.24976191   1.77758542   0.75310111   0.32604489   1.80263618  -1.89111567
  1.00459858   0.39865775  -1.08847226  -0.24979825   1.77766633   0.75279107   0.32610280   1.80246178  -1.89274665
  1.00585064   0.39893908  -1.08799203  -0.24970095   1.77773867   0.75277994   0.32561908   1.80271239  -1.89434900
  1.00754027   0.39926099  -1.08722361  -0.24967263   1.77780885   0.75253979   0.32525252   1.80267352  -1.89651713
  1.00883855   0.39949695  -1.08660611  -0.24960421   1.77787954   0.75237452   0.32501841   1.80264551  -1.89800582
  1.01050550   0.39986983  -1.08579342  -0.24966530   1.77810219   0.75209992   0.32468323   1.80259493  -1.90018003
  1.01254452   0.40048947  -1.08486112  -0.24975829   1.77846051   0.75161197   0.32420994   1.80234344  -1.90283750
  1.01400590   0.40074412  -1.08398217  -0.24980974   1.77857826   0.75128293   0.32427609   1.80216188  -1.90444056
  1.01524438   0.40109193  -1.08348918  -0.24975258   1.77872754   0.75123828   0.32380856   1.80241162  -1.90601723
  1.01691930   0.40149898  -1.08270406  -0.24977038   1.77888597   0.75095657   0.32346592   1.80237588  -1.90814680
  1.01820428   0.40179432  -1.08207663  -0.24973364   1.77901835   0.75076240   0.32324910   1.80234935  -1.90960296
  1.01985820   0.40222504  -1.08125479  -0.24982621   1.77930375   0.75045937   0.32292985   1.80229817  -1.91174610
  1.02189417   0.40288296  -1.08031447  -0.24994232   1.77970882   0.74995188   0.32246398   1.80204372  -1.91439447
  1.02334660   0.40317299  -1.07943377  -0.25000845   1.77986316   0.74960419   0.32253824   1.80185492  -1.91596928
  1.02457183   0.40358701  -1.07892803  -0.24999131   1.78008952   0.74952647   0.32208661   1.80210325  -1.91752103
  1.02623058   0.40407859  -1.07812719  -0.25005476   1.78033631   0.74920424   0.32176773   1.80207032  -1.91961012
  1.02750200   0.40443324  -1.07749016  -0.25004956   1.78053076   0.74898163   0.32156782   1.80204491  -1.92103375
  1.02914285   0.40492175  -1.07665927  -0.25017360   1.78087944   0.74865060   0.32126420   1.80199290  -1.92314625
  1.03117556   0.40561772  -1.07571116  -0.25031266   1.78133126   0.74812382   0.32080591   1.80173537  -1.92578530
  1.03232277   0.40594553  -1.07508390  -0.25034343   1.78152009   0.74796812   0.32068163   1.80184950  -1.92706923
  1.03363389   0.40636901  -1.07441892  -0.25035463   1.78174011   0.74770987   0.32049626   1.80183148  -1.92851745
  1.03528188   0.40690289  -1.07357001  -0.25050741   1.78213765   0.74735614   0.32020422   1.80178278  -1.93063781
  1.03730970   0.40763098  -1.07261387  -0.25067179   1.78264135   0.74681046   0.31975064   1.80151559  -1.93327290
  1.03840146   0.40803020  -1.07199052  -0.25074985   1.78293593   0.74661382   0.31964732   1.80160363  -1.93446901
  1.03962512   0.40857078  -1.07132842  -0.25084214   1.78333191   0.74628903   0.31949506   1.80154633  -1.93578458
  1.04111794   0.40927784  -1.07049119  -0.25112072   1.78400413   0.74583756   0.31925817   1.80143680  -1.93767349
  1.04295240   0.41014547  -1.06956287  -0.25141263   1.78478709   0.74520854   0.31886123   1.80109839  -1.94004362
  1.04381001   0.41095274  -1.06892753  -0.25175294   1.78563784   0.74479173   0.31885318   1.80108870  -1.94087956
  1.04476021   0.41199822  -1.06823992  -0.25217056   1.78669290   0.74420713   0.31882502   1.80095220  -1.94178666
  1.04560447   0.41322298  -1.06753386  -0.25269917   1.78794569   0.74351530   0.31888809   1.80077667  -1.94250786
  1.04651089   0.41480165  -1.06670028  -0.25354485   1.78969964   0.74263077   0.31891375   1.80057831  -1.94356252
  1.04738608   0.41886680  -1.06521499  -0.25554270   1.79369210   0.74059348   0.31953765   1.80053813  -1.94391540
  1.04782817   0.42035869  -1.06462178  -0.25627516   1.79539014   0.73982594   0.31963442   1.80037066  -1.94414661
  1.04834235   0.42227501  -1.06386828  -0.25726037   1.79761566   0.73878348   0.31979046   1.80004579  -1.94442547
  1.04786222   0.42887116  -1.06217694  -0.26054189   1.80387709   0.73572641   0.32146583   1.80038657  -1.94231041
  1.04889328   0.42966293  -1.06144983  -0.26105064   1.80507748   0.73504119   0.32135690   1.79977966  -1.94363866
  1.04889328   0.42966293  -1.06144983  -0.26105064   1.80507748   0.73504119   0.32135690   1.79977966  -1.94363866
  1.04758192   0.43969873  -1.05917009  -0.26619607   1.81544889   0.73040289   0.32352350   1.79977915  -1.93989139
  1.04758192   0.43969873  -1.05917009  -0.26619607   1.81544889   0.73040289   0.32352350   1.79977915  -1.93989139
  1.04656297   0.44714617  -1.05726802  -0.27022748   1.82365054   0.72671121   0.32528061   1.79915290  -1.93707594
  1.04656297   0.44714617  -1.05726802  -0.27022748   1.82365054   0.72671121   0.32528061   1.79915290  -1.93707594
  1.04540540   0.45642451  -1.05497996  -0.27505390   1.83335414   0.72232786   0.32729255   1.79877995  -1.93390717
  1.04540540   0.45642451  -1.05497996  -0.27505390   1.83335414   0.72232786   0.32729255   1.79877995  -1.93390717
  1.04376716   0.46383227  -1.05327106  -0.27920297   1.84200476   0.71865272   0.32897085   1.79777056  -1.93048670
  1.04273922   0.46826387  -1.05231004  -0.28163053   1.84694648   0.71653586   0.32995020   1.79734915  -1.92847075
  1.04273922   0.46826387  -1.05231004  -0.28163053   1.84694648   0.71653586   0.32995020   1.79734915  -1.92847075
  1.04065290   0.47960352  -1.04958617  -0.28730976   1.85799351   0.71156356   0.33287281   1.79756438  -1.92367771
  1.03984270   0.48223204  -1.04902954  -0.28900295   1.86187992   0.71006863   0.33323540   1.79648405  -1.92231663
  1.03984270   0.48223204  -1.04902954  -0.28900295   1.86187992   0.71006863   0.33323540   1.79648405  -1.92231663
  1.03776381   0.49222264  -1.04658098  -0.29418453   1.87204388   0.70552506   0.33577406   1.79610207  -1.91805422
  1.03776381   0.49222264  -1.04658098  -0.29418453   1.87204388   0.70552506   0.33577406   1.79610207  -1.91805422
  1.03551811   0.50328172  -1.04380942  -0.29986579   1.88355017   0.70057996   0.33841091   1.79556716  -1.91333337
  1.03500945   0.50431291  -1.04341737  -0.30098654   1.88665299   0.69949011   0.33845925   1.79372280  -1.91245818
  1.03500945   0.50431291  -1.04341737  -0.30098654   1.88665299   0.69949011   0.33845925   1.79372280  -1.91245818
  1.03246451   0.51750998  -1.04014456  -0.30734566   1.89887660   0.69402831   0.34168307   1.79420989  -1.90729840
  1.03246451   0.51750998  -1.04014456  -0.30734566   1.89887660   0.69402831   0.34168307   1.79420989  -1.90729840
  1.03044347   0.52709279  -1.03753609  -0.31228365   1.90896853   0.68967878   0.34403224   1.79337416  -1.90327221
  1.02975330   0.52895022  -1.03708564  -0.31361387   1.91209449   0.68851983   0.34424621   1.79223786  -1.90226662
  1.02975330   0.52895022  -1.03708564  -0.31361387   1.91209449   0.68851983   0.34424621   1.79223786  -1.90226662
  1.02748193   0.53961347  -1.03416449  -0.31906873   1.92344605   0.68373121   0.34672273   1.79120143  -1.89785303
  1.02748193   0.53961347  -1.03416449  -0.31906873   1.92344605   0.68373121   0.34672273   1.79120143  -1.89785303
  1.02520661   0.55064059  -1.03114581  -0.32451521   1.93445783   0.67898986   0.34931206   1.79065230  -1.89359141
  1.02520661   0.55064059  -1.03114581  -0.32451521   1.93445783   0.67898986   0.34931206   1.79065230  -1.89359141
  1.02338796   0.55928697  -1.02854193  -0.32894534   1.94383829   0.67510134   0.35137518   1.78962377  -1.89005358
  1.02338796   0.55928697  -1.02854193  -0.32894534   1.94383829   0.67510134   0.35137518   1.78962377  -1.89005358
  1.02110188   0.56874523  -1.02588103  -0.33394730   1.95458574   0.67070400   0.35333041   1.78794158  -1.88611141
  1.02110188   0.56874523  -1.02588103  -0.33394730   1.95458574   0.67070400   0.35333041   1.78794158  -1.88611141
  1.01887519   0.57931700  -1.02273568  -0.33915634   1.96529204   0.66615202   0.35581411   1.78713599  -1.88216977
  1.01887519   0.57931700  -1.02273568  -0.33915634   1.96529204   0.66615202   0.35581411   1.78713599  -1.88216977
  1.01672713   0.58939367  -1.01962750  -0.34415053   1.97576688   0.66177703   0.35819329   1.78613449  -1.87834349
  1.01672713   0.58939367  -1.01962750  -0.34415053   1.97576688   0.66177703   0.35819329   1.78613449  -1.87834349
  1.01445879   0.59946481  -1.01656676  -0.34919951   1.98656053   0.65734830   0.36038658   1.78480849  -1.87449541
  1.01445879   0.59946481  -1.01656676  -0.34919951   1.98656053   0.65734830   0.36038658   1.78480849  -1.87449541
  1.01252040   0.60816945  -1.01385181  -0.35354350   1.99571217   0.65350985   0.36234808   1.78368719  -1.87136754
  1.01252040   0.60816945  -1.01385181  -0.35354350   1.99571217   0.65350985   0.36234808   1.78368719  -1.87136754
  1.01014002   0.61879434  -1.01049672  -0.35884776   2.00732333   0.64887779   0.36456802   1.78214221  -1.86738533
  1.01014002   0.61879434  -1.01049672  -0.35884776   2.00732333   0.64887779   0.36456802   1.78214221  -1.86738533
  1.00830909   0.62734429  -1.00760242  -0.36306256   2.01653010   0.64508356   0.36653964   1.78082316  -1.86427648
  1.00830909   0.62734429  -1.00760242  -0.36306256   2.01653010   0.64508356   0.36653964   1.78082316  -1.86427648
  1.00567425   0.63898007  -1.00385339  -0.36865700   2.02856801   0.64015250   0.36909904   1.77947360  -1.86012609
  1.00567425   0.63898007  -1.00385339  -0.36865700   2.02856801   0.64015250   0.36909904   1.77947360  -1.86012609
  1.00365669   0.64705013  -1.00111453  -0.37286368   2.03803808   0.63636226   0.37078304   1.77750027  -1.85702484
  1.00365669   0.64705013  -1.00111453  -0.37286368   2.03803808   0.63636226   0.37078304   1.77750027  -1.85702484
  1.00112941   0.65886327  -0.99715860  -0.37835455   2.05000693   0.63151366   0.37333623   1.77636274  -1.85308992
  1.00112941   0.65886327  -0.99715860  -0.37835455   2.05000693   0.63151366   0.37333623   1.77636274  -1.85308992
  0.99886896   0.66870112  -0.99376089  -0.38313685   2.06066650   0.62722703   0.37542606   1.77472007  -1.84968589
  0.99886896   0.66870112  -0.99376089  -0.38313685   2.06066650   0.62722703   0.37542606   1.77472007  -1.84968589
  0.99679963   0.67824979  -0.99040565  -0.38759879   2.07047164   0.62319956   0.37753556   1.77351280  -1.84665300
  0.99679963   0.67824979  -0.99040565  -0.38759879   2.07047164   0.62319956   0.37753556   1.77351280  -1.84665300
  0.99459042   0.68761630  -0.98716445  -0.39225369   2.08119973   0.61905217   0.37924543   1.77154436  -1.84348823
  0.99321149   0.69377134  -0.98485110  -0.39507545   2.08756056   0.61643019   0.38073650   1.77065563  -1.84138603
  0.99321149   0.69377134  -0.98485110  -0.39507545   2.08756056   0.61643019   0.38073650   1.77065563  -1.84138603
  0.99169784   0.69970344  -0.98261605  -0.39839328   2.09439510   0.61384971   0.38152331   1.76906999  -1.83920210
  0.99169784   0.69970344  -0.98261605  -0.39839328   2.09439510   0.61384971   0.38152331   1.76906999  -1.83920210
  0.99371318   0.71783423  -0.95912322  -0.42916046   2.09439510   0.61636690   0.36633532   1.75995337  -1.82596261
  0.99371318   0.71783423  -0.95912322  -0.42916046   2.09439510   0.61636690   0.36633532   1.75995337  -1.82596261
  0.99371318   0.71783423  -0.95912322  -0.42916046   2.09439510   0.61636690   0.36633532   1.75995337  -1.82596261
  0.99597549   0.73813178  -0.92857119  -0.46738057   2.09314073   0.62119349   0.34441809   1.74689913  -1.80987459
  0.99597549   0.73813178  -0.92857119  -0.46738057   2.09314073   0.62119349   0.34441809   1.74689913  -1.80987459
  0.99583521   0.75192963  -0.90977936  -0.48855762   2.09439510   0.62339694   0.33232355   1.73991663  -1.80036949
  0.99583521   0.75192963  -0.90977936  -0.48855762   2.09439510   0.62339694   0.33232355   1.73991663  -1.80036949
  0.99583521   0.75192963  -0.90977936  -0.48855762   2.09439510   0.62339694   0.33232355   1.73991663  -1.80036949
  0.99583521   0.75192963  -0.90977936  -0.48855762   2.09439510   0.62339694   0.33232355   1.73991663  -1.80036949
  0.99611265   0.77964117  -0.86422090  -0.53765661   2.09439510   0.63113612   0.29892798   1.72112283  -1.77956900
  0.99611265   0.77964117  -0.86422090  -0.53765661   2.09439510   0.63113612   0.29892798   1.72112283  -1.77956900
  0.99611265   0.77964117  -0.86422090  -0.53765661   2.09439510   0.63113612   0.29892798   1.72112283  -1.77956900
  0.99611265   0.77964117  -0.86422090  -0.53765661   2.09439510   0.63113612   0.29892798   1.72112283  -1.77956900
  0.99272581   0.80905559  -0.81010736  -0.58710859   2.09438211   0.64113518   0.25873373   1.70077721  -1.75750226
  0.99272581   0.80905559  -0.81010736  -0.58710859   2.09438211   0.64113518   0.25873373   1.70077721  -1.75750226
  0.99272581   0.80905559  -0.81010736  -0.58710859   2.09438211   0.64113518   0.25873373   1.70077721  -1.75750226
  0.99272581   0.80905559  -0.81010736  -0.58710859   2.09438211   0.64113518   0.25873373   1.70077721  -1.75750226
  0.98404641   0.83993457  -0.74371478  -0.63514326   2.09432882   0.65309317   0.20848207   1.67832679  -1.73511462
  0.98404641   0.83993457  -0.74371478  -0.63514326   2.09432882   0.65309317   0.20848207   1.67832679  -1.73511462
  0.98404641   0.83993457  -0.74371478  -0.63514326   2.09432882   0.65309317   0.20848207   1.67832679  -1.73511462
  0.98404641   0.83993457  -0.74371478  -0.63514326   2.09432882   0.65309317   0.20848207   1.67832679  -1.73511462
  0.96722972   0.86952956  -0.66690609  -0.67414262   2.09439510   0.66475922   0.14979245   1.65625433  -1.71444831
  0.96722972   0.86952956  -0.66690609  -0.67414262   2.09439510   0.66475922   0.14979245   1.65625433  -1.71444831
  0.96722972   0.86952956  -0.66690609  -0.67414262   2.09439510   0.66475922   0.14979245   1.65625433  -1.71444831
  0.96563448   0.86981421  -0.66625926  -0.67451182   2.09439510   0.66486154   0.14920384   1.65590534  -1.71267593
  0.96560060   0.86963376  -0.66596417  -0.67464143   2.09439510   0.66491786   0.14935089   1.65592541  -1.71272562
  0.93562730   0.90274742  -0.56442532  -0.70462990   2.09421274   0.67511882   0.07288410   1.63417140  -1.69319384
  0.93562730   0.90274742  -0.56442532  -0.70462990   2.09421274   0.67511882   0.07288410   1.63417140  -1.69319384
  0.93383807   0.90259642  -0.56448035  -0.70470617   2.09439510   0.67498078   0.07311330   1.63382423  -1.69100502
  0.93356448   0.90269492  -0.56461560  -0.70487289   2.09439510   0.67497611   0.07298167   1.63383241  -1.69114531
  0.90835870   0.92064328  -0.50014228  -0.71148052   2.09439510   0.67607656   0.02583851   1.62506213  -1.68183063
  0.90811400   0.92073864  -0.50024043  -0.71162424   2.09432658   0.67593604   0.02586578   1.62493132  -1.68186710
  0.90673164   0.92056769  -0.50006685  -0.71161812   2.09439510   0.67581779   0.02609712   1.62471406  -1.68003965
  0.90527595   0.92058616  -0.50028114  -0.71158378   2.09439510   0.67600862   0.02580070   1.62483205  -1.67842532
  0.90416516   0.92047571  -0.49999300  -0.71175876   2.09439510   0.67586434   0.02599528   1.62462832  -1.67735165
  0.90256857   0.92055970  -0.50001573  -0.71174683   2.09439510   0.67598985   0.02562615   1.62467600  -1.67564646
  0.90127077   0.92051785  -0.49981689  -0.71189671   2.09439510   0.67601530   0.02555543   1.62464612  -1.67446382
  0.89959160   0.92056483  -0.49982215  -0.71193491   2.09439510   0.67609816   0.02532522   1.62466756  -1.67268946
  0.89789252   0.92067732  -0.49942816  -0.71199696   2.09439510   0.67591120   0.02524008   1.62442777  -1.67081846
  0.89651607   0.92105254  -0.49826463  -0.71224326   2.09439510   0.67588815   0.02437587   1.62434818  -1.67015735
  0.89439891   0.92104526  -0.49832764  -0.71226038   2.09439510   0.67588977   0.02430871   1.62426961  -1.66772318
  0.86989249   0.93683177  -0.44072515  -0.71365255   2.09439510   0.67433821  -0.01667476   1.61858581  -1.66123488
  0.86806528   0.93654424  -0.44136088  -0.71368598   2.09439510   0.67455574  -0.01636561   1.61880374  -1.65903520
  0.86676962   0.93633978  -0.44170560  -0.71374259   2.09404101   0.67443515  -0.01586762   1.61868019  -1.65733808
  0.86542623   0.93632312  -0.44247771  -0.71379088   2.09394262   0.67462036  -0.01596917   1.61884472  -1.65601814
  0.86405213   0.93586146  -0.44266882  -0.71398590   2.09372899   0.67466577  -0.01534143   1.61884915  -1.65446157
  0.86272917   0.93560449  -0.44336423  -0.71402831   2.09341182   0.67490314  -0.01526190   1.61900321  -1.65302591
  0.86157363   0.93530152  -0.44396154  -0.71409335   2.09306151   0.67511956  -0.01515900   1.61910960  -1.65181344
  0.85962593   0.93467200  -0.44472654  -0.71408633   2.09256022   0.67536625  -0.01470517   1.61917842  -1.64929296
  0.85775544   0.93437595  -0.44552741  -0.71404795   2.09237861   0.67553926  -0.01445254   1.61928534  -1.64692540
  0.85654961   0.93407220  -0.44596829  -0.71414491   2.09208963   0.67566467  -0.01415991   1.61935234  -1.64558492
  0.85508849   0.93371928  -0.44646531  -0.71426145   2.09193325   0.67582354  -0.01383467   1.61944596  -1.64397786
  0.85368959   0.93352589  -0.44708537  -0.71431427   2.09167686   0.67591737  -0.01364041   1.61949038  -1.64238881
  0.85202455   0.93312628  -0.44762715  -0.71437695   2.09139212   0.67602919  -0.01318331   1.61953792  -1.64033260
  0.85090791   0.93299681  -0.44822051  -0.71445422   2.09122667   0.67618857  -0.01316863   1.61964477  -1.63925043
  0.84971666   0.93249165  -0.44869666  -0.71454318   2.09077392   0.67644120  -0.01286481   1.61975675  -1.63790889
  0.84780464   0.93184780  -0.44960693  -0.71449539   2.09019775   0.67677233  -0.01256771   1.61985640  -1.63545685
  0.84662731   0.93154758  -0.45021219  -0.71456217   2.08990678   0.67700450  -0.01248164   1.61997925  -1.63423631
  0.84509067   0.93122297  -0.45063351  -0.71467868   2.08958893   0.67694513  -0.01195339   1.61986611  -1.63239036
  0.84339695   0.93077141  -0.45124507  -0.71465754   2.08956172   0.67726888  -0.01164343   1.62012100  -1.63022504
  0.84243444   0.93057852  -0.45186372  -0.71481952   2.08907094   0.67742391  -0.01164576   1.62016182  -1.62952678
  0.84041872   0.93010513  -0.45238307  -0.71494488   2.08884809   0.67744213  -0.01098169   1.62011205  -1.62706551
  0.83931965   0.93005773  -0.45306272  -0.71479421   2.08873156   0.67760586  -0.01104912   1.62024544  -1.62554351
  0.83737360   0.92956818  -0.45359313  -0.71490701   2.08845589   0.67770008  -0.01041794   1.62027954  -1.62315925
  0.83640251   0.92930226  -0.45413950  -0.71502345   2.08812888   0.67793210  -0.01038206   1.62040588  -1.62232175
  0.83489660   0.92884346  -0.45482140  -0.71505099   2.08771372   0.67816052  -0.01013080   1.62047856  -1.62052527
  0.83344502   0.92843234  -0.45544788  -0.71509989   2.08735870   0.67835902  -0.00987275   1.62054788  -1.61883123
  0.83240930   0.92821188  -0.45595560  -0.71519495   2.08712058   0.67852707  -0.00977912   1.62064252  -1.61782633
  0.83048510   0.92783158  -0.45648674  -0.71524616   2.08699475   0.67853204  -0.00920293   1.62060000  -1.61536261
  0.82893603   0.92774634  -0.45724701  -0.71523595   2.08695795   0.67868933  -0.00915010   1.62074247  -1.61356630
  0.82733203   0.92735705  -0.45768445  -0.71533459   2.08689180   0.67884405  -0.00869137   1.62086664  -1.61166003
  0.82586862   0.92716956  -0.45815993  -0.71545847   2.08663301   0.67879181  -0.00829263   1.62079821  -1.61000788
  0.82451076   0.92707748  -0.45880913  -0.71546012   2.08656598   0.67891219  -0.00821410   1.62089946  -1.60843369
  0.82328278   0.92677313  -0.45922356  -0.71558457   2.08633259   0.67904241  -0.00789830   1.62098381  -1.60711521
  0.82166701   0.92638534  -0.45976186  -0.71564519   2.08603893   0.67912483  -0.00745690   1.62098675  -1.60512342
  0.81986861   0.92626704  -0.46051492  -0.71564405   2.08585873   0.67910587  -0.00718749   1.62094082  -1.60290657
  0.81831316   0.92596204  -0.46110433  -0.71556948   2.08595683   0.67938676  -0.00696458   1.62119638  -1.60083334
  0.81721762   0.92571104  -0.46144279  -0.71582463   2.08568895   0.67943008  -0.00665244   1.62119237  -1.59996238
  0.81615594   0.92557999  -0.46187863  -0.71593777   2.08557075   0.67951663  -0.00650347   1.62126042  -1.59892379
  0.81422813   0.92527667  -0.46248028  -0.71596743   2.08556514   0.67956391  -0.00604762   1.62127394  -1.59649482
  0.81285799   0.92513650  -0.46295897  -0.71605187   2.08542164   0.67959512  -0.00574445   1.62131981  -1.59492960
  0.81169573   0.92500559  -0.46339015  -0.71616602   2.08536348   0.67967533  -0.00555088   1.62139902  -1.59374667
  0.80975742   0.92473308  -0.46405930  -0.71616539   2.08545059   0.67979069  -0.00519781   1.62148390  -1.59131219
  0.80811578   0.92458491  -0.46454382  -0.71624414   2.08526490   0.67968054  -0.00471651   1.62139334  -1.58929495
  0.80627189   0.92438533  -0.46523107  -0.71619611   2.08536172   0.67985415  -0.00443599   1.62158210  -1.58691232
  0.80525754   0.92428402  -0.46546995  -0.71642516   2.08523530   0.67976678  -0.00410010   1.62151046  -1.58604883
  0.80360062   0.92422873  -0.46610476  -0.71646704   2.08516053   0.67972788  -0.00382293   1.62148933  -1.58408076
  0.80220309   0.92407566  -0.46663083  -0.71653333   2.08534403   0.67992306  -0.00367992   1.62169244  -1.58255897
  0.80061956   0.92401335  -0.46714958  -0.71659789   2.08520846   0.67980616  -0.00329034   1.62160904  -1.58064135
  0.79918500   0.92375752  -0.46747715  -0.71672978   2.08528925   0.67987552  -0.00286204   1.62169335  -1.57901728
  0.79796474   0.92370559  -0.46783979  -0.71683458   2.08532555   0.67987628  -0.00258327   1.62175395  -1.57768074
  0.79631657   0.92365819  -0.46848290  -0.71686434   2.08534787   0.67986321  -0.00235543   1.62175307  -1.57572943
  0.79499198   0.92359771  -0.46892897  -0.71694281   2.08554519   0.67998445  -0.00216802   1.62193884  -1.57428124
  0.79301870   0.92348060  -0.46948074  -0.71695771   2.08536741   0.67973831  -0.00155192   1.62172211  -1.57164547
  0.79160434   0.92336472  -0.46997779  -0.71696150   2.08565304   0.67993686  -0.00138808   1.62196685  -1.56994351
  0.79066961   0.92338916  -0.47010810  -0.71731262   2.08570115   0.67981709  -0.00106325   1.62194204  -1.56945353
  0.78842233   0.92316764  -0.47084146  -0.71731224   2.08585921   0.67986575  -0.00062169   1.62199363  -1.56660226
  0.78729860   0.92314308  -0.47110739  -0.71738831   2.08580852   0.67973102  -0.00024668   1.62192205  -1.56523650
  0.78618186   0.92320890  -0.47138891  -0.71755241   2.08600627   0.67969861  -0.00000769   1.62200628  -1.56417703
  0.78443311   0.92310254  -0.47207750  -0.71752140   2.08626351   0.67983961   0.00015090   1.62215430  -1.56202177
  0.78306544   0.92313675  -0.47230229  -0.71770187   2.08632329   0.67963760   0.00066013   1.62208853  -1.56052006
  0.78161163   0.92318939  -0.47269767  -0.71779561   2.08649859   0.67953495   0.00099312   1.62209171  -1.55885183
  0.78018610   0.92320367  -0.47305276  -0.71790811   2.08674921   0.67948771   0.00132399   1.62215128  -1.55725907
  0.77816351   0.92316901  -0.47375304  -0.71787781   2.08680268   0.67936927   0.00171451   1.62206688  -1.55462644
  0.77694935   0.92313320  -0.47388019  -0.71807979   2.08703869   0.67929381   0.00217420   1.62212295  -1.55338108
  0.77497804   0.92324626  -0.47467452  -0.71801277   2.08715180   0.67918081   0.00240681   1.62207469  -1.55083656
  0.77382329   0.92329391  -0.47492941  -0.71819333   2.08758484   0.67925172   0.00260770   1.62228257  -1.54979550
  0.77203969   0.92328034  -0.47539552  -0.71827899   2.08760110   0.67902615   0.00311993   1.62212648  -1.54760718
  0.77064770   0.92317859  -0.47571129  -0.71840682   2.08787091   0.67906228   0.00346610   1.62223292  -1.54607509
  0.76940966   0.92329331  -0.47586015  -0.71856953   2.08809606   0.67884880   0.00392661   1.62219119  -1.54471210
  0.76745466   0.92339330  -0.47659619  -0.71853931   2.08831072   0.67876317   0.00417178   1.62218213  -1.54225839
  0.76613666   0.92331179  -0.47683894  -0.71870152   2.08858581   0.67876137   0.00455006   1.62226680  -1.54086408
  0.76507107   0.92361788  -0.47701388  -0.71887247   2.08896754   0.67855622   0.00481270   1.62228649  -1.53985672
  0.76317163   0.92384112  -0.47739735  -0.71894112   2.08951986   0.67833521   0.00529376   1.62229978  -1.53751524
  0.76183427   0.92388327  -0.47746539  -0.71914616   2.08973473   0.67806182   0.00590441   1.62218890  -1.53602884
  0.75996224   0.92390720  -0.47813663  -0.71917527   2.09009756   0.67810377   0.00610608   1.62229817  -1.53383215
  0.75852464   0.92404209  -0.47866208  -0.71919877   2.09032342   0.67804200   0.00626884   1.62232951  -1.53214148
  0.75729624   0.92417327  -0.47873667  -0.71938213   2.09079701   0.67789790   0.00671144   1.62239926  -1.53084730
  0.75538168   0.92424680  -0.47933143  -0.71941728   2.09094060   0.67770162   0.00711107   1.62228384  -1.52847320
  0.75380720   0.92432698  -0.47976358  -0.71951606   2.09122020   0.67761080   0.00743128   1.62230912  -1.52668483
  0.75230479   0.92437979  -0.48002854  -0.71966290   2.09139452   0.67738501   0.00793521   1.62221005  -1.52495674
  0.75114208   0.92471732  -0.48018553  -0.71980633   2.09203739   0.67723565   0.00818395   1.62232798  -1.52378479
  0.74946957   0.92515557  -0.48041913  -0.71991816   2.09277623   0.67690696   0.00862190   1.62232781  -1.52182756
  0.74745567   0.92506398  -0.48091148  -0.71996890   2.09319795   0.67688957   0.00909390   1.62239490  -1.51931901
  0.74617941   0.92528687  -0.48114253  -0.72002415   2.09342317   0.67660632   0.00949879   1.62229097  -1.51770761
  0.74519333   0.92580576  -0.48125217  -0.72033624   2.09396412   0.67628802   0.00969548   1.62227570  -1.51716156
  0.74336062   0.92570519  -0.48183856  -0.72031175   2.09411815   0.67641532   0.00993593   1.62243889  -1.51484924
  0.74211353   0.92579486  -0.48188310  -0.72049651   2.09393970   0.67635177   0.01025611   1.62254522  -1.51362019
  0.74022127   0.92581671  -0.48211687  -0.72054403   2.09439510   0.67619362   0.01048513   1.62240121  -1.51140539
  0.73812151   0.92561961  -0.48262356  -0.72055643   2.09439510   0.67633426   0.01080570   1.62255451  -1.50881132
  0.73685172   0.92556352  -0.48271527  -0.72067258   2.09439510   0.67618521   0.01110880   1.62241492  -1.50741166
  0.73513582   0.92555829  -0.48321761  -0.72062475   2.09424953   0.67639383   0.01102437   1.62263093  -1.50540024
  0.73370143   0.92554117  -0.48332519  -0.72076932   2.09439510   0.67610978   0.01131391   1.62231241  -1.50388892
  0.73261702   0.92557131  -0.48316308  -0.72102841   2.09439510   0.67620512   0.01114562   1.62241593  -1.50334599
  0.73023302   0.92545114  -0.48366330  -0.72100763   2.09434021   0.67617837   0.01147382   1.62237809  -1.50034618
  0.72900335   0.92541389  -0.48380979  -0.72110343   2.09437341   0.67624346   0.01148942   1.62243768  -1.49914466
  0.72697872   0.92521021  -0.48413939  -0.72105470   2.09439510   0.67646400   0.01162218   1.62263423  -1.49661998
  0.72599041   0.92546419  -0.48377061  -0.72128325   2.09439510   0.67627311   0.01140774   1.62247341  -1.49614742
  0.72443355   0.92544715  -0.48362398  -0.72137917   2.09439510   0.67622782   0.01143205   1.62241147  -1.49455719
  0.72228605   0.92535814  -0.48398990  -0.72137170   2.09439179   0.67618464   0.01162110   1.62232363  -1.49195290
  0.72086197   0.92536660  -0.48364950  -0.72149325   2.09439510   0.67626641   0.01144952   1.62239877  -1.49070325
  0.71883025   0.92551926  -0.48326061  -0.72151386   2.09439510   0.67629543   0.01101122   1.62238321  -1.48871107
  0.71666593   0.92532548  -0.48346971  -0.72153790   2.09439510   0.67637252   0.01117696   1.62240159  -1.48617064
  0.71541771   0.92537421  -0.48346024  -0.72167382   2.09439510   0.67629476   0.01118008   1.62232120  -1.48504783
  0.71342540   0.92540920  -0.48357169  -0.72165432   2.09439510   0.67626920   0.01114246   1.62227232  -1.48274628
  0.71206556   0.92531272  -0.48354284  -0.72177523   2.09439510   0.67646013   0.01104652   1.62244103  -1.48152600
  0.71005569   0.92535287  -0.48349957  -0.72180136   2.09439510   0.67628296   0.01113079   1.62223946  -1.47922306
  0.70850860   0.92549610  -0.48339184  -0.72184997   2.09439510   0.67625449   0.01088686   1.62219683  -1.47772781
  0.70690831   0.92532729  -0.48330418  -0.72197800   2.09439510   0.67644037   0.01086578   1.62234252  -1.47619576
  0.70514927   0.92534856  -0.48318937  -0.72210530   2.09439510   0.67617304   0.01106286   1.62205352  -1.47433437
  0.70331467   0.92547315  -0.48319492  -0.72206783   2.09439510   0.67630146   0.01068343   1.62215728  -1.47241005
  0.70177272   0.92537402  -0.48299837  -0.72221163   2.09439510   0.67637962   0.01065662   1.62220192  -1.47098567
  0.69991423   0.92543205  -0.48300803  -0.72225989   2.09439510   0.67636912   0.01052173   1.62216140  -1.46906204
  0.69823697   0.92542418  -0.48276191  -0.72236490   2.09439510   0.67627211   0.01054191   1.62203691  -1.46736371
  0.66906273   0.94351511  -0.41686478  -0.72076406   2.09439510   0.67382361  -0.03572670   1.61604236  -1.46162854
  0.66711210   0.94318701  -0.41745915  -0.72078588   2.09439510   0.67397621  -0.03538212   1.61618352  -1.45924947
  0.66599980   0.94310976  -0.41772760  -0.72094309   2.09426513   0.67385181  -0.03511316   1.61605972  -1.45815473
  0.66473393   0.94297785  -0.41795176  -0.72105231   2.09430045   0.67386584  -0.03497368   1.61606142  -1.45689360
  0.66315834   0.94288930  -0.41857310  -0.72103082   2.09435369   0.67408909  -0.03501156   1.61630014  -1.45512532
  0.66160159   0.94284819  -0.41865170  -0.72114956   2.09439510   0.67386127  -0.03465512   1.61613177  -1.45338780
  0.65975157   0.94271462  -0.41885835  -0.72121540   2.09439205   0.67376002  -0.03431688   1.61607556  -1.45122322
  0.65813968   0.94267357  -0.41931292  -0.72121119   2.09425758   0.67387230  -0.03435915   1.61620358  -1.44945797
  0.65641104   0.94242205  -0.41952309  -0.72126292   2.09439510   0.67389794  -0.03411478   1.61620511  -1.44747679
  0.65493056   0.94239740  -0.41971867  -0.72137659   2.09439510   0.67386416  -0.03398310   1.61622032  -1.44599061
  0.65319483   0.94231689  -0.41998219  -0.72139865   2.09439510   0.67390852  -0.03391434   1.61629288  -1.44406629
  0.65173197   0.94224452  -0.41995498  -0.72152672   2.09439510   0.67369125  -0.03361592   1.61610037  -1.44250379
  0.64993138   0.94228726  -0.42018637  -0.72147294   2.09439510   0.67372930  -0.03377273   1.61616861  -1.44051176
  0.64831942   0.94234207  -0.42022397  -0.72151970   2.09439510   0.67367431  -0.03387695   1.61613920  -1.43891765
  0.64678804   0.94214381  -0.42022084  -0.72158159   2.09439510   0.67387412  -0.03389388   1.61634004  -1.43739657
  0.64488178   0.94218723  -0.42018515  -0.72159824   2.09439510   0.67366649  -0.03384716   1.61616542  -1.43528870
  0.64327179   0.94230218  -0.42009542  -0.72164245   2.09439510   0.67358303  -0.03405367   1.61610936  -1.43377462
  0.64167989   0.94211609  -0.42002044  -0.72170353   2.09439510   0.67380064  -0.03414120   1.61632631  -1.43224468
  0.63968385   0.94217400  -0.41982464  -0.72171768   2.09439510   0.67354199  -0.03411479   1.61610187  -1.43005349
  0.63801985   0.94230354  -0.41964330  -0.72170358   2.09439510   0.67357871  -0.03452597   1.61616378  -1.42851839
  0.63647510   0.94214652  -0.41925528  -0.72189619   2.09439510   0.67345080  -0.03432902   1.61604087  -1.42711452
  0.63435319   0.94228667  -0.41912243  -0.72182941   2.09439510   0.67339063  -0.03467487   1.61601305  -1.42490006
  0.60440551   0.96077097  -0.35259792  -0.71754245   2.09439510   0.66845565  -0.08015275   1.61167201  -1.42085551
  0.60250017   0.96049143  -0.35323790  -0.71751530   2.09439510   0.66869230  -0.07997759   1.61195354  -1.41859488
  0.60113841   0.96033713  -0.35350465  -0.71761279   2.09432430   0.66856636  -0.07968383   1.61183518  -1.41708050
  0.59967367   0.96016087  -0.35374404  -0.71777320   2.09439510   0.66848570  -0.07933868   1.61178887  -1.41556199
  0.59794293   0.96012889  -0.35420727  -0.71768817   2.09425702   0.66848159  -0.07926524   1.61187391  -1.41342002
  0.59667887   0.95995847  -0.35438451  -0.71783243   2.09439510   0.66852866  -0.07917385   1.61190767  -1.41231351
  0.59489260   0.95983160  -0.35456616  -0.71794617   2.09439510   0.66833017  -0.07877335   1.61178926  -1.41028803
  0.59334000   0.95987432  -0.35480909  -0.71789983   2.09439510   0.66828318  -0.07885238   1.61181144  -1.40856297
  0.59164878   0.95984994  -0.35501088  -0.71788738   2.09437343   0.66830949  -0.07895532   1.61189336  -1.40679981
  0.59026502   0.95964821  -0.35490787  -0.71804044   2.09439510   0.66825831  -0.07872524   1.61186779  -1.40548007
  0.58852246   0.95987296  -0.35438394  -0.71802460   2.09439510   0.66819003  -0.07931078   1.61189481  -1.40410125
  0.58623402   0.95966719  -0.35456691  -0.71797373   2.09439510   0.66821393  -0.07921298   1.61198586  -1.40145205
  0.58507166   0.95969409  -0.35439369  -0.71812896   2.09439510   0.66802348  -0.07916142   1.61183655  -1.40050618
  0.58336067   0.95974020  -0.35452384  -0.71808993   2.09439510   0.66801779  -0.07937201   1.61189295  -1.39875347
  0.58142230   0.95958478  -0.35444445  -0.71808740   2.09439510   0.66803321  -0.07936338   1.61197114  -1.39668148
  0.57990050   0.95960542  -0.35431124  -0.71816871   2.09439510   0.66794057  -0.07946153   1.61193177  -1.39531961
  0.57796834   0.95958595  -0.35428135  -0.71811455   2.09439510   0.66798270  -0.07969797   1.61204316  -1.39333935
  0.57657293   0.95998720  -0.35301201  -0.71817362   2.09439510   0.66769283  -0.08047761   1.61185354  -1.39269585
  0.54593989   0.97902499  -0.28684552  -0.71238320   2.09439510   0.66058541  -0.12461792   1.60878675  -1.38841025
  0.54400380   0.97871850  -0.28743863  -0.71233653   2.09439510   0.66075365  -0.12443519   1.60902473  -1.38610738
  0.54285425   0.97864638  -0.28756970  -0.71246063   2.09433149   0.66040838  -0.12403276   1.60871936  -1.38475365
  0.54129578   0.97854358  -0.28810695  -0.71249016   2.09419788   0.66064960  -0.12420218   1.60900034  -1.38333646
  0.53976045   0.97844502  -0.28790888  -0.71256988   2.09439510   0.66043746  -0.12409523   1.60884974  -1.38180304
  0.53768735   0.97838332  -0.28827859  -0.71252751   2.09436994   0.66033057  -0.12393371   1.60890141  -1.37934214
  0.53647926   0.97821175  -0.28835961  -0.71258826   2.09439510   0.66047979  -0.12397664   1.60908103  -1.37828108
  0.53450178   0.97815537  -0.28846078  -0.71258648   2.09439510   0.66019328  -0.12375772   1.60892304  -1.37595534
  0.53305297   0.97817522  -0.28850268  -0.71257504   2.09439510   0.66022252  -0.12400636   1.60902754  -1.37463545
  0.53131401   0.97816081  -0.28846474  -0.71264629   2.09439510   0.66007322  -0.12402102   1.60897194  -1.37296679
  0.52977615   0.97798264  -0.28835449  -0.71269556   2.09439510   0.66010406  -0.12399531   1.60907450  -1.37147217
  0.52798986   0.97789617  -0.28832836  -0.71272920   2.09439510   0.66005016  -0.12402505   1.60911326  -1.36970329
  0.52633641   0.97788549  -0.28824367  -0.71275313   2.09439510   0.65994997  -0.12411820   1.60910824  -1.36810130
  0.52459762   0.97786761  -0.28814563  -0.71273648   2.09439510   0.65989944  -0.12427942   1.60916311  -1.36639078
  0.52298181   0.97786417  -0.28786654  -0.71280036   2.09439510   0.65967694  -0.12426194   1.60904910  -1.36481611
  0.52106072   0.97805147  -0.28755047  -0.71269237   2.09439510   0.65943162  -0.12459578   1.60897105  -1.36284006
  0.51945464   0.97819154  -0.28716316  -0.71267741   2.09439510   0.65938223  -0.12503611   1.60904752  -1.36154181
  0.51771022   0.97823884  -0.28679364  -0.71265372   2.09439510   0.65933579  -0.12533502   1.60913890  -1.35995723
  0.51633607   0.97819562  -0.28654193  -0.71266338   2.09439510   0.65940093  -0.12553348   1.60930331  -1.35875864
  0.51476392   0.97819031  -0.28620809  -0.71276125   2.09439510   0.65911408  -0.12536554   1.60915387  -1.35716508
  0.51351035   0.97836530  -0.28620163  -0.71269429   2.09439510   0.65914935  -0.12577241   1.60930760  -1.35606484
  0.51196552   0.97830692  -0.28613541  -0.71266798   2.09439510   0.65919771  -0.12583698   1.60949441  -1.35446654
  0.51090822   0.97833172  -0.28592447  -0.71279986   2.09439510   0.65897675  -0.12564445   1.60938621  -1.35346262
  0.50980718   0.97844375  -0.28610751  -0.71275683   2.09439510   0.65901656  -0.12582351   1.60954755  -1.35235646
  0.50866648   0.97838099  -0.28632810  -0.71272060   2.09439510   0.65917379  -0.12582705   1.60982849  -1.35109406
  0.50810557   0.97825359  -0.28624530  -0.71298179   2.09433361   0.65904325  -0.12541271   1.60972988  -1.35071301
  0.50701707   0.97813283  -0.28689369  -0.71276730   2.09373206   0.65933103  -0.12535069   1.61016507  -1.34903092
  0.50642876   0.97776433  -0.28736248  -0.71288173   2.09293006   0.65969141  -0.12529155   1.61041405  -1.34866056
  0.50621183   0.96907685  -0.29195193  -0.71199464   2.08160528   0.66522744  -0.12672352   1.61135399  -1.34888805
  0.50533231   0.96875502  -0.29233856  -0.71204066   2.08082889   0.66548630  -0.12637340   1.61168086  -1.34779364
  0.50535554   0.96149752  -0.29619841  -0.71123736   2.07116355   0.67022576  -0.12766497   1.61260160  -1.34825267
  0.50535554   0.96149752  -0.29619841  -0.71123736   2.07116355   0.67022576  -0.12766497   1.61260160  -1.34825267
  0.50448297   0.95214860  -0.30143227  -0.71016135   2.05833642   0.67636132  -0.12896857   1.61410047  -1.34755061
  0.50448297   0.95214860  -0.30143227  -0.71016135   2.05833642   0.67636132  -0.12896857   1.61410047  -1.34755061
  0.50415092   0.94319273  -0.30636780  -0.70916283   2.04550285   0.68253014  -0.13024844   1.61591809  -1.34765228
  0.50415092   0.94319273  -0.30636780  -0.70916283   2.04550285   0.68253014  -0.13024844   1.61591809  -1.34765228
  0.50391726   0.93294391  -0.31173383  -0.70796578   2.03197412   0.68898796  -0.13200447   1.61706969  -1.34809394
  0.50391726   0.93294391  -0.31173383  -0.70796578   2.03197412   0.68898796  -0.13200447   1.61706969  -1.34809394
  0.50349794   0.92381373  -0.31662642  -0.70684203   2.01951695   0.69487951  -0.13344366   1.61842133  -1.34816472
  0.50349794   0.92381373  -0.31662642  -0.70684203   2.01951695   0.69487951  -0.13344366   1.61842133  -1.34816472
  0.50306400   0.91446814  -0.32159543  -0.70566750   2.00668615   0.70093239  -0.13487884   1.61990072  -1.34825066
  0.50306400   0.91446814  -0.32159543  -0.70566750   2.00668615   0.70093239  -0.13487884   1.61990072  -1.34825066
  0.50259181   0.90623620  -0.32599290  -0.70462704   1.99516814   0.70632538  -0.13605615   1.62137388  -1.34824583
  0.50259181   0.90623620  -0.32599290  -0.70462704   1.99516814   0.70632538  -0.13605615   1.62137388  -1.34824583
  0.50203736   0.89728919  -0.33080589  -0.70341099   1.98275623   0.71215878  -0.13743443   1.62293405  -1.34819154
  0.50203736   0.89728919  -0.33080589  -0.70341099   1.98275623   0.71215878  -0.13743443   1.62293405  -1.34819154
  0.50181388   0.88764481  -0.33581169  -0.70208165   1.96966512   0.71835771  -0.13910921   1.62439851  -1.34873732
  0.50181388   0.88764481  -0.33581169  -0.70208165   1.96966512   0.71835771  -0.13910921   1.62439851  -1.34873732
  0.50135748   0.87858876  -0.34052250  -0.70082546   1.95744296   0.72406852  -0.14062116   1.62570190  -1.34900010
  0.50135748   0.87858876  -0.34052250  -0.70082546   1.95744296   0.72406852  -0.14062116   1.62570190  -1.34900010
  0.50077227   0.86962770  -0.34520315  -0.69952922   1.94514682   0.72977388  -0.14201743   1.62717727  -1.34902027
  0.50077227   0.86962770  -0.34520315  -0.69952922   1.94514682   0.72977388  -0.14201743   1.62717727  -1.34902027
  0.50031766   0.86075935  -0.34977111  -0.69822692   1.93304712   0.73538404  -0.14347588   1.62856714  -1.34927403
  0.50031766   0.86075935  -0.34977111  -0.69822692   1.93304712   0.73538404  -0.14347588   1.62856714  -1.34927403
  0.49979226   0.85324394  -0.35371455  -0.69711681   1.92246165   0.74026933  -0.14460317   1.63003155  -1.34934120
  0.49979226   0.85324394  -0.35371455  -0.69711681   1.92246165   0.74026933  -0.14460317   1.63003155  -1.34934120
  0.49929080   0.84348474  -0.35866270  -0.69559695   1.90939430   0.74633116  -0.14632082   1.63140669  -1.34969507
  0.49929080   0.84348474  -0.35866270  -0.69559695   1.90939430   0.74633116  -0.14632082   1.63140669  -1.34969507
  0.49877030   0.83490730  -0.36303647  -0.69424978   1.89767617   0.75173382  -0.14775582   1.63280220  -1.34993955
  0.49877030   0.83490730  -0.36303647  -0.69424978   1.89767617   0.75173382  -0.14775582   1.63280220  -1.34993955
  0.49822917   0.82642480  -0.36734545  -0.69289140   1.88607739   0.75706880  -0.14917848   1.63419893  -1.35017912
  0.49822917   0.82642480  -0.36734545  -0.69289140   1.88607739   0.75706880  -0.14917848   1.63419893  -1.35017912
  0.49767594   0.81800700  -0.37159936  -0.69151834   1.87457012   0.76234907  -0.15059886   1.63558757  -1.35042700
  0.49767594   0.81800700  -0.37159936  -0.69151834   1.87457012   0.76234907  -0.15059886   1.63558757  -1.35042700
  0.49711325   0.80964389  -0.37580305  -0.69012904   1.86314403   0.76758075  -0.15202194   1.63696596  -1.35068746
  0.49711325   0.80964389  -0.37580305  -0.69012904   1.86314403   0.76758075  -0.15202194   1.63696596  -1.35068746
  0.49653439   0.80135694  -0.37994838  -0.68872950   1.85181711   0.77275454  -0.15343564   1.63834041  -1.35094757
  0.49653439   0.80135694  -0.37994838  -0.68872950   1.85181711   0.77275454  -0.15343564   1.63834041  -1.35094757
  0.49595480   0.79309128  -0.38405718  -0.68730813   1.84054015   0.77789714  -0.15486792   1.63969551  -1.35123570
  0.49595480   0.79309128  -0.38405718  -0.68730813   1.84054015   0.77789714  -0.15486792   1.63969551  -1.35123570
  0.49529206   0.78593136  -0.38774944  -0.68602832   1.83042741   0.78250656  -0.15605169   1.64117649  -1.35129457
  0.49529206   0.78593136  -0.38774944  -0.68602832   1.83042741   0.78250656  -0.15605169   1.64117649  -1.35129457
  0.49484463   0.77781009  -0.39162201  -0.68466343   1.81929152   0.78752453  -0.15739598   1.64251134  -1.35180541
  0.49452743   0.77384501  -0.39363069  -0.68389756   1.81392986   0.78998920  -0.15818963   1.64313886  -1.35192598
  0.49452743   0.77384501  -0.39363069  -0.68389756   1.81392986   0.78998920  -0.15818963   1.64313886  -1.35192598
  0.49386027   0.76318898  -0.39852717  -0.68203226   1.80018809   0.79616062  -0.16012829   1.64419468  -1.35250147
  0.49316633   0.76302784  -0.39923161  -0.68184687   1.79825377   0.79684182  -0.15967079   1.64551849  -1.35133960
  0.49314447   0.75729600  -0.40163770  -0.68091978   1.79161327   0.80007795  -0.16107334   1.64568312  -1.35248228
  0.49314447   0.75729600  -0.40163770  -0.68091978   1.79161327   0.80007795  -0.16107334   1.64568312  -1.35248228
  0.49265702   0.74958042  -0.40543531  -0.67944667   1.78072745   0.80502412  -0.16249973   1.64723986  -1.35293840
  0.49265702   0.74958042  -0.40543531  -0.67944667   1.78072745   0.80502412  -0.16249973   1.64723986  -1.35293840
  0.49181314   0.74162308  -0.40925752  -0.67795435   1.77001704   0.80980257  -0.16383848   1.64844395  -1.35299146
  0.49181314   0.74162308  -0.40925752  -0.67795435   1.77001704   0.80980257  -0.16383848   1.64844395  -1.35299146
  0.49141494   0.73456400  -0.41261070  -0.67665197   1.76018388   0.81423184  -0.16516197   1.64971502  -1.35362058
  0.49099040   0.73017900  -0.41469167  -0.67577353   1.75434672   0.81686194  -0.16597478   1.65035194  -1.35369208
  0.49099040   0.73017900  -0.41469167  -0.67577353   1.75434672   0.81686194  -0.16597478   1.65035194  -1.35369208
  0.49023433   0.72128843  -0.41879875  -0.67406883   1.74256856   0.82213374  -0.16762705   1.65151956  -1.35409319
  0.49023433   0.72128843  -0.41879875  -0.67406883   1.74256856   0.82213374  -0.16762705   1.65151956  -1.35409319
  0.48948048   0.71353903  -0.42246816  -0.67253077   1.73201035   0.82686859  -0.16903873   1.65280884  -1.35434554
  0.48948048   0.71353903  -0.42246816  -0.67253077   1.73201035   0.82686859  -0.16903873   1.65280884  -1.35434554
  0.48881403   0.70585189  -0.42607290  -0.67099313   1.72152611   0.83156863  -0.17050284   1.65405931  -1.35474948
  0.48881403   0.70585189  -0.42607290  -0.67099313   1.72152611   0.83156863  -0.17050284   1.65405931  -1.35474948
  0.48811426   0.69816851  -0.42961426  -0.66947354   1.71106114   0.83622329  -0.17190467   1.65528830  -1.35511942
  0.48811426   0.69816851  -0.42961426  -0.66947354   1.71106114   0.83622329  -0.17190467   1.65528830  -1.35511942
  0.48734661   0.69100883  -0.43304383  -0.66797055   1.70111005   0.84068778  -0.17325160   1.65664913  -1.35533575
  0.48734661   0.69100883  -0.43304383  -0.66797055   1.70111005   0.84068778  -0.17325160   1.65664913  -1.35533575
  0.48666577   0.68291324  -0.43664502  -0.66635951   1.69030171   0.84548131  -0.17479683   1.65773316  -1.35585563
  0.48666577   0.68291324  -0.43664502  -0.66635951   1.69030171   0.84548131  -0.17479683   1.65773316  -1.35585563
  0.48583840   0.67624847  -0.43979604  -0.66499607   1.68082647   0.84965239  -0.17587700   1.65915623  -1.35594512
  0.48583840   0.67624847  -0.43979604  -0.66499607   1.68082647   0.84965239  -0.17587700   1.65915623  -1.35594512
  0.48507376   0.66928185  -0.44304014  -0.66353320   1.67112200   0.85395688  -0.17715543   1.66045982  -1.35620289
  0.48507376   0.66928185  -0.44304014  -0.66353320   1.67112200   0.85395688  -0.17715543   1.66045982  -1.35620289
  0.48439708   0.66054436  -0.44682044  -0.66170066   1.65973679   0.85905582  -0.17903542   1.66139720  -1.35692433
  0.48439708   0.66054436  -0.44682044  -0.66170066   1.65973679   0.85905582  -0.17903542   1.66139720  -1.35692433
  0.48349561   0.65321216  -0.45019722  -0.66015770   1.64941710   0.86359037  -0.18029829   1.66285631  -1.35710459
  0.48309919   0.64912056  -0.45207448  -0.65928008   1.64366975   0.86613168  -0.18112454   1.66360710  -1.35740450
  0.48242307   0.64270378  -0.45486002  -0.65788753   1.63521072   0.86989946  -0.18242443   1.66442394  -1.35770432
  0.48201251   0.63788886  -0.45701202  -0.65687632   1.62835707   0.87289694  -0.18337475   1.66533586  -1.35814625
  0.48113701   0.63293795  -0.45942388  -0.65572943   1.62127151   0.87604200  -0.18420925   1.66652693  -1.35795835
  0.48072758   0.62562080  -0.46233645  -0.65421563   1.61180994   0.88023835  -0.18585532   1.66714144  -1.35888391
  0.48013083   0.62056011  -0.46454356  -0.65311625   1.60489729   0.88330719  -0.18683451   1.66799561  -1.35913347
  0.47968951   0.61706850  -0.46610497  -0.65231326   1.60006322   0.88539319  -0.18751894   1.66854750  -1.35921004
  0.47968951   0.61706850  -0.46610497  -0.65231326   1.60006322   0.88539319  -0.18751894   1.66854750  -1.35921004
  0.47914806   0.61207587  -0.46824751  -0.65123397   1.59325174   0.88841886  -0.18852888   1.66935246  -1.35956672
  0.47914806   0.61207587  -0.46824751  -0.65123397   1.59325174   0.88841886  -0.18852888   1.66935246  -1.35956672
  0.47914806   0.61207587  -0.46824751  -0.65123397   1.59325174   0.88841886  -0.18852888   1.66935246  -1.35956672
