  0.74358088   0.46159785  -1.17336563  -0.31175400   1.87211824   0.73031905   0.40424693   1.80723765  -1.54474900
  0.74358088   0.46159785  -1.17336563  -0.31175400   1.87211824   0.73031905   0.40424693   1.80723765  -1.54474900
  0.74358088   0.46159785  -1.17336563  -0.31175400   1.87211824   0.73031905   0.40424693   1.80723765  -1.54474900
  0.74358088   0.46159785  -1.17336563  -0.31175400   1.87211824   0.73031905   0.40424693   1.80723765  -1.54474900
  0.74358088   0.46159785  -1.17336563  -0.31175400   1.87211824   0.73031905   0.40424693   1.80723765  -1.54474900
  0.74358088   0.46159785  -1.17336563  -0.31175400   1.87211824   0.73031905   0.40424693   1.80723765  -1.54474900
  0.74358088   0.46159785  -1.17336563  -0.31175400   1.87211824   0.73031905   0.40424693   1.80723765  -1.54474900
  0.74358088   0.46159785  -1.17336563  -0.31175400   1.87211824   0.73031905   0.40424693   1.80723765  -1.54474900
  0.74358088   0.46159785  -1.17336563  -0.31175400   1.87211824   0.73031905   0.40424693   1.80723765  -1.54474900
  0.74358088   0.46159785  -1.17336563  -0.31175400   1.87211824   0.73031905   0.40424693   1.80723765  -1.54474900
  0.74358088   0.46159785  -1.17336563  -0.31175400   1.87211824   0.73031905   0.40424693   1.80723765  -1.54474900
  0.74358088   0.46159785  -1.17336563  -0.31175400   1.87211824   0.73031905   0.40424693   1.80723765  -1.54474900
  0.74358088   0.46159785  -1.17336563  -0.31175400   1.87211824   0.73031905   0.40424693   1.80723765  -1.54474900
  0.74444734   0.46116308  -1.17315954  -0.31197849   1.87316657   0.73006423   0.40361217   1.80592227  -1.54616071
  0.74444734   0.46116308  -1.17315954  -0.31197849   1.87316657   0.73006423   0.40361217   1.80592227  -1.54616071
  0.74444734   0.46116308  -1.17315954  -0.31197849   1.87316657   0.73006423   0.40361217   1.80592227  -1.54616071
  0.74499139   0.46006721  -1.17341761  -0.31190155   1.87392077   0.73025366   0.40265765   1.80448571  -1.54710069
  0.74499139   0.46006721  -1.17341761  -0.31190155   1.87392077   0.73025366   0.40265765   1.80448571  -1.54710069
  0.74499139   0.46006721  -1.17341761  -0.31190155   1.87392077   0.73025366   0.40265765   1.80448571  -1.54710069
  0.74570763   0.45788091  -1.17371546  -0.31136300   1.87364211   0.73086900   0.40184146   1.80291657  -1.54821175
  0.74570763   0.45788091  -1.17371546  -0.31136300   1.87364211   0.73086900   0.40184146   1.80291657  -1.54821175
  0.74705093   0.45708391  -1.17354907  -0.31128994   1.87416258   0.73094663   0.40086168   1.80188927  -1.55034676
  0.74705093   0.45708391  -1.17354907  -0.31128994   1.87416258   0.73094663   0.40086168   1.80188927  -1.55034676
  0.74883894   0.44792795  -1.17592473  -0.30819702   1.86971659   0.73457957   0.39749669   1.79806085  -1.55429045
  0.74883894   0.44792795  -1.17592473  -0.30819702   1.86971659   0.73457957   0.39749669   1.79806085  -1.55429045
  0.75021266   0.44643532  -1.17585020  -0.30792769   1.87013180   0.73482204   0.39640904   1.79643789  -1.55642557
  0.75021266   0.44643532  -1.17585020  -0.30792769   1.87013180   0.73482204   0.39640904   1.79643789  -1.55642557
  0.75167470   0.44286991  -1.17637068  -0.30711886   1.87008051   0.73580514   0.39454552   1.79356336  -1.55905337
  0.75347626   0.43660216  -1.17777502  -0.30475000   1.86668506   0.73838980   0.39201768   1.79109682  -1.56266700
  0.75410800   0.43565341  -1.17782376  -0.30457893   1.86700955   0.73863769   0.39131484   1.79015912  -1.56369693
  0.75504763   0.43410222  -1.17793802  -0.30427505   1.86735917   0.73899135   0.39027220   1.78859711  -1.56528916
  0.75675208   0.42920180  -1.17881047  -0.30274502   1.86589610   0.74064510   0.38799479   1.78555176  -1.56867565
  0.75776076   0.42672876  -1.17914258  -0.30198614   1.86544680   0.74148770   0.38675742   1.78390325  -1.57046223
  0.75951038   0.42036391  -1.18036857  -0.29979475   1.86292331   0.74389980   0.38410091   1.78058351  -1.57418103
  0.76076080   0.41932981  -1.18006479  -0.29963429   1.86339261   0.74398050   0.38333443   1.77924560  -1.57608358
  0.76200600   0.41633140  -1.18052566  -0.29887255   1.86353190   0.74490237   0.38144485   1.77670641  -1.57854231
  0.76428817   0.40850276  -1.18198351  -0.29601062   1.86022292   0.74797727   0.37799882   1.77272703  -1.58354675
  0.76551199   0.40685088  -1.18187131  -0.29564853   1.86079321   0.74831177   0.37686940   1.77085499  -1.58546176
  0.76772137   0.39925295  -1.18315386  -0.29296721   1.85811878   0.75117278   0.37342199   1.76648205  -1.59043829
  0.76906309   0.39745288  -1.18300205  -0.29255504   1.85877512   0.75153586   0.37217049   1.76438972  -1.59255246
  0.77144788   0.38915330  -1.18430376  -0.28957064   1.85592157   0.75467741   0.36837356   1.75950788  -1.59808795
  0.77293389   0.38721258  -1.18407853  -0.28912045   1.85668770   0.75505159   0.36700535   1.75716957  -1.60045477
  0.77547454   0.37813050  -1.18540225  -0.28575619   1.85359474   0.75850964   0.36284214   1.75170692  -1.60653296
  0.77723002   0.37199192  -1.18609904  -0.28354208   1.85222517   0.76070222   0.36000173   1.74738606  -1.61038013
  0.77925343   0.36945871  -1.18569472  -0.28292781   1.85294936   0.76123389   0.35821577   1.74451034  -1.61395736
  0.78197552   0.35875751  -1.18714953  -0.27856622   1.84890805   0.76552598   0.35339476   1.73825731  -1.62082600
  0.78428639   0.35316100  -1.18722193  -0.27662226   1.84824597   0.76725940   0.35056119   1.73354398  -1.62564120
  0.78660764   0.34628589  -1.18762493  -0.27399071   1.84683282   0.76971899   0.34711865   1.72842244  -1.63091910
  0.78873205   0.34444633  -1.18686243  -0.27371011   1.84834429   0.76984960   0.34543260   1.72543290  -1.63453328
  0.79139751   0.33178305  -1.18837968  -0.26827452   1.84383573   0.77499996   0.33972781   1.71760556  -1.64225743
  0.79409276   0.32610401  -1.18806125  -0.26617479   1.84340607   0.77672572   0.33659118   1.71242633  -1.64802383
  0.79631334   0.32296230  -1.18738416  -0.26527469   1.84461766   0.77735747   0.33436655   1.70840320  -1.65211929
  0.79917961   0.31063715  -1.18833837  -0.25959382   1.83983277   0.78247706   0.32884849   1.70082902  -1.66049561
  0.80154627   0.30804575  -1.18734529  -0.25895526   1.84153667   0.78272259   0.32681674   1.69669815  -1.66462239
  0.80433116   0.29742019  -1.18768624  -0.25417054   1.83852292   0.78684620   0.32168501   1.68902952  -1.67263652
  0.80704756   0.29068390  -1.18712168  -0.25130375   1.83755892   0.78908990   0.31824063   1.68314393  -1.67902374
  0.80976803   0.28368640  -1.18660844  -0.24813943   1.83645245   0.79152225   0.31452908   1.67706782  -1.68554899
  0.81249615   0.27679700  -1.18594917  -0.24502280   1.83546651   0.79386572   0.31090089   1.67093990  -1.69212676
  0.81527763   0.26995572  -1.18517978  -0.24184577   1.83448135   0.79618432   0.30727956   1.66477036  -1.69880740
  0.81807558   0.26315571  -1.18431340  -0.23861901   1.83348735   0.79849021   0.30368183   1.65859255  -1.70555339
  0.82091519   0.25649353  -1.18332501  -0.23539832   1.83255137   0.80072385   0.30013799   1.65242564  -1.71235617
  0.82378769   0.24994464  -1.18222918  -0.23216700   1.83164103   0.80290485   0.29664270   1.64628170  -1.71921003
  0.82669854   0.24354234  -1.18102287  -0.22894568   1.83077114   0.80501577   0.29320975   1.64018022  -1.72610470
  0.82950842   0.24095087  -1.17941164  -0.22786846   1.83224217   0.80529233   0.29111840   1.63587537  -1.73098669
  0.83259582   0.23018562  -1.17845325  -0.22188821   1.82825548   0.80958397   0.28633307   1.62795248  -1.74031992
  0.83562293   0.22824583  -1.17660174  -0.22112389   1.83011221   0.80951312   0.28437562   1.62383108  -1.74534065
  0.83872122   0.21960919  -1.17520014  -0.21637934   1.82785519   0.81263162   0.28018063   1.61640874  -1.75391889
  0.84184190   0.21756624  -1.17328480  -0.21538334   1.82923806   0.81269624   0.27832058   1.61251550  -1.75906509
  0.84511719   0.20941051  -1.17165516  -0.21069539   1.82698618   0.81563150   0.27429307   1.60541634  -1.76780700
  0.84830279   0.20742318  -1.16965681  -0.20964173   1.82819556   0.81569215   0.27254227   1.60165616  -1.77300001
  0.85169043   0.19985629  -1.16785390  -0.20508765   1.82600015   0.81840280   0.26874834   1.59497366  -1.78168883
  0.85499300   0.19808285  -1.16575132  -0.20407914   1.82713272   0.81838697   0.26712485   1.59142570  -1.78696705
  0.85848833   0.19114059  -1.16379882  -0.19970943   1.82499030   0.82085517   0.26361268   1.58521603  -1.79553803
  0.86191620   0.18966842  -1.16161034  -0.19879155   1.82608332   0.82074069   0.26211473   1.58195178  -1.80087896
  0.86552770   0.18339072  -1.15953352  -0.19465042   1.82398399   0.82295531   0.25891572   1.57628017  -1.80929501
  0.86908776   0.18227636  -1.15727784  -0.19385260   1.82505252   0.82273102   0.25754284   1.57335390  -1.81468130
  0.87278693   0.18046295  -1.15496773  -0.19258747   1.82583138   0.82279037   0.25576301   1.56986467  -1.82079706
  0.87661341   0.17429884  -1.15282117  -0.18815955   1.82296706   0.82514644   0.25277080   1.56483710  -1.82950448
  0.88035682   0.17357289  -1.15050103  -0.18744999   1.82379686   0.82483494   0.25163506   1.56242284  -1.83494022
  0.88425370   0.17239793  -1.14814948  -0.18636622   1.82436784   0.82475468   0.25014154   1.55970140  -1.84101295
  0.88819526   0.17102448  -1.14582201  -0.18505550   1.82450773   0.82484625   0.24866843   1.55712112  -1.84723752
  0.89232515   0.16587356  -1.14360789  -0.18087887   1.82115675   0.82698360   0.24626449   1.55342423  -1.85583048
  0.89632533   0.16591162  -1.14126941  -0.18041448   1.82179559   0.82650018   0.24540960   1.55187296  -1.86126205
  0.90055793   0.16574498  -1.13888323  -0.17968057   1.82209362   0.82618027   0.24435958   1.55030980  -1.86728228
  0.90474718   0.16549707  -1.13658924  -0.17878849   1.82201825   0.82602209   0.24335533   1.54902723  -1.87325501
  0.90908659   0.16534359  -1.13426863  -0.17786445   1.82168878   0.82588098   0.24244219   1.54798733  -1.87939725
  0.91343900   0.16535557  -1.13200670  -0.17695251   1.82117416   0.82576833   0.24162234   1.54729583  -1.88545639
  0.91790899   0.16561293  -1.12973778  -0.17611547   1.82052150   0.82561434   0.24092658   1.54693450  -1.89155696
  0.92241099   0.16614550  -1.12751782  -0.17536643   1.81976016   0.82543294   0.24035007   1.54695896  -1.89754631
  0.92700042   0.16698616  -1.12530822  -0.17473839   1.81891570   0.82519032   0.23990943   1.54735378  -1.90349765
  0.93162513   0.16814027  -1.12314164  -0.17423165   1.81800933   0.82489416   0.23959314   1.54812688  -1.90932587
  0.93625821   0.16959035  -1.12103529  -0.17383194   1.81700197   0.82456456   0.23941705   1.54930708  -1.91498811
  0.94099849   0.17138797  -1.11892036  -0.17358966   1.81598722   0.82413195   0.23936257   1.55080413  -1.92063858
  0.94576648   0.17351218  -1.11683807  -0.17349496   1.81496358   0.82363020   0.23942973   1.55265614  -1.92616020
  0.95056270   0.17596221  -1.11478629  -0.17354657   1.81393153   0.82305400   0.23961996   1.55484862  -1.93155479
  0.95571935   0.17885209  -1.11255738  -0.17383898   1.81287284   0.82227466   0.24002315   1.55735135  -1.93730822
  0.96015288   0.18158718  -1.11077484  -0.17398756   1.81209609   0.82172395   0.24006903   1.55983406  -1.94210215
  0.96503327   0.18511579  -1.10882267  -0.17448576   1.81074372   0.82094908   0.24089578   1.56338681  -1.94693964
  0.96990977   0.18888803  -1.10686488  -0.17514117   1.80970027   0.82005988   0.24162838   1.56694206  -1.95177791
  0.97468346   0.19295658  -1.10500265  -0.17590841   1.80868038   0.81913186   0.24243593   1.57082077  -1.95633234
  0.97954114   0.19733685  -1.10309244  -0.17683921   1.80772442   0.81808316   0.24336323   1.57491230  -1.96088810
  0.98429350   0.20202736  -1.10126421  -0.17789328   1.80676189   0.81698905   0.24442034   1.57935688  -1.96513420
  0.98900821   0.20692728  -1.09944404  -0.17904479   1.80585714   0.81584929   0.24555818   1.58399822  -1.96922421
  0.99374512   0.21201582  -1.09760566  -0.18027622   1.80496767   0.81464075   0.24676010   1.58876519  -1.97330598
  0.99860556   0.22022848  -1.09558074  -0.18334437   1.80586596   0.81219248   0.24884024   1.59521742  -1.97616585
  1.00324659   0.22482553  -1.09374509  -0.18427225   1.80462690   0.81116980   0.24998561   1.59971287  -1.98037850
  1.00760948   0.23016722  -1.09215610  -0.18541235   1.80327541   0.81011444   0.25139098   1.60517386  -1.98384360
  1.01187308   0.23557458  -1.09057305  -0.18656407   1.80185183   0.80910218   0.25295040   1.61086583  -1.98701942
  1.01640483   0.24198804  -1.08878370  -0.18831013   1.80101318   0.80755278   0.25468651   1.61678235  -1.99042387
  1.02055037   0.25372680  -1.08663132  -0.19334158   1.80437705   0.80364691   0.25782816   1.62462900  -1.99091799
  1.02445642   0.25844070  -1.08526517  -0.19397571   1.80201049   0.80298556   0.25932692   1.63020579  -1.99421369
  1.02893409   0.26447689  -1.08343242  -0.19527959   1.80057711   0.80180577   0.26108221   1.63637600  -1.99762194
  1.03292850   0.27570928  -1.08128092  -0.19966090   1.80298057   0.79836695   0.26414270   1.64442049  -1.99850975
  1.03673264   0.28100524  -1.07976913  -0.20052580   1.80084177   0.79751349   0.26599256   1.65037927  -2.00126743
  1.04052978   0.28758333  -1.07816704  -0.20197891   1.79921371   0.79626983   0.26817880   1.65718947  -2.00362418
  1.04427128   0.29934219  -1.07585155  -0.20642182   1.80169247   0.79273586   0.27153029   1.66558317  -2.00420071
  1.04733748   0.30453153  -1.07465477  -0.20714163   1.79931556   0.79200987   0.27345960   1.67161887  -2.00608869
  1.05091999   0.31642796  -1.07223279  -0.21142282   1.80144452   0.78857024   0.27705396   1.68035275  -2.00650832
  1.05384618   0.32173195  -1.07100392  -0.21209544   1.79892847   0.78789013   0.27911293   1.68663316  -2.00816834
  1.05702291   0.33426918  -1.06843828  -0.21660012   1.80144370   0.78421262   0.28308819   1.69555182  -2.00791097
  1.05958984   0.33971693  -1.06731353  -0.21724295   1.79873147   0.78357245   0.28526450   1.70209379  -2.00920443
  1.06246113   0.35221153  -1.06469522  -0.22154514   1.80115581   0.78000559   0.28926232   1.71100096  -2.00874550
  1.06482716   0.35780931  -1.06353198  -0.22216915   1.79837420   0.77938202   0.29158145   1.71774698  -2.00973908
  1.06663526   0.37129547  -1.06094707  -0.22693044   1.80196311   0.77534421   0.29599280   1.72649671  -2.00757721
  1.06895945   0.37673948  -1.05971002  -0.22736429   1.79888645   0.77484159   0.29834669   1.73330290  -2.00859450
  1.07083922   0.38989409  -1.05690550  -0.23170758   1.80152085   0.77112252   0.30295153   1.74240871  -2.00697085
  1.07257920   0.39539600  -1.05588952  -0.23218193   1.79854280   0.77064860   0.30523171   1.74921831  -2.00756030
  1.07359283   0.40942669  -1.05302304  -0.23679974   1.80221842   0.76660439   0.31006784   1.75820824  -2.00461127
  1.07522636   0.41489365  -1.05192993  -0.23709702   1.79885624   0.76625859   0.31252388   1.76528284  -2.00500973
  1.07608495   0.42797865  -1.04908951  -0.24091561   1.80090804   0.76291397   0.31749757   1.77475121  -2.00232459
  1.07707642   0.43423723  -1.04785250  -0.24172286   1.79872233   0.76204344   0.32028164   1.78141582  -2.00172431
  1.07723940   0.44684746  -1.04518962  -0.24524998   1.80066125   0.75889345   0.32513753   1.79043040  -1.99854890
  1.07737791   0.45709516  -1.04310676  -0.24761417   1.80123088   0.75659187   0.32917220   1.79827934  -1.99586314
  1.07721238   0.46666200  -1.04112999  -0.24988597   1.80171671   0.75450738   0.33302847   1.80574798  -1.99334282
  1.07762158   0.47329983  -1.03987300  -0.25040254   1.79887064   0.75392158   0.33609701   1.81334314  -1.99203617
  1.07645215   0.48578474  -1.03725631  -0.25380354   1.80161074   0.75075020   0.34092940   1.82140464  -1.98769440
  1.07575919   0.49536465  -1.03522447  -0.25565422   1.80148912   0.74892549   0.34507820   1.82924167  -1.98444816
  1.07488777   0.50539721  -1.03311173  -0.25767711   1.80191037   0.74687427   0.34916334   1.83689605  -1.98113473
  1.07450948   0.51169424  -1.03179338  -0.25795658   1.79875984   0.74644386   0.35262932   1.84429695  -1.97891220
  1.07267344   0.52370800  -1.02915867  -0.26093000   1.80133256   0.74356617   0.35727809   1.85194899  -1.97444999
  1.07086424   0.53338073  -1.02702344  -0.26265869   1.80156177   0.74167114   0.36180066   1.85923968  -1.96994661
  1.06907100   0.54273282  -1.02506176  -0.26420277   1.80138326   0.74013089   0.36593977   1.86688694  -1.96596011
  1.06753722   0.55117588  -1.02327879  -0.26532856   1.80071496   0.73887052   0.36966881   1.87404647  -1.96240195
  1.06473093   0.56063195  -1.02129522  -0.26709892   1.80182991   0.73693065   0.37404420   1.88036200  -1.95705965
  1.06325850   0.56561081  -1.02049260  -0.26694343   1.79852628   0.73704920   0.37704240   1.88692152  -1.95415472
  1.05984727   0.57968370  -1.01708083  -0.26996719   1.80231054   0.73374653   0.38251771   1.89485629  -1.94776796
  1.05791493   0.58388399  -1.01649655  -0.26976004   1.79931141   0.73389657   0.38538379   1.90037887  -1.94448151
  1.05408447   0.59686493  -1.01334715  -0.27220819   1.80217173   0.73117171   0.39077649   1.90816921  -1.93780848
  1.05160936   0.60146495  -1.01276661  -0.27211824   1.79970166   0.73123738   0.39370119   1.91361692  -1.93390668
  1.04775481   0.61380383  -1.00966766  -0.27440783   1.80256870   0.72863101   0.39876424   1.92075351  -1.92769552
  1.04445773   0.62052209  -1.00838214  -0.27485750   1.80149280   0.72808651   0.40245865   1.92670446  -1.92257888
  1.04049807   0.62930244  -1.00645411  -0.27602601   1.80244546   0.72667327   0.40665306   1.93247986  -1.91655087
  1.03748521   0.63363112  -1.00601345  -0.27591742   1.80044552   0.72680225   0.40939035   1.93733474  -1.91224372
  1.03319677   0.64446770  -1.00325806  -0.27752380   1.80231033   0.72488191   0.41417462   1.94401090  -1.90595408
  1.02960508   0.64844475  -1.00302106  -0.27742814   1.80081145   0.72500203   0.41686874   1.94807851  -1.90094966
  1.02459535   0.65931894  -1.00024987  -0.27908074   1.80349347   0.72297691   0.42173959   1.95402169  -1.89379814
  1.02097532   0.66306245  -1.00012517  -0.27894362   1.80186471   0.72323881   0.42424245   1.95810674  -1.88904684
  1.01582056   0.67325109  -0.99754677  -0.28041941   1.80444542   0.72140018   0.42887378   1.96352128  -1.88196453
  1.01220746   0.67588713  -0.99776790  -0.28022457   1.80266222   0.72186078   0.43106043   1.96686222  -1.87753720
  1.00663697   0.68567934  -0.99545511  -0.28138400   1.80487642   0.72040124   0.43556561   1.97234495  -1.86993174
  1.00292955   0.68809890  -0.99569902  -0.28120913   1.80342150   0.72079506   0.43769424   1.97513917  -1.86539779
  0.99708622   0.69710554  -0.99369801  -0.28227441   1.80568292   0.71953154   0.44193957   1.97998492  -1.85770108
  0.99221898   0.70313477  -0.99272436  -0.28289725   1.80686670   0.71882173   0.44501059   1.98326240  -1.85155736
  0.98820577   0.70496910  -0.99324606  -0.28270460   1.80541707   0.71941181   0.44699168   1.98570730  -1.84686718
  0.98241001   0.71313983  -0.99152446  -0.28363230   1.80764985   0.71831961   0.45081904   1.98986738  -1.83948836
  0.97780344   0.71491768  -0.99222854  -0.28342491   1.80672024   0.71893224   0.45280434   1.99180268  -1.83388170
  0.97197225   0.72150800  -0.99112482  -0.28424357   1.80888121   0.71811811   0.45611714   1.99480872  -1.82669760
  0.96779541   0.72261403  -0.99195718  -0.28410062   1.80782136   0.71876796   0.45780152   1.99637577  -1.82195046
  0.96301104   0.72434590  -0.99268112  -0.28387737   1.80694935   0.71945517   0.45980893   1.99828624  -1.81614671
  0.95646423   0.73179848  -0.99137035  -0.28509658   1.81062475   0.71823918   0.46320729   2.00072109  -1.80825262
  0.95211925   0.73220480  -0.99255758  -0.28495812   1.80980904   0.71900122   0.46462154   2.00158364  -1.80333449
  0.94728131   0.73305822  -0.99367891  -0.28477855   1.80918653   0.71978723   0.46627159   2.00264658  -1.79760062
  0.94231903   0.73405738  -0.99477021  -0.28472578   1.80896010   0.72045105   0.46791794   2.00348945  -1.79177519
  0.93727322   0.73501414  -0.99590657  -0.28476257   1.80905242   0.72105067   0.46949864   2.00404902  -1.78588659
  0.93069508   0.73871991  -0.99626217  -0.28563817   1.81211346   0.72068257   0.47172528   2.00427394  -1.77814164
  0.92636282   0.73861302  -0.99767455  -0.28568025   1.81189440   0.72137668   0.47282345   2.00430569  -1.77337967
  0.92153411   0.73825986  -0.99934396  -0.28570596   1.81196579   0.72218786   0.47389798   2.00398143  -1.76787412
  0.91598722   0.73781814  -1.00129792  -0.28577598   1.81250419   0.72306603   0.47499115   2.00324763  -1.76138977
  0.91141082   0.73707711  -1.00305949  -0.28596696   1.81288109   0.72376767   0.47583387   2.00237670  -1.75637138
  0.90588453   0.73591824  -1.00534863  -0.28608462   1.81359765   0.72472651   0.47663834   2.00099992  -1.74995745
  0.90137088   0.73458154  -1.00737266  -0.28631682   1.81409459   0.72549229   0.47723900   1.99961920  -1.74506341
  0.89586032   0.73257539  -1.01006163  -0.28643906   1.81485295   0.72659599   0.47774114   1.99761239  -1.73870000
  0.89090157   0.73036584  -1.01265273  -0.28664017   1.81554450   0.72759821   0.47809179   1.99547925  -1.73316700
  0.88596993   0.72775218  -1.01543356  -0.28682656   1.81620349   0.72868797   0.47829626   1.99309434  -1.72767505
  0.88108057   0.72474698  -1.01838763  -0.28700706   1.81684907   0.72984959   0.47835904   1.99044172  -1.72224805
  0.87623096   0.72136575  -1.02150803  -0.28718352   1.81748901   0.73108007   0.47828364   1.98752625  -1.71688326
  0.87141908   0.71762391  -1.02478745  -0.28735742   1.81813029   0.73237641   0.47807363   1.98435288  -1.71157878
  0.86664289   0.71353674  -1.02821844  -0.28753005   1.81877974   0.73373576   0.47773251   1.98092648  -1.70633278
  0.86190018   0.70911966  -1.03179339  -0.28770259   1.81944424   0.73515531   0.47726375   1.97725194  -1.70114343
  0.85718863   0.70438822  -1.03550448  -0.28787614   1.82013077   0.73663220   0.47667085   1.97333406  -1.69600886
  0.85250578   0.69935812  -1.03934375  -0.28805176   1.82084641   0.73816356   0.47595735   1.96917769  -1.69092714
  0.84782012   0.69466381  -1.04299211  -0.28825427   1.82161131   0.73957247   0.47541007   1.96513950  -1.68580876
  0.84355704   0.68714607  -1.04790224  -0.28829484   1.82208805   0.74165925   0.47368709   1.95938360  -1.68139515
  0.83878258   0.68265599  -1.05145171  -0.28844878   1.82270960   0.74312165   0.47327267   1.95567149  -1.67612129
  0.83419986   0.67623285  -1.05591623  -0.28878025   1.82403721   0.74480809   0.47185825   1.95003340  -1.67133449
  0.82994831   0.66847669  -1.06087613  -0.28873216   1.82440612   0.74701307   0.47007086   1.94413416  -1.66693315
  0.82508630   0.66355383  -1.06461509  -0.28896128   1.82534186   0.74853046   0.46946704   1.93989615  -1.66158784
  0.82090276   0.65523537  -1.06982972  -0.28912174   1.82646771   0.75067676   0.46722046   1.93296686  -1.65745783
  0.81623259   0.64912175  -1.07406780  -0.28937174   1.82763854   0.75239506   0.46602086   1.92766227  -1.65249923
  0.81162658   0.64232822  -1.07861748  -0.28970137   1.82918109   0.75417147   0.46442339   1.92154384  -1.64773075
  0.80776305   0.63232403  -1.08437088  -0.28922309   1.82885549   0.75712798   0.46179188   1.91441362  -1.64399816
  0.80271862   0.62730231  -1.08814225  -0.28968725   1.83061324   0.75852604   0.46102322   1.90951134  -1.63848770
  0.79812907   0.62007742  -1.09287748  -0.29032809   1.83327370   0.76013267   0.45892809   1.90214401  -1.63396243
  0.79351089   0.61290593  -1.09751502  -0.29071974   1.83524281   0.76195487   0.45706119   1.89539326  -1.62928040
  0.78967708   0.60241021  -1.10333533  -0.29019228   1.83520507   0.76504395   0.45411667   1.88754727  -1.62578749
  0.78474617   0.59642589  -1.10747980  -0.29079928   1.83769121   0.76651576   0.45269118   1.88133544  -1.62062068
  0.77997461   0.58951654  -1.11196921  -0.29142838   1.84046913   0.76810230   0.45077548   1.87410245  -1.61581613
  0.77519492   0.58265818  -1.11639360  -0.29195507   1.84295126   0.76973805   0.44896989   1.86709489  -1.61097260
  0.77046706   0.57531893  -1.12100367  -0.29248020   1.84566149   0.77150164   0.44684057   1.85960468  -1.60627848
  0.76582614   0.56792869  -1.12555629  -0.29298661   1.84831394   0.77323789   0.44471484   1.85201204  -1.60172741
  0.76110320   0.56037439  -1.13020251  -0.29346036   1.85105610   0.77507812   0.44245198   1.84428977  -1.59709089
  0.75647956   0.55284239  -1.13473434  -0.29396148   1.85385779   0.77684347   0.44021123   1.83644610  -1.59261411
  0.75184241   0.54537178  -1.13919131  -0.29448453   1.85678040   0.77859721   0.43797565   1.82858849  -1.58810834
  0.74705903   0.53788377  -1.14372922  -0.29500629   1.85983451   0.78037050   0.43564804   1.82060230  -1.58344313
  0.74244751   0.53050560  -1.14805141  -0.29559742   1.86303555   0.78202638   0.43337954   1.81254236  -1.57901206
  0.73770393   0.52325277  -1.15236093  -0.29620922   1.86634824   0.78365813   0.43112431   1.80449657  -1.57439343
  0.73295596   0.51607687  -1.15661052  -0.29687004   1.86983715   0.78522708   0.42884288   1.79635075  -1.56978621
  0.72819842   0.50901586  -1.16078393  -0.29757360   1.87346361   0.78673157   0.42656714   1.78816876  -1.56516953
  0.72342512   0.50207683  -1.16488050  -0.29832452   1.87722994   0.78816494   0.42430486   1.77995093  -1.56052915
  0.71855928   0.49524087  -1.16894872  -0.29910447   1.88113231   0.78955865   0.42204749   1.77170412  -1.55575597
  0.71384629   0.48859524  -1.17279451  -0.29997422   1.88520383   0.79081643   0.41986555   1.76346498  -1.55115116
  0.70901042   0.48217068  -1.17661774  -0.30088796   1.88936473   0.79200190   0.41771837   1.75531230  -1.54636861
  0.70413568   0.47588710  -1.18036456  -0.30185263   1.89371371   0.79312234   0.41558273   1.74715640  -1.54150433
  0.69930363   0.46980890  -1.18397596  -0.30289905   1.89820349   0.79411064   0.41351100   1.73900989  -1.53667630
  0.69455139   0.46449961  -1.18730164  -0.30404920   1.90248772   0.79478849   0.41177945   1.73146268  -1.53193930
  0.68952932   0.45877952  -1.19075647  -0.30528359   1.90748528   0.79562698   0.40982772   1.72337271  -1.52662149
  0.68471657   0.45307090  -1.19414852  -0.30658647   1.91264781   0.79631577   0.40770844   1.71497824  -1.52175879
  0.67988617   0.44779133  -1.19736463  -0.30790715   1.91761200   0.79690069   0.40585786   1.70707907  -1.51674714
  0.67526816   0.44313331  -1.20029085  -0.30929805   1.92234057   0.79725112   0.40427001   1.69976199  -1.51200576
  0.67016620   0.43810261  -1.20347928  -0.31081896   1.92788714   0.79768153   0.40243362   1.69172737  -1.50643615
  0.66529742   0.43357271  -1.20640859  -0.31244202   1.93333166   0.79785531   0.40077928   1.68403109  -1.50119315
  0.66049450   0.42938025  -1.20917819  -0.31414404   1.93881418   0.79790962   0.39924912   1.67662304  -1.49594601
  0.65566356   0.42545487  -1.21186230  -0.31594853   1.94440963   0.79781758   0.39781598   1.66931891  -1.49058478
  0.65101484   0.42187661  -1.21439622  -0.31766606   1.94947987   0.79768002   0.39658084   1.66260976  -1.48547760
  0.64605603   0.41829890  -1.21695717  -0.31973312   1.95567333   0.79736231   0.39521234   1.65526377  -1.47970242
  0.64126807   0.41528229  -1.21931398  -0.32190783   1.96173016   0.79679622   0.39403687   1.64836018  -1.47413876
  0.63648805   0.41257693  -1.22156094  -0.32415573   1.96776693   0.79611749   0.39301345   1.64174675  -1.46847197
  0.63169269   0.41018379  -1.22373321  -0.32652133   1.97390200   0.79528069   0.39208402   1.63529227  -1.46269938
  0.62699350   0.40809326  -1.22574082  -0.32900391   1.98013531   0.79429374   0.39128169   1.62904417  -1.45694415
  0.62227004   0.40630426  -1.22769066  -0.33156028   1.98634546   0.79319739   0.39059373   1.62305827  -1.45106645
  0.61674497   0.40800266  -1.22883867  -0.33619771   1.99568037   0.78989576   0.39107673   1.61759427  -1.44296295
  0.61258456   0.40599091  -1.23067863  -0.33829136   2.00079168   0.78919464   0.39031741   1.61230902  -1.43802238
  0.60796159   0.40435423  -1.23258406  -0.34073734   2.00658128   0.78815817   0.38970376   1.60678037  -1.43219228
  0.60257996   0.40887576  -1.23282871  -0.34673372   2.01745550   0.78330080   0.39104078   1.60250067  -1.42357129
  0.59838783   0.40666569  -1.23474139  -0.34851921   2.02181459   0.78286416   0.39040810   1.59761515  -1.41850043
  0.59325395   0.40960143  -1.23538071  -0.35353303   2.03113124   0.77901775   0.39129423   1.59315649  -1.41060824
  0.58917211   0.40783928  -1.23716017  -0.35534066   2.03522301   0.77848998   0.39083914   1.58884872  -1.40560270
  0.58399656   0.41196804  -1.23742254  -0.36089789   2.04508016   0.77400663   0.39218398   1.58496570  -1.39729309
  0.57998622   0.41056795  -1.23912289  -0.36268625   2.04888142   0.77343390   0.39186421   1.58116943  -1.39231479
  0.57529761   0.41521805  -1.23897504  -0.36825819   2.05831795   0.76875395   0.39348040   1.57794314  -1.38471507
  0.57108462   0.41383869  -1.24078997  -0.36988985   2.06176073   0.76841866   0.39325000   1.57461795  -1.37928015
  0.56554788   0.42054711  -1.24040593  -0.37661784   2.07283741   0.76261033   0.39545710   1.57190452  -1.36990142
  0.56109678   0.42334929  -1.24084452  -0.38052741   2.07926972   0.75960949   0.39669940   1.56948704  -1.36312521
  0.55671864   0.42604877  -1.24133532  -0.38454962   2.08617000   0.75654400   0.39763373   1.56661990  -1.35657540
  0.55196196   0.43057861  -1.24130854  -0.38913591   2.09320895   0.75276156   0.39958153   1.56520239  -1.34896295
  0.54890371   0.43010219  -1.24222678  -0.39098229   2.09439510   0.75266063   0.39924715   1.56348241  -1.34454896
  0.55081945   0.44312126  -1.22588251  -0.42325754   2.09380283   0.74965676   0.38615479   1.55670860  -1.32375994
  0.54716223   0.44245540  -1.22726344  -0.42435371   2.09439510   0.74985342   0.38636572   1.55577067  -1.31886630
  0.54866789   0.45614960  -1.21071889  -0.45509621   2.09427823   0.74674178   0.37388845   1.55005146  -1.29929213
  0.54515485   0.45586943  -1.21151538  -0.45677884   2.09439510   0.74685626   0.37402020   1.54922416  -1.29401713
  0.54611708   0.47200185  -1.19276390  -0.48954842   2.09439510   0.74364594   0.36053811   1.54425141  -1.27274167
  0.54282244   0.47148356  -1.19394404  -0.49052700   2.09439510   0.74396361   0.36059808   1.54370285  -1.26836158
  0.54380461   0.49005232  -1.17161136  -0.52617496   2.09439510   0.74051234   0.34513348   1.53862302  -1.24598062
  0.54023453   0.48971912  -1.17283705  -0.52700319   2.09439510   0.74071917   0.34547500   1.53830783  -1.24124988
  0.54063714   0.51029635  -1.14680880  -0.56504694   2.09439510   0.73770745   0.32744403   1.53274300  -1.21760152
  0.53696262   0.51119876  -1.14741581  -0.56622917   2.09439510   0.73747783   0.32810410   1.53332732  -1.21261303
  0.53623496   0.53374768  -1.11753943  -0.60527311   2.09439510   0.73514159   0.30751572   1.52782372  -1.18855720
  0.53242649   0.53404717  -1.11859265  -0.60585237   2.09439510   0.73500622   0.30839834   1.52818243  -1.18366371
  0.52990364   0.55915247  -1.08145616  -0.64824601   2.09439510   0.73391098   0.28213888   1.52119377  -1.15753032
  0.52602611   0.56167566  -1.08136109  -0.64912655   2.09439510   0.73287107   0.28385834   1.52331720  -1.15274130
  0.52008239   0.58670125  -1.03841579  -0.68969588   2.09439510   0.73380491   0.25267010   1.51468163  -1.12690666
  0.51593692   0.59084907  -1.03752252  -0.69070640   2.09439510   0.73230558   0.25485979   1.51827631  -1.12208780
  0.50451514   0.61659637  -0.98407416  -0.72936121   2.09439510   0.73477995   0.21549165   1.50805324  -1.09579640
  0.50062132   0.61938720  -0.98394623  -0.72991377   2.09439510   0.73363097   0.21731323   1.51045935  -1.09134224
  0.49594239   0.62484477  -0.98171085  -0.73120569   2.09439510   0.73165001   0.21951465   1.51459886  -1.08609804
  0.46934183   0.66017071  -0.88759233  -0.77493235   2.09439510   0.73835834   0.14925975   1.49848713  -1.05387835
  0.46565063   0.66359065  -0.88715393  -0.77548613   2.09439209   0.73692355   0.15144045   1.50133191  -1.04987178
  0.46125999   0.66890435  -0.88549158  -0.77626866   2.09439510   0.73490303   0.15420783   1.50567191  -1.04526141
  0.45648429   0.67549207  -0.88214034  -0.77731236   2.09439510   0.73273644   0.15631968   1.51068539  -1.04082515
  0.40070472   0.71226741  -0.74910458  -0.79341954   2.09439510   0.73686494   0.06131572   1.49597441  -1.01502445
  0.39730447   0.71608603  -0.74861341  -0.79415039   2.09394137   0.73571049   0.06369956   1.49941400  -1.01138283
  0.39320061   0.72211601  -0.74680901  -0.79503503   2.09439510   0.73353538   0.06686076   1.50402819  -1.00715004
  0.34689347   0.74564111  -0.65985642  -0.78513573   2.09439510   0.72739408   0.01133607   1.50352409  -0.99838888
  0.34378834   0.75001788  -0.65922829  -0.78599173   2.09386969   0.72640852   0.01391881   1.50749445  -0.99493268
  0.34027983   0.75640149  -0.65742374  -0.78700351   2.09439510   0.72445737   0.01703592   1.51224335  -0.99131634
  0.29956054   0.77851178  -0.58306991  -0.77582921   2.09439510   0.71719265  -0.02835898   1.51391890  -0.98502165
  0.29685713   0.78349161  -0.58212182  -0.77688779   2.09378902   0.71613684  -0.02548139   1.51817131  -0.98201628
  0.29363422   0.79028943  -0.58016009  -0.77799888   2.09439510   0.71428431  -0.02223246   1.52310705  -0.97856421
  0.29029206   0.79706599  -0.57768326  -0.77891071   2.09439510   0.71275788  -0.01963496   1.52826399  -0.97542434
  0.24099869   0.82513705  -0.48550360  -0.76255682   2.09439510   0.70216698  -0.07469709   1.52999996  -0.97123166
  0.23867480   0.83021644  -0.48467687  -0.76361952   2.09362063   0.70155011  -0.07186569   1.53455698  -0.96840805
  0.23648569   0.83687757  -0.48295074  -0.76473330   2.09439510   0.70004590  -0.06901938   1.53915096  -0.96603982
  0.23382417   0.84394454  -0.48070679  -0.76582697   2.09439510   0.69875169  -0.06604284   1.54453530  -0.96324254
  0.23090832   0.85088725  -0.47792207  -0.76664352   2.09439510   0.69749451  -0.06375735   1.54968303  -0.96054702
  0.18435747   0.88067398  -0.38801243  -0.74997472   2.09439510   0.68599340  -0.11615711   1.55207027  -0.95855707
  0.18277872   0.88595432  -0.38712718  -0.75105656   2.09336963   0.68569585  -0.11342192   1.55683389  -0.95649889
  0.18106116   0.89351594  -0.38493153  -0.75225840   2.09439510   0.68423775  -0.11039139   1.56191372  -0.95446915
  0.17938706   0.90011167  -0.38297977  -0.75323473   2.09439510   0.68334056  -0.10787546   1.56684562  -0.95261851
  0.17806628   0.90668343  -0.38114860  -0.75431781   2.09439510   0.68242572  -0.10494831   1.57181203  -0.95091204
  0.17680703   0.91360222  -0.37891087  -0.75525749   2.09439510   0.68145051  -0.10256883   1.57676396  -0.94970160
  0.13766392   0.94192033  -0.30093538  -0.74045092   2.09439510   0.67026316  -0.14700821   1.58055122  -0.94924061
  0.13714843   0.94642194  -0.30040739  -0.74130697   2.09275240   0.67054567  -0.14502021   1.58491230  -0.94848703
  0.13641586   0.95512032  -0.29768673  -0.74260526   2.09439510   0.66898510  -0.14159916   1.59047778  -0.94713994
  0.13593479   0.96105713  -0.29628026  -0.74354563   2.09406463   0.66856076  -0.13921792   1.59510370  -0.94633399
  0.13559655   0.96805655  -0.29421639  -0.74455714   2.09439510   0.66769861  -0.13648219   1.60005886  -0.94557519
  0.13535199   0.97513385  -0.29211594  -0.74548913   2.09439510   0.66706511  -0.13394405   1.60530780  -0.94503633
  0.13525263   0.98202349  -0.28984746  -0.74640529   2.09439510   0.66631579  -0.13138094   1.61027107  -0.94466280
  0.13523881   0.98886804  -0.28763750  -0.74723686   2.09439510   0.66567266  -0.12904909   1.61524292  -0.94447235
  0.13567634   0.99611812  -0.28520911  -0.74813130   2.09421905   0.66511026  -0.12648700   1.62066858  -0.94472469
  0.13589567   1.00293046  -0.28284865  -0.74893139   2.09439510   0.66431185  -0.12413019   1.62538972  -0.94478076
  0.13638540   1.00938631  -0.28089599  -0.74971211   2.09439510   0.66372073  -0.12178758   1.63006022  -0.94500210
  0.13739037   1.01674465  -0.27848070  -0.75057330   2.09434125   0.66314236  -0.11918898   1.63547270  -0.94580632
  0.13828951   1.02244836  -0.27679897  -0.75129615   2.09306823   0.66310644  -0.11694226   1.64029861  -0.94643963
  0.13937530   1.02772243  -0.27535160  -0.75199322   2.09099968   0.66349196  -0.11478728   1.64534516  -0.94727864
  0.14085325   1.03342838  -0.27362537  -0.75268198   2.08919757   0.66377747  -0.11263765   1.65055258  -0.94857470
  0.14237241   1.03885383  -0.27198436  -0.75335685   2.08712984   0.66417088  -0.11053469   1.65569050  -0.94992829
  0.14392700   1.04388458  -0.27053671  -0.75394156   2.08486888   0.66468944  -0.10862387   1.66064849  -0.95127516
  0.14551662   1.04845196  -0.26924411  -0.75452810   2.08212393   0.66539027  -0.10675283   1.66551118  -0.95267602
  0.14762307   1.05323088  -0.26783988  -0.75508432   2.07921367   0.66627306  -0.10497973   1.67073004  -0.95464996
  0.14944451   1.05742883  -0.26673318  -0.75558524   2.07615060   0.66719588  -0.10335807   1.67554079  -0.95629394
  0.15178797   1.06158854  -0.26546108  -0.75612376   2.07263789   0.66830475  -0.10167993   1.68060462  -0.95852620
  0.15386266   1.06533234  -0.26441004  -0.75661479   2.06913928   0.66937360  -0.10013445   1.68527781  -0.96045703
  0.15659161   1.06902273  -0.26338199  -0.75707866   2.06501160   0.67089304  -0.09873877   1.69047722  -0.96309580
  0.15885625   1.07234219  -0.26259836  -0.75747506   2.06121826   0.67221013  -0.09751161   1.69507718  -0.96521901
  0.16161315   1.07557991  -0.26159420  -0.75792810   2.05689324   0.67372837  -0.09612235   1.69999550  -0.96784813
  0.16449718   1.07813140  -0.26099310  -0.75833870   2.05201615   0.67553908  -0.09507128   1.70468169  -0.97068976
  0.16741301   1.08042797  -0.26048933  -0.75872167   2.04693533   0.67747029  -0.09408006   1.70935080  -0.97351983
  0.17083318   1.07780429  -0.26262642  -0.75903327   2.03584452   0.68234636  -0.09411048   1.71420802  -0.97679384
  0.17353149   1.08078889  -0.26158149  -0.75933426   2.03212995   0.68366426  -0.09291717   1.71868325  -0.97917996
  0.17700205   1.08294219  -0.26105759  -0.75972872   2.02709599   0.68558592  -0.09228517   1.72312604  -0.98282555
  0.18015974   1.08525666  -0.26029156  -0.76006243   2.02264370   0.68723034  -0.09142655   1.72744925  -0.98589720
  0.18380631   1.08149847  -0.26275220  -0.76032519   2.01085692   0.69238809  -0.09173894   1.73191337  -0.98935086
  0.18742175   1.08387837  -0.26187635  -0.76066018   2.00676191   0.69391565  -0.09119376   1.73601611  -0.99309430
  0.19070070   1.08574586  -0.26118316  -0.76091367   2.00241837   0.69559196  -0.09056509   1.74003762  -0.99622980
  0.19470670   1.08126180  -0.26391323  -0.76116055   1.99018559   0.70097969  -0.09126918   1.74423638  -1.00018550
  0.19848897   1.08316169  -0.26309459  -0.76144763   1.98619279   0.70250299  -0.09097062   1.74794614  -1.00410617
  0.20242691   1.07972729  -0.26511331  -0.76165905   1.97578687   0.70705551  -0.09156042   1.75182714  -1.00799238
  0.20625110   1.08129924  -0.26433446  -0.76191124   1.97188258   0.70857593  -0.09139470   1.75528126  -1.01193021
  0.21018989   1.07770185  -0.26627488  -0.76210544   1.96177113   0.71296178  -0.09204883   1.75883846  -1.01582717
  0.21457977   1.07888876  -0.26549015  -0.76241464   1.95763297   0.71461460  -0.09216912   1.76210720  -1.02057214
  0.21887179   1.07451874  -0.26783542  -0.76253218   1.94711845   0.71942339  -0.09337558   1.76552290  -1.02496030
  0.22247153   1.07193260  -0.26905054  -0.76265647   1.93933579   0.72265977  -0.09395145   1.76824398  -1.02848479
  0.22709117   1.06916481  -0.27019029  -0.76284095   1.93129622   0.72626697  -0.09499334   1.77118740  -1.03341307
  0.23093675   1.06941010  -0.26981404  -0.76297940   1.92750865   0.72780200  -0.09544598   1.77351885  -1.03741059
  0.23552583   1.06280837  -0.27290558  -0.76307743   1.91534414   0.73330399  -0.09719726   1.77621487  -1.04227357
  0.23951868   1.06261239  -0.27256523  -0.76318626   1.91165886   0.73487729  -0.09786380   1.77821713  -1.04645819
  0.24432126   1.05584882  -0.27558882  -0.76325804   1.89991978   0.74026965  -0.09990475   1.78054795  -1.05170802
  0.24858567   1.05159755  -0.27730172  -0.76324311   1.89199235   0.74398729  -0.10156615   1.78238452  -1.05625707
  0.25250062   1.05057670  -0.27712950  -0.76331873   1.88827237   0.74553711  -0.10244342   1.78369043  -1.06038950
  0.25730040   1.04204157  -0.28083220  -0.76324198   1.87573702   0.75152566  -0.10509807   1.78540267  -1.06573831
  0.26121313   1.04058956  -0.28079611  -0.76325670   1.87219051   0.75304919  -0.10625000   1.78623501  -1.06990999
  0.26594326   1.03062978  -0.28519128  -0.76304106   1.85864571   0.75950162  -0.10939987   1.78741154  -1.07525446
  0.26996176   1.02891417  -0.28502164  -0.76306774   1.85553257   0.76094970  -0.11069923   1.78786721  -1.07965621
  0.27480202   1.01956302  -0.28891228  -0.76282945   1.84340253   0.76682621  -0.11398821   1.78855236  -1.08530130
  0.27904684   1.01278933  -0.29131696  -0.76261531   1.83485463   0.77093075  -0.11654228   1.78877711  -1.09011382
  0.28331963   1.00588073  -0.29370188  -0.76237434   1.82649066   0.77502213  -0.11921840   1.78882149  -1.09502104
  0.28761964   0.99890704  -0.29604111  -0.76211212   1.81832660   0.77903611  -0.12199402   1.78864452  -1.10001463
  0.29190183   0.99170138  -0.29842041  -0.76181571   1.81018808   0.78306691  -0.12487937   1.78826359  -1.10503688
  0.29616224   0.98428707  -0.30083151  -0.76148281   1.80209122   0.78710823  -0.12787042   1.78768562  -1.11008077
  0.30009658   0.97672007  -0.30327048  -0.76107420   1.79431978   0.79096778  -0.13086601   1.78668817  -1.11471892
  0.30425785   0.96974450  -0.30518081  -0.76076655   1.78722994   0.79452552  -0.13369344   1.78572767  -1.11968062
  0.30892659   0.96166900  -0.30784994  -0.76030839   1.77892446   0.79892146  -0.13740887   1.78477260  -1.12548783
  0.31299127   0.95304765  -0.31048709  -0.75983785   1.77054955   0.80321165  -0.14074979   1.78345335  -1.13053055
  0.31724128   0.94535287  -0.31269702  -0.75934642   1.76327062   0.80694626  -0.14415771   1.78189571  -1.13575629
  0.32081258   0.93728911  -0.31490391  -0.75882667   1.75625776   0.81062202  -0.14727863   1.78010653  -1.14021079
  0.32543550   0.92892840  -0.31740924  -0.75823525   1.74842316   0.81482887  -0.15127191   1.77842239  -1.14611158
  0.32926721   0.91973226  -0.32010329  -0.75758324   1.74020669   0.81914906  -0.15491700   1.77649189  -1.15105728
  0.33288252   0.91188247  -0.32203645  -0.75697109   1.73387726   0.82247613  -0.15820349   1.77416952  -1.15559086
  0.33701375   0.90295484  -0.32471369  -0.75619605   1.72595807   0.82685008  -0.16230296   1.77221393  -1.16102912
  0.34107914   0.89431013  -0.32681903  -0.75558103   1.71897093   0.83065192  -0.16610514   1.76968376  -1.16647258
  0.34447686   0.88602680  -0.32881167  -0.75483943   1.71259059   0.83405083  -0.16954281   1.76701173  -1.17084928
  0.34851100   0.87658481  -0.33146818  -0.75396341   1.70446210   0.83849465  -0.17378261   1.76463297  -1.17631387
  0.35191756   0.86868416  -0.33312239  -0.75325527   1.69897326   0.84159442  -0.17729466   1.76164692  -1.18088590
  0.35598412   0.85992670  -0.33535149  -0.75237932   1.69189106   0.84558532  -0.18155125   1.75898682  -1.18642268
  0.35950135   0.85104067  -0.33739848  -0.75155878   1.68518569   0.84933017  -0.18541589   1.75604058  -1.19134976
  0.36267627   0.84299334  -0.33903257  -0.75072610   1.67971235   0.85242512  -0.18896918   1.75286254  -1.19566523
  0.36627809   0.83464820  -0.34101777  -0.74977343   1.67335293   0.85613769  -0.19305000   1.75010382  -1.20068712
  0.36988931   0.82597534  -0.34274764  -0.74894060   1.66717389   0.85963740  -0.19703692   1.74675686  -1.20586160
  0.37316246   0.81773693  -0.34446699  -0.74800897   1.66135365   0.86299678  -0.20088136   1.74360971  -1.21048637
  0.37644278   0.80976779  -0.34596820  -0.74712130   1.65597405   0.86615008  -0.20467990   1.74032350  -1.21516281
  0.37961182   0.80176638  -0.34748246  -0.74619481   1.65054673   0.86931888  -0.20846316   1.73703355  -1.21971536
  0.38270081   0.79388157  -0.34892954  -0.74525826   1.64525807   0.87241837  -0.21220704   1.73372451  -1.22418093
  0.38571177   0.78614384  -0.35029840  -0.74431853   1.64013754   0.87543463  -0.21590280   1.73040211  -1.22856105
  0.38864339   0.77856781  -0.35158764  -0.74337913   1.63519079   0.87836354  -0.21954312   1.72707635  -1.23285137
  0.39149390   0.77116537  -0.35279783  -0.74244301   1.63041928   0.88120269  -0.22312101   1.72375801  -1.23704667
  0.39426160   0.76394819  -0.35392984  -0.74151317   1.62582417   0.88394978  -0.22662952   1.72045794  -1.24114179
  0.39694483   0.75692771  -0.35498491  -0.74059264   1.62140637   0.88660263  -0.23006173   1.71718714  -1.24513162
  0.39946537   0.75275717  -0.35488553  -0.74000817   1.62015306   0.88766698  -0.23259790   1.71407675  -1.24837698
  0.40203066   0.74341703  -0.35694109  -0.73876038   1.61295439   0.89168609  -0.23669055   1.71081106  -1.25275727
  0.40440990   0.73954909  -0.35674575  -0.73822046   1.61193374   0.89262260  -0.23908370   1.70778580  -1.25584346
  0.40673675   0.73089758  -0.35849051  -0.73707377   1.60536401   0.89625127  -0.24280813   1.70461331  -1.25986924
  0.40891848   0.72493786  -0.35925898  -0.73618577   1.60174130   0.89844841  -0.24578305   1.70166063  -1.26314177
  0.41125156   0.72152659  -0.35891704  -0.73578508   1.60098793   0.89928056  -0.24804949   1.69881207  -1.26634158
  0.41331613   0.71542879  -0.35982883  -0.73485987   1.59711325   0.90164761  -0.25111679   1.69594183  -1.26965775
  0.41527189   0.71039818  -0.36033180  -0.73412856   1.59411238   0.90346453  -0.25366151   1.69332908  -1.27259922
  0.41703032   0.70670802  -0.36041534  -0.73354323   1.59247187   0.90458231  -0.25571307   1.69094804  -1.27498157
  0.41884860   0.70057883  -0.36134209  -0.73273256   1.58811519   0.90704097  -0.25848114   1.68834437  -1.27816001
  0.42065584   0.69814468  -0.36102555  -0.73234940   1.58764259   0.90763883  -0.26025046   1.68621482  -1.28051509
  0.42218045   0.69206830  -0.36213292  -0.73141296   1.58314741   0.91015802  -0.26298031   1.68381575  -1.28328259
  0.42365440   0.68931701  -0.36203132  -0.73099334   1.58206479   0.91093628  -0.26457435   1.68187374  -1.28525967
  0.42513887   0.68604054  -0.36213214  -0.73050026   1.58045523   0.91200686  -0.26639953   1.67983324  -1.28744698
  0.42650671   0.68147674  -0.36276257  -0.72984010   1.57723296   0.91384015  -0.26852622   1.67783898  -1.28983527
  0.42785598   0.67952867  -0.36255290  -0.72950544   1.57677100   0.91436446  -0.26993693   1.67620310  -1.29163308
  0.42882986   0.67680327  -0.36270061  -0.72900264   1.57536807   0.91520447  -0.27128873   1.67459796  -1.29293645
  0.43025561   0.67358318  -0.36283113  -0.72863692   1.57347760   0.91638365  -0.27302337   1.67276278  -1.29531113
  0.43108375   0.67111535  -0.36309086  -0.72809955   1.57207543   0.91725967  -0.27433550   1.67145497  -1.29644358
  0.43215179   0.66889210  -0.36307676  -0.72784393   1.57103955   0.91804291  -0.27561733   1.67006161  -1.29820871
  0.43313718   0.66585780  -0.36340572  -0.72735369   1.56894551   0.91915436  -0.27706233   1.66855397  -1.29975980
  0.43405689   0.66347166  -0.36355058  -0.72702042   1.56746756   0.92005671  -0.27827716   1.66731679  -1.30126775
  0.43493871   0.66182343  -0.36352586  -0.72674190   1.56677420   0.92060171  -0.27934565   1.66617413  -1.30256795
  0.43592204   0.66033938  -0.36325466  -0.72671379   1.56621969   0.92096700  -0.28017669   1.66493998  -1.30409749
  0.43634996   0.65806488  -0.36366709  -0.72619061   1.56475457   0.92183419  -0.28127439   1.66391776  -1.30481408
  0.43728875   0.65684286  -0.36357026  -0.72605147   1.56415093   0.92233269  -0.28220964   1.66306548  -1.30626984
  0.43757711   0.65661810  -0.36335238  -0.72586730   1.56414210   0.92238365  -0.28219679   1.66309621  -1.30609549
  0.43802300   0.65366209  -0.36393547  -0.72543178   1.56211999   0.92344344  -0.28358124   1.66155420  -1.30736511
  0.43802300   0.65366209  -0.36393547  -0.72543178   1.56211999   0.92344344  -0.28358124   1.66155420  -1.30736511
  0.43887901   0.65174493  -0.36390287  -0.72508349   1.56113315   0.92401286  -0.28456912   1.66034659  -1.30844773
  0.43887901   0.65174493  -0.36390287  -0.72508349   1.56113315   0.92401286  -0.28456912   1.66034659  -1.30844773
  0.43957757   0.64980084  -0.36396916  -0.72484179   1.56016937   0.92471241  -0.28560511   1.65920868  -1.30975062
  0.43957757   0.64980084  -0.36396916  -0.72484179   1.56016937   0.92471241  -0.28560511   1.65920868  -1.30975062
  0.44018280   0.64816601  -0.36408960  -0.72452457   1.55918491   0.92534172  -0.28649115   1.65837166  -1.31067184
  0.44018280   0.64816601  -0.36408960  -0.72452457   1.55918491   0.92534172  -0.28649115   1.65837166  -1.31067184
  0.44097006   0.64647398  -0.36417542  -0.72430955   1.55797040   0.92600413  -0.28743014   1.65744697  -1.31196733
  0.44097006   0.64647398  -0.36417542  -0.72430955   1.55797040   0.92600413  -0.28743014   1.65744697  -1.31196733
  0.44097006   0.64647398  -0.36417542  -0.72430955   1.55797040   0.92600413  -0.28743014   1.65744697  -1.31196733
  0.44097006   0.64647398  -0.36417542  -0.72430955   1.55797040   0.92600413  -0.28743014   1.65744697  -1.31196733
  0.44097006   0.64647398  -0.36417542  -0.72430955   1.55797040   0.92600413  -0.28743014   1.65744697  -1.31196733
  0.44174107   0.64510394  -0.36410709  -0.72406214   1.55746779   0.92643315  -0.28836294   1.65642050  -1.31308809
  0.44174107   0.64510394  -0.36410709  -0.72406214   1.55746779   0.92643315  -0.28836294   1.65642050  -1.31308809
  0.44174107   0.64510394  -0.36410709  -0.72406214   1.55746779   0.92643315  -0.28836294   1.65642050  -1.31308809
  0.44174107   0.64510394  -0.36410709  -0.72406214   1.55746779   0.92643315  -0.28836294   1.65642050  -1.31308809
  0.44174107   0.64510394  -0.36410709  -0.72406214   1.55746779   0.92643315  -0.28836294   1.65642050  -1.31308809
  0.44174107   0.64510394  -0.36410709  -0.72406214   1.55746779   0.92643315  -0.28836294   1.65642050  -1.31308809
  0.44174107   0.64510394  -0.36410709  -0.72406214   1.55746779   0.92643315  -0.28836294   1.65642050  -1.31308809
  0.44174107   0.64510394  -0.36410709  -0.72406214   1.55746779   0.92643315  -0.28836294   1.65642050  -1.31308809
  0.44174107   0.64510394  -0.36410709  -0.72406214   1.55746779   0.92643315  -0.28836294   1.65642050  -1.31308809
  0.44174107   0.64510394  -0.36410709  -0.72406214   1.55746779   0.92643315  -0.28836294   1.65642050  -1.31308809
