  0.41770000   0.46580000  -1.27410000  -0.43300000   2.09290000   0.69140000   0.43860000   1.64320000  -1.13520000
  0.41770000   0.46580000  -1.27410000  -0.43300000   2.09290000   0.69140000   0.43860000   1.64320000  -1.13520000
  0.41770000   0.46580000  -1.27410000  -0.43300000   2.09290000   0.69140000   0.43860000   1.64320000  -1.13520000
  0.41770000   0.46580000  -1.27410000  -0.43300000   2.09290000   0.69140000   0.43860000   1.64320000  -1.13520000
  0.41770000   0.46580000  -1.27410000  -0.43300000   2.09290000   0.69140000   0.43860000   1.64320000  -1.13520000
  0.41770000   0.46580000  -1.27410000  -0.43300000   2.09290000   0.69140000   0.43860000   1.64320000  -1.13520000
  0.41770000   0.46580000  -1.27410000  -0.43300000   2.09290000   0.69140000   0.43860000   1.64320000  -1.13520000
  0.41770000   0.46580000  -1.27410000  -0.43300000   2.09290000   0.69140000   0.43860000   1.64320000  -1.13520000
  0.41770000   0.46580000  -1.27410000  -0.43300000   2.09290000   0.69140000   0.43860000   1.64320000  -1.13520000
  0.41770000   0.46580000  -1.27410000  -0.43300000   2.09290000   0.69140000   0.43860000   1.64320000  -1.13520000
  0.41770000   0.46580000  -1.27410000  -0.43300000   2.09290000   0.69140000   0.43860000   1.64320000  -1.13520000
  0.41770000   0.46580000  -1.27410000  -0.43300000   2.09290000   0.69140000   0.43860000   1.64320000  -1.13520000
  0.41770000   0.46580000  -1.27410000  -0.43300000   2.09290000   0.69140000   0.43860000   1.64320000  -1.13520000
  0.41770000   0.46580000  -1.27410000  -0.43300000   2.09290000   0.69140000   0.43860000   1.64320000  -1.13520000
  0.41770000   0.46580000  -1.27410000  -0.43300000   2.09290000   0.69140000   0.43860000   1.64320000  -1.13520000
  0.41770000   0.46580000  -1.27410000  -0.43300000   2.09290000   0.69140000   0.43860000   1.64320000  -1.13520000
  0.41770000   0.46580000  -1.27410000  -0.43300000   2.09290000   0.69140000   0.43860000   1.64320000  -1.13520000
  0.41770000   0.46580000  -1.27410000  -0.43300000   2.09290000   0.69140000   0.43860000   1.64320000  -1.13520000
  0.41903863   0.46585556  -1.27351627  -0.43283587   2.09264369   0.69133684   0.43847325   1.64345520  -1.13713203
  0.41903863   0.46585556  -1.27351627  -0.43283587   2.09264369   0.69133684   0.43847325   1.64345520  -1.13713203
  0.41903863   0.46585556  -1.27351627  -0.43283587   2.09264369   0.69133684   0.43847325   1.64345520  -1.13713203
  0.41925153   0.46594190  -1.27354523  -0.43259833   2.09264289   0.69140420   0.43833099   1.64343557  -1.13697417
  0.41925153   0.46594190  -1.27354523  -0.43259833   2.09264289   0.69140420   0.43833099   1.64343557  -1.13697417
  0.41925153   0.46594190  -1.27354523  -0.43259833   2.09264289   0.69140420   0.43833099   1.64343557  -1.13697417
  0.42035742   0.46544255  -1.27331770  -0.43223264   2.09160519   0.69168282   0.43809818   1.64380436  -1.13900006
  0.42068042   0.46393706  -1.27386831  -0.43136491   2.09046564   0.69268578   0.43754821   1.64360395  -1.13914629
  0.42068042   0.46393706  -1.27386831  -0.43136491   2.09046564   0.69268578   0.43754821   1.64360395  -1.13914629
  0.42068042   0.46393706  -1.27386831  -0.43136491   2.09046564   0.69268578   0.43754821   1.64360395  -1.13914629
  0.42264401   0.45734882  -1.27593666  -0.42809235   2.08473634   0.69660822   0.43525154   1.64294518  -1.14258691
  0.42264401   0.45734882  -1.27593666  -0.42809235   2.08473634   0.69660822   0.43525154   1.64294518  -1.14258691
  0.42352076   0.45708956  -1.27566087  -0.42786271   2.08452323   0.69667312   0.43508269   1.64283792  -1.14373329
  0.42352076   0.45708956  -1.27566087  -0.42786271   2.08452323   0.69667312   0.43508269   1.64283792  -1.14373329
  0.42470170   0.45684274  -1.27544987  -0.42748788   2.08399394   0.69691897   0.43464936   1.64307278  -1.14547849
  0.42470170   0.45684274  -1.27544987  -0.42748788   2.08399394   0.69691897   0.43464936   1.64307278  -1.14547849
  0.42622607   0.45145740  -1.27716403  -0.42464860   2.07935757   0.70027402   0.43274144   1.64256982  -1.14787218
  0.42622607   0.45145740  -1.27716403  -0.42464860   2.07935757   0.70027402   0.43274144   1.64256982  -1.14787218
  0.42777445   0.45138716  -1.27651397  -0.42443729   2.07905473   0.70013189   0.43259489   1.64253992  -1.15011669
  0.42777445   0.45138716  -1.27651397  -0.42443729   2.07905473   0.70013189   0.43259489   1.64253992  -1.15011669
  0.42811188   0.45138477  -1.27644859  -0.42419669   2.07918676   0.70034528   0.43241666   1.64266189  -1.15002801
  0.42951227   0.45089209  -1.27614211  -0.42385402   2.07818793   0.70068735   0.43200015   1.64314680  -1.15267419
  0.43135455   0.44235077  -1.27897744  -0.41943130   2.07065678   0.70584292   0.42921996   1.64212279  -1.15600339
  0.43216653   0.44231105  -1.27890084  -0.41931037   2.07083217   0.70592815   0.42868068   1.64200310  -1.15719302
  0.43246682   0.44220962  -1.27867756  -0.41912605   2.07085709   0.70599173   0.42879558   1.64196345  -1.15709556
  0.43362380   0.44191946  -1.27840598  -0.41886419   2.07017616   0.70615136   0.42845334   1.64219159  -1.15920033
  0.43553918   0.43451976  -1.28064414  -0.41497263   2.06385065   0.71062350   0.42595446   1.64115897  -1.16254415
  0.43553918   0.43451976  -1.28064414  -0.41497263   2.06385065   0.71062350   0.42595446   1.64115897  -1.16254415
  0.43715054   0.43428919  -1.28019524  -0.41449840   2.06331198   0.71085421   0.42550003   1.64137956  -1.16475924
  0.43906479   0.42828003  -1.28185049  -0.41129332   2.05809363   0.71454648   0.42333546   1.64065327  -1.16825088
  0.43991612   0.42817830  -1.28175045  -0.41104054   2.05794240   0.71476396   0.42284534   1.64078389  -1.16948772
  0.44090969   0.42744571  -1.28155184  -0.41041642   2.05694917   0.71517671   0.42266847   1.64082151  -1.17078716
  0.44193770   0.42614353  -1.28170244  -0.40948770   2.05550957   0.71606986   0.42208365   1.64087792  -1.17232375
  0.44407185   0.41960172  -1.28331341  -0.40605363   2.04999583   0.71998061   0.41982400   1.63986826  -1.17630285
  0.44479120   0.41915960  -1.28332414  -0.40556657   2.04947552   0.72037403   0.41940968   1.63990154  -1.17719268
  0.44606148   0.41827292  -1.28316181  -0.40486029   2.04839069   0.72101136   0.41892240   1.64008146  -1.17911491
  0.44770793   0.41795074  -1.28256442  -0.40442943   2.04777592   0.72109206   0.41866602   1.64006443  -1.18147051
  0.44981048   0.40924179  -1.28521402  -0.39967708   2.04036991   0.72667628   0.41536133   1.63893296  -1.18581826
  0.45077003   0.40883572  -1.28498127  -0.39924111   2.03987254   0.72692695   0.41508774   1.63889095  -1.18706360
  0.45254156   0.40876022  -1.28428141  -0.39888825   2.03940780   0.72691159   0.41480297   1.63897824  -1.18960849
  0.45420278   0.40255456  -1.28593204  -0.39524276   2.03349575   0.73110666   0.41267437   1.63877806  -1.19293000
  0.45580905   0.40240661  -1.28538460  -0.39499446   2.03355386   0.73113620   0.41215463   1.63854633  -1.19519376
  0.45695728   0.40200799  -1.28509549  -0.39443801   2.03272198   0.73132150   0.41192317   1.63848687  -1.19675845
  0.45939550   0.39239919  -1.28767629  -0.38900764   2.02434581   0.73758136   0.40841077   1.63733768  -1.20194284
  0.46089638   0.39143119  -1.28743289  -0.38828630   2.02353258   0.73812940   0.40775141   1.63702252  -1.20421609
  0.46243289   0.39086194  -1.28713362  -0.38757985   2.02260316   0.73866788   0.40712987   1.63726211  -1.20650527
  0.46457277   0.38340235  -1.28887991  -0.38318482   2.01590761   0.74349288   0.40451994   1.63626149  -1.21086532
  0.46659674   0.38346314  -1.28796530  -0.38295506   2.01574973   0.74323773   0.40424254   1.63602382  -1.21376466
  0.46838406   0.37684324  -1.28956815  -0.37893735   2.00971908   0.74779252   0.40179286   1.63548807  -1.21756029
  0.46986105   0.37619037  -1.28934518  -0.37819304   2.00882985   0.74818988   0.40113841   1.63522327  -1.21978106
  0.47261861   0.37038229  -1.29010014  -0.37463954   2.00363929   0.75193402   0.39884072   1.63433394  -1.22506125
  0.47421039   0.37036252  -1.28959780  -0.37424155   2.00330808   0.75209794   0.39827450   1.63449946  -1.22737502
  0.47615535   0.36340995  -1.29097059  -0.36993506   1.99687067   0.75679262   0.39598855   1.63380579  -1.23143598
  0.47795006   0.36258608  -1.29056153  -0.36911226   1.99597537   0.75729662   0.39526288   1.63349626  -1.23413237
  0.48064273   0.35580086  -1.29158411  -0.36490047   1.98986927   0.76171947   0.39264571   1.63232479  -1.23972622
  0.48218410   0.35545696  -1.29104575  -0.36429178   1.98916952   0.76198705   0.39228865   1.63235873  -1.24179125
  0.48484065   0.34841008  -1.29225882  -0.35976284   1.98272803   0.76679864   0.38935096   1.63128845  -1.24752528
  0.48609959   0.34775186  -1.29191868  -0.35898429   1.98183200   0.76733945   0.38895839   1.63133790  -1.24914491
  0.48903073   0.34245317  -1.29237413  -0.35530007   1.97650841   0.77099852   0.38663492   1.63067161  -1.25495169
  0.49040281   0.34141817  -1.29209044  -0.35433165   1.97539141   0.77176757   0.38605854   1.63056234  -1.25690116
  0.49333378   0.33375045  -1.29307896  -0.34930051   1.96814000   0.77690054   0.38319265   1.62926702  -1.26330311
  0.49528201   0.33293547  -1.29257613  -0.34838789   1.96724368   0.77754149   0.38231462   1.62905747  -1.26628267
  0.49812947   0.32669400  -1.29315585  -0.34416202   1.96135747   0.78181625   0.37972571   1.62796980  -1.27233586
  0.49961931   0.32584825  -1.29274352  -0.34319433   1.96020932   0.78252683   0.37921079   1.62802394  -1.27439700
  0.50236202   0.31887796  -1.29343919  -0.33837861   1.95330460   0.78729461   0.37669384   1.62691341  -1.28040795
  0.50462250   0.31791450  -1.29284844  -0.33731817   1.95228456   0.78809204   0.37556870   1.62665278  -1.28404420
  0.50737355   0.31114188  -1.29337749  -0.33259298   1.94562284   0.79270506   0.37313652   1.62542823  -1.29006104
  0.50925409   0.30990136  -1.29296464  -0.33132757   1.94424218   0.79372677   0.37216003   1.62524396  -1.29303456
  0.51215988   0.30272030  -1.29360721  -0.32631365   1.93755781   0.79876459   0.36910770   1.62374754  -1.29977248
  0.51401293   0.30211325  -1.29289367  -0.32541790   1.93648456   0.79928356   0.36866036   1.62380113  -1.30234717
  0.51725636   0.29509904  -1.29320362  -0.32038046   1.92964420   0.80422525   0.36573529   1.62242032  -1.30965962
  0.51896273   0.29430436  -1.29264449  -0.31932145   1.92842803   0.80491345   0.36518489   1.62240047  -1.31203134
  0.52194322   0.28691995  -1.29299169  -0.31394354   1.92091142   0.81010684   0.36252981   1.62108413  -1.31896082
  0.52436881   0.28595272  -1.29223872  -0.31276668   1.91981358   0.81094506   0.36134885   1.62074386  -1.32288677
  0.52730205   0.27780546  -1.29270235  -0.30692253   1.91201199   0.81662093   0.35831215   1.61883540  -1.33013310
  0.52945224   0.27770695  -1.29188381  -0.30622210   1.91144959   0.81699306   0.35749051   1.61900392  -1.33326595
  0.53235410   0.27013445  -1.29213210  -0.30049420   1.90352302   0.82242490   0.35488839   1.61764589  -1.34019340
  0.53484370   0.26925336  -1.29111541  -0.29942820   1.90244031   0.82304244   0.35407130   1.61720495  -1.34405328
  0.53767401   0.26131880  -1.29148271  -0.29351922   1.89476713   0.82878794   0.35091021   1.61533685  -1.35135275
  0.53992061   0.26112293  -1.29051086  -0.29273275   1.89395631   0.82912247   0.35032289   1.61543544  -1.35449344
  0.54320186   0.25339388  -1.29044824  -0.28687614   1.88627193   0.83467822   0.34728085   1.61353641  -1.36257800
  0.54551498   0.25272056  -1.28949927  -0.28570956   1.88483851   0.83535701   0.34665705   1.61361008  -1.36595731
  0.54879048   0.24639480  -1.28911568  -0.28065017   1.87818465   0.84004153   0.34402795   1.61219399  -1.37355483
  0.55142733   0.24229239  -1.28864008  -0.27714331   1.87384930   0.84311740   0.34210949   1.61107100  -1.37908974
  0.55427277   0.23819129  -1.28796875  -0.27357451   1.86923508   0.84621195   0.34035064   1.61014154  -1.38492398
  0.55644759   0.23761725  -1.28700415  -0.27254141   1.86804539   0.84685042   0.33977775   1.61026206  -1.38804283
  0.56001632   0.23072134  -1.28644111  -0.26689191   1.86066206   0.85204519   0.33688609   1.60865174  -1.39656014
  0.56278964   0.22618698  -1.28579673  -0.26302520   1.85582419   0.85536606   0.33497890   1.60723881  -1.40254429
  0.56533371   0.22522782  -1.28470676  -0.26158851   1.85402993   0.85628765   0.33425342   1.60723476  -1.40641679
  0.56839107   0.21842488  -1.28433298  -0.25589082   1.84675153   0.86156143   0.33137580   1.60565067  -1.41415667
  0.57154481   0.21459672  -1.28323014  -0.25248419   1.84244605   0.86434358   0.32974547   1.60436171  -1.42048135
  0.57445553   0.21066918  -1.28236257  -0.24884337   1.83784243   0.86744250   0.32795139   1.60339461  -1.42652706
  0.57703435   0.20977721  -1.28119130  -0.24745632   1.83611559   0.86833556   0.32724854   1.60340759  -1.43045075
  0.58059085   0.20345357  -1.28023799  -0.24200761   1.82904819   0.87318193   0.32465785   1.60174312  -1.43888149
  0.58348220   0.19955074  -1.27930242  -0.23837189   1.82457365   0.87620733   0.32286023   1.60050407  -1.44492300
  0.58657617   0.19583236  -1.27818649  -0.23480437   1.82000201   0.87916078   0.32121421   1.59955288  -1.45118161
  0.58963707   0.19213541  -1.27706841  -0.23126159   1.81552426   0.88211415   0.31951996   1.59855677  -1.45744016
  0.59277604   0.18846610  -1.27587321  -0.22770805   1.81097215   0.88503476   0.31789493   1.59756176  -1.46378779
  0.59588401   0.18482815  -1.27468273  -0.22416270   1.80647762   0.88796475   0.31623186   1.59656494  -1.47010905
  0.59907613   0.18124164  -1.27340810  -0.22063311   1.80194695   0.89084267   0.31463957   1.59557093  -1.47652101
  0.60223991   0.17766978  -1.27213874  -0.21709863   1.79744896   0.89373953   0.31301226   1.59457206  -1.48291312
  0.60548115   0.17416354  -1.27079131  -0.21359340   1.79293891   0.89657702   0.31145069   1.59357996  -1.48938030
  0.60870396   0.17066543  -1.26944294  -0.21007890   1.78844447   0.89943333   0.30986337   1.59258188  -1.49583921
  0.61199297   0.16723756  -1.26802673  -0.20659991   1.78395539   0.90223123   0.30833187   1.59159229  -1.50235634
  0.61527606   0.16381963  -1.26660104  -0.20311370   1.77947189   0.90504114   0.30678687   1.59059765  -1.50887618
  0.61861306   0.16047046  -1.26511876  -0.19966442   1.77500504   0.90779810   0.30528647   1.58961174  -1.51543881
  0.62195630   0.15713872  -1.26361871  -0.19621452   1.77054075   0.91055656   0.30378470   1.58862316  -1.52201226
  0.62534261   0.15387042  -1.26207217  -0.19279977   1.76609839   0.91326950   0.30231753   1.58764263  -1.52861640
  0.62837764   0.15313441  -1.26051358  -0.19142757   1.76429638   0.91407313   0.30167098   1.58756526  -1.53313990
  0.63232264   0.14774272  -1.25881298  -0.18621387   1.75737075   0.91848221   0.29949731   1.58600164  -1.54197954
  0.63565369   0.14424914  -1.25725158  -0.18263605   1.75280108   0.92128711   0.29801838   1.58466944  -1.54857048
  0.63875322   0.14360091  -1.25564148  -0.18131599   1.75106084   0.92205546   0.29736710   1.58463104  -1.55314530
  0.64279324   0.13826410  -1.25380397  -0.17610925   1.74405013   0.92642502   0.29531675   1.58303139  -1.56207368
  0.64583865   0.13757865  -1.25222002  -0.17476925   1.74240042   0.92715638   0.29463175   1.58274449  -1.56653675
  0.64991796   0.13244379  -1.25032221  -0.16968760   1.73552293   0.93140680   0.29263134   1.58119473  -1.57543927
  0.65336335   0.12930233  -1.24862482  -0.16632536   1.73118300   0.93400047   0.29124151   1.57994281  -1.58202921
  0.65662757   0.12877298  -1.24689476  -0.16508643   1.72948829   0.93466813   0.29063829   1.57987280  -1.58675182
  0.66079353   0.12392723  -1.24489935  -0.16017591   1.72274543   0.93874373   0.28875604   1.57842438  -1.59560438
  0.66398040   0.12330404  -1.24319797  -0.15889652   1.72111225   0.93941002   0.28812449   1.57809111  -1.60020873
  0.66816270   0.11860424  -1.24117241  -0.15407629   1.71447435   0.94340930   0.28626064   1.57667329  -1.60902125
  0.67148108   0.11574747  -1.23952685  -0.15085846   1.70997668   0.94590340   0.28525857   1.57590879  -1.61501244
  0.67524929   0.11540003  -1.23744411  -0.14981849   1.70871226   0.94630403   0.28445360   1.57534368  -1.62056188
  0.67932580   0.11083288  -1.23547485  -0.14504792   1.70208112   0.95029952   0.28264223   1.57408822  -1.62910911
  0.68282885   0.10814567  -1.23366473  -0.14200927   1.69774761   0.95262564   0.28173127   1.57327476  -1.63526885
  0.68665764   0.10787564  -1.23154021  -0.14102958   1.69652091   0.95297101   0.28095042   1.57271705  -1.64084309
  0.69079246   0.10357466  -1.22950980  -0.13645333   1.69005897   0.95679097   0.27924581   1.57154888  -1.64928993
  0.69439001   0.10103755  -1.22762739  -0.13353597   1.68582426   0.95901316   0.27838415   1.57075839  -1.65549152
  0.69826871   0.10084271  -1.22546748  -0.13262126   1.68465738   0.95929927   0.27762125   1.57019073  -1.66107151
  0.70245985   0.09681711  -1.22338449  -0.12825714   1.67838942   0.96293118   0.27602099   1.56911180  -1.66940283
  0.70614298   0.09443496  -1.22144048  -0.12546955   1.67426512   0.96504533   0.27520643   1.56835034  -1.67562592
  0.71006527   0.09431478  -1.21925110  -0.12462211   1.67316157   0.96527198   0.27446055   1.56777431  -1.68120171
  0.71430779   0.09056587  -1.21712537  -0.12048006   1.66710348   0.96871037   0.27296001   1.56678550  -1.68940424
  0.71784864   0.09069381  -1.21515813  -0.11986427   1.66632014   0.96872626   0.27242967   1.56635407  -1.69406139
  0.72240796   0.08667548  -1.21281179  -0.11555303   1.65977359   0.97231723   0.27106272   1.56524831  -1.70279422
  0.72609468   0.08457953  -1.21087377  -0.11299144   1.65590391   0.97426983   0.27027172   1.56460911  -1.70885076
  0.73007622   0.08457777  -1.20864593  -0.11225765   1.65491494   0.97440143   0.26954677   1.56401983  -1.71440557
  0.73440557   0.08129201  -1.20645862  -0.10850652   1.64924394   0.97750012   0.26820115   1.56316776  -1.72238923
  0.73799377   0.08150384  -1.20446223  -0.10798109   1.64854759   0.97745316   0.26767744   1.56273471  -1.72704506
  0.74263018   0.07789933  -1.20206947  -0.10402649   1.64232846   0.98075027   0.26645638   1.56176361  -1.73556431
  0.74612992   0.07812414  -1.20014437  -0.10349340   1.64165414   0.98073438   0.26588043   1.56137659  -1.74009894
  0.75076998   0.07519252  -1.19779580  -0.10006258   1.63582794   0.98355092   0.26504601   1.56092878  -1.74801800
  0.75429041   0.07550031  -1.19581297  -0.09963784   1.63564017   0.98348752   0.26410089   1.56032890  -1.75284233
  0.75911288   0.07216221  -1.19330292  -0.09595475   1.62955949   0.98649897   0.26312848   1.55932652  -1.76129959
  0.76252914   0.07232747  -1.19145110  -0.09535755   1.62880205   0.98657608   0.26250348   1.55897523  -1.76573092
  0.76665803   0.07193185  -1.18928577  -0.09417202   1.62662319   0.98725337   0.26192396   1.55891996  -1.77150593
  0.77135805   0.06757700  -1.18679599  -0.08976726   1.61970176   0.99105039   0.26063394   1.55736663  -1.78044005
  0.77478130   0.06797325  -1.18495841  -0.08934596   1.61915464   0.99091286   0.26009355   1.55701810  -1.78466941
  0.77919835   0.06793628  -1.18260871  -0.08849328   1.61738617   0.99128033   0.25949784   1.55694971  -1.79075175
  0.78368667   0.06484998  -1.18033025  -0.08501667   1.61179947   0.99423275   0.25828217   1.55606118  -1.79868531
  0.78730231   0.06523157  -1.17830512  -0.08471997   1.61136258   0.99402194   0.25778534   1.55556857  -1.80322850
  0.79198400   0.06326142  -1.17597226  -0.08214637   1.60655120   0.99610346   0.25713763   1.55538116  -1.81053620
  0.79540428   0.06348046  -1.17401711  -0.08178784   1.60619726   0.99605250   0.25646611   1.55483746  -1.81502933
  0.79974135   0.06341232  -1.17179676  -0.08082155   1.60427465   0.99646941   0.25582711   1.55469979  -1.82091134
  0.80440650   0.06010766  -1.16938590  -0.07730059   1.59841252   0.99950305   0.25472415   1.55357829  -1.82909197
  0.80788175   0.06057334  -1.16746517  -0.07706719   1.59810410   0.99927303   0.25416957   1.55316908  -1.83340864
  0.81170525   0.06090102  -1.16545525  -0.07660139   1.59705164   0.99935531   0.25364174   1.55324357  -1.83832093
  0.81673476   0.05830896  -1.16293744  -0.07357324   1.59150975   1.00192901   0.25272858   1.55263704  -1.84656131
  0.82010824   0.05871977  -1.16108295  -0.07329883   1.59118463   1.00169507   0.25218656   1.55208228  -1.85070061
  0.82389838   0.05903613  -1.15906840  -0.07289437   1.59019406   1.00174934   0.25169622   1.55210349  -1.85555403
  0.82839659   0.05898827  -1.15677018  -0.07201815   1.58818332   1.00214258   0.25112842   1.55198878  -1.86160563
  0.83286669   0.05621948  -1.15452005  -0.06896605   1.58296567   1.00479360   0.25005365   1.55108693  -1.86915900
  0.83635314   0.05673153  -1.15256966  -0.06885873   1.58276340   1.00446725   0.24957527   1.55060509  -1.87341725
  0.84008467   0.05715838  -1.15062565  -0.06851420   1.58186404   1.00446640   0.24905583   1.55069056  -1.87812316
  0.84490890   0.05600587  -1.14824476  -0.06673166   1.57803876   1.00586240   0.24845720   1.55057062  -1.88515564
  0.84812654   0.05619248  -1.14655341  -0.06623927   1.57727918   1.00587999   0.24792496   1.55013317  -1.88911771
  0.85240838   0.05635307  -1.14426342  -0.06575080   1.57599129   1.00601305   0.24733675   1.54989457  -1.89483142
  0.85621938   0.05628861  -1.14230974  -0.06501454   1.57439989   1.00640324   0.24677028   1.54980773  -1.89987629
  0.86021403   0.05625727  -1.14023912  -0.06432189   1.57284438   1.00670458   0.24620478   1.54955573  -1.90517098
  0.86401683   0.05615910  -1.13828098  -0.06358745   1.57126539   1.00709427   0.24562989   1.54939063  -1.91022115
  0.86795539   0.05612420  -1.13623982  -0.06291618   1.56974276   1.00739099   0.24506807   1.54913072  -1.91543362
  0.87172054   0.05606363  -1.13430135  -0.06223186   1.56823782   1.00774016   0.24450013   1.54895894  -1.92040853
  0.87560972   0.05607789  -1.13228787  -0.06161893   1.56679950   1.00799128   0.24395004   1.54870982  -1.92552117
  0.87931939   0.05607887  -1.13038074  -0.06100057   1.56539540   1.00828624   0.24339301   1.54855445  -1.93038336
  0.88316381   0.05616153  -1.12839253  -0.06045937   1.56406007   1.00847562   0.24285816   1.54832031  -1.93539399
  0.88680354   0.05622924  -1.12652522  -0.05990954   1.56276503   1.00871535   0.24231286   1.54819239  -1.94012159
  0.89060778   0.05638703  -1.12455927  -0.05944461   1.56153894   1.00883609   0.24179488   1.54797162  -1.94503486
  0.89416590   0.05651962  -1.12273825  -0.05896083   1.56035341   1.00902407   0.24126123   1.54787683  -1.94961371
  0.89793116   0.05675365  -1.12079325  -0.05857257   1.55923809   1.00907432   0.24076050   1.54766738  -1.95443266
  0.90111021   0.05702633  -1.11925845  -0.05810569   1.55815495   1.00919676   0.24028495   1.54772993  -1.95829182
  0.90454874   0.05741099  -1.11737750  -0.05802774   1.55761687   1.00905495   0.23988164   1.54754879  -1.96260478
  0.90826297   0.05800470  -1.11546515  -0.05789339   1.55699174   1.00882129   0.23933977   1.54738517  -1.96721080
  0.91169739   0.05843469  -1.11370376  -0.05768987   1.55621680   1.00877283   0.23885475   1.54742315  -1.97150096
  0.91545074   0.05872589  -1.11183102  -0.05729939   1.55499789   1.00885393   0.23833013   1.54739321  -1.97630115
  0.91904113   0.05896720  -1.10998454  -0.05697266   1.55395402   1.00887997   0.23786989   1.54720096  -1.98086298
  0.92204605   0.05923369  -1.10852420  -0.05659846   1.55294758   1.00896230   0.23750448   1.54727294  -1.98444080
  0.92541912   0.05992077  -1.10671958  -0.05661475   1.55295144   1.00869800   0.23660118   1.54708675  -1.98891878
  0.92877966   0.06047131  -1.10499529  -0.05656996   1.55227072   1.00842046   0.23641552   1.54700661  -1.99279773
  0.93218145   0.06083711  -1.10327172  -0.05636370   1.55133175   1.00840976   0.23602736   1.54708061  -1.99703322
  0.93513726   0.06128817  -1.10172612  -0.05629153   1.55088295   1.00824148   0.23567375   1.54701209  -2.00055223
  0.93871207   0.06182002  -1.09993477  -0.05614845   1.55008041   1.00808968   0.23517794   1.54698028  -2.00502841
  0.94188684   0.06228747  -1.09831041  -0.05603213   1.54949802   1.00794297   0.23472272   1.54690186  -2.00893773
  0.94460903   0.06276100  -1.09699978  -0.05586321   1.54883546   1.00780482   0.23447367   1.54697661  -2.01196645
  0.94791063   0.06352624  -1.09516636  -0.05613767   1.54897825   1.00732690   0.23393280   1.54673290  -2.01613432
  0.95085961   0.06429068  -1.09369879  -0.05615635   1.54883195   1.00706052   0.23327061   1.54686153  -2.01977050
  0.95383165   0.06495147  -1.09221166  -0.05620302   1.54836972   1.00672578   0.23307197   1.54689792  -2.02312009
  0.95673868   0.06559613  -1.09070087  -0.05629286   1.54815727   1.00646255   0.23263228   1.54698331  -2.02666164
  0.95986338   0.06622516  -1.08913384  -0.05631403   1.54762536   1.00618599   0.23232553   1.54702982  -2.03036099
  0.96248236   0.06680573  -1.08776554  -0.05639168   1.54746458   1.00590877   0.23199557   1.54703066  -2.03341534
  0.96515983   0.06737475  -1.08640684  -0.05644243   1.54706981   1.00569491   0.23178815   1.54723134  -2.03645003
  0.96824453   0.06825562  -1.08488282  -0.05653261   1.54702014   1.00527754   0.23103993   1.54715686  -2.04036130
  0.97094084   0.06895377  -1.08346841  -0.05672147   1.54694447   1.00483829   0.23082101   1.54706336  -2.04340181
  0.97354204   0.06966934  -1.08212312  -0.05688903   1.54691812   1.00449625   0.23043524   1.54716021  -2.04647801
  0.97637863   0.07043141  -1.08069892  -0.05704876   1.54667730   1.00410263   0.23015280   1.54724679  -2.04976314
  0.97876417   0.07109445  -1.07945543  -0.05721002   1.54669670   1.00375620   0.22983785   1.54728309  -2.05249907
  0.98123690   0.07179029  -1.07818810  -0.05738839   1.54659663   1.00341650   0.22960686   1.54744863  -2.05528197
  0.98410532   0.07268724  -1.07674276  -0.05762501   1.54659818   1.00290415   0.22916412   1.54741700  -2.05872597
  0.98623752   0.07335455  -1.07571420  -0.05770987   1.54645943   1.00256682   0.22897385   1.54752664  -2.06095826
  0.98878609   0.07419335  -1.07433449  -0.05803058   1.54685536   1.00208805   0.22841463   1.54747267  -2.06414857
  0.99110734   0.07497306  -1.07317581  -0.05824140   1.54683423   1.00164781   0.22822870   1.54757354  -2.06665403
  0.99337629   0.07571401  -1.07198421  -0.05850847   1.54697446   1.00125005   0.22793981   1.54769277  -2.06927831
  0.99562397   0.07645490  -1.07082568  -0.05875597   1.54702721   1.00086027   0.22773592   1.54786856  -2.07176861
  0.99823582   0.07738607  -1.06949735  -0.05907744   1.54717617   1.00029854   0.22737582   1.54787015  -2.07484192
  0.99991880   0.07794399  -1.06864785  -0.05920649   1.54719025   1.00002972   0.22726370   1.54805148  -2.07652619
  1.00239300   0.07886212  -1.06733540  -0.05959392   1.54755538   0.99939818   0.22689993   1.54788366  -2.07946025
  1.00408751   0.07950251  -1.06650764  -0.05973654   1.54760722   0.99916221   0.22666524   1.54823771  -2.08126060
  1.00654984   0.08048120  -1.06525984  -0.06009400   1.54787394   0.99856463   0.22628647   1.54824503  -2.08415483
  1.00840348   0.08118001  -1.06429302  -0.06034155   1.54811767   0.99816881   0.22602975   1.54831865  -2.08621738
  1.01031996   0.08191854  -1.06329991  -0.06062642   1.54831041   0.99775054   0.22584878   1.54846087  -2.08830722
  1.01254342   0.08283808  -1.06216419  -0.06099958   1.54857735   0.99717801   0.22557323   1.54850356  -2.09086984
  1.01446299   0.08352615  -1.06107863  -0.06133988   1.54905966   0.99667902   0.22526876   1.54830571  -2.09312321
  1.01603939   0.08427242  -1.06036631  -0.06148502   1.54917081   0.99635826   0.22498123   1.54860115  -2.09478085
  1.01810742   0.08504776  -1.05920173  -0.06192414   1.54961689   0.99580936   0.22474897   1.54851118  -2.09723380
  1.01963346   0.08565108  -1.05841159  -0.06215058   1.54977585   0.99540125   0.22471934   1.54850889  -2.09871603
  1.02080229   0.08632579  -1.05797245  -0.06218923   1.54976850   0.99521366   0.22447354   1.54901001  -2.09979147
  1.02264030   0.08710880  -1.05698983  -0.06256388   1.55013023   0.99472982   0.22424627   1.54908297  -2.10191000
  1.02427933   0.08783875  -1.05613631  -0.06289080   1.55039857   0.99429148   0.22410600   1.54921172  -2.10369743
  1.02645231   0.08863487  -1.05486500  -0.06339219   1.55101493   0.99364425   0.22384423   1.54890901  -2.10631174
  1.02742850   0.08914598  -1.05444123  -0.06338252   1.55128733   0.99353164   0.22336468   1.54917293  -2.10738077
  1.02898558   0.08993848  -1.05369674  -0.06373910   1.55133843   0.99300971   0.22345242   1.54933820  -2.10892701
  1.03000923   0.09044663  -1.05317731  -0.06395551   1.55144818   0.99275386   0.22352258   1.54963388  -2.10979416
  1.03209991   0.09149824  -1.05208649  -0.06444546   1.55207129   0.99208804   0.22302554   1.54960580  -2.11245249
  1.03246825   0.09154375  -1.05189279  -0.06428194   1.55215192   0.99210168   0.22303093   1.54958851  -2.11234471
  1.03432155   0.09248809  -1.05093186  -0.06481629   1.55252227   0.99149092   0.22279390   1.54969526  -2.11472465
  1.03530360   0.09302051  -1.05045653  -0.06500490   1.55264825   0.99121797   0.22282777   1.54995359  -2.11552494
  1.03690946   0.09374866  -1.04957672  -0.06539905   1.55307681   0.99068408   0.22264782   1.54984402  -2.11739607
  1.03806496   0.09432205  -1.04896127  -0.06561722   1.55358812   0.99043169   0.22209930   1.54993291  -2.11903476
  1.03939918   0.09500978  -1.04830812  -0.06591105   1.55375897   0.98995156   0.22209257   1.54994554  -2.12037386
  1.03973220   0.09498869  -1.04808104  -0.06577915   1.55388839   0.99002354   0.22212291   1.54999219  -2.12025416
  1.04109249   0.09584606  -1.04744217  -0.06623173   1.55409666   0.98948570   0.22200303   1.55018007  -2.12197202
  1.04251492   0.09642545  -1.04660072  -0.06662357   1.55454673   0.98903716   0.22188622   1.55007114  -2.12364347
  1.04316294   0.09687689  -1.04636504  -0.06662420   1.55476878   0.98890405   0.22149077   1.55024968  -2.12438100
  1.04452815   0.09756348  -1.04563780  -0.06698200   1.55509201   0.98845226   0.22142802   1.55032675  -2.12584088
  1.04452815   0.09756348  -1.04563780  -0.06698200   1.55509201   0.98845226   0.22142802   1.55032675  -2.12584088
  1.04610979   0.09826793  -1.04476222  -0.06736222   1.55548489   0.98794407   0.22136434   1.55028449  -2.12751105
  1.04610979   0.09826793  -1.04476222  -0.06736222   1.55548489   0.98794407   0.22136434   1.55028449  -2.12751105
  1.04769992   0.09900832  -1.04391047  -0.06769319   1.55591381   0.98747685   0.22116430   1.55030914  -2.12923342
  1.04769992   0.09900832  -1.04391047  -0.06769319   1.55591381   0.98747685   0.22116430   1.55030914  -2.12923342
  1.04899627   0.09982797  -1.04331864  -0.06795702   1.55620476   0.98707969   0.22098767   1.55063856  -2.13049754
  1.04899627   0.09982797  -1.04331864  -0.06795702   1.55620476   0.98707969   0.22098767   1.55063856  -2.13049754
  1.05054085   0.10047359  -1.04239049  -0.06843575   1.55667674   0.98655752   0.22098604   1.55054415  -2.13223108
  1.05070361   0.10064222  -1.04243564  -0.06823990   1.55665820   0.98651818   0.22080105   1.55051711  -2.13215934
  1.05070361   0.10064222  -1.04243564  -0.06823990   1.55665820   0.98651818   0.22080105   1.55051711  -2.13215934
  1.05262090   0.10161305  -1.04146100  -0.06858131   1.55722745   0.98594117   0.22039609   1.55052751  -2.13427842
  1.05247518   0.10143933  -1.04137520  -0.06879096   1.55733391   0.98604829   0.22053085   1.55069191  -2.13438323
  1.05247518   0.10143933  -1.04137520  -0.06879096   1.55733391   0.98604829   0.22053085   1.55069191  -2.13438323
  1.05276693   0.10170340  -1.04140217  -0.06860295   1.55721051   0.98586919   0.22045591   1.55052758  -2.13432552
  1.05431048   0.10244961  -1.04051378  -0.06908069   1.55769665   0.98541025   0.22036305   1.55070952  -2.13607821
  1.05431048   0.10244961  -1.04051378  -0.06908069   1.55769665   0.98541025   0.22036305   1.55070952  -2.13607821
  1.05431048   0.10244961  -1.04051378  -0.06908069   1.55769665   0.98541025   0.22036305   1.55070952  -2.13607821
  1.05431048   0.10244961  -1.04051378  -0.06908069   1.55769665   0.98541025   0.22036305   1.55070952  -2.13607821
  1.05431048   0.10244961  -1.04051378  -0.06908069   1.55769665   0.98541025   0.22036305   1.55070952  -2.13607821
  1.05431048   0.10244961  -1.04051378  -0.06908069   1.55769665   0.98541025   0.22036305   1.55070952  -2.13607821
  1.05586076   0.10339604  -1.03971112  -0.06957491   1.55814281   0.98487383   0.22026373   1.55103432  -2.13775902
  1.05586076   0.10339604  -1.03971112  -0.06957491   1.55814281   0.98487383   0.22026373   1.55103432  -2.13775902
  1.05586076   0.10339604  -1.03971112  -0.06957491   1.55814281   0.98487383   0.22026373   1.55103432  -2.13775902
  1.05586076   0.10339604  -1.03971112  -0.06957491   1.55814281   0.98487383   0.22026373   1.55103432  -2.13775902
  1.05586076   0.10339604  -1.03971112  -0.06957491   1.55814281   0.98487383   0.22026373   1.55103432  -2.13775902
  1.05586076   0.10339604  -1.03971112  -0.06957491   1.55814281   0.98487383   0.22026373   1.55103432  -2.13775902
  1.05739424   0.10432596  -1.03893020  -0.06997592   1.55880243   0.98435832   0.21974205   1.55112855  -2.13976070
  1.05739424   0.10432596  -1.03893020  -0.06997592   1.55880243   0.98435832   0.21974205   1.55112855  -2.13976070
  1.05739424   0.10432596  -1.03893020  -0.06997592   1.55880243   0.98435832   0.21974205   1.55112855  -2.13976070
  1.05739424   0.10432596  -1.03893020  -0.06997592   1.55880243   0.98435832   0.21974205   1.55112855  -2.13976070
  1.05739424   0.10432596  -1.03893020  -0.06997592   1.55880243   0.98435832   0.21974205   1.55112855  -2.13976070
  1.05739424   0.10432596  -1.03893020  -0.06997592   1.55880243   0.98435832   0.21974205   1.55112855  -2.13976070
  1.05739424   0.10432596  -1.03893020  -0.06997592   1.55880243   0.98435832   0.21974205   1.55112855  -2.13976070
  1.05739424   0.10432596  -1.03893020  -0.06997592   1.55880243   0.98435832   0.21974205   1.55112855  -2.13976070
  1.05739424   0.10432596  -1.03893020  -0.06997592   1.55880243   0.98435832   0.21974205   1.55112855  -2.13976070
  1.05739424   0.10432596  -1.03893020  -0.06997592   1.55880243   0.98435832   0.21974205   1.55112855  -2.13976070
  1.05739424   0.10432596  -1.03893020  -0.06997592   1.55880243   0.98435832   0.21974205   1.55112855  -2.13976070
  1.05739424   0.10432596  -1.03893020  -0.06997592   1.55880243   0.98435832   0.21974205   1.55112855  -2.13976070
  1.05739424   0.10432596  -1.03893020  -0.06997592   1.55880243   0.98435832   0.21974205   1.55112855  -2.13976070
  1.05739424   0.10432596  -1.03893020  -0.06997592   1.55880243   0.98435832   0.21974205   1.55112855  -2.13976070
  1.05739424   0.10432596  -1.03893020  -0.06997592   1.55880243   0.98435832   0.21974205   1.55112855  -2.13976070
