  0.41770000   0.46580000  -1.27410000  -0.43300000   2.09290000   0.69140000   0.43860000   1.64320000  -1.13520000
  0.41770000   0.46580000  -1.27410000  -0.43300000   2.09290000   0.69140000   0.43860000   1.64320000  -1.13520000
  0.41770000   0.46580000  -1.27410000  -0.43300000   2.09290000   0.69140000   0.43860000   1.64320000  -1.13520000
  0.41770000   0.46580000  -1.27410000  -0.43300000   2.09290000   0.69140000   0.43860000   1.64320000  -1.13520000
  0.41770000   0.46580000  -1.27410000  -0.43300000   2.09290000   0.69140000   0.43860000   1.64320000  -1.13520000
  0.41770000   0.46580000  -1.27410000  -0.43300000   2.09290000   0.69140000   0.43860000   1.64320000  -1.13520000
  0.41770000   0.46580000  -1.27410000  -0.43300000   2.09290000   0.69140000   0.43860000   1.64320000  -1.13520000
  0.41770000   0.46580000  -1.27410000  -0.43300000   2.09290000   0.69140000   0.43860000   1.64320000  -1.13520000
  0.41770000   0.46580000  -1.27410000  -0.43300000   2.09290000   0.69140000   0.43860000   1.64320000  -1.13520000
  0.41770000   0.46580000  -1.27410000  -0.43300000   2.09290000   0.69140000   0.43860000   1.64320000  -1.13520000
  0.41770000   0.46580000  -1.27410000  -0.43300000   2.09290000   0.69140000   0.43860000   1.64320000  -1.13520000
  0.41770000   0.46580000  -1.27410000  -0.43300000   2.09290000   0.69140000   0.43860000   1.64320000  -1.13520000
  0.41770000   0.46580000  -1.27410000  -0.43300000   2.09290000   0.69140000   0.43860000   1.64320000  -1.13520000
  0.41770000   0.46580000  -1.27410000  -0.43300000   2.09290000   0.69140000   0.43860000   1.64320000  -1.13520000
  0.41770000   0.46580000  -1.27410000  -0.43300000   2.09290000   0.69140000   0.43860000   1.64320000  -1.13520000
  0.41770000   0.46580000  -1.27410000  -0.43300000   2.09290000   0.69140000   0.43860000   1.64320000  -1.13520000
  0.41770000   0.46580000  -1.27410000  -0.43300000   2.09290000   0.69140000   0.43860000   1.64320000  -1.13520000
  0.41770000   0.46580000  -1.27410000  -0.43300000   2.09290000   0.69140000   0.43860000   1.64320000  -1.13520000
  0.41889425   0.46584954  -1.27357922  -0.43285357   2.09267130   0.69134366   0.43848691   1.64342770  -1.13692367
  0.41889425   0.46584954  -1.27357922  -0.43285357   2.09267130   0.69134366   0.43848691   1.64342770  -1.13692367
  0.41889425   0.46584954  -1.27357922  -0.43285357   2.09267130   0.69134366   0.43848691   1.64342770  -1.13692367
  0.41908447   0.46592659  -1.27360494  -0.43264148   2.09267063   0.69140383   0.43835996   1.64341021  -1.13678283
  0.41908447   0.46592659  -1.27360494  -0.43264148   2.09267063   0.69140383   0.43835996   1.64341021  -1.13678283
  0.41908447   0.46592659  -1.27360494  -0.43264148   2.09267063   0.69140383   0.43835996   1.64341021  -1.13678283
  0.41908447   0.46592659  -1.27360494  -0.43264148   2.09267063   0.69140383   0.43835996   1.64341021  -1.13678283
  0.41908447   0.46592659  -1.27360494  -0.43264148   2.09267063   0.69140383   0.43835996   1.64341021  -1.13678283
  0.42066361   0.46573609  -1.27311866  -0.43213553   2.09187400   0.69151207   0.43812801   1.64367149  -1.13890593
  0.42054817   0.46555318  -1.27315111  -0.43224204   2.09194208   0.69170064   0.43808518   1.64385612  -1.13895435
  0.42054817   0.46555318  -1.27315111  -0.43224204   2.09194208   0.69170064   0.43808518   1.64385612  -1.13895435
  0.42273370   0.45713384  -1.27599926  -0.42801914   2.08464083   0.69673233   0.43516396   1.64291707  -1.14269444
  0.42273370   0.45713384  -1.27599926  -0.42801914   2.08464083   0.69673233   0.43516396   1.64291707  -1.14269444
  0.42273370   0.45713384  -1.27599926  -0.42801914   2.08464083   0.69673233   0.43516396   1.64291707  -1.14269444
  0.42400092   0.45721678  -1.27556115  -0.42780487   2.08453197   0.69664017   0.43489384   1.64291694  -1.14437957
  0.42400092   0.45721678  -1.27556115  -0.42780487   2.08453197   0.69664017   0.43489384   1.64291694  -1.14437957
  0.42534847   0.45387111  -1.27645313  -0.42599847   2.08141633   0.69873704   0.43368584   1.64281684  -1.14659846
  0.42534847   0.45387111  -1.27645313  -0.42599847   2.08141633   0.69873704   0.43368584   1.64281684  -1.14659846
  0.42649982   0.45362848  -1.27615666  -0.42570253   2.08106680   0.69887080   0.43335584   1.64286478  -1.14824769
  0.42672141   0.45357692  -1.27607605  -0.42551876   2.08112024   0.69899985   0.43331343   1.64289433  -1.14811440
  0.42672141   0.45357692  -1.27607605  -0.42551876   2.08112024   0.69899985   0.43331343   1.64289433  -1.14811440
  0.42927637   0.44565979  -1.27843702  -0.42143091   2.07399254   0.70378823   0.43049960   1.64218863  -1.15275169
  0.42927637   0.44565979  -1.27843702  -0.42143091   2.07399254   0.70378823   0.43049960   1.64218863  -1.15275169
  0.43011313   0.44515778  -1.27836153  -0.42093824   2.07344950   0.70409562   0.43019184   1.64209314  -1.15370259
  0.43141628   0.44513413  -1.27798502  -0.42073261   2.07333633   0.70420169   0.42974284   1.64228554  -1.15561271
  0.43141628   0.44513413  -1.27798502  -0.42073261   2.07333633   0.70420169   0.42974284   1.64228554  -1.15561271
  0.43343126   0.43832095  -1.27990428  -0.41710826   2.06713906   0.70837842   0.42754402   1.64173144  -1.15915729
  0.43343126   0.43832095  -1.27990428  -0.41710826   2.06713906   0.70837842   0.42754402   1.64173144  -1.15915729
  0.43541967   0.43841564  -1.27915639  -0.41683665   2.06699762   0.70821368   0.42714697   1.64168741  -1.16193049
  0.43564530   0.43835810  -1.27908620  -0.41666643   2.06707182   0.70837946   0.42706351   1.64176831  -1.16184656
  0.43564530   0.43835810  -1.27908620  -0.41666643   2.06707182   0.70837946   0.42706351   1.64176831  -1.16184656
  0.43899055   0.42979767  -1.28133342  -0.41186696   2.05891789   0.71376783   0.42385891   1.64126770  -1.16787520
  0.43899055   0.42979767  -1.28133342  -0.41186696   2.05891789   0.71376783   0.42385891   1.64126770  -1.16787520
  0.44070684   0.42831339  -1.28127691  -0.41082782   2.05756824   0.71464667   0.42305846   1.64102057  -1.17031002
  0.44285848   0.42192595  -1.28298859  -0.40747856   2.05227040   0.71856757   0.42058676   1.64009277  -1.17437940
  0.44386926   0.42180619  -1.28247033  -0.40726569   2.05193779   0.71844787   0.42066322   1.63998680  -1.17569250
  0.44482841   0.42099506  -1.28257164  -0.40650220   2.05083173   0.71920714   0.42005509   1.64030678  -1.17709854
  0.44672447   0.41502150  -1.28412714  -0.40323313   2.04571125   0.72290442   0.41788480   1.63945141  -1.18060686
  0.44813676   0.41501924  -1.28366075  -0.40307701   2.04564938   0.72297958   0.41739648   1.63961119  -1.18281545
  0.44854586   0.41506767  -1.28352635  -0.40272082   2.04559932   0.72300868   0.41737980   1.63950297  -1.18262809
  0.45101827   0.40886952  -1.28492208  -0.39913466   2.03953240   0.72700704   0.41507925   1.63920390  -1.18749052
  0.45185514   0.40786628  -1.28497692  -0.39848376   2.03873362   0.72760992   0.41457624   1.63895246  -1.18871904
  0.45414724   0.40256150  -1.28603816  -0.39550179   2.03414065   0.73093351   0.41245611   1.63822352  -1.19303856
  0.45536881   0.40239303  -1.28549289  -0.39517314   2.03367027   0.73088257   0.41242824   1.63813398  -1.19464054
  0.45686137   0.39753526  -1.28688649  -0.39219508   2.02923875   0.73433458   0.41034474   1.63790769  -1.19751979
  0.45809254   0.39691751  -1.28661752  -0.39159726   2.02850557   0.73468692   0.40995609   1.63777495  -1.19922239
  0.46030953   0.39108985  -1.28772350  -0.38821082   2.02319793   0.73835175   0.40791857   1.63703550  -1.20349912
  0.46172703   0.39037411  -1.28753713  -0.38751250   2.02244598   0.73888824   0.40721325   1.63694356  -1.20559457
  0.46305091   0.38936808  -1.28741615  -0.38657257   2.02111714   0.73966048   0.40663746   1.63706894  -1.20752299
  0.46576407   0.38224402  -1.28881273  -0.38248379   2.01498620   0.74419825   0.40383458   1.63594489  -1.21302980
  0.46687498   0.38159025  -1.28860695  -0.38178813   2.01413720   0.74469252   0.40343764   1.63596480  -1.21448629
  0.46937586   0.37602923  -1.28951337  -0.37839105   2.00909248   0.74829674   0.40118482   1.63515534  -1.21935303
  0.47091980   0.37585544  -1.28882833  -0.37799932   2.00855590   0.74825988   0.40107066   1.63505961  -1.22145580
  0.47260117   0.37014345  -1.29029503  -0.37431227   2.00325770   0.75240152   0.39863436   1.63469039  -1.22498446
  0.47408007   0.36943006  -1.28990527  -0.37359707   2.00241590   0.75282126   0.39817525   1.63450197  -1.22707180
  0.47656406   0.36236573  -1.29117673  -0.36925463   1.99590176   0.75749786   0.39556710   1.63357832  -1.23233553
  0.47815416   0.36181265  -1.29074173  -0.36861802   1.99529783   0.75786175   0.39497996   1.63337963  -1.23462008
  0.48082678   0.35566002  -1.29160288  -0.36466688   1.98949901   0.76195176   0.39256440   1.63249947  -1.24002777
  0.48232774   0.35465330  -1.29132229  -0.36373793   1.98842204   0.76264755   0.39190931   1.63229877  -1.24224194
  0.48481908   0.34900914  -1.29213893  -0.36005472   1.98322430   0.76651609   0.38945533   1.63145719  -1.24739984
  0.48625925   0.34836265  -1.29170094  -0.35928823   1.98229267   0.76700516   0.38905777   1.63147887  -1.24935917
  0.48907505   0.34215702  -1.29241549  -0.35522502   1.97650161   0.77117063   0.38651422   1.63044877  -1.25520599
  0.49039836   0.34133636  -1.29212774  -0.35430817   1.97540477   0.77183607   0.38600991   1.63045908  -1.25701286
  0.49295796   0.33467924  -1.29293100  -0.34990358   1.96898867   0.77629573   0.38363787   1.62942880  -1.26250455
  0.49509801   0.33497006  -1.29223514  -0.34953444   1.96900830   0.77630299   0.38270295   1.62939724  -1.26565685
  0.49716648   0.32748978  -1.29331092  -0.34465696   1.96188615   0.78143764   0.38036302   1.62848408  -1.27051204
  0.49912151   0.32683000  -1.29275332  -0.34379512   1.96098276   0.78185572   0.37961754   1.62811039  -1.27346205
  0.50207927   0.31916668  -1.29349420  -0.33879790   1.95407502   0.78699717   0.37669091   1.62656021  -1.28015586
  0.50381609   0.31829613  -1.29307436  -0.33771562   1.95282736   0.78778860   0.37593205   1.62658822  -1.28272972
  0.50663687   0.31233720  -1.29346825  -0.33354596   1.94713299   0.79193898   0.37340120   1.62547908  -1.28883410
  0.50820152   0.31158169  -1.29297507  -0.33259494   1.94600938   0.79259010   0.37290490   1.62552706  -1.29100615
  0.51091257   0.30475889  -1.29348800  -0.32776271   1.93915505   0.79731935   0.37046624   1.62440298  -1.29709845
  0.51288709   0.30397835  -1.29284895  -0.32685691   1.93830050   0.79797342   0.36962613   1.62421844  -1.30014759
  0.51590826   0.29689059  -1.29334533  -0.32172848   1.93133097   0.80297791   0.36671481   1.62283308  -1.30701744
  0.51759592   0.29621383  -1.29276519  -0.32082779   1.93038033   0.80350502   0.36616664   1.62265279  -1.30939376
  0.52064373   0.28828439  -1.29338117  -0.31520151   1.92288638   0.80912689   0.36286231   1.62095132  -1.31682424
  0.52276362   0.28754476  -1.29254731  -0.31420612   1.92168466   0.80970516   0.36229794   1.62086699  -1.31995933
  0.52568939   0.28155711  -1.29265050  -0.30969874   1.91568173   0.81406493   0.35969739   1.61972218  -1.32656935
  0.52744609   0.28079278  -1.29200196  -0.30867551   1.91450977   0.81473897   0.35917228   1.61972136  -1.32904484
  0.53029918   0.27384346  -1.29217885  -0.30343591   1.90724030   0.81970721   0.35670069   1.61846996  -1.33574292
  0.53276255   0.27288571  -1.29136363  -0.30224395   1.90614110   0.82054177   0.35550667   1.61808084  -1.33977066
  0.53564280   0.26492367  -1.29165601  -0.29640188   1.89841530   0.82615075   0.35254834   1.61613677  -1.34705569
  0.53763395   0.26455266  -1.29082391  -0.29557763   1.89757091   0.82658264   0.35198839   1.61617053  -1.34984042
  0.54085453   0.25844086  -1.29060300  -0.29073454   1.89117283   0.83115852   0.34928867   1.61496910  -1.35725145
  0.54278457   0.25767836  -1.28983606  -0.28963249   1.88992265   0.83182988   0.34873802   1.61488634  -1.35998632
  0.54585806   0.24920358  -1.28996462  -0.28324579   1.88149657   0.83788324   0.34560135   1.61275178  -1.36803815
  0.54827279   0.24918523  -1.28889053  -0.28259634   1.88098777   0.83810150   0.34486498   1.61275404  -1.37151702
  0.55139737   0.24212870  -1.28863572  -0.27700098   1.87350164   0.84327232   0.34224300   1.61118918  -1.37910486
  0.55359874   0.24115944  -1.28776180  -0.27570816   1.87204686   0.84414139   0.34146874   1.61102720  -1.38248564
  0.55679540   0.23520470  -1.28728821  -0.27080611   1.86571306   0.84865563   0.33885218   1.60964478  -1.38997964
  0.55941668   0.23039212  -1.28676243  -0.26681347   1.86065357   0.85213951   0.33697755   1.60821100  -1.39577115
  0.56164397   0.23002563  -1.28574229  -0.26590703   1.85964919   0.85263242   0.33641320   1.60833559  -1.39892211
  0.56504719   0.22393961  -1.28509374  -0.26074004   1.85289854   0.85733967   0.33375818   1.60700993  -1.40691682
  0.56773090   0.21906182  -1.28444907  -0.25664627   1.84773898   0.86086929   0.33188591   1.60544310  -1.41290919
  0.57006707   0.21873364  -1.28334649  -0.25573965   1.84672776   0.86133080   0.33132829   1.60554537  -1.41620125
  0.57344220   0.21230090  -1.28265175  -0.25013291   1.83916739   0.86637439   0.32881784   1.60434924  -1.42426668
  0.57603253   0.21129523  -1.28146623  -0.24882604   1.83783720   0.86713591   0.32795287   1.60372109  -1.42833315
  0.57902577   0.20394753  -1.28096492  -0.24276661   1.83016436   0.87270836   0.32507733   1.60166034  -1.43632416
  0.58171579   0.20346308  -1.27968520  -0.24165734   1.82882077   0.87325999   0.32444106   1.60162909  -1.44026593
  0.58510725   0.19752777  -1.27869859  -0.23646480   1.82201675   0.87784187   0.32209104   1.60011694  -1.44825493
  0.58770099   0.19661236  -1.27750332  -0.23505951   1.82034460   0.87869098   0.32135006   1.59988413  -1.45222289
  0.59074804   0.18998006  -1.27679143  -0.22928188   1.81295022   0.88391584   0.31869770   1.59819776  -1.46007427
  0.59363265   0.18939046  -1.27533541  -0.22815350   1.81160724   0.88443674   0.31807406   1.59789518  -1.46435156
  0.59708414   0.18382220  -1.27420789  -0.22307393   1.80499068   0.88887695   0.31573723   1.59648649  -1.47239696
  0.60003574   0.17982059  -1.27306305  -0.21933403   1.80029003   0.89194032   0.31411262   1.59511000  -1.47859796
  0.60284928   0.17905839  -1.27168115  -0.21799480   1.79858549   0.89273773   0.31343738   1.59505096  -1.48285371
  0.60604067   0.17297490  -1.27068895  -0.21245263   1.79143597   0.89765558   0.31098139   1.59351821  -1.49077541
  0.60903256   0.17235720  -1.26913243  -0.21128866   1.79002086   0.89818885   0.31037993   1.59314795  -1.49519907
  0.61258105   0.16694229  -1.26781060  -0.20619499   1.78335393   0.90258604   0.30812515   1.59172668  -1.50339949
  0.61567256   0.16311547  -1.26646466  -0.20251187   1.77867447   0.90554706   0.30660937   1.59033726  -1.50976128
  0.61860497   0.16243889  -1.26498130  -0.20121012   1.77700269   0.90629422   0.30594397   1.59026058  -1.51415151
  0.62198752   0.15695977  -1.26371415  -0.19598586   1.77019031   0.91083682   0.30368228   1.58887155  -1.52214685
  0.62537932   0.15363235  -1.26208041  -0.19267570   1.76592479   0.91339173   0.30232767   1.58751710  -1.52875240
  0.62837338   0.15298343  -1.26055725  -0.19136140   1.76420999   0.91412810   0.30167354   1.58743048  -1.53319858
  0.63179986   0.14751929  -1.25919304  -0.18609716   1.75729089   0.91868803   0.29948219   1.58602340  -1.54126167
  0.63495651   0.14695247  -1.25749235  -0.18494918   1.75585089   0.91919021   0.29891162   1.58559463  -1.54586754
  0.63870189   0.14194685  -1.25586067  -0.18001252   1.74926099   0.92336754   0.29687015   1.58421693  -1.55420891
  0.64168352   0.13882026  -1.25446788  -0.17668958   1.74477150   0.92598809   0.29577535   1.58339472  -1.55987528
  0.64512501   0.13831156  -1.25260932  -0.17555946   1.74344448   0.92650922   0.29495820   1.58290317  -1.56508927
  0.64888061   0.13325862  -1.25092904  -0.17054269   1.73671308   0.93076568   0.29293347   1.58149921  -1.57348315
  0.65197870   0.13028280  -1.24942037  -0.16733394   1.73232603   0.93326767   0.29190886   1.58066567  -1.57924068
  0.65549306   0.12983570  -1.24750480  -0.16624431   1.73102126   0.93374436   0.29111092   1.58016630  -1.58451483
  0.65929951   0.12500240  -1.24574666  -0.16135758   1.72439219   0.93787145   0.28918298   1.57882944  -1.59285388
  0.66250090   0.12215800  -1.24414549  -0.15824067   1.72007237   0.94028387   0.28821191   1.57800575  -1.59869158
  0.66607789   0.12177564  -1.24218062  -0.15719926   1.71880673   0.94071099   0.28743161   1.57749256  -1.60400422
  0.66993898   0.11717782  -1.24035024  -0.15246610   1.71230494   0.94469127   0.28560435   1.57622889  -1.61227395
  0.67323868   0.11446627  -1.23866589  -0.14944696   1.70805833   0.94701358   0.28468330   1.57541979  -1.61817867
  0.67687206   0.11415136  -1.23665799  -0.14845885   1.70683903   0.94738854   0.28392033   1.57489424  -1.62351622
  0.68078965   0.10979859  -1.23476228  -0.14389709   1.70048434   0.95120987   0.28219425   1.57370783  -1.63170455
  0.68418104   0.10722352  -1.23300434  -0.14098347   1.69632023   0.95343924   0.28132091   1.57291827  -1.63765934
  0.68786524   0.10697707  -1.23095911  -0.14005223   1.69515221   0.95376077   0.28057461   1.57238189  -1.64301107
  0.69183934   0.10287547  -1.22900563  -0.13567626   1.68896230   0.95741392   0.27894795   1.57127513  -1.65110691
  0.69515978   0.10290052  -1.22717046  -0.13498415   1.68811341   0.95750683   0.27842780   1.57087837  -1.65554417
  0.69942648   0.09858265  -1.22500378  -0.13046885   1.68150256   0.96127203   0.27693804   1.56967450  -1.66411504
  0.70282580   0.09622235  -1.22323917  -0.12770882   1.67748634   0.96340371   0.27609215   1.56899769  -1.66995469
  0.70658286   0.09607467  -1.22114033  -0.12686982   1.67641392   0.96364604   0.27535916   1.56843214  -1.67532508
  0.71067962   0.09239526  -1.21908436  -0.12283024   1.67053421   0.96699442   0.27389023   1.56743135  -1.68329865
  0.71405537   0.09249226  -1.21721241  -0.12221166   1.66975221   0.96703805   0.27337454   1.56703309  -1.68775526
  0.71841858   0.08855217  -1.21497096  -0.11799978   1.66339861   0.97054464   0.27203327   1.56594333  -1.69617784
  0.72193408   0.08647422  -1.21312613  -0.11548167   1.65962069   0.97247027   0.27126033   1.56532052  -1.70199828
  0.72575279   0.08644283  -1.21098898  -0.11474919   1.65864424   0.97262085   0.27055498   1.56475198  -1.70735284
  0.72991143   0.08318379  -1.20888734  -0.11105804   1.65310415   0.97567129   0.26922972   1.56389264  -1.71509978
  0.73334713   0.08336602  -1.20697676  -0.11052984   1.65241109   0.97564515   0.26872340   1.56348108  -1.71957310
  0.73778918   0.07980841  -1.20468453  -0.10664554   1.64635365   0.97888245   0.26751864   1.56251624  -1.72781337
  0.74114450   0.07999961  -1.20283927  -0.10610731   1.64567667   0.97888871   0.26696204   1.56214732  -1.73217957
  0.74561710   0.07665453  -1.20052138  -0.10241778   1.63984902   0.98195806   0.26581194   1.56122277  -1.74031476
  0.74898767   0.07689071  -1.19866984  -0.10192057   1.63921404   0.98192908   0.26526085   1.56085695  -1.74466703
  0.75347372   0.07416012  -1.19640051  -0.09869250   1.63369912   0.98457575   0.26446113   1.56044911  -1.75227158
  0.75682876   0.07448290  -1.19453147  -0.09826919   1.63355613   0.98454388   0.26345459   1.55991718  -1.75691793
  0.76130660   0.07145599  -1.19221537  -0.09493540   1.62767242   0.98731013   0.26292591   1.55936389  -1.76444591
  0.76481454   0.07182281  -1.19024322  -0.09457257   1.62750037   0.98712528   0.26210732   1.55866277  -1.76910386
  0.76935769   0.06924750  -1.18799358  -0.09142148   1.62208527   0.98971035   0.26120324   1.55826808  -1.77674424
  0.77269200   0.06935005  -1.18612708  -0.09088854   1.62150032   0.98972859   0.26057297   1.55764565  -1.78112010
  0.77726226   0.06676599  -1.18379138  -0.08787277   1.61622185   0.99222988   0.25979119   1.55712432  -1.78872014
  0.78049636   0.06692859  -1.18193603  -0.08747925   1.61587526   0.99222218   0.25912008   1.55658970  -1.79301184
  0.78476357   0.06678693  -1.17972684  -0.08647735   1.61392273   0.99265922   0.25851515   1.55640310  -1.79887045
  0.78916624   0.06353425  -1.17747233  -0.08294126   1.60823053   0.99568498   0.25732449   1.55535494  -1.80676466
  0.79258714   0.06389225  -1.17555734  -0.08265868   1.60782575   0.99549995   0.25683660   1.55489940  -1.81105836
  0.79629109   0.06408070  -1.17362095  -0.08205592   1.60660759   0.99570807   0.25629042   1.55498354  -1.81591403
  0.80109959   0.06143605  -1.17121516  -0.07900315   1.60092514   0.99827701   0.25562855   1.55450176  -1.82375537
  0.80442537   0.06177959  -1.16932833  -0.07871290   1.60082049   0.99810586   0.25484632   1.55382209  -1.82811075
  0.80811301   0.06194305  -1.16742838  -0.07806496   1.59954346   0.99830890   0.25430840   1.55380319  -1.83287984
  0.81299115   0.05935796  -1.16498801  -0.07509293   1.59396111   1.00084405   0.25356687   1.55329178  -1.84085096
  0.81631940   0.05916304  -1.16316067  -0.07433806   1.59293755   1.00113447   0.25288771   1.55261395  -1.84533411
  0.82041615   0.05923631  -1.16095902  -0.07373638   1.59162062   1.00129565   0.25232952   1.55228046  -1.85081916
  0.82396666   0.05953841  -1.15910590  -0.07325123   1.59078526   1.00141649   0.25157098   1.55222849  -1.85553219
  0.82867145   0.05674220  -1.15672860  -0.07022157   1.58518416   1.00402508   0.25085876   1.55143469  -1.86324085
  0.83214424   0.05743365  -1.15464320  -0.07045210   1.58561487   1.00335856   0.25045664   1.55061957  -1.86741882
  0.83575990   0.05748178  -1.15297906  -0.06951995   1.58365999   1.00394143   0.24981517   1.55115785  -1.87217030
  0.83930769   0.05766667  -1.15111731  -0.06902000   1.58262183   1.00405912   0.24929452   1.55100748  -1.87671814
  0.84368851   0.05750698  -1.14883435  -0.06821127   1.58063565   1.00445808   0.24880510   1.55076497  -1.88266979
  0.84766690   0.05566158  -1.14686558  -0.06600509   1.57655057   1.00632859   0.24815090   1.55032097  -1.88878303
  0.85107504   0.05609263  -1.14493138  -0.06589867   1.57640216   1.00604398   0.24757907   1.54972857  -1.89309987
  0.85486932   0.05621380  -1.14305891  -0.06518947   1.57488032   1.00638224   0.24689429   1.54980582  -1.89813206
  0.85838249   0.05646430  -1.14121235  -0.06478205   1.57398120   1.00645701   0.24632986   1.54967725  -1.90265153
  0.86234837   0.05642030  -1.13920286  -0.06405793   1.57221848   1.00679133   0.24586632   1.54954740  -1.90785892
  0.86574149   0.05647607  -1.13740189  -0.06358491   1.57111496   1.00697648   0.24544654   1.54939967  -1.91219972
  0.87039211   0.05400046  -1.13509247  -0.06090818   1.56603755   1.00931245   0.24459384   1.54853658  -1.91970794
  0.87387198   0.05483340  -1.13298637  -0.06130732   1.56676123   1.00855666   0.24402928   1.54772254  -1.92402291
  0.87719701   0.05525163  -1.13149272  -0.06076002   1.56536693   1.00876381   0.24354558   1.54826070  -1.92803236
  0.88056017   0.05573676  -1.12973368  -0.06057285   1.56480828   1.00864371   0.24301472   1.54820295  -1.93221581
  0.88436387   0.05601572  -1.12781527  -0.06015665   1.56350198   1.00870919   0.24261306   1.54817940  -1.93701247
  0.88761192   0.05628904  -1.12610405  -0.05988521   1.56269917   1.00871630   0.24223199   1.54810772  -1.94102714
  0.89152437   0.05640405  -1.12415477  -0.05930333   1.56113837   1.00896429   0.24169017   1.54806575  -1.94614614
  0.89505499   0.05655317  -1.12232408  -0.05886694   1.56007391   1.00907664   0.24113841   1.54781458  -1.95073100
  0.89864192   0.05674564  -1.12047273  -0.05847343   1.55897111   1.00915579   0.24065871   1.54762463  -1.95533070
  0.90169913   0.05701474  -1.11899538  -0.05802679   1.55795611   1.00927093   0.24017419   1.54767459  -1.95906099
  0.90509159   0.05745565  -1.11715298  -0.05795481   1.55752415   1.00911906   0.23964053   1.54749998  -1.96340585
  0.90875202   0.05776864  -1.11530078  -0.05762765   1.55640050   1.00913445   0.23921275   1.54743784  -1.96801271
  0.91183411   0.05811344  -1.11368309  -0.05744838   1.55577332   1.00907129   0.23881896   1.54736098  -1.97179086
  0.91544117   0.05840060  -1.11188346  -0.05707992   1.55460402   1.00915108   0.23832221   1.54735880  -1.97639121
  0.91894916   0.05872890  -1.11005471  -0.05685917   1.55377096   1.00906614   0.23786413   1.54710036  -1.98084682
  0.92182544   0.05904300  -1.10866049  -0.05653618   1.55286657   1.00908554   0.23753896   1.54715607  -1.98421105
  0.92513968   0.05967949  -1.10684744  -0.05663969   1.55279283   1.00874854   0.23694345   1.54691964  -1.98843969
  0.92858665   0.06010491  -1.10513372  -0.05641945   1.55182272   1.00869755   0.23654401   1.54698121  -1.99270198
  0.93137838   0.06052926  -1.10378883  -0.05615650   1.55115346   1.00866910   0.23606168   1.54706181  -1.99604090
  0.93474049   0.06098423  -1.10199896  -0.05613136   1.55060046   1.00848083   0.23566578   1.54692564  -2.00025678
  0.93753250   0.06145571  -1.10053246  -0.05611213   1.55023359   1.00828387   0.23536144   1.54688949  -2.00354215
  0.94056797   0.06198200  -1.09899479  -0.05606371   1.54964060   1.00809685   0.23508562   1.54697010  -2.00710270
  0.94362995   0.06271563  -1.09747080  -0.05606021   1.54940289   1.00777756   0.23442019   1.54687912  -2.01096724
  0.94663985   0.06332814  -1.09594251  -0.05605452   1.54900043   1.00751257   0.23406736   1.54688829  -2.01448545
  0.94944458   0.06384991  -1.09445159  -0.05613771   1.54869657   1.00727516   0.23378738   1.54691120  -2.01784478
  0.95252922   0.06468212  -1.09289257  -0.05621099   1.54868095   1.00690193   0.23305002   1.54685901  -2.02172350
  0.95539163   0.06529660  -1.09143894  -0.05627933   1.54825598   1.00658933   0.23286644   1.54689745  -2.02498135
  0.95832107   0.06583322  -1.08996083  -0.05626999   1.54772441   1.00640916   0.23253194   1.54700981  -2.02851947
  0.96086928   0.06638742  -1.08863222  -0.05633124   1.54755291   1.00614555   0.23220434   1.54699554  -2.03149639
  0.96384166   0.06706093  -1.08714265  -0.05638714   1.54718341   1.00584907   0.23180432   1.54704713  -2.03508117
  0.96629411   0.06764531  -1.08586369  -0.05648523   1.54707594   1.00554585   0.23151428   1.54703100  -2.03789579
  0.96902815   0.06836985  -1.08444884  -0.05665743   1.54699069   1.00516163   0.23116856   1.54705172  -2.04111358
  0.97151891   0.06903190  -1.08322229  -0.05671901   1.54676020   1.00489938   0.23082413   1.54723501  -2.04398605
  0.97394497   0.06969758  -1.08202901  -0.05682385   1.54650920   1.00454056   0.23060866   1.54727227  -2.04672028
  0.97679099   0.07052655  -1.08047492  -0.05713812   1.54681153   1.00402385   0.23010785   1.54711274  -2.05021439
  0.97943922   0.07128169  -1.07917086  -0.05727129   1.54659640   1.00368223   0.22977092   1.54729045  -2.05330294
  0.98159428   0.07191102  -1.07812587  -0.05733594   1.54641517   1.00337300   0.22957205   1.54738994  -2.05559749
  0.98412094   0.07271810  -1.07676465  -0.05762191   1.54677289   1.00292937   0.22898609   1.54734037  -2.05879119
  0.98646912   0.07346024  -1.07557918  -0.05782762   1.54672073   1.00250013   0.22881792   1.54741033  -2.06134629
  0.98874002   0.07417924  -1.07439800  -0.05805703   1.54681925   1.00213098   0.22849694   1.54752921  -2.06399647
  0.99105366   0.07497092  -1.07323442  -0.05826157   1.54691791   1.00169954   0.22814876   1.54758299  -2.06663635
  0.99326967   0.07571090  -1.07211313  -0.05848771   1.54692876   1.00127053   0.22796716   1.54765950  -2.06906795
  0.99540136   0.07640364  -1.07098741  -0.05875187   1.54705818   1.00088860   0.22772566   1.54776658  -2.07151886
  0.99745186   0.07705943  -1.06992953  -0.05897920   1.54703750   1.00056284   0.22762174   1.54801298  -2.07372005
  0.99957407   0.07787133  -1.06888858  -0.05917010   1.54720892   1.00008140   0.22725091   1.54796245  -2.07611149
  1.00178617   0.07873224  -1.06774617  -0.05945682   1.54760392   0.99963298   0.22665073   1.54800768  -2.07892373
  1.00388832   0.07947463  -1.06665055  -0.05975752   1.54770151   0.99914399   0.22659151   1.54803929  -2.08113628
  1.00582090   0.08020474  -1.06565758  -0.06000903   1.54790545   0.99875808   0.22630141   1.54817674  -2.08334148
  1.00789302   0.08100434  -1.06461040  -0.06030607   1.54801863   0.99829122   0.22613145   1.54830845  -2.08562246
  1.00962488   0.08165459  -1.06370381  -0.06054264   1.54824098   0.99791704   0.22591819   1.54837737  -2.08752458
  1.01196278   0.08254408  -1.06243088  -0.06098460   1.54868936   0.99718033   0.22565820   1.54797784  -2.09026441
  1.01344274   0.08321937  -1.06176115  -0.06111787   1.54870201   0.99701254   0.22542148   1.54857292  -2.09180302
  1.01504525   0.08389158  -1.06096707  -0.06132429   1.54885491   0.99662470   0.22527025   1.54866787  -2.09345185
  1.01658288   0.08447597  -1.06013657  -0.06160588   1.54903557   0.99626450   0.22524019   1.54878766  -2.09504059
  1.01825406   0.08524268  -1.05931265  -0.06183545   1.54935496   0.99588635   0.22482617   1.54894181  -2.09700971
  1.01996584   0.08594649  -1.05840035  -0.06216093   1.54963820   0.99544370   0.22467609   1.54900580  -2.09889695
  1.02165805   0.08677266  -1.05759516  -0.06243639   1.54986501   0.99493503   0.22441458   1.54903243  -2.10080340
  1.02309921   0.08732926  -1.05679584  -0.06270238   1.55012176   0.99462977   0.22436940   1.54922540  -2.10222829
  1.02508282   0.08814388  -1.05572059  -0.06301692   1.55076310   0.99405907   0.22380377   1.54890588  -2.10470268
  1.02642096   0.08860727  -1.05491399  -0.06344262   1.55092643   0.99364270   0.22401893   1.54888911  -2.10614288
  1.02796728   0.08941224  -1.05421091  -0.06359813   1.55126299   0.99328257   0.22349633   1.54906096  -2.10795924
  1.02922276   0.08990721  -1.05353630  -0.06382756   1.55141317   0.99291449   0.22356896   1.54904093  -2.10910540
  1.03047640   0.09056662  -1.05291779  -0.06402086   1.55187891   0.99269221   0.22292367   1.54929014  -2.11089211
  1.03192206   0.09128996  -1.05222084  -0.06431644   1.55191649   0.99223163   0.22310158   1.54950449  -2.11210143
  1.03339684   0.09186599  -1.05135623  -0.06470301   1.55231329   0.99178192   0.22302084   1.54940466  -2.11379882
  1.03432002   0.09247430  -1.05099401  -0.06479112   1.55243243   0.99155748   0.22285524   1.54976681  -2.11457625
  1.03609363   0.09322913  -1.04999452  -0.06524477   1.55293212   0.99094864   0.22264518   1.54951952  -2.11673402
  1.03635420   0.09324393  -1.04984658  -0.06508647   1.55306014   0.99103617   0.22255441   1.54959960  -2.11665091
  1.03809556   0.09410137  -1.04892263  -0.06560190   1.55345549   0.99042930   0.22230410   1.54955599  -2.11896508
  1.03839146   0.09418355  -1.04880286  -0.06543948   1.55351190   0.99043907   0.22224140   1.54956737  -2.11888924
  1.03980192   0.09510704  -1.04816083  -0.06587991   1.55367439   0.98998507   0.22216045   1.55008668  -2.12050528
  1.04132374   0.09592169  -1.04738501  -0.06621230   1.55419712   0.98948966   0.22172331   1.55006152  -2.12241759
  1.04157647   0.09586129  -1.04716337  -0.06618806   1.55429397   0.98953435   0.22186101   1.55009505  -2.12234194
  1.04318645   0.09665856  -1.04624223  -0.06687516   1.55466195   0.98884198   0.22184324   1.54995227  -2.12461627
  1.04361165   0.09679270  -1.04611537  -0.06651499   1.55475566   0.98889596   0.22164737   1.54997147  -2.12437489
  1.04361165   0.09679270  -1.04611537  -0.06651499   1.55475566   0.98889596   0.22164737   1.54997147  -2.12437489
  1.04585701   0.09816515  -1.04497423  -0.06728413   1.55531610   0.98811645   0.22141385   1.55045455  -2.12713259
  1.04585701   0.09816515  -1.04497423  -0.06728413   1.55531610   0.98811645   0.22141385   1.55045455  -2.12713259
  1.04737090   0.09882173  -1.04411587  -0.06765095   1.55576575   0.98761696   0.22130525   1.55032694  -2.12877675
  1.04737090   0.09882173  -1.04411587  -0.06765095   1.55576575   0.98761696   0.22130525   1.55032694  -2.12877675
  1.04832607   0.09956518  -1.04374450  -0.06780909   1.55599338   0.98732269   0.22112896   1.55075343  -2.12956444
  1.04945157   0.10007771  -1.04314362  -0.06803907   1.55626649   0.98687233   0.22111332   1.55051036  -2.13064857
  1.04943431   0.09997427  -1.04304021  -0.06811405   1.55644906   0.98701016   0.22104955   1.55068517  -2.13078451
  1.05076976   0.10073127  -1.04239205  -0.06838960   1.55686437   0.98655220   0.22068563   1.55067153  -2.13240648
  1.05076976   0.10073127  -1.04239205  -0.06838960   1.55686437   0.98655220   0.22068563   1.55067153  -2.13240648
  1.05076976   0.10073127  -1.04239205  -0.06838960   1.55686437   0.98655220   0.22068563   1.55067153  -2.13240648
  1.05180289   0.10117716  -1.04182842  -0.06865936   1.55697406   0.98611875   0.22089438   1.55050072  -2.13330426
  1.05263182   0.10187300  -1.04147959  -0.06888530   1.55730346   0.98588601   0.22060949   1.55098916  -2.13423035
  1.05263182   0.10187300  -1.04147959  -0.06888530   1.55730346   0.98588601   0.22060949   1.55098916  -2.13423035
  1.05263182   0.10187300  -1.04147959  -0.06888530   1.55730346   0.98588601   0.22060949   1.55098916  -2.13423035
  1.05421877   0.10274170  -1.04064619  -0.06927325   1.55791540   0.98536019   0.22019458   1.55099993  -2.13617917
  1.05421877   0.10274170  -1.04064619  -0.06927325   1.55791540   0.98536019   0.22019458   1.55099993  -2.13617917
  1.05421877   0.10274170  -1.04064619  -0.06927325   1.55791540   0.98536019   0.22019458   1.55099993  -2.13617917
  1.05450887   0.10273899  -1.04045270  -0.06919389   1.55798366   0.98537251   0.22029460   1.55099867  -2.13606988
  1.05450887   0.10273899  -1.04045270  -0.06919389   1.55798366   0.98537251   0.22029460   1.55099867  -2.13606988
  1.05450887   0.10273899  -1.04045270  -0.06919389   1.55798366   0.98537251   0.22029460   1.55099867  -2.13606988
  1.05450887   0.10273899  -1.04045270  -0.06919389   1.55798366   0.98537251   0.22029460   1.55099867  -2.13606988
  1.05605392   0.10382555  -1.03969654  -0.06977647   1.55841822   0.98471235   0.22020607   1.55130312  -2.13784163
  1.05605392   0.10382555  -1.03969654  -0.06977647   1.55841822   0.98471235   0.22020607   1.55130312  -2.13784163
  1.05605392   0.10382555  -1.03969654  -0.06977647   1.55841822   0.98471235   0.22020607   1.55130312  -2.13784163
  1.05605392   0.10382555  -1.03969654  -0.06977647   1.55841822   0.98471235   0.22020607   1.55130312  -2.13784163
  1.05605392   0.10382555  -1.03969654  -0.06977647   1.55841822   0.98471235   0.22020607   1.55130312  -2.13784163
  1.05605392   0.10382555  -1.03969654  -0.06977647   1.55841822   0.98471235   0.22020607   1.55130312  -2.13784163
  1.05605392   0.10382555  -1.03969654  -0.06977647   1.55841822   0.98471235   0.22020607   1.55130312  -2.13784163
  1.05605392   0.10382555  -1.03969654  -0.06977647   1.55841822   0.98471235   0.22020607   1.55130312  -2.13784163
  1.05776259   0.10463150  -1.03872982  -0.07026996   1.55896759   0.98405488   0.22008040   1.55106916  -2.13981672
  1.05776259   0.10463150  -1.03872982  -0.07026996   1.55896759   0.98405488   0.22008040   1.55106916  -2.13981672
  1.05776259   0.10463150  -1.03872982  -0.07026996   1.55896759   0.98405488   0.22008040   1.55106916  -2.13981672
  1.05776259   0.10463150  -1.03872982  -0.07026996   1.55896759   0.98405488   0.22008040   1.55106916  -2.13981672
  1.05776259   0.10463150  -1.03872982  -0.07026996   1.55896759   0.98405488   0.22008040   1.55106916  -2.13981672
  1.05776259   0.10463150  -1.03872982  -0.07026996   1.55896759   0.98405488   0.22008040   1.55106916  -2.13981672
  1.05776259   0.10463150  -1.03872982  -0.07026996   1.55896759   0.98405488   0.22008040   1.55106916  -2.13981672
  1.05776259   0.10463150  -1.03872982  -0.07026996   1.55896759   0.98405488   0.22008040   1.55106916  -2.13981672
  1.05776259   0.10463150  -1.03872982  -0.07026996   1.55896759   0.98405488   0.22008040   1.55106916  -2.13981672
  1.05776259   0.10463150  -1.03872982  -0.07026996   1.55896759   0.98405488   0.22008040   1.55106916  -2.13981672
  1.05776259   0.10463150  -1.03872982  -0.07026996   1.55896759   0.98405488   0.22008040   1.55106916  -2.13981672
  1.05776259   0.10463150  -1.03872982  -0.07026996   1.55896759   0.98405488   0.22008040   1.55106916  -2.13981672
  1.05776259   0.10463150  -1.03872982  -0.07026996   1.55896759   0.98405488   0.22008040   1.55106916  -2.13981672
