  0.41770000   0.46580000  -1.27410000  -0.43300000   2.09290000   0.69140000   0.43860000   1.64320000  -1.13520000
  0.41770000   0.46580000  -1.27410000  -0.43300000   2.09290000   0.69140000   0.43860000   1.64320000  -1.13520000
  0.41770000   0.46580000  -1.27410000  -0.43300000   2.09290000   0.69140000   0.43860000   1.64320000  -1.13520000
  0.41770000   0.46580000  -1.27410000  -0.43300000   2.09290000   0.69140000   0.43860000   1.64320000  -1.13520000
  0.41770000   0.46580000  -1.27410000  -0.43300000   2.09290000   0.69140000   0.43860000   1.64320000  -1.13520000
  0.41770000   0.46580000  -1.27410000  -0.43300000   2.09290000   0.69140000   0.43860000   1.64320000  -1.13520000
  0.41770000   0.46580000  -1.27410000  -0.43300000   2.09290000   0.69140000   0.43860000   1.64320000  -1.13520000
  0.41770000   0.46580000  -1.27410000  -0.43300000   2.09290000   0.69140000   0.43860000   1.64320000  -1.13520000
  0.41770000   0.46580000  -1.27410000  -0.43300000   2.09290000   0.69140000   0.43860000   1.64320000  -1.13520000
  0.41770000   0.46580000  -1.27410000  -0.43300000   2.09290000   0.69140000   0.43860000   1.64320000  -1.13520000
  0.41770000   0.46580000  -1.27410000  -0.43300000   2.09290000   0.69140000   0.43860000   1.64320000  -1.13520000
  0.41770000   0.46580000  -1.27410000  -0.43300000   2.09290000   0.69140000   0.43860000   1.64320000  -1.13520000
  0.41770000   0.46580000  -1.27410000  -0.43300000   2.09290000   0.69140000   0.43860000   1.64320000  -1.13520000
  0.41770000   0.46580000  -1.27410000  -0.43300000   2.09290000   0.69140000   0.43860000   1.64320000  -1.13520000
  0.41770000   0.46580000  -1.27410000  -0.43300000   2.09290000   0.69140000   0.43860000   1.64320000  -1.13520000
  0.41903863   0.46585556  -1.27351627  -0.43283587   2.09264369   0.69133684   0.43847325   1.64345520  -1.13713203
  0.41903863   0.46585556  -1.27351627  -0.43283587   2.09264369   0.69133684   0.43847325   1.64345520  -1.13713203
  0.41921022   0.46593920  -1.27356305  -0.43262137   2.09263474   0.69139622   0.43833499   1.64343372  -1.13697417
  0.41921022   0.46593920  -1.27356305  -0.43262137   2.09263474   0.69139622   0.43833499   1.64343372  -1.13697417
  0.41921022   0.46593920  -1.27356305  -0.43262137   2.09263474   0.69139622   0.43833499   1.64343372  -1.13697417
  0.41921022   0.46593920  -1.27356305  -0.43262137   2.09263474   0.69139622   0.43833499   1.64343372  -1.13697417
  0.41921022   0.46593920  -1.27356305  -0.43262137   2.09263474   0.69139622   0.43833499   1.64343372  -1.13697417
  0.42189275   0.45871118  -1.27562804  -0.42879410   2.08579631   0.69585829   0.43584441   1.64324398  -1.14140905
  0.42189275   0.45871118  -1.27562804  -0.42879410   2.08579631   0.69585829   0.43584441   1.64324398  -1.14140905
  0.42292708   0.45871345  -1.27532816  -0.42866944   2.08589783   0.69579309   0.43550558   1.64308710  -1.14282221
  0.42292708   0.45871345  -1.27532816  -0.42866944   2.08589783   0.69579309   0.43550558   1.64308710  -1.14282221
  0.42400188   0.45827224  -1.27498581  -0.42835576   2.08530373   0.69600009   0.43534981   1.64323032  -1.14444120
  0.42427280   0.45833208  -1.27499569  -0.42808672   2.08533579   0.69611662   0.43517986   1.64323437  -1.14428276
  0.42427280   0.45833208  -1.27499569  -0.42808672   2.08533579   0.69611662   0.43517986   1.64323437  -1.14428276
  0.42707208   0.45004035  -1.27741573  -0.42388971   2.07790663   0.70111375   0.43224899   1.64260071  -1.14932467
  0.42707208   0.45004035  -1.27741573  -0.42388971   2.07790663   0.70111375   0.43224899   1.64260071  -1.14932467
  0.42800300   0.44928350  -1.27739672  -0.42325938   2.07716878   0.70158756   0.43186404   1.64249696  -1.15037272
  0.42922919   0.44799596  -1.27750081  -0.42247358   2.07589865   0.70240912   0.43119309   1.64253281  -1.15232976
  0.42922919   0.44799596  -1.27750081  -0.42247358   2.07589865   0.70240912   0.43119309   1.64253281  -1.15232976
  0.43234873   0.44098671  -1.27918737  -0.41872980   2.06975188   0.70662333   0.42852179   1.64179185  -1.15754900
  0.43263332   0.44105434  -1.27913193  -0.41850974   2.06977998   0.70666712   0.42842832   1.64175659  -1.15747904
  0.43403525   0.44101423  -1.27865439  -0.41828530   2.06931127   0.70660688   0.42815808   1.64187228  -1.15973361
  0.43602442   0.43364578  -1.28086609  -0.41446658   2.06303333   0.71122117   0.42554167   1.64116076  -1.16340788
  0.43730743   0.43359576  -1.28029428  -0.41431089   2.06288452   0.71110919   0.42541561   1.64110348  -1.16522232
  0.43766552   0.43367391  -1.28025445  -0.41401300   2.06296051   0.71124801   0.42522874   1.64114273  -1.16509147
  0.44028270   0.42686466  -1.28195589  -0.41026207   2.05641734   0.71553379   0.42276311   1.64083508  -1.17007313
  0.44127634   0.42646317  -1.28180009  -0.40991303   2.05614012   0.71576663   0.42231823   1.64067822  -1.17147096
  0.44235501   0.42527751  -1.28188668  -0.40897914   2.05473970   0.71661718   0.42177314   1.64079352  -1.17297229
  0.44506594   0.41869797  -1.28337261  -0.40544457   2.04913693   0.72061848   0.41922901   1.63987636  -1.17792790
  0.44633664   0.41852857  -1.28287247  -0.40509087   2.04865644   0.72060749   0.41911362   1.63983292  -1.17961475
  0.44814802   0.41289936  -1.28446726  -0.40165708   2.04318217   0.72449063   0.41695563   1.63973986  -1.18286848
  0.44982318   0.41282268  -1.28381141  -0.40140873   2.04313971   0.72434121   0.41662764   1.63941084  -1.18514973
  0.45176838   0.40594193  -1.28569365  -0.39751601   2.03708436   0.72883865   0.41407036   1.63872319  -1.18893847
  0.45371529   0.40601390  -1.28487747  -0.39728745   2.03695328   0.72865325   0.41373025   1.63861520  -1.19172794
  0.45568981   0.39898601  -1.28671699  -0.39319861   2.03056372   0.73332556   0.41119805   1.63806298  -1.19561502
  0.45764386   0.39906718  -1.28592404  -0.39295107   2.03048652   0.73316410   0.41079412   1.63792730  -1.19837456
  0.45998141   0.39132499  -1.28787983  -0.38841295   2.02354597   0.73822915   0.40787882   1.63700040  -1.20306070
  0.46140765   0.39095988  -1.28748887  -0.38786902   2.02300016   0.73852813   0.40742211   1.63703036  -1.20497848
  0.46428864   0.38520341  -1.28835697  -0.38436001   2.01768247   0.74225063   0.40507974   1.63635499  -1.21035743
  0.46558900   0.38431359  -1.28816342  -0.38346802   2.01656587   0.74294414   0.40457469   1.63643044  -1.21206662
  0.46832557   0.37729594  -1.28940018  -0.37916433   2.00997168   0.74745552   0.40209043   1.63553657  -1.21735755
  0.47017012   0.37657791  -1.28897924  -0.37839389   2.00918681   0.74800783   0.40132208   1.63547247  -1.22006100
  0.47304838   0.36981496  -1.29020798  -0.37406362   2.00277278   0.75256270   0.39853355   1.63468408  -1.22570869
  0.47577493   0.36476280  -1.29071836  -0.37094302   1.99847276   0.75571165   0.39638209   1.63351701  -1.23079898
  0.47729719   0.36403722  -1.29036176  -0.37002192   1.99729875   0.75639278   0.39587114   1.63378651  -1.23283850
  0.48032041   0.35628812  -1.29155930  -0.36505492   1.98988556   0.76153049   0.39305280   1.63277658  -1.23898414
  0.48299972   0.35250298  -1.29179036  -0.36242721   1.98653804   0.76405403   0.39100544   1.63187239  -1.24382062
  0.48569751   0.34770611  -1.29213502  -0.35917134   1.98193758   0.76730612   0.38897066   1.63119763  -1.24894452
  0.48827713   0.34305707  -1.29250267  -0.35592179   1.97746027   0.77046614   0.38696332   1.63042554  -1.25378729
  0.49088054   0.33878217  -1.29271262  -0.35286785   1.97328000   0.77343382   0.38504490   1.62979769  -1.25864038
  0.49358740   0.33382169  -1.29301053  -0.34937429   1.96845630   0.77681651   0.38298389   1.62897341  -1.26382191
  0.49568704   0.33262949  -1.29245505  -0.34807919   1.96678865   0.77778097   0.38224379   1.62906339  -1.26692348
  0.49887103   0.32429156  -1.29355009  -0.34240736   1.95884623   0.78358474   0.37889718   1.62774866  -1.27398671
  0.50119286   0.32336660  -1.29279201  -0.34133922   1.95768423   0.78424548   0.37811797   1.62752541  -1.27741762
  0.50469908   0.31553245  -1.29338864  -0.33596840   1.95024671   0.78961730   0.37495849   1.62608129  -1.28503111
  0.50742129   0.31085925  -1.29355523  -0.33245390   1.94570161   0.79295514   0.37272220   1.62514226  -1.29040396
  0.51030971   0.30630642  -1.29346520  -0.32888947   1.94080588   0.79623425   0.37081504   1.62452883  -1.29590341
  0.51325450   0.30139512  -1.29342831  -0.32526808   1.93616825   0.79967780   0.36853217   1.62340097  -1.30181785
  0.51624875   0.29620848  -1.29336444  -0.32129122   1.93082396   0.80335261   0.36638375   1.62243776  -1.30779883
  0.51921790   0.29160476  -1.29318159  -0.31768811   1.92615461   0.80669843   0.36423439   1.62154682  -1.31368295
  0.52224614   0.28700530  -1.29292297  -0.31400912   1.92132487   0.81004794   0.36215515   1.62068713  -1.31964614
  0.52530289   0.28213349  -1.29267166  -0.31013819   1.91627461   0.81359198   0.35998275   1.61971988  -1.32578882
  0.52838753   0.27730912  -1.29235795  -0.30626130   1.91123911   0.81712256   0.35781716   1.61874746  -1.33199936
  0.53151163   0.27243228  -1.29199476  -0.30230923   1.90611336   0.82070192   0.35564212   1.61774373  -1.33832258
  0.53465647   0.26763329  -1.29157279  -0.29836915   1.90103282   0.82425284   0.35347123   1.61674338  -1.34469384
  0.53785364   0.26270102  -1.29110203  -0.29430131   1.89577736   0.82789852   0.35128770   1.61568756  -1.35121979
  0.54104825   0.25796565  -1.29057237  -0.29032676   1.89069628   0.83144777   0.34911403   1.61466877  -1.35772405
  0.54432787   0.25293859  -1.28998846  -0.28611585   1.88525883   0.83518011   0.34693049   1.61354972  -1.36447487
  0.54755075   0.24818849  -1.28938034  -0.28206180   1.88013144   0.83878823   0.34471805   1.61248898  -1.37111480
  0.55093158   0.24326269  -1.28863499  -0.27783541   1.87466480   0.84246816   0.34260044   1.61136162  -1.37803869
  0.55416944   0.23826293  -1.28798428  -0.27345770   1.86897131   0.84634983   0.34044415   1.61044520  -1.38479051
  0.55756898   0.23377742  -1.28705090  -0.26953011   1.86396847   0.84969701   0.33847908   1.60928618  -1.39160244
  0.56076508   0.22817168  -1.28641802  -0.26481022   1.85810299   0.85393048   0.33604543   1.60779161  -1.39867162
  0.56407666   0.22749239  -1.28493940  -0.26340549   1.85640338   0.85468082   0.33514900   1.60780219  -1.40365302
  0.56791262   0.21841544  -1.28443630  -0.25611475   1.84711849   0.86142328   0.33155670   1.60529363  -1.41356550
  0.57105671   0.21778332  -1.28299906  -0.25471906   1.84538626   0.86215904   0.33080833   1.60539463  -1.41813817
  0.57520440   0.21038930  -1.28197587  -0.24838546   1.83709562   0.86780628   0.32781770   1.60358943  -1.42785137
  0.57860122   0.20561669  -1.28097338  -0.24392850   1.83145378   0.87157461   0.32570522   1.60239444  -1.43493734
  0.58226811   0.20111090  -1.27968838  -0.23978092   1.82637363   0.87505747   0.32354486   1.60096061  -1.44249035
  0.58599502   0.19687995  -1.27833392  -0.23565945   1.82105950   0.87842314   0.32164119   1.59989650  -1.44990889
  0.58966227   0.19243864  -1.27701011  -0.23139664   1.81567389   0.88197095   0.31960129   1.59870523  -1.45739839
  0.59343981   0.18803597  -1.27556879  -0.22713429   1.81021090   0.88547096   0.31765493   1.59751205  -1.46502805
  0.59717654   0.18367786  -1.27413250  -0.22288074   1.80481899   0.88898266   0.31566031   1.59631675  -1.47262192
  0.60102801   0.17940088  -1.27257984  -0.21865576   1.79938930   0.89241713   0.31376249   1.59512763  -1.48033573
  0.60484657   0.17514066  -1.27102947  -0.21442078   1.79399469   0.89587840   0.31182104   1.59393028  -1.48803061
  0.60876793   0.17097830  -1.26937403  -0.21023186   1.78859530   0.89925513   0.30996690   1.59274402  -1.49582130
  0.61267217   0.16682789  -1.26771078  -0.20603039   1.78320987   0.90265456   0.30808465   1.59154931  -1.50360887
  0.61666205   0.16277856  -1.26595864  -0.20188197   1.77784219   0.90597341   0.30627419   1.59036738  -1.51146769
  0.62065315   0.15874809  -1.26418640  -0.19772770   1.77247864   0.90930195   0.30445405   1.58917968  -1.51933710
  0.62471255   0.15481377  -1.26234167  -0.19362682   1.76714582   0.91255932   0.30268974   1.58800450  -1.52725650
  0.62878955   0.15091257  -1.26046626  -0.18953292   1.76181816   0.91580917   0.30093246   1.58682808  -1.53519471
  0.63292090   0.14709832  -1.25853204  -0.18548893   1.75652551   0.91899874   0.29921817   1.58566298  -1.54316739
  0.63708136   0.14333318  -1.25656049  -0.18146669   1.75124646   0.92216418   0.29752294   1.58450152  -1.55116087
  0.64128720   0.13964647  -1.25453985  -0.17749087   1.74600219   0.92527781   0.29586267   1.58335044  -1.55917866
  0.64552824   0.13602123  -1.25247954  -0.17354924   1.74078156   0.92835521   0.29422810   1.58220689  -1.56721483
  0.64980995   0.13246986  -1.25037638  -0.16965330   1.73559575   0.93138479   0.29262469   1.58107378  -1.57526832
  0.65412893   0.12898718  -1.24823435  -0.16580014   1.73044169   0.93437106   0.29104969   1.57995079  -1.58333569
  0.65848630   0.12557754  -1.24605368  -0.16199475   1.72532460   0.93730984   0.28950447   1.57883918  -1.59141458
  0.66288086   0.12224036  -1.24383649  -0.15823798   1.72024525   0.94020140   0.28798834   1.57773946  -1.59950214
  0.66731235   0.11897728  -1.24158408  -0.15453252   1.71520659   0.94304402   0.28650147   1.57665240  -1.60759571
  0.67178000   0.11578891  -1.23929812  -0.15088017   1.71021058   0.94583687   0.28504359   1.57557868  -1.61569251
  0.67628313   0.11267622  -1.23698015  -0.14728301   1.70525963   0.94857882   0.28361454   1.57451897  -1.62378979
  0.68039762   0.11228492  -1.23476730  -0.14599252   1.70344755   0.94917327   0.28291759   1.57435893  -1.62959215
  0.68558408   0.10700620  -1.23216931  -0.14047149   1.69560035   0.95371290   0.28093977   1.57277440  -1.64010320
  0.68987806   0.10395118  -1.22991166  -0.13699295   1.69062331   0.95637122   0.27985500   1.57179948  -1.64757159
  0.69453061   0.10114057  -1.22750306  -0.13358354   1.68584316   0.95893921   0.27845534   1.57080018  -1.65570527
  0.69936760   0.09816095  -1.22491881  -0.13012533   1.68106449   0.96153640   0.27697893   1.56944617  -1.66427801
  0.70366233   0.09803538  -1.22260583  -0.12903187   1.67955428   0.96193235   0.27620445   1.56919589  -1.67022205
  0.70888571   0.09373345  -1.21996664  -0.12423642   1.67251919   0.96583610   0.27446109   1.56799849  -1.68016010
  0.71324427   0.09109113  -1.21769668  -0.12102891   1.66772403   0.96826944   0.27351084   1.56726193  -1.68739427
  0.71798236   0.09096986  -1.21504892  -0.12003777   1.66642675   0.96852494   0.27260811   1.56655505  -1.69410857
  0.72317361   0.08666136  -1.21242771  -0.11523761   1.65931554   0.97248866   0.27087785   1.56537804  -1.70395522
  0.72767506   0.08419702  -1.21004524  -0.11222545   1.65469499   0.97475372   0.27001007   1.56459800  -1.71125510
  0.73247459   0.08418531  -1.20736027  -0.11133847   1.65348650   0.97492109   0.26913578   1.56389124  -1.71796233
  0.73769768   0.08025870  -1.20471872  -0.10685972   1.64669553   0.97861700   0.26753045   1.56285502  -1.72756268
  0.74231006   0.07800960  -1.20226740  -0.10404840   1.64226208   0.98072014   0.26671327   1.56210690  -1.73487741
  0.74714061   0.07811198  -1.19956531  -0.10327282   1.64116671   0.98079235   0.26586686   1.56139694  -1.74152436
  0.75237649   0.07458743  -1.19692117  -0.09914221   1.63474319   0.98419831   0.26438349   1.56051272  -1.75083659
  0.75709140   0.07254706  -1.19441006  -0.09653143   1.63050216   0.98614267   0.26360665   1.55979582  -1.75816173
  0.76193487   0.07276469  -1.19170403  -0.09586990   1.62952766   0.98611698   0.26278949   1.55908563  -1.76471988
  0.76726439   0.06988929  -1.18905852  -0.09226415   1.62341167   0.98905193   0.26172167   1.55869589  -1.77353453
  0.77179790   0.06986978  -1.18649770  -0.09149315   1.62240221   0.98917989   0.26089148   1.55784248  -1.77970890
  0.77709096   0.06679048  -1.18381211  -0.08780999   1.61646224   0.99222229   0.25953873   1.55702064  -1.78875177
  0.78144078   0.06725228  -1.18139328  -0.08741926   1.61587825   0.99199695   0.25893099   1.55649980  -1.79423428
  0.78707639   0.06477649  -1.17858151  -0.08422052   1.60997149   0.99458406   0.25812506   1.55625964  -1.80311842
  0.79192246   0.06351176  -1.17592619  -0.08235213   1.60715116   0.99581497   0.25704901   1.55514560  -1.81043514
  0.79653046   0.06362807  -1.17343295  -0.08161662   1.60581009   0.99599413   0.25636185   1.55478855  -1.81653209
  0.80184709   0.06096284  -1.17075007  -0.07834490   1.60028725   0.99870624   0.25513696   1.55408469  -1.82527032
  0.80615727   0.06152889  -1.16835791  -0.07808268   1.59985598   0.99839477   0.25453558   1.55357063  -1.83061882
  0.81174452   0.05985465  -1.16558812  -0.07561086   1.59494891   1.00033324   0.25382905   1.55349751  -1.83893518
  0.81612222   0.05995062  -1.16315289  -0.07498206   1.59403089   1.00043953   0.25300620   1.55282511  -1.84477309
  0.82107240   0.05996516  -1.16057825  -0.07407053   1.59209103   1.00079981   0.25233424   1.55263676  -1.85135752
  0.82639045   0.05713654  -1.15790086  -0.07076844   1.58641970   1.00360593   0.25110519   1.55177545  -1.86010875
  0.83062257   0.05776442  -1.15554308  -0.07062263   1.58614037   1.00321925   0.25052396   1.55122950  -1.86529135
  0.83605871   0.05671372  -1.15286311  -0.06874422   1.58209774   1.00462992   0.24989980   1.55126493  -1.87299957
  0.84043784   0.05679759  -1.15048103  -0.06810772   1.58096941   1.00478281   0.24915992   1.55071984  -1.87875591
  0.84515374   0.05703205  -1.14801589  -0.06746458   1.57952411   1.00494905   0.24845420   1.55052935  -1.88491471
  0.84996635   0.05709617  -1.14552987  -0.06667254   1.57770569   1.00526301   0.24780223   1.55035413  -1.89124157
  0.85517282   0.05467627  -1.14292247  -0.06382870   1.57257922   1.00769257   0.24670485   1.54957101  -1.89950276
  0.85925005   0.05540970  -1.14066227  -0.06381094   1.57248028   1.00722351   0.24612726   1.54906549  -1.90441186
  0.86359432   0.05607255  -1.13839739  -0.06358809   1.57167141   1.00707192   0.24554705   1.54917406  -1.90977630
  0.86922397   0.05463218  -1.13564618  -0.06147914   1.56715892   1.00878837   0.24473954   1.54895728  -1.91802341
  0.87307007   0.05529552  -1.13356119  -0.06136526   1.56697132   1.00838045   0.24415115   1.54842020  -1.92259139
  0.87732108   0.05594186  -1.13130641  -0.06123781   1.56627782   1.00817845   0.24364027   1.54845157  -1.92781622
  0.88220885   0.05633631  -1.12886938  -0.06067258   1.56459133   1.00832023   0.24301015   1.54856617  -1.93406449
  0.88689567   0.05662808  -1.12643313  -0.06018995   1.56322095   1.00836002   0.24239014   1.54825769  -1.94010902
  0.89160673   0.05596274  -1.12411907  -0.05884811   1.56029037   1.00933188   0.24170134   1.54808094  -1.94657309
  0.89558939   0.05626875  -1.12201959  -0.05845773   1.55941472   1.00934160   0.24104856   1.54777366  -1.95159960
  0.89988290   0.05682326  -1.11976410  -0.05824991   1.55863737   1.00918123   0.24042181   1.54759900  -1.95698990
  0.90379774   0.05742675  -1.11771713  -0.05811301   1.55800871   1.00897709   0.23993499   1.54755077  -1.96169828
  0.90838532   0.05795015  -1.11541964  -0.05775777   1.55670984   1.00896038   0.23931571   1.54761309  -1.96750114
  0.91285270   0.05841291  -1.11310139  -0.05749028   1.55564129   1.00883344   0.23876248   1.54735126  -1.97314437
  0.91678510   0.05862292  -1.11119119  -0.05690558   1.55414758   1.00908963   0.23818884   1.54747469  -1.97805996
  0.92084693   0.05914582  -1.10903604  -0.05675633   1.55353310   1.00889939   0.23755865   1.54719750  -1.98316927
  0.92454314   0.05978446  -1.10710310  -0.05669763   1.55306576   1.00864528   0.23707473   1.54713400  -1.98758712
  0.92885662   0.06043112  -1.10493956  -0.05651379   1.55207335   1.00848309   0.23651108   1.54718047  -1.99294406
  0.93304557   0.06103707  -1.10277502  -0.05640520   1.55128210   1.00823184   0.23599869   1.54698641  -1.99813510
  0.93647450   0.06154678  -1.10110051  -0.05616309   1.55038877   1.00814841   0.23564856   1.54712590  -2.00207643
  0.94021542   0.06233656  -1.09910467  -0.05624798   1.55031673   1.00779238   0.23488957   1.54698645  -2.00680109
  0.94392671   0.06316166  -1.09722376  -0.05626280   1.54993979   1.00742871   0.23435125   1.54698657  -2.01120641
  0.94791981   0.06387064  -1.09520094  -0.05624858   1.54917430   1.00715325   0.23394273   1.54705237  -2.01604911
  0.95123533   0.06452363  -1.09346756  -0.05628678   1.54885595   1.00686127   0.23354480   1.54704018  -2.01993944
  0.95493295   0.06541383  -1.09158319  -0.05638262   1.54860422   1.00643882   0.23296494   1.54702587  -2.02439521
  0.95825432   0.06617274  -1.08990907  -0.05643230   1.54822224   1.00607711   0.23261073   1.54705744  -2.02820507
  0.96213643   0.06702254  -1.08793944  -0.05652786   1.54775570   1.00570939   0.23206811   1.54712672  -2.03298494
  0.96518678   0.06769733  -1.08634305  -0.05662816   1.54755576   1.00538367   0.23172824   1.54714817  -2.03649914
  0.96841780   0.06852975  -1.08475068  -0.05667424   1.54726514   1.00506354   0.23121602   1.54733622  -2.04028499
  0.97168247   0.06939233  -1.08307980  -0.05686526   1.54710017   1.00457741   0.23084010   1.54729726  -2.04410697
  0.97540352   0.07035777  -1.08115332  -0.05711649   1.54695555   1.00404275   0.23035186   1.54725805  -2.04860330
  0.97840966   0.07114094  -1.07965165  -0.05720747   1.54673879   1.00370203   0.22992467   1.54738459  -2.05209295
  0.98123297   0.07194466  -1.07816299  -0.05742884   1.54684550   1.00326078   0.22953293   1.54738479  -2.05534735
  0.98416335   0.07280842  -1.07665800  -0.05766664   1.54679496   1.00281991   0.22924306   1.54755526  -2.05864461
  0.98752604   0.07388675  -1.07495784  -0.05798036   1.54682309   1.00219343   0.22875953   1.54753850  -2.06265744
  0.99000430   0.07468710  -1.07376568  -0.05808992   1.54668216   1.00179639   0.22853645   1.54770013  -2.06523571
  0.99294981   0.07567478  -1.07216920  -0.05847578   1.54716678   1.00122112   0.22790365   1.54762696  -2.06889832
  0.99559846   0.07660228  -1.07086103  -0.05871867   1.54715639   1.00070095   0.22768849   1.54775952  -2.07172354
  0.99820926   0.07746571  -1.06947329  -0.05906729   1.54734878   1.00021412   0.22741075   1.54788914  -2.07471070
  1.00093827   0.07844009  -1.06806622  -0.05940404   1.54756358   0.99965642   0.22706147   1.54797758  -2.07781150
  1.00377530   0.07956340  -1.06661544  -0.05975913   1.54806675   0.99897173   0.22637578   1.54782029  -2.08128460
  1.00617069   0.08039256  -1.06532118  -0.06013342   1.54832347   0.99841881   0.22623762   1.54781224  -2.08388045
  1.00856189   0.08122947  -1.06402269  -0.06052504   1.54860353   0.99784016   0.22611691   1.54776820  -2.08646131
  1.01105138   0.08224409  -1.06276164  -0.06087970   1.54892250   0.99733673   0.22564390   1.54802088  -2.08941468
  1.01273587   0.08305134  -1.06209759  -0.06089937   1.54875779   0.99709230   0.22542208   1.54858239  -2.09095035
  1.01510349   0.08398262  -1.06087176  -0.06128297   1.54899287   0.99649529   0.22525936   1.54863114  -2.09351567
  1.01752397   0.08496917  -1.05959234  -0.06174452   1.54935997   0.99592152   0.22494593   1.54879603  -2.09637260
  1.01986286   0.08576781  -1.05821093  -0.06226699   1.54996408   0.99527613   0.22470765   1.54851691  -2.09916271
  1.02139075   0.08660933  -1.05762349  -0.06231809   1.54994890   0.99497165   0.22442744   1.54897178  -2.10057173
  1.02337809   0.08745208  -1.05657087  -0.06268205   1.55034661   0.99448531   0.22413363   1.54908788  -2.10284010
  1.02541915   0.08839043  -1.05553262  -0.06307482   1.55065344   0.99392177   0.22395686   1.54924493  -2.10504202
  1.02709518   0.08912571  -1.05465366  -0.06336995   1.55099987   0.99349019   0.22374053   1.54933518  -2.10685314
  1.02880903   0.08990806  -1.05376543  -0.06369870   1.55130900   0.99303861   0.22358346   1.54950119  -2.10866774
  1.03077983   0.09087163  -1.05275686  -0.06411670   1.55173392   0.99243562   0.22331705   1.54956838  -2.11089649
  1.03253918   0.09153854  -1.05173832  -0.06450312   1.55224646   0.99192621   0.22309703   1.54937909  -2.11294769
  1.03393798   0.09221651  -1.05105614  -0.06467372   1.55258465   0.99159196   0.22272650   1.54948779  -2.11450679
  1.03558538   0.09300099  -1.05022246  -0.06501323   1.55284292   0.99107352   0.22262044   1.54952226  -2.11626477
  1.03664560   0.09363241  -1.04975907  -0.06514300   1.55297397   0.99083162   0.22255217   1.54993573  -2.11707690
  1.03834253   0.09425333  -1.04872918  -0.06560994   1.55348775   0.99029450   0.22245893   1.54970775  -2.11907932
  1.03931601   0.09495478  -1.04835856  -0.06575268   1.55363126   0.99002678   0.22225163   1.55012120  -2.12000161
  1.04075995   0.09569479  -1.04758823  -0.06612418   1.55405061   0.98957408   0.22205488   1.55022317  -2.12165776
  1.04231825   0.09635585  -1.04671490  -0.06651283   1.55444019   0.98900902   0.22199018   1.54997615  -2.12339024
  1.04259682   0.09636924  -1.04654789  -0.06634993   1.55461268   0.98911912   0.22185171   1.55008162  -2.12334955
  1.04433952   0.09727454  -1.04563475  -0.06688716   1.55506516   0.98847552   0.22151189   1.54998978  -2.12578541
  1.04469990   0.09733631  -1.04545608  -0.06671208   1.55515484   0.98850433   0.22147718   1.55001284  -2.12568297
  1.04600430   0.09829056  -1.04489582  -0.06717334   1.55525163   0.98798581   0.22151732   1.55049181  -2.12709248
  1.04758538   0.09906078  -1.04402724  -0.06754832   1.55590721   0.98750255   0.22100395   1.55039655  -2.12920913
  1.04758538   0.09906078  -1.04402724  -0.06754832   1.55590721   0.98750255   0.22100395   1.55039655  -2.12920913
  1.04922800   0.09981894  -1.04312678  -0.06795197   1.55629456   0.98697497   0.22097567   1.55041810  -2.13089259
  1.04922800   0.09981894  -1.04312678  -0.06795197   1.55629456   0.98697497   0.22097567   1.55041810  -2.13089259
  1.05073651   0.10054959  -1.04232913  -0.06826606   1.55669938   0.98651952   0.22080485   1.55046421  -2.13247613
  1.05073651   0.10054959  -1.04232913  -0.06826606   1.55669938   0.98651952   0.22080485   1.55046421  -2.13247613
  1.05215669   0.10130739  -1.04158812  -0.06860701   1.55713208   0.98609805   0.22055951   1.55062471  -2.13409165
  1.05215669   0.10130739  -1.04158812  -0.06860701   1.55713208   0.98609805   0.22055951   1.55062471  -2.13409165
  1.05357133   0.10206310  -1.04081455  -0.06907574   1.55745236   0.98556949   0.22066260   1.55075283  -2.13552848
  1.05357133   0.10206310  -1.04081455  -0.06907574   1.55745236   0.98556949   0.22066260   1.55075283  -2.13552848
  1.05382517   0.10218559  -1.04076320  -0.06884760   1.55752818   0.98559770   0.22046596   1.55077999  -2.13543441
  1.05382517   0.10218559  -1.04076320  -0.06884760   1.55752818   0.98559770   0.22046596   1.55077999  -2.13543441
  1.05517502   0.10293409  -1.04002939  -0.06927653   1.55805053   0.98514576   0.22012956   1.55085753  -2.13726557
  1.05517502   0.10293409  -1.04002939  -0.06927653   1.55805053   0.98514576   0.22012956   1.55085753  -2.13726557
  1.05517502   0.10293409  -1.04002939  -0.06927653   1.55805053   0.98514576   0.22012956   1.55085753  -2.13726557
  1.05517502   0.10293409  -1.04002939  -0.06927653   1.55805053   0.98514576   0.22012956   1.55085753  -2.13726557
  1.05600443   0.10338354  -1.03963010  -0.06948954   1.55807507   0.98473056   0.22034523   1.55072578  -2.13789311
  1.05604892   0.10331579  -1.03953707  -0.06948067   1.55821517   0.98484460   0.22028743   1.55085264  -2.13791484
  1.05604892   0.10331579  -1.03953707  -0.06948067   1.55821517   0.98484460   0.22028743   1.55085264  -2.13791484
  1.05604892   0.10331579  -1.03953707  -0.06948067   1.55821517   0.98484460   0.22028743   1.55085264  -2.13791484
  1.05703090   0.10411276  -1.03909888  -0.06986206   1.55866170   0.98446375   0.21978142   1.55111086  -2.13955812
  1.05731515   0.10409723  -1.03892089  -0.06972287   1.55870831   0.98449505   0.21990749   1.55111422  -2.13929566
  1.05731515   0.10409723  -1.03892089  -0.06972287   1.55870831   0.98449505   0.21990749   1.55111422  -2.13929566
  1.05731515   0.10409723  -1.03892089  -0.06972287   1.55870831   0.98449505   0.21990749   1.55111422  -2.13929566
  1.05731515   0.10409723  -1.03892089  -0.06972287   1.55870831   0.98449505   0.21990749   1.55111422  -2.13929566
  1.05731515   0.10409723  -1.03892089  -0.06972287   1.55870831   0.98449505   0.21990749   1.55111422  -2.13929566
  1.05731515   0.10409723  -1.03892089  -0.06972287   1.55870831   0.98449505   0.21990749   1.55111422  -2.13929566
  1.05731515   0.10409723  -1.03892089  -0.06972287   1.55870831   0.98449505   0.21990749   1.55111422  -2.13929566
  1.05731515   0.10409723  -1.03892089  -0.06972287   1.55870831   0.98449505   0.21990749   1.55111422  -2.13929566
  1.05731515   0.10409723  -1.03892089  -0.06972287   1.55870831   0.98449505   0.21990749   1.55111422  -2.13929566
  1.05731515   0.10409723  -1.03892089  -0.06972287   1.55870831   0.98449505   0.21990749   1.55111422  -2.13929566
  1.05731515   0.10409723  -1.03892089  -0.06972287   1.55870831   0.98449505   0.21990749   1.55111422  -2.13929566
