  0.74358088   0.46159785  -1.17336563  -0.31175400   1.87211824   0.73031905   0.40424693   1.80723765  -1.54474900
  0.74358088   0.46159785  -1.17336563  -0.31175400   1.87211824   0.73031905   0.40424693   1.80723765  -1.54474900
  0.74358088   0.46159785  -1.17336563  -0.31175400   1.87211824   0.73031905   0.40424693   1.80723765  -1.54474900
  0.74358088   0.46159785  -1.17336563  -0.31175400   1.87211824   0.73031905   0.40424693   1.80723765  -1.54474900
  0.74358088   0.46159785  -1.17336563  -0.31175400   1.87211824   0.73031905   0.40424693   1.80723765  -1.54474900
  0.74358088   0.46159785  -1.17336563  -0.31175400   1.87211824   0.73031905   0.40424693   1.80723765  -1.54474900
  0.74358088   0.46159785  -1.17336563  -0.31175400   1.87211824   0.73031905   0.40424693   1.80723765  -1.54474900
  0.74358088   0.46159785  -1.17336563  -0.31175400   1.87211824   0.73031905   0.40424693   1.80723765  -1.54474900
  0.74358088   0.46159785  -1.17336563  -0.31175400   1.87211824   0.73031905   0.40424693   1.80723765  -1.54474900
  0.74358088   0.46159785  -1.17336563  -0.31175400   1.87211824   0.73031905   0.40424693   1.80723765  -1.54474900
  0.74358088   0.46159785  -1.17336563  -0.31175400   1.87211824   0.73031905   0.40424693   1.80723765  -1.54474900
  0.74358088   0.46159785  -1.17336563  -0.31175400   1.87211824   0.73031905   0.40424693   1.80723765  -1.54474900
  0.74358088   0.46159785  -1.17336563  -0.31175400   1.87211824   0.73031905   0.40424693   1.80723765  -1.54474900
  0.74358088   0.46159785  -1.17336563  -0.31175400   1.87211824   0.73031905   0.40424693   1.80723765  -1.54474900
  0.74358088   0.46159785  -1.17336563  -0.31175400   1.87211824   0.73031905   0.40424693   1.80723765  -1.54474900
  0.74358088   0.46159785  -1.17336563  -0.31175400   1.87211824   0.73031905   0.40424693   1.80723765  -1.54474900
  0.74358088   0.46159785  -1.17336563  -0.31175400   1.87211824   0.73031905   0.40424693   1.80723765  -1.54474900
  0.74358088   0.46159785  -1.17336563  -0.31175400   1.87211824   0.73031905   0.40424693   1.80723765  -1.54474900
  0.74358088   0.46159785  -1.17336563  -0.31175400   1.87211824   0.73031905   0.40424693   1.80723765  -1.54474900
  0.74358088   0.46159785  -1.17336563  -0.31175400   1.87211824   0.73031905   0.40424693   1.80723765  -1.54474900
  0.74437901   0.46136864  -1.17319009  -0.31177389   1.87289636   0.73010561   0.40371803   1.80620188  -1.54568051
  0.74420058   0.46113973  -1.17314092  -0.31199412   1.87303341   0.73023406   0.40380848   1.80633590  -1.54580786
  0.74431272   0.46128892  -1.17325231  -0.31182275   1.87294369   0.73013074   0.40365993   1.80615015  -1.54573580
  0.74431272   0.46128892  -1.17325231  -0.31182275   1.87294369   0.73013074   0.40365993   1.80615015  -1.54573580
  0.74434363   0.46114734  -1.17315486  -0.31186926   1.87307166   0.73022982   0.40369504   1.80620235  -1.54576159
  0.74502291   0.46035879  -1.17308752  -0.31193782   1.87376051   0.73018926   0.40311381   1.80494950  -1.54690522
  0.74502291   0.46035879  -1.17308752  -0.31193782   1.87376051   0.73018926   0.40311381   1.80494950  -1.54690522
  0.74502291   0.46035879  -1.17308752  -0.31193782   1.87376051   0.73018926   0.40311381   1.80494950  -1.54690522
  0.74502291   0.46035879  -1.17308752  -0.31193782   1.87376051   0.73018926   0.40311381   1.80494950  -1.54690522
  0.74502291   0.46035879  -1.17308752  -0.31193782   1.87376051   0.73018926   0.40311381   1.80494950  -1.54690522
  0.74502291   0.46035879  -1.17308752  -0.31193782   1.87376051   0.73018926   0.40311381   1.80494950  -1.54690522
  0.74678381   0.45375929  -1.17475557  -0.30988649   1.87133398   0.73254563   0.40024895   1.80139660  -1.55041710
  0.74678381   0.45375929  -1.17475557  -0.30988649   1.87133398   0.73254563   0.40024895   1.80139660  -1.55041710
  0.74678381   0.45375929  -1.17475557  -0.30988649   1.87133398   0.73254563   0.40024895   1.80139660  -1.55041710
  0.74773818   0.45351823  -1.17464658  -0.30980784   1.87187082   0.73257909   0.39947196   1.80084441  -1.55171339
  0.74770334   0.45323411  -1.17446940  -0.30995106   1.87195842   0.73266144   0.39967722   1.80085172  -1.55181438
  0.74831179   0.45130791  -1.17498948  -0.30949441   1.87189145   0.73311658   0.39857509   1.79906633  -1.55304016
  0.74831179   0.45130791  -1.17498948  -0.30949441   1.87189145   0.73311658   0.39857509   1.79906633  -1.55304016
  0.74903445   0.44942444  -1.17529674  -0.30895920   1.87151440   0.73376188   0.39768455   1.79791045  -1.55428067
  0.74903445   0.44942444  -1.17529674  -0.30895920   1.87151440   0.73376188   0.39768455   1.79791045  -1.55428067
  0.75075481   0.44293314  -1.17683732  -0.30667926   1.86843041   0.73628521   0.39505619   1.79496376  -1.55774776
  0.75075481   0.44293314  -1.17683732  -0.30667926   1.86843041   0.73628521   0.39505619   1.79496376  -1.55774776
  0.75216853   0.44254366  -1.17633653  -0.30673958   1.86899489   0.73606360   0.39448256   1.79399440  -1.55986723
  0.75216853   0.44254366  -1.17633653  -0.30673958   1.86899489   0.73606360   0.39448256   1.79399440  -1.55986723
  0.75276329   0.43996004  -1.17688931  -0.30620943   1.86916963   0.73684546   0.39316683   1.79189599  -1.56110805
  0.75276329   0.43996004  -1.17688931  -0.30620943   1.86916963   0.73684546   0.39316683   1.79189599  -1.56110805
  0.75403205   0.43810931  -1.17705422  -0.30578545   1.86932573   0.73735932   0.39182219   1.79030562  -1.56332937
  0.75533972   0.43126580  -1.17868301  -0.30316237   1.86549735   0.74021971   0.38947540   1.78768965  -1.56618055
  0.75533972   0.43126580  -1.17868301  -0.30316237   1.86549735   0.74021971   0.38947540   1.78768965  -1.56618055
  0.75665822   0.43013235  -1.17845191  -0.30304796   1.86616168   0.74030186   0.38851605   1.78615447  -1.56826935
  0.75745326   0.42750384  -1.17901785  -0.30226643   1.86568437   0.74122378   0.38712592   1.78439013  -1.56993130
  0.75835994   0.42512012  -1.17938115  -0.30147847   1.86497681   0.74205711   0.38600487   1.78293242  -1.57162770
  0.75951221   0.42421140  -1.17914080  -0.30136437   1.86527711   0.74210928   0.38528740   1.78179429  -1.57356089
  0.76007322   0.42052943  -1.18006027  -0.30016906   1.86436761   0.74347389   0.38367724   1.77948242  -1.57490675
  0.76113788   0.41993217  -1.17982464  -0.29999994   1.86452570   0.74360787   0.38302600   1.77888519  -1.57655258
  0.76262449   0.41222965  -1.18162264  -0.29701513   1.86046131   0.74690777   0.38003126   1.77576653  -1.58029776
  0.76349152   0.41169743  -1.18116741  -0.29715102   1.86097791   0.74676349   0.37979161   1.77484506  -1.58172743
  0.76434482   0.41074653  -1.18119813  -0.29695886   1.86164617   0.74690422   0.37878561   1.77342113  -1.58309741
  0.76578773   0.40412149  -1.18260509  -0.29438077   1.85859983   0.74967005   0.37604930   1.77030071  -1.58645608
  0.76651084   0.40310847  -1.18254743  -0.29419683   1.85908712   0.74986247   0.37530483   1.76906616  -1.58763000
  0.76757169   0.40083652  -1.18266579  -0.29365375   1.85921242   0.75041901   0.37405480   1.76692261  -1.58968946
  0.76901378   0.39553284  -1.18362858  -0.29167317   1.85725348   0.75251143   0.37159367   1.76395248  -1.59299262
  0.76973313   0.39421985  -1.18358984  -0.29133673   1.85738104   0.75288706   0.37087460   1.76280116  -1.59423668
  0.77104546   0.38979573  -1.18420806  -0.28995956   1.85667948   0.75429819   0.36870373   1.75938684  -1.59720933
  0.77241803   0.38772866  -1.18411940  -0.28922496   1.85626956   0.75498005   0.36755376   1.75790481  -1.59961439
  0.77369832   0.38178682  -1.18518074  -0.28699212   1.85418766   0.75736991   0.36490733   1.75454056  -1.60290814
  0.77506478   0.38023244  -1.18494975  -0.28651885   1.85436187   0.75770248   0.36383434   1.75287137  -1.60519366
  0.77649359   0.37573557  -1.18548716  -0.28495017   1.85339841   0.75930324   0.36155703   1.74968292  -1.60846262
  0.77767026   0.37345191  -1.18544921  -0.28423857   1.85336139   0.75996444   0.36031248   1.74766557  -1.61064849
  0.77951340   0.36628822  -1.18651310  -0.28127013   1.85035670   0.76292313   0.35709275   1.74375902  -1.61525499
  0.78023722   0.36488406  -1.18637450  -0.28097619   1.85087155   0.76323796   0.35629447   1.74218345  -1.61653289
  0.78233121   0.35906532  -1.18687725  -0.27879855   1.84952555   0.76528666   0.35323154   1.73788300  -1.62132646
  0.78349404   0.35747966  -1.18660367  -0.27837332   1.85004040   0.76561352   0.35218554   1.73599877  -1.62328007
  0.78511696   0.35053279  -1.18736973  -0.27567256   1.84784945   0.76822495   0.34918612   1.73145163  -1.62760696
  0.78644213   0.34859858  -1.18716245  -0.27505711   1.84816777   0.76879206   0.34778520   1.72949255  -1.63012089
  0.78829615   0.34139563  -1.18785807  -0.27204112   1.84562711   0.77157630   0.34460367   1.72485468  -1.63490291
  0.78960528   0.34025307  -1.18740610  -0.27182301   1.84652721   0.77174465   0.34349393   1.72313192  -1.63715205
  0.79136284   0.33272754  -1.18808636  -0.26867526   1.84407608   0.77459914   0.34021042   1.71804361  -1.64194358
  0.79257053   0.33142566  -1.18769505  -0.26833062   1.84483334   0.77486909   0.33909233   1.71628467  -1.64402908
  0.79442948   0.32480905  -1.18806158  -0.26568438   1.84343558   0.77721141   0.33582763   1.71111355  -1.64892162
  0.79571871   0.32314400  -1.18761858  -0.26520483   1.84392378   0.77763267   0.33467861   1.70925498  -1.65133666
  0.79778835   0.31549905  -1.18805857  -0.26181882   1.84140945   0.78063513   0.33106985   1.70405606  -1.65700861
  0.79909823   0.31389130  -1.18759202  -0.26125715   1.84209324   0.78093671   0.32990967   1.70185530  -1.65913524
  0.80117438   0.30653382  -1.18784471  -0.25797065   1.83984681   0.78374693   0.32639519   1.69655935  -1.66482667
  0.80254518   0.30439289  -1.18733660  -0.25728792   1.84042936   0.78423546   0.32505033   1.69400831  -1.66746038
  0.80419341   0.30133316  -1.18686230  -0.25620604   1.84088856   0.78499394   0.32315190   1.69052836  -1.67092788
  0.80599523   0.29278009  -1.18731274  -0.25214056   1.83782313   0.78847394   0.31932573   1.68481420  -1.67668311
  0.80765209   0.29100371  -1.18660593  -0.25146341   1.83831547   0.78887275   0.31803761   1.68259527  -1.67963567
  0.80941123   0.28791273  -1.18597362  -0.25034749   1.83883817   0.78958085   0.31612476   1.67891557  -1.68334683
  0.81098699   0.27778043  -1.18668550  -0.24516445   1.83462166   0.79402316   0.31170959   1.67272879  -1.68949806
  0.81289683   0.27696690  -1.18561380  -0.24496192   1.83555190   0.79387088   0.31085820   1.67084047  -1.69243397
  0.81472670   0.27422403  -1.18477641  -0.24405393   1.83647734   0.79434730   0.30901265   1.66709594  -1.69622749
  0.81635937   0.26605598  -1.18489263  -0.23989423   1.83358887   0.79766794   0.30543630   1.66137918  -1.70171632
  0.81828826   0.26444323  -1.18391034  -0.23927212   1.83426632   0.79792402   0.30409988   1.65901011  -1.70519748
  0.82005810   0.25801902  -1.18362089  -0.23604613   1.83249502   0.80043599   0.30093735   1.65404948  -1.71057143
  0.82173478   0.25661846  -1.18269294  -0.23548635   1.83338317   0.80055433   0.29980901   1.65165399  -1.71327068
  0.82361929   0.24863646  -1.18234742  -0.23133562   1.83052770   0.80366857   0.29642966   1.64579831  -1.71935727
  0.82564835   0.24791267  -1.18122986  -0.23109769   1.83185106   0.80353876   0.29513002   1.64371217  -1.72269147
  0.82749759   0.24160752  -1.18058001  -0.22794774   1.83033987   0.80576888   0.29222760   1.63835420  -1.72815024
  0.82925015   0.23985834  -1.17961429  -0.22711646   1.83101754   0.80607077   0.29089541   1.63574565  -1.73119998
  0.83125103   0.23370639  -1.17889312  -0.22381761   1.82920509   0.80839755   0.28794330   1.63077702  -1.73698778
  0.83283446   0.23238902  -1.17793124  -0.22320455   1.83002915   0.80853562   0.28690567   1.62853483  -1.73946981
  0.83503135   0.22624863  -1.17700017  -0.21989778   1.82851307   0.81066384   0.28388759   1.62303943  -1.74553011
  0.83704413   0.22484967  -1.17581962  -0.21921589   1.82918436   0.81082551   0.28265359   1.62071734  -1.74903303
  0.83895188   0.22246277  -1.17470868  -0.21805200   1.82976329   0.81130078   0.28099234   1.61741830  -1.75279610
  0.84099117   0.21594488  -1.17387148  -0.21426203   1.82735564   0.81391209   0.27797782   1.61249586  -1.75897368
  0.84281721   0.21481292  -1.17271031  -0.21369863   1.82816034   0.81394140   0.27701071   1.61033641  -1.76181068
  0.84513843   0.21247387  -1.17127963  -0.21257389   1.82880334   0.81423996   0.27535952   1.60676391  -1.76628584
  0.84708863   0.20569790  -1.17039910  -0.20844388   1.82584961   0.81695967   0.27261607   1.60183686  -1.77220202
  0.84921504   0.20460926  -1.16913439  -0.20780429   1.82674638   0.81702924   0.27125071   1.59960478  -1.77584034
  0.85122836   0.20268395  -1.16785900  -0.20677537   1.82731534   0.81731502   0.26985812   1.59667378  -1.77952405
  0.85348800   0.19702893  -1.16667317  -0.20327617   1.82512432   0.81948000   0.26728075   1.59216341  -1.78566849
  0.85555758   0.19591975  -1.16536181  -0.20261204   1.82579781   0.81949200   0.26625592   1.58997290  -1.78895794
  0.85772690   0.19422051  -1.16399424  -0.20162971   1.82635730   0.81970465   0.26488554   1.58721659  -1.79284323
  0.85989075   0.19218902  -1.16265276  -0.20038952   1.82656989   0.82011463   0.26345511   1.58441471  -1.79687873
  0.86222387   0.18676827  -1.16140797  -0.19680635   1.82414870   0.82227708   0.26098232   1.58027577  -1.80307741
  0.86413418   0.18600072  -1.16014705  -0.19632187   1.82478850   0.82222350   0.26025456   1.57859173  -1.80587173
  0.86674885   0.18463885  -1.15852830  -0.19543081   1.82537342   0.82222396   0.25891903   1.57588740  -1.81034611
  0.86883574   0.18340773  -1.15722890  -0.19457705   1.82579518   0.82238286   0.25779595   1.57380725  -1.81383210
  0.87138352   0.18140985  -1.15565629  -0.19323865   1.82573873   0.82274735   0.25642906   1.57103937  -1.81848162
  0.87376893   0.18036303  -1.15423723  -0.19240089   1.82613955   0.82286336   0.25520155   1.56908930  -1.82249101
  0.87626735   0.17442771  -1.15286663  -0.18822362   1.82265811   0.82527299   0.25301290   1.56500214  -1.82900240
  0.87833644   0.17402421  -1.15156011  -0.18783861   1.82320772   0.82515228   0.25237319   1.56374680  -1.83192249
  0.88093554   0.17370883  -1.15006140  -0.18735429   1.82402969   0.82496533   0.25115004   1.56212328  -1.83599156
  0.88343102   0.17288189  -1.14851991  -0.18665357   1.82428800   0.82484931   0.25038164   1.56024716  -1.83974809
  0.88569210   0.17184768  -1.14713089  -0.18580212   1.82432165   0.82498951   0.24954759   1.55861806  -1.84333310
  0.88832882   0.17098827  -1.14558514  -0.18495602   1.82436450   0.82502078   0.24861713   1.55694861  -1.84748063
  0.89106090   0.17029756  -1.14400558  -0.18419146   1.82448471   0.82501474   0.24764240   1.55541715  -1.85179430
  0.89374218   0.16563599  -1.14264930  -0.18047365   1.82104404   0.82711257   0.24580699   1.55264268  -1.85806262
  0.89622244   0.16550954  -1.14119393  -0.18008492   1.82128851   0.82688987   0.24530100   1.55165889  -1.86145329
  0.89887032   0.16530312  -1.13970035  -0.17955388   1.82142552   0.82674480   0.24459985   1.55063020  -1.86527092
  0.90155031   0.16502752  -1.13821225  -0.17893723   1.82137505   0.82666290   0.24392180   1.54966924  -1.86916045
  0.90423269   0.16475586  -1.13674974  -0.17828098   1.82120125   0.82662397   0.24326698   1.54882605  -1.87304550
  0.90697012   0.16454139  -1.13527924  -0.17762535   1.82094251   0.82658375   0.24265178   1.54808954  -1.87698049
  0.90971865   0.16440665  -1.13382759  -0.17698507   1.82062166   0.82654544   0.24207770   1.54749308  -1.88088425
  0.91250954   0.16437729  -1.13237536  -0.17637980   1.82025499   0.82648710   0.24155323   1.54703076  -1.88479312
  0.91531859   0.16446302  -1.13093815  -0.17581475   1.81985165   0.82641220   0.24107812   1.54671999  -1.88866327
  0.91816283   0.16467629  -1.12950544  -0.17529974   1.81941780   0.82631040   0.24065752   1.54655928  -1.89251558
  0.92102842   0.16502190  -1.12808667  -0.17483641   1.81895735   0.82618427   0.24029051   1.54655797  -1.89632532
  0.92392399   0.16550472  -1.12667572  -0.17442999   1.81847438   0.82602860   0.23997965   1.54671324  -1.90010420
  0.92683989   0.16612487  -1.12527844  -0.17408031   1.81797287   0.82584510   0.23972258   1.54702572  -1.90383706
  0.92978027   0.16688334  -1.12389118  -0.17378987   1.81745556   0.82563125   0.23952040   1.54749196  -1.90753060
  0.93270402   0.16776473  -1.12254071  -0.17354384   1.81690535   0.82540758   0.23937174   1.54813142  -1.91112361
  0.93537866   0.16869316  -1.12131483  -0.17336410   1.81633759   0.82519422   0.23938719   1.54893438  -1.91419978
  0.93832008   0.16985729  -1.11998035  -0.17326548   1.81595142   0.82484474   0.23927474   1.54968360  -1.91765571
  0.94183200   0.17138397  -1.11840845  -0.17328268   1.81531857   0.82440821   0.23925282   1.55085887  -1.92197195
  0.94441723   0.17261782  -1.11730180  -0.17320654   1.81459699   0.82419571   0.23946188   1.55217523  -1.92469125
  0.94742269   0.17415901  -1.11603725  -0.17320851   1.81428245   0.82381101   0.23924061   1.55328250  -1.92821421
  0.95074254   0.17591558  -1.11456567  -0.17339305   1.81364835   0.82327157   0.23950595   1.55468073  -1.93195018
  0.95360675   0.17767761  -1.11339767  -0.17351188   1.81288337   0.82291275   0.23982417   1.55646003  -1.93489878
  0.95701381   0.17976917  -1.11191560  -0.17383607   1.81236916   0.82236359   0.24007003   1.55826249  -1.93866466
  0.95978934   0.18167856  -1.11082346  -0.17402308   1.81172973   0.82191525   0.24034669   1.56000075  -1.94146330
  0.96323308   0.18409504  -1.10937341  -0.17446973   1.81115599   0.82129102   0.24072198   1.56214505  -1.94512760
  0.96622059   0.18642698  -1.10817768  -0.17487174   1.81059522   0.82074826   0.24112282   1.56431589  -1.94805825
  0.96904708   0.18865048  -1.10709629  -0.17518216   1.81002015   0.82025441   0.24141393   1.56637011  -1.95084927
  0.97234686   0.19138891  -1.10572845  -0.17580095   1.80939576   0.81955560   0.24207172   1.56891252  -1.95403269
  0.97584136   0.19357506  -1.10415285  -0.17626118   1.80900437   0.81873694   0.24241463   1.57032387  -1.95792869
  0.97843940   0.19678627  -1.10337208  -0.17685397   1.80807914   0.81834345   0.24315737   1.57409256  -1.95978223
  0.98110659   0.19944179  -1.10234400  -0.17742589   1.80749692   0.81771829   0.24385873   1.57662630  -1.96195348
  0.98458926   0.20285449  -1.10093027  -0.17833233   1.80711121   0.81681350   0.24451216   1.57958869  -1.96529380
  0.98750657   0.20615562  -1.09981751  -0.17917153   1.80665673   0.81602985   0.24528349   1.58266185  -1.96767270
  0.99026514   0.20898092  -1.09877622  -0.17976069   1.80611830   0.81538687   0.24586118   1.58530363  -1.97006551
  0.99353214   0.21268765  -1.09747335  -0.18078191   1.80555945   0.81445536   0.24684071   1.58873488  -1.97284265
  0.99620391   0.21573713  -1.09646170  -0.18147532   1.80498139   0.81377059   0.24761920   1.59166355  -1.97492347
  0.99941860   0.21987425  -1.09520788  -0.18265522   1.80454106   0.81277354   0.24865611   1.59550136  -1.97747549
  1.00220525   0.22333258  -1.09414554  -0.18352052   1.80400771   0.81198051   0.24952050   1.59877219  -1.97965411
  1.00514596   0.22697472  -1.09301127  -0.18445573   1.80344150   0.81111658   0.25042234   1.60216635  -1.98206390
  1.00811284   0.23119491  -1.09180972  -0.18571394   1.80311922   0.81003613   0.25159691   1.60594386  -1.98417443
  1.01063076   0.23471000  -1.09087515  -0.18658783   1.80256811   0.80922019   0.25252395   1.60922914  -1.98596980
  1.01387374   0.24237470  -1.08926073  -0.18987247   1.80463094   0.80672002   0.25446160   1.61453269  -1.98711389
  1.01639052   0.24522449  -1.08834501  -0.19030756   1.80351558   0.80623515   0.25526102   1.61764545  -1.98921313
  1.01919033   0.24873751  -1.08727248  -0.19100587   1.80242960   0.80559689   0.25631121   1.62140550  -1.99140806
  1.02191758   0.25301533  -1.08617023  -0.19215126   1.80179586   0.80462280   0.25760796   1.62549146  -1.99320917
  1.02444955   0.25673230  -1.08516396  -0.19301649   1.80111133   0.80384767   0.25867650   1.62914598  -1.99492059
  1.02720331   0.26169743  -1.08399048  -0.19449671   1.80069370   0.80264507   0.26019462   1.63369452  -1.99659404
  1.02969288   0.26574165  -1.08296625  -0.19550851   1.80015878   0.80176857   0.26133703   1.63754640  -1.99817603
  1.03241461   0.27458942  -1.08131328  -0.19930037   1.80278840   0.79882625   0.26377838   1.64334559  -1.99837947
  1.03432310   0.27757350  -1.08063930  -0.19971594   1.80154683   0.79836351   0.26481795   1.64668433  -1.99947564
  1.03701638   0.28166591  -1.07951909  -0.20056285   1.80033881   0.79765855   0.26613478   1.65111230  -2.00144556
  1.03955982   0.28655597  -1.07833187  -0.20191682   1.79983688   0.79652367   0.26770164   1.65563904  -2.00289609
  1.04192700   0.29481194  -1.07676907  -0.20524157   1.80215174   0.79389559   0.26996397   1.66112264  -2.00297035
  1.04390722   0.29806577  -1.07600178  -0.20570307   1.80071295   0.79342283   0.27115291   1.66486089  -2.00419513
  1.04632898   0.30269160  -1.07485091  -0.20678991   1.79978370   0.79250752   0.27275424   1.66951739  -2.00555677
  1.04846977   0.31105562  -1.07324890  -0.21006746   1.80205694   0.78987851   0.27518969   1.67507326  -2.00532045
  1.05029260   0.31437316  -1.07253090  -0.21049642   1.80043250   0.78944990   0.27645151   1.67900941  -2.00641858
  1.05257666   0.31902876  -1.07137813  -0.21152447   1.79946063   0.78857163   0.27808317   1.68373272  -2.00761236
  1.05436804   0.32354580  -1.07048144  -0.21253135   1.79853323   0.78771189   0.27968862   1.68825701  -2.00826269
  1.05643784   0.33306579  -1.06855597  -0.21628603   1.80145074   0.78465487   0.28252141   1.69426632  -2.00775280
  1.05807722   0.33654956  -1.06782289  -0.21672922   1.79985018   0.78421554   0.28389485   1.69835691  -2.00853159
  1.05978501   0.34080225  -1.06690338  -0.21751778   1.79871701   0.78350765   0.28550418   1.70282585  -2.00906691
  1.06158867   0.35040727  -1.06494627  -0.22118708   1.80149204   0.78049554   0.28847161   1.70895779  -2.00837413
  1.06311186   0.35394920  -1.06421186  -0.22157993   1.79974612   0.78009415   0.28992208   1.71320341  -2.00901929
  1.06470975   0.35834416  -1.06326072  -0.22236339   1.79852801   0.77939040   0.29161661   1.71785056  -2.00946854
  1.06604047   0.36778072  -1.06132683  -0.22587917   1.80129105   0.77642171   0.29475054   1.72373150  -2.00816972
  1.06722210   0.37163141  -1.06071215  -0.22633714   1.79969399   0.77598748   0.29619042   1.72816033  -2.00839817
  1.06877603   0.37990174  -1.05882303  -0.22909232   1.80131785   0.77364422   0.29900273   1.73394466  -2.00786689
  1.07000273   0.38354365  -1.05808953  -0.22945643   1.79954406   0.77326757   0.30056227   1.73831071  -2.00814075
  1.07130031   0.38814624  -1.05710277  -0.23023263   1.79828529   0.77255559   0.30241843   1.74314072  -2.00823568
  1.07216220   0.39794624  -1.05505849  -0.23367059   1.80120784   0.76961559   0.30569903   1.74922592  -2.00644176
  1.07312679   0.40186745  -1.05428696  -0.23420170   1.79972100   0.76906415   0.30738813   1.75350950  -2.00642195
  1.07409802   0.40631840  -1.05342142  -0.23490474   1.79839212   0.76841923   0.30919041   1.75822685  -2.00633772
  1.07438312   0.41588105  -1.05147838  -0.23818021   1.80165970   0.76545912   0.31242685   1.76363272  -2.00378734
  1.07573746   0.41948539  -1.05041103  -0.23842831   1.79885600   0.76531269   0.31451409   1.76887222  -2.00452499
  1.07591083   0.42818281  -1.04892123  -0.24093360   1.80081470   0.76294992   0.31726788   1.77442040  -2.00234795
  1.07653857   0.43170120  -1.04818015  -0.24134380   1.79944464   0.76258200   0.31886166   1.77845802  -2.00205028
  1.07715377   0.43722830  -1.04697635  -0.24235540   1.79848536   0.76162697   0.32129643   1.78375812  -2.00115388
  1.07682108   0.44740387  -1.04491531  -0.24571511   1.80202280   0.75860172   0.32473024   1.78945156  -1.99817432
  1.07739829   0.45095230  -1.04417891  -0.24587911   1.79980784   0.75839732   0.32656305   1.79403583  -1.99784009
  1.07707082   0.45982118  -1.04229187  -0.24851296   1.80214656   0.75596001   0.32982621   1.79949166  -1.99515176
  1.07746370   0.46314864  -1.04165589  -0.24854176   1.79976195   0.75590676   0.33160137   1.80408208  -1.99464785
  1.07712324   0.47109530  -1.04002564  -0.25064260   1.80118324   0.75395803   0.33452235   1.80949390  -1.99236401
  1.07731510   0.47484202  -1.03925480  -0.25086264   1.79919959   0.75367355   0.33651607   1.81401573  -1.99148519
  1.07656203   0.48336871  -1.03745094  -0.25325395   1.80130750   0.75144620   0.33970752   1.81932860  -1.98864000
  1.07678722   0.48738210  -1.03659812  -0.25351111   1.79945683   0.75103352   0.34168379   1.82382083  -1.98783363
  1.07590052   0.49462074  -1.03504984  -0.25523145   1.80037222   0.74942246   0.34478547   1.82902892  -1.98495412
  1.07542323   0.50179310  -1.03352473  -0.25678803   1.80109109   0.74786865   0.34746372   1.83422352  -1.98286725
  1.07466642   0.50372464  -1.03339085  -0.25652492   1.79907941   0.74800202   0.34910021   1.83717352  -1.98090504
  1.07364320   0.51461197  -1.03080614  -0.25944259   1.80201388   0.74523173   0.35299556   1.84378421  -1.97769622
  1.07317239   0.51829102  -1.03011427  -0.25962371   1.80015552   0.74502580   0.35504066   1.84816106  -1.97622241
  1.07271481   0.52291941  -1.02917044  -0.25992583   1.79848549   0.74464707   0.35734505   1.85318518  -1.97445159
  1.07121978   0.53088208  -1.02737565  -0.26199091   1.80080819   0.74252999   0.36044810   1.85755493  -1.97110339
  1.07044327   0.53469805  -1.02672969  -0.26219522   1.79900234   0.74238956   0.36250204   1.86212456  -1.96938619
  1.06891835   0.54283792  -1.02476205  -0.26400961   1.80062467   0.74042833   0.36594839   1.86711385  -1.96587032
  1.06792893   0.54685202  -1.02411583  -0.26426286   1.79935819   0.74015403   0.36792871   1.87134298  -1.96375503
  1.06607284   0.55574596  -1.02198638  -0.26637095   1.80191011   0.73789965   0.37138120   1.87620268  -1.95993280
  1.06508504   0.55871944  -1.02152808  -0.26627449   1.79987445   0.73798086   0.37328938   1.88015653  -1.95797831
  1.06331852   0.56701063  -1.01956858  -0.26792176   1.80138082   0.73621120   0.37657927   1.88546105  -1.95445573
  1.06218926   0.57009181  -1.01905724  -0.26801362   1.79985930   0.73610696   0.37845387   1.88902525  -1.95249456
  1.06067701   0.57594447  -1.01774018  -0.26867270   1.79938437   0.73530121   0.38124547   1.89392706  -1.94947010
  1.05857645   0.58346023  -1.01599911  -0.27018662   1.80103291   0.73367185   0.38428839   1.89843202  -1.94582162
  1.05708199   0.58637765  -1.01558702  -0.27023641   1.79974110   0.73358971   0.38616132   1.90163779  -1.94335609
  1.05461956   0.59483419  -1.01353940  -0.27178253   1.80145756   0.73187577   0.38966873   1.90684732  -1.93904611
  1.05317994   0.59753327  -1.01318467  -0.27176591   1.80013707   0.73181702   0.39139674   1.90982070  -1.93674200
  1.05040031   0.60570413  -1.01119383  -0.27325165   1.80191788   0.73020074   0.39492040   1.91477078  -1.93216225
  1.04914734   0.60829451  -1.01083906  -0.27328935   1.80069067   0.73011939   0.39643216   1.91760408  -1.93035838
  1.04645050   0.61525721  -1.00925496  -0.27415781   1.80113303   0.72911894   0.39969760   1.92265691  -1.92594295
  1.04458522   0.61867831  -1.00871646  -0.27437640   1.80042297   0.72886058   0.40161865   1.92574608  -1.92320599
  1.04208456   0.62631597  -1.00676563  -0.27565897   1.80202160   0.72733955   0.40475189   1.93023906  -1.91932891
  1.03985925   0.62918960  -1.00648200  -0.27567407   1.80107137   0.72734035   0.40664611   1.93313350  -1.91607850
  1.03708404   0.63664269  -1.00455515  -0.27689211   1.80263157   0.72592401   0.40985020   1.93753270  -1.91194301
  1.03490372   0.63927282  -1.00436098  -0.27684417   1.80162658   0.72597814   0.41159193   1.94024443  -1.90884027
  1.03297128   0.64243949  -1.00384724  -0.27683704   1.80055352   0.72585416   0.41352844   1.94327981  -1.90601319
  1.02966265   0.65049936  -1.00183493  -0.27812983   1.80264589   0.72436780   0.41683029   1.94779352  -1.90123120
  1.02752313   0.65253135  -1.00168264  -0.27807431   1.80164026   0.72441261   0.41853218   1.94988919  -1.89835275
  1.02453712   0.65965746  -0.99991719  -0.27914942   1.80316431   0.72323188   0.42144127   1.95419688  -1.89427861
  1.02183948   0.66219762  -0.99980872  -0.27908592   1.80240760   0.72333707   0.42326342   1.95661743  -1.89055543
  1.01930667   0.66574375  -0.99923843  -0.27922200   1.80189376   0.72317262   0.42533071   1.95962175  -1.88711439
  1.01558960   0.67334874  -0.99725149  -0.28050024   1.80452735   0.72164105   0.42857599   1.96315607  -1.88201791
  1.01332532   0.67512430  -0.99733775  -0.28037475   1.80344336   0.72187904   0.42999869   1.96525167  -1.87918641
  1.00982926   0.68143337  -0.99583541  -0.28118742   1.80491603   0.72092477   0.43286075   1.96880224  -1.87446694
  1.00750779   0.68313837  -0.99593475  -0.28108510   1.80396620   0.72114272   0.43425856   1.97071390  -1.87160058
  1.00386746   0.68930684  -0.99449420  -0.28185696   1.80552867   0.72021476   0.43707382   1.97403290  -1.86673347
  1.00148997   0.69085818  -0.99465346  -0.28174726   1.80462955   0.72045982   0.43842048   1.97578239  -1.86383243
  0.99866471   0.69376420  -0.99437062  -0.28172573   1.80410131   0.72049364   0.44027171   1.97825300  -1.86013566
  0.99501126   0.69956781  -0.99309092  -0.28246754   1.80580243   0.71960002   0.44284079   1.98113837  -1.85538777
  0.99246011   0.70105277  -0.99324094  -0.28251056   1.80524182   0.71979537   0.44419728   1.98263796  -1.85246539
  0.98940176   0.70317058  -0.99329770  -0.28235347   1.80453268   0.72009640   0.44589904   1.98472296  -1.84850227
  0.98522360   0.70979850  -0.99168937  -0.28342061   1.80728155   0.71887845   0.44872677   1.98740917  -1.84324016
  0.98268627   0.71098193  -0.99203835  -0.28331325   1.80658546   0.71916922   0.44990373   1.98868914  -1.84023303
  0.97977635   0.71271893  -0.99220977  -0.28322528   1.80597844   0.71946791   0.45138021   1.99041545  -1.83667813
  0.97670648   0.71473522  -0.99229462  -0.28319845   1.80564043   0.71967668   0.45294335   1.99211722  -1.83289292
  0.97240853   0.72177084  -0.99054564  -0.28448984   1.80920097   0.71818089   0.45566335   1.99438920  -1.82769820
  0.96965730   0.72235078  -0.99116190  -0.28436786   1.80853194   0.71864755   0.45671126   1.99529858  -1.82451082
  0.96658642   0.72349316  -0.99161824  -0.28418215   1.80788255   0.71910589   0.45803162   1.99659215  -1.82073189
  0.96352103   0.72492485  -0.99193753  -0.28414120   1.80756971   0.71940788   0.45937863   1.99783542  -1.81705774
  0.96033115   0.72646312  -0.99224408  -0.28413838   1.80746078   0.71966254   0.46074805   1.99898243  -1.81320987
  0.95711693   0.72804115  -0.99253743  -0.28419965   1.80753688   0.71986077   0.46209451   2.00001285  -1.80937761
  0.95385549   0.72958910  -0.99285809  -0.28428780   1.80772624   0.72004467   0.46341285   2.00093233  -1.80550280
  0.95057528   0.73107040  -0.99321360  -0.28440170   1.80800277   0.72022106   0.46468971   2.00173840  -1.80163245
  0.94727840   0.73245303  -0.99361804  -0.28453018   1.80833778   0.72040409   0.46592019   2.00243104  -1.79776273
  0.94397305   0.73371537  -0.99407859  -0.28466835   1.80871375   0.72060046   0.46709976   2.00300839  -1.79390245
  0.94066394   0.73484095  -0.99460145  -0.28481182   1.80911731   0.72081574   0.46822532   2.00346876  -1.79005473
  0.93735542   0.73581753  -0.99519117  -0.28495782   1.80953919   0.72105357   0.46929430   2.00381033  -1.78622303
  0.93405060   0.73663540  -0.99585101  -0.28510249   1.80997227   0.72131603   0.47030453   2.00403283  -1.78241145
  0.93075315   0.73728700  -0.99658419  -0.28524678   1.81041323   0.72160541   0.47125392   2.00413207  -1.77862153
  0.92746578   0.73776654  -0.99739309  -0.28538972   1.81085794   0.72192328   0.47214094   2.00410716  -1.77485549
  0.92419057   0.73807026  -0.99827923  -0.28553063   1.81130306   0.72227076   0.47296478   2.00395804  -1.77111497
  0.92092859   0.73819656  -0.99924339  -0.28566895   1.81174565   0.72264871   0.47372554   2.00368591  -1.76740035
  0.91768065   0.73814514  -1.00028583  -0.28580432   1.81218369   0.72305757   0.47442353   2.00329214  -1.76371179
  0.91444738   0.73791654  -1.00140643  -0.28593662   1.81261587   0.72349751   0.47505918   2.00277810  -1.76004942
  0.91122931   0.73751186  -1.00260482  -0.28606587   1.81304149   0.72396849   0.47563299   2.00214518  -1.75641331
  0.90802684   0.73693266  -1.00388041  -0.28619219   1.81346022   0.72447036   0.47614547   2.00139474  -1.75280357
  0.90484036   0.73618084  -1.00523243  -0.28631573   1.81387206   0.72500285   0.47659717   2.00052814  -1.74922031
  0.90167019   0.73525858  -1.00665998  -0.28643673   1.81427725   0.72556562   0.47698863   1.99954679  -1.74566369
  0.89851663   0.73416833  -1.00816197  -0.28655545   1.81467627   0.72615825   0.47732041   1.99845208  -1.74213395
  0.89538002   0.73291278  -1.00973719  -0.28667218   1.81506977   0.72678027   0.47759302   1.99724543  -1.73863147
  0.89226078   0.73149487  -1.01138426  -0.28678726   1.81545860   0.72743110   0.47780697   1.99592832  -1.73515682
  0.88861766   0.72964662  -1.01340433  -0.28682040   1.81589099   0.72828710   0.47798253   1.99427826  -1.73090757
  0.88587100   0.72808557  -1.01498242  -0.28698391   1.81622157   0.72888005   0.47809853   1.99289324  -1.72799123
  0.88289230   0.72624660  -1.01679076  -0.28710173   1.81659140   0.72958704   0.47813411   1.99128858  -1.72471789
  0.87933911   0.72383882  -1.01905805  -0.28711724   1.81697285   0.73054826   0.47809710   1.98927701  -1.72059899
  0.87666416   0.72187321  -1.02079831  -0.28728557   1.81730446   0.73121084   0.47806218   1.98761768  -1.71779584
  0.87324433   0.71918634  -1.02316775  -0.28730109   1.81766420   0.73220141   0.47789064   1.98540837  -1.71386514
  0.87060994   0.71697882  -1.02500463  -0.28747630   1.81801171   0.73290688   0.47776108   1.98357891  -1.71112883
  0.86720131   0.71397363  -1.02752778  -0.28748079   1.81836690   0.73396006   0.47747060   1.98113416  -1.70721727
  0.86461639   0.71153858  -1.02944796  -0.28766852   1.81874191   0.73470269   0.47724849   1.97913875  -1.70456424
  0.86120996   0.70823275  -1.03211898  -0.28766112   1.81909906   0.73581441   0.47684523   1.97645880  -1.70065888
  0.85828152   0.70508831  -1.03451292  -0.28773767   1.81942264   0.73679241   0.47643969   1.97394527  -1.69747590
  0.85533356   0.70185354  -1.03696227  -0.28781319   1.81976591   0.73779765   0.47599058   1.97136148  -1.69426959
  0.85239217   0.69851744  -1.03945533  -0.28789497   1.82013818   0.73881751   0.47549717   1.96868161  -1.69108012
  0.84945747   0.69507930  -1.04199236  -0.28798133   1.82053597   0.73985373   0.47495919   1.96590775  -1.68790736
  0.84649263   0.69196056  -1.04436504  -0.28809343   1.82098880   0.74078676   0.47456966   1.96326903  -1.68467215
  0.84348030   0.68852101  -1.04691379  -0.28825054   1.82160092   0.74178602   0.47401600   1.96033836  -1.68142297
  0.84051803   0.68493565  -1.04952411  -0.28839898   1.82220932   0.74280752   0.47338563   1.95728801  -1.67824333
  0.83756148   0.68122020  -1.05218661  -0.28853914   1.82281078   0.74386610   0.47270907   1.95415658  -1.67507553
  0.83462508   0.67738970  -1.05489467  -0.28867520   1.82341733   0.74494712   0.47198146   1.95093154  -1.67194155
  0.83169797   0.67345397  -1.05764400  -0.28880890   1.82403507   0.74605186   0.47120928   1.94762135  -1.66882749
  0.82878199   0.66942203  -1.06043044  -0.28894212   1.82467043   0.74717540   0.47039286   1.94422427  -1.66573689
  0.82587360   0.66530128  -1.06325062  -0.28907597   1.82532775   0.74831656   0.46953488   1.94074334  -1.66266550
  0.82297212   0.66109825  -1.06610138  -0.28921147   1.82601099   0.74947307   0.46863660   1.93717932  -1.65961306
  0.82043751   0.65591291  -1.06932155  -0.28926534   1.82653080   0.75084054   0.46725917   1.93299255  -1.65713865
  0.81736032   0.65204835  -1.07201628  -0.28933127   1.82702605   0.75202261   0.46661552   1.92985165  -1.65377740
  0.81440690   0.64774278  -1.07491443  -0.28952483   1.82795006   0.75315518   0.46563382   1.92600392  -1.65069453
  0.81185759   0.64244188  -1.07817093  -0.28961944   1.82867882   0.75452478   0.46415029   1.92156238  -1.64825189
  0.80875527   0.63846752  -1.08090075  -0.28971490   1.82931809   0.75570696   0.46344278   1.91821811  -1.64488066
  0.80614466   0.63315901  -1.08416227  -0.28986081   1.83026138   0.75703880   0.46191849   1.91357750  -1.64239131
  0.80302515   0.62912817  -1.08691057  -0.28998672   1.83102997   0.75821137   0.46116032   1.91008731  -1.63901823
  0.80040568   0.62376635  -1.09017889  -0.29015573   1.83210307   0.75954063   0.45957678   1.90529616  -1.63655037
  0.79727489   0.61967582  -1.09294059  -0.29030158   1.83297165   0.76071004   0.45877499   1.90167659  -1.63317937
  0.79464681   0.61426080  -1.09621299  -0.29048694   1.83415809   0.76204097   0.45713568   1.89674526  -1.63073216
  0.79150704   0.61011151  -1.09898563  -0.29065107   1.83512441   0.76320821   0.45628907   1.89299859  -1.62736650
  0.78886822   0.60465827  -1.10225330  -0.29085115   1.83641999   0.76453846   0.45460158   1.88794002  -1.62493580
  0.78572119   0.60045582  -1.10503271  -0.29103393   1.83748696   0.76570175   0.45370969   1.88406759  -1.62157827
  0.78272540   0.59582382  -1.10799072  -0.29134392   1.83901488   0.76681592   0.45244499   1.87945583  -1.61856727
  0.78011491   0.59027444  -1.11125454  -0.29151656   1.84034315   0.76819847   0.45067347   1.87429807  -1.61621434
  0.77717903   0.58552170  -1.11418783  -0.29164777   1.84139984   0.76946976   0.44947773   1.86994739  -1.61325581
  0.77424675   0.58056482  -1.11722866  -0.29185903   1.84281512   0.77074242   0.44805747   1.86520586  -1.61036713
  0.77135337   0.57568785  -1.12019434  -0.29209342   1.84425713   0.77194435   0.44668253   1.86043126  -1.60754431
  0.76839761   0.57076496  -1.12320643  -0.29232726   1.84578623   0.77319297   0.44524100   1.85561232  -1.60464431
  0.76549631   0.56589982  -1.12613866  -0.29258846   1.84735664   0.77437282   0.44383754   1.85073973  -1.60183176
  0.76251170   0.56100728  -1.12912027  -0.29284534   1.84899932   0.77559386   0.44238216   1.84583408  -1.59890994
  0.75959115   0.55615704  -1.13202558  -0.29313086   1.85069477   0.77675367   0.44094888   1.84086762  -1.59609061
  0.75665659   0.55136050  -1.13488595  -0.29343241   1.85245756   0.77790397   0.43953210   1.83591853  -1.59323891
  0.75364344   0.54656404  -1.13779149  -0.29373702   1.85428740   0.77906188   0.43807217   1.83091342  -1.59029874
  0.75067231   0.54179291  -1.14063696  -0.29406493   1.85618129   0.78018040   0.43662160   1.82585459  -1.58742403
  0.74768366   0.53706050  -1.14346383  -0.29440532   1.85812867   0.78128254   0.43516661   1.82077930  -1.58453112
  0.74468356   0.53235289  -1.14627255  -0.29476073   1.86013844   0.78236565   0.43370268   1.81566505  -1.58163023
  0.74172182   0.52771050  -1.14900325  -0.29514433   1.86221291   0.78340491   0.43226831   1.81054507  -1.57877390
  0.73869999   0.52311716  -1.15173441  -0.29554009   1.86434447   0.78443254   0.43083478   1.80541994  -1.57583364
  0.73563674   0.51852459  -1.15449403  -0.29594493   1.86654838   0.78545521   0.42935082   1.80022753  -1.57285967
  0.73266795   0.51399441  -1.15713526  -0.29638646   1.86881048   0.78641081   0.42791570   1.79501214  -1.57000713
  0.72958098   0.50952866  -1.15981200  -0.29682425   1.87110979   0.78738303   0.42647611   1.78984723  -1.56698179
  0.72668373   0.50553303  -1.16207731  -0.29735896   1.87352962   0.78821242   0.42533133   1.78512836  -1.56401942
  0.72345326   0.50098011  -1.16492492  -0.29787396   1.87609939   0.78908854   0.42369031   1.77949204  -1.56095982
  0.72046266   0.49660359  -1.16744977  -0.29838027   1.87857242   0.78994915   0.42226880   1.77420619  -1.55807690
  0.71763896   0.49287046  -1.16967335  -0.29896978   1.88101091   0.79064624   0.42104344   1.76954565  -1.55536412
  0.71429254   0.48838382  -1.17237126  -0.29952484   1.88380192   0.79150339   0.41955594   1.76390155  -1.55196430
  0.71152069   0.48475604  -1.17457684  -0.30016867   1.88637485   0.79212041   0.41823143   1.75916277  -1.54939786
  0.70813590   0.48034148  -1.17715969  -0.30075372   1.88926142   0.79292938   0.41686184   1.75351813  -1.54585133
  0.70499199   0.47626316  -1.17958881  -0.30135969   1.89203705   0.79364571   0.41548260   1.74820783  -1.54271415
  0.70234945   0.47284499  -1.18158570  -0.30208781   1.89477145   0.79413814   0.41422569   1.74352227  -1.54028567
  0.69884558   0.46871176  -1.18412586  -0.30274022   1.89781468   0.79485193   0.41288113   1.73798594  -1.53654394
  0.69580561   0.46494521  -1.18633661  -0.30346572   1.90079840   0.79539534   0.41159044   1.73276220  -1.53349386
  0.69278083   0.46167286  -1.18840780  -0.30421994   1.90355118   0.79579344   0.41051766   1.72803807  -1.53045544
  0.68955614   0.45809450  -1.19059593  -0.30503054   1.90677928   0.79629163   0.40928783   1.72289239  -1.52702714
  0.68648004   0.45450964  -1.19274033  -0.30587928   1.91009775   0.79670438   0.40795996   1.71756450  -1.52390097
  0.68339796   0.45114493  -1.19479865  -0.30672448   1.91327540   0.79707894   0.40677541   1.71252950  -1.52070543
  0.68025141   0.44786663  -1.19683986  -0.30760162   1.91651471   0.79741796   0.40563477   1.70752943  -1.51737437
  0.67761054   0.44504436  -1.19855107  -0.30855169   1.91968852   0.79760977   0.40450032   1.70299706  -1.51481079
  0.67410133   0.44177714  -1.20070212  -0.30949571   1.92310381   0.79785899   0.40346289   1.69776543  -1.51089149
  0.67100165   0.43882588  -1.20259239  -0.31051609   1.92657256   0.79799826   0.40238978   1.69282194  -1.50756915
  0.66802900   0.43612793  -1.20433161  -0.31148771   1.92973673   0.79813059   0.40149051   1.68835500  -1.50436024
  0.66480981   0.43329658  -1.20623834  -0.31262531   1.93349117   0.79815614   0.40038976   1.68327267  -1.50084545
  0.66170338   0.43070392  -1.20799081  -0.31376582   1.93709073   0.79812840   0.39944659   1.67852765  -1.49740886
  0.65863172   0.42825446  -1.20968872  -0.31494160   1.94069771   0.79804119   0.39853863   1.67388685  -1.49400455
  0.65554796   0.42589921  -1.21134786  -0.31615674   1.94435759   0.79790604   0.39767410   1.66929158  -1.49053689
  0.65273486   0.42371821  -1.21285213  -0.31733280   1.94777298   0.79774048   0.39685664   1.66499960  -1.48748604
  0.64936921   0.42144846  -1.21460028  -0.31864033   1.95168594   0.79754976   0.39601673   1.66032191  -1.48351281
  0.64633309   0.41947316  -1.21609728  -0.32002621   1.95556305   0.79718751   0.39527069   1.65585136  -1.48000684
  0.64326688   0.41762115  -1.21758197  -0.32141743   1.95938183   0.79681403   0.39457587   1.65155116  -1.47641633
  0.64020757   0.41587488  -1.21902846  -0.32285532   1.96325852   0.79638189   0.39391081   1.64729324  -1.47280065
  0.63715479   0.41424781  -1.22043429  -0.32433445   1.96716744   0.79589573   0.39328717   1.64311357  -1.46915475
  0.63410712   0.41273501  -1.22179831  -0.32585216   1.97110142   0.79535883   0.39271125   1.63901590  -1.46547239
  0.63149372   0.41132049  -1.22297094  -0.32730383   1.97477991   0.79481808   0.39209242   1.63516791  -1.46250590
  0.62830192   0.40973669  -1.22440563  -0.32866233   1.97825329   0.79441998   0.39167036   1.63135493  -1.45856549
  0.62534951   0.40831854  -1.22567504  -0.33020152   1.98217979   0.79384303   0.39113858   1.62736822  -1.45494130
  0.62208629   0.40734384  -1.22699898  -0.33202463   1.98658114   0.79296583   0.39068772   1.62331457  -1.45076272
  0.61906245   0.40670653  -1.22810046  -0.33394808   1.99100415   0.79194448   0.39035046   1.61955702  -1.44686690
  0.61605543   0.40616502  -1.22915312  -0.33586216   1.99530173   0.79091365   0.39010956   1.61598529  -1.44294591
  0.61306999   0.40566642  -1.23018149  -0.33775524   1.99949942   0.78989501   0.38991217   1.61253866  -1.43902753
  0.61001819   0.40523187  -1.23125380  -0.33963964   2.00364403   0.78888910   0.38971912   1.60919442  -1.43499523
  0.60643503   0.40808048  -1.23149336  -0.34354391   2.01087153   0.78574026   0.39049585   1.60619695  -1.42929305
  0.60381281   0.40701721  -1.23255830  -0.34486039   2.01387889   0.78525824   0.39022674   1.60321014  -1.42605555
  0.60128141   0.40596482  -1.23355274  -0.34619704   2.01688762   0.78472533   0.38998670   1.60019322  -1.42295899
  0.59806031   0.40538001  -1.23480744  -0.34798280   2.02091758   0.78383739   0.38968645   1.59679495  -1.41866551
  0.59514228   0.40537574  -1.23568038  -0.35003316   2.02514861   0.78259844   0.38965603   1.59371432  -1.41468551
  0.59228057   0.40559201  -1.23645829  -0.35211224   2.02927672   0.78129430   0.38975306   1.59090009  -1.41072782
  0.58867679   0.41045044  -1.23600931  -0.35694054   2.03737285   0.77703587   0.39138491   1.58887686  -1.40436748
  0.58605558   0.40963644  -1.23713129  -0.35815703   2.04001681   0.77664575   0.39110635   1.58642406  -1.40110129
  0.58329652   0.40923906  -1.23807683  -0.35980782   2.04342546   0.77576985   0.39103765   1.58362335  -1.39744810
  0.58043678   0.40938175  -1.23892420  -0.36171382   2.04716365   0.77462612   0.39111941   1.58104509  -1.39349747
  0.57690799   0.41428875  -1.23840738  -0.36653026   2.05518448   0.77037719   0.39274206   1.57913710  -1.38724556
  0.57462768   0.41376687  -1.23929245  -0.36763470   2.05728229   0.76992833   0.39270293   1.57721446  -1.38441655
  0.57111522   0.41657436  -1.23945432  -0.37119048   2.06343056   0.76706254   0.39373767   1.57501914  -1.37870980
  0.56881098   0.41628358  -1.24031263  -0.37236646   2.06558434   0.76651283   0.39374613   1.57321474  -1.37579810
  0.56524059   0.42044893  -1.24010580  -0.37662644   2.07273760   0.76291021   0.39506442   1.57143878  -1.36974739
  0.56290706   0.42000621  -1.24093464  -0.37759150   2.07429333   0.76254434   0.39530938   1.56997665  -1.36675430
  0.55963326   0.42584371  -1.24005860  -0.38270909   2.08261518   0.75788953   0.39701192   1.56855806  -1.36091972
  0.55742024   0.42553140  -1.24082589  -0.38376162   2.08441607   0.75749459   0.39713969   1.56714013  -1.35809528
  0.55359996   0.42954362  -1.24070267  -0.38762197   2.09052362   0.75415933   0.39878719   1.56584390  -1.35169512
  0.55130228   0.42979766  -1.24140285  -0.38891244   2.09264715   0.75346127   0.39899649   1.56455875  -1.34866213
  0.55047047   0.43727839  -1.23531943  -0.40175186   2.09439510   0.75073244   0.39592826   1.56327966  -1.33879094
  0.54858902   0.43591222  -1.23590203  -0.40285446   2.09439510   0.75112428   0.39542843   1.56149227  -1.33594057
  0.55004296   0.44352626  -1.22532689  -0.42380253   2.09429276   0.74961460   0.38592277   1.55608712  -1.32296315
  0.54771505   0.44325767  -1.22609285  -0.42448049   2.09439510   0.74970054   0.38627744   1.55575729  -1.31975011
  0.54562402   0.44335454  -1.22616808  -0.42660970   2.09439510   0.74991263   0.38558238   1.55496777  -1.31580447
  0.54799470   0.45646292  -1.21027167  -0.45515947   2.09439510   0.74692564   0.37387562   1.54967399  -1.29873687
  0.54586170   0.45613439  -1.21090948  -0.45583557   2.09439510   0.74699652   0.37419057   1.54928630  -1.29584311
  0.54378999   0.45645240  -1.21101876  -0.45770763   2.09439510   0.74715113   0.37363281   1.54883440  -1.29216748
  0.54568455   0.47142941  -1.19317548  -0.48795768   2.09439510   0.74414229   0.36082438   1.54415598  -1.27368915
  0.54350438   0.47086519  -1.19391801  -0.48840916   2.09421105   0.74424923   0.36125966   1.54372224  -1.27090560
  0.54164916   0.47153503  -1.19383708  -0.49014023   2.09439510   0.74413546   0.36090718   1.54344606  -1.26770209
  0.54326500   0.48862285  -1.17385070  -0.52149414   2.09439510   0.74099050   0.34747370   1.53961598  -1.24882894
  0.54133242   0.48806826  -1.17448225  -0.52218116   2.09439510   0.74114962   0.34739604   1.53883816  -1.24622390
  0.53896285   0.48867198  -1.17454654  -0.52372074   2.09439510   0.74114428   0.34729994   1.53881939  -1.24238433
  0.54051304   0.50836107  -1.14967192  -0.55960350   2.09439510   0.73819255   0.33011609   1.53382989  -1.22136101
  0.53853694   0.50810898  -1.15019247  -0.56013762   2.09439510   0.73807901   0.33045872   1.53333886  -1.21881773
  0.53769370   0.52224409  -1.13197148  -0.58488189   2.09439510   0.73673947   0.31758016   1.53014451  -1.20275650
  0.53531850   0.52203176  -1.13287701  -0.58511737   2.09416666   0.73678073   0.31800999   1.53000826  -1.19968180
  0.53318307   0.52310104  -1.13277616  -0.58594318   2.09439510   0.73616453   0.31887863   1.53058784  -1.19686563
  0.53279425   0.54571003  -1.10116177  -0.62420398   2.09439510   0.73463918   0.29663045   1.52501422  -1.17454585
  0.53041525   0.54581849  -1.10185702  -0.62454989   2.09439510   0.73460338   0.29708016   1.52515291  -1.17150251
  0.52782080   0.54772332  -1.10142162  -0.62555094   2.09439510   0.73385057   0.29804999   1.52643331  -1.16798399
  0.52543078   0.57094475  -1.06342528  -0.66538584   2.09439510   0.73394865   0.27015470   1.51840502  -1.14464148
  0.52289531   0.57121400  -1.06421864  -0.66554553   2.09406481   0.73383020   0.27087073   1.51885430  -1.14146654
  0.52059787   0.57345521  -1.06377702  -0.66612010   2.09439510   0.73273503   0.27226148   1.52050201  -1.13877200
  0.51769593   0.57705812  -1.06232957  -0.66749390   2.09439510   0.73159838   0.27340536   1.52314517  -1.13506687
  0.51023984   0.60771100  -1.00159634  -0.71853537   2.09439510   0.73488669   0.22737229   1.50956998  -1.10496112
  0.50772543   0.60938730  -1.00155510  -0.71888685   2.09439510   0.73412979   0.22860026   1.51101080  -1.10203833
  0.50523361   0.61140505  -1.00129793  -0.71929426   2.09439510   0.73328071   0.22983098   1.51266392  -1.09915853
  0.50240889   0.61413170  -1.00065717  -0.71988223   2.09439510   0.73233798   0.23113260   1.51494076  -1.09590607
  0.49934688   0.61816909  -0.99840214  -0.72111428   2.09439510   0.73085106   0.23239588   1.51763160  -1.09239959
  0.47705862   0.65376152  -0.90561905  -0.77048330   2.09439510   0.73862683   0.16162314   1.49925542  -1.05945159
  0.47494122   0.65556010  -0.90548133  -0.77078136   2.09412883   0.73796434   0.16279807   1.50092551  -1.05713768
  0.47185759   0.65913389  -0.90427951  -0.77133498   2.09439510   0.73643769   0.16474759   1.50369986  -1.05384112
  0.46891360   0.66295442  -0.90240333  -0.77199665   2.09439510   0.73516216   0.16594488   1.50659942  -1.05101940
  0.46581581   0.66643585  -0.90019786  -0.77267526   2.09439510   0.73400583   0.16664981   1.50895734  -1.04802882
  0.42131419   0.69759121  -0.78857003  -0.79115583   2.09439510   0.73882843   0.08547429   1.49478373  -1.02458456
  0.41971429   0.69937645  -0.78835478  -0.79154455   2.09381100   0.73836236   0.08662800   1.49658339  -1.02297498
  0.41690043   0.70312214  -0.78730748  -0.79210950   2.09439510   0.73683316   0.08871387   1.49936917  -1.02002494
  0.41450231   0.70664762  -0.78621650  -0.79258280   2.09439510   0.73574649   0.09024405   1.50224390  -1.01771717
  0.41139756   0.71053070  -0.78426761  -0.79307782   2.09439510   0.73437802   0.09175233   1.50517108  -1.01480760
  0.40871906   0.71453043  -0.78222187  -0.79345261   2.09439510   0.73312411   0.09286726   1.50809703  -1.01245065
  0.35456233   0.74076108  -0.67338903  -0.78578715   2.09439510   0.72950489   0.01930613   1.50188757  -1.00100241
  0.35257956   0.74344923  -0.67299843  -0.78633026   2.09413730   0.72886786   0.02089752   1.50431805  -0.99885828
  0.35024652   0.74739498  -0.67189554  -0.78696187   2.09439510   0.72764994   0.02286597   1.50731761  -0.99643201
  0.34798182   0.75089052  -0.67094813  -0.78749373   2.09439510   0.72666209   0.02462014   1.51011016  -0.99401727
  0.34557573   0.75487249  -0.66960157  -0.78803167   2.09439510   0.72562860   0.02628861   1.51327527  -0.99168093
  0.34275383   0.75929211  -0.66692758  -0.78849284   2.09439510   0.72432518   0.02744515   1.51641594  -0.98957624
  0.29264981   0.78333311  -0.57196333  -0.77361455   2.09439510   0.71546883  -0.03334264   1.51524850  -0.98397621
  0.29126771   0.78610704  -0.57164946  -0.77413254   2.09371939   0.71519598  -0.03195816   1.51789604  -0.98242003
  0.28906325   0.79032228  -0.57054133  -0.77489168   2.09439510   0.71393377  -0.02976279   1.52085714  -0.97996207
  0.28717145   0.79445656  -0.56950638  -0.77555014   2.09439510   0.71306499  -0.02782993   1.52414060  -0.97787061
  0.28528353   0.79874416  -0.56792024  -0.77617748   2.09439510   0.71209813  -0.02621640   1.52733952  -0.97620840
  0.28268682   0.80315874  -0.56548437  -0.77661686   2.09439510   0.71099171  -0.02498612   1.53047303  -0.97406791
  0.23780747   0.82736703  -0.48075232  -0.76093954   2.09439510   0.70143944  -0.07663377   1.53058169  -0.97109641
  0.23655160   0.83025407  -0.48056833  -0.76150368   2.09348244   0.70147440  -0.07520755   1.53358171  -0.96960387
  0.23497072   0.83466625  -0.47929785  -0.76237285   2.09430187   0.70021854  -0.07294457   1.53643504  -0.96777886
  0.23323661   0.83924559  -0.47790819  -0.76307588   2.09439510   0.69936580  -0.07107812   1.53986899  -0.96593922
  0.23186655   0.84338891  -0.47647066  -0.76371135   2.09439510   0.69860009  -0.06952792   1.54291578  -0.96468734
  0.23001570   0.84760516  -0.47493454  -0.76436463   2.09439510   0.69770028  -0.06760618   1.54605162  -0.96265513
  0.19341080   0.86991689  -0.40461633  -0.75122600   2.09439510   0.68837234  -0.10949238   1.54780745  -0.96100351
  0.19252829   0.87281454  -0.40428160  -0.75184347   2.09334881   0.68840832  -0.10797991   1.55070557  -0.95988628
  0.19139132   0.87724865  -0.40317638  -0.75261454   2.09415343   0.68742663  -0.10605920   1.55357636  -0.95848646
  0.19027577   0.88141712  -0.40220743  -0.75339074   2.09407595   0.68685103  -0.10398222   1.55687194  -0.95698996
  0.18897064   0.88622324  -0.40066053  -0.75404987   2.09439510   0.68604913  -0.10231966   1.56025237  -0.95564710
  0.18792572   0.89049071  -0.39913153  -0.75468752   2.09438813   0.68539059  -0.10080955   1.56333615  -0.95471395
  0.18629136   0.89511134  -0.39700421  -0.75515824   2.09439510   0.68467297  -0.09956925   1.56666096  -0.95331554
  0.18506508   0.89965779  -0.39490829  -0.75568444   2.09439510   0.68400827  -0.09841052   1.56989099  -0.95253943
  0.14962235   0.92260747  -0.32563989  -0.74230218   2.09439510   0.67435853  -0.13920870   1.57146395  -0.95135358
  0.14937768   0.92570021  -0.32519189  -0.74292702   2.09337854   0.67446608  -0.13787733   1.57433958  -0.95106630
  0.14881669   0.92991146  -0.32416740  -0.74367718   2.09323185   0.67406270  -0.13592818   1.57765784  -0.95013097
  0.14820412   0.93457693  -0.32286045  -0.74443019   2.09402116   0.67321206  -0.13408160   1.58065528  -0.94928326
  0.14770485   0.93882209  -0.32182431  -0.74514644   2.09379822   0.67285200  -0.13214639   1.58404203  -0.94840384
  0.14724781   0.94324435  -0.32056284  -0.74577911   2.09439510   0.67209645  -0.13060454   1.58685762  -0.94782292
  0.14648162   0.94827824  -0.31876173  -0.74641774   2.09439510   0.67156862  -0.12887011   1.59062965  -0.94694820
  0.14587697   0.95252808  -0.31719675  -0.74696578   2.09439510   0.67106844  -0.12770630   1.59359090  -0.94661325
  0.14543594   0.95667720  -0.31545199  -0.74740730   2.09439510   0.67048852  -0.12642003   1.59645470  -0.94613228
  0.14469394   0.96175870  -0.31332892  -0.74794216   2.09439510   0.66995561  -0.12488333   1.60021190  -0.94542690
  0.14466173   0.96610757  -0.31210259  -0.74848812   2.09423395   0.66963457  -0.12311186   1.60363432  -0.94496466
  0.14431331   0.97057986  -0.31038618  -0.74916863   2.09439510   0.66892756  -0.12144007   1.60661307  -0.94472425
  0.14382649   0.97517339  -0.30832312  -0.74950664   2.09439510   0.66842540  -0.12051222   1.60978791  -0.94453586
  0.14410699   0.98009058  -0.30657502  -0.75013909   2.09439510   0.66791456  -0.11840318   1.61349086  -0.94439832
  0.14362933   0.98382066  -0.30516711  -0.75046261   2.09439510   0.66737350  -0.11772073   1.61579020  -0.94427552
  0.14351979   0.98910444  -0.30273039  -0.75092093   2.09439510   0.66694837  -0.11632047   1.61973055  -0.94439387
  0.14371142   0.99277447  -0.30178121  -0.75141746   2.09436537   0.66670122  -0.11513813   1.62244219  -0.94467307
  0.14361238   0.99769157  -0.29943049  -0.75182175   2.09439510   0.66598579  -0.11364457   1.62573744  -0.94457398
  0.14417306   1.00211077  -0.29806236  -0.75243294   2.09405943   0.66582582  -0.11205561   1.62926428  -0.94520274
  0.14403577   1.00667811  -0.29586340  -0.75267582   2.09439510   0.66501652  -0.11090271   1.63204163  -0.94504765
  0.14401317   1.01088554  -0.29422869  -0.75303353   2.09439510   0.66456883  -0.10969911   1.63498293  -0.94506487
  0.14469188   1.01566634  -0.29216168  -0.75350098   2.09439510   0.66410379  -0.10827000   1.63836605  -0.94590774
  0.14523800   1.01974224  -0.29065375  -0.75399013   2.09429398   0.66365752  -0.10663685   1.64130033  -0.94629734
  0.14587037   1.02422717  -0.28916137  -0.75437001   2.09439510   0.66328268  -0.10537399   1.64447054  -0.94692010
  0.14658484   1.02853620  -0.28759421  -0.75481303   2.09417108   0.66294888  -0.10388555   1.64766326  -0.94757403
  0.14730408   1.03212376  -0.28660713  -0.75517708   2.09325669   0.66307765  -0.10265468   1.65084480  -0.94816307
  0.14809062   1.03548515  -0.28555644  -0.75553803   2.09225213   0.66311720  -0.10137199   1.65376838  -0.94878214
  0.14927967   1.03941290  -0.28411922  -0.75605313   2.09106270   0.66323532  -0.09980113   1.65730748  -0.94998200
  0.15016733   1.04248270  -0.28313829  -0.75641546   2.08959371   0.66347285  -0.09849489   1.66030929  -0.95068237
  0.15110252   1.04553084  -0.28236283  -0.75672362   2.08816345   0.66384280  -0.09746705   1.66334748  -0.95152787
  0.15252701   1.04895463  -0.28123470  -0.75712221   2.08641147   0.66433435  -0.09618278   1.66692692  -0.95291148
  0.15372092   1.05193132  -0.28032144  -0.75747502   2.08462962   0.66479803  -0.09502191   1.67010519  -0.95402357
  0.15460794   1.05434780  -0.27966814  -0.75773790   2.08287391   0.66520345  -0.09401013   1.67275482  -0.95470503
  0.15638178   1.05749116  -0.27871334  -0.75812538   2.08048372   0.66608667  -0.09289205   1.67660255  -0.95652448
  0.15725313   1.05963530  -0.27828781  -0.75832532   2.07860588   0.66661275  -0.09209094   1.67913650  -0.95718508
  0.15891936   1.06233460  -0.27737395  -0.75870462   2.07604832   0.66745223  -0.09091911   1.68265463  -0.95881344
  0.16033408   1.06463709  -0.27678014  -0.75898381   2.07369053   0.66823666  -0.09005472   1.68568276  -0.96016451
  0.16192859   1.06692098  -0.27607453  -0.75928156   2.07105239   0.66913470  -0.08905962   1.68892844  -0.96164293
  0.16343937   1.06898895  -0.27554970  -0.75956204   2.06847695   0.66999660  -0.08825840   1.69187714  -0.96312056
  0.16502444   1.07099194  -0.27506183  -0.75980842   2.06579102   0.67095469  -0.08749564   1.69490630  -0.96461807
  0.16682146   1.07296699  -0.27445789  -0.76009230   2.06280474   0.67203817  -0.08661201   1.69815873  -0.96632147
  0.16863829   1.07449500  -0.27413297  -0.76035556   2.05952756   0.67325868  -0.08595450   1.70117851  -0.96811015
  0.17043498   1.07594208  -0.27383901  -0.76060077   2.05619775   0.67451904  -0.08530168   1.70420556  -0.96983208
  0.17227766   1.07730117  -0.27356998  -0.76084048   2.05280584   0.67581137  -0.08468395   1.70720730  -0.97160341
  0.17416504   1.07856581  -0.27333058  -0.76107426   2.04934756   0.67713827  -0.08410425   1.71018176  -0.97342252
  0.17609716   1.07973124  -0.27312290  -0.76130238   2.04581882   0.67850175  -0.08356346   1.71312823  -0.97528955
  0.17794092   1.08098869  -0.27282880  -0.76149771   2.04247882   0.67980807  -0.08294483   1.71611778  -0.97695581
  0.18007085   1.08189507  -0.27273026  -0.76174446   2.03873657   0.68124638  -0.08257530   1.71891735  -0.97914647
  0.18201950   1.08294910  -0.27250878  -0.76193061   2.03523911   0.68264034  -0.08204721   1.72186182  -0.98093450
  0.18423590   1.08358228  -0.27250129  -0.76216900   2.03128310   0.68417947  -0.08175745   1.72459238  -0.98321159
  0.18663384   1.07968672  -0.27495400  -0.76230556   2.02187455   0.68845184  -0.08224849   1.72763359  -0.98532236
  0.18880424   1.08139289  -0.27431974  -0.76252244   2.01937223   0.68933910  -0.08179142   1.73031796  -0.98754068
  0.19084024   1.08283316  -0.27378889  -0.76270479   2.01668438   0.69032767  -0.08130048   1.73298491  -0.98949776
  0.19305212   1.08398889  -0.27339857  -0.76290341   2.01362520   0.69148476  -0.08093563   1.73563472  -0.99170688
  0.19547248   1.08103984  -0.27520540  -0.76307080   2.00563810   0.69498821  -0.08128683   1.73838475  -0.99395770
  0.19788401   1.08270135  -0.27466211  -0.76323545   2.00340669   0.69591015  -0.08118915   1.74094927  -0.99653521
  0.19994414   1.08360908  -0.27419041  -0.76338954   2.00056959   0.69686521  -0.08074915   1.74320606  -0.99844498
  0.20260726   1.08037930  -0.27607903  -0.76358713   1.99223586   0.70055179  -0.08122202   1.74600571  -1.00103918
  0.20519298   1.08159129  -0.27552372  -0.76378075   1.98960820   0.70157461  -0.08108722   1.74844462  -1.00376979
  0.20739744   1.08245614  -0.27516332  -0.76392402   1.98682844   0.70264351  -0.08088712   1.75074012  -1.00593580
  0.20986169   1.07936072  -0.27689278  -0.76406065   1.97919888   0.70596866  -0.08135189   1.75316662  -1.00824792
  0.21205805   1.08039988  -0.27662509  -0.76412813   1.97708430   0.70682514  -0.08150976   1.75511360  -1.01051052
  0.21468640   1.08091075  -0.27605948  -0.76433185   1.97400614   0.70798344  -0.08124817   1.75736133  -1.01315355
  0.21779131   1.07580463  -0.27893697  -0.76445983   1.96391550   0.71262325  -0.08246341   1.75994681  -1.01629895
  0.22022365   1.07685689  -0.27827855  -0.76461443   1.96183809   0.71337011  -0.08236771   1.76190332  -1.01880893
  0.22275447   1.07739378  -0.27790790  -0.76476762   1.95910664   0.71443747  -0.08240895   1.76389861  -1.02143011
  0.22529891   1.07345392  -0.27992079  -0.76486644   1.95106361   0.71797716  -0.08313267   1.76599458  -1.02385149
  0.22776745   1.07400927  -0.27955655  -0.76494476   1.94890254   0.71880104  -0.08337279   1.76756523  -1.02640328
  0.23080895   1.07361695  -0.27951522  -0.76515350   1.94508803   0.72043119  -0.08371149   1.76960884  -1.02971377
  0.23387859   1.06847906  -0.28215139  -0.76521866   1.93587462   0.72471264  -0.08504093   1.77168998  -1.03285527
  0.23600167   1.06876992  -0.28187425  -0.76525208   1.93382826   0.72547279  -0.08522732   1.77301554  -1.03492349
  0.23931160   1.06497693  -0.28361282  -0.76540286   1.92623711   0.72895164  -0.08634319   1.77500783  -1.03850470
  0.24159223   1.06469481  -0.28355287  -0.76542868   1.92367762   0.73001387  -0.08669150   1.77630747  -1.04075597
  0.24473940   1.06047126  -0.28545008  -0.76553664   1.91599479   0.73349901  -0.08788256   1.77798448  -1.04412860
  0.24684992   1.06036515  -0.28536215  -0.76548786   1.91404856   0.73441174  -0.08832779   1.77914490  -1.04616095
  0.25017182   1.05531043  -0.28768533  -0.76557730   1.90547515   0.73830974  -0.08980261   1.78072272  -1.04977367
  0.25269490   1.05494132  -0.28744889  -0.76564390   1.90324101   0.73924445  -0.09026687   1.78173491  -1.05241749
  0.25583557   1.05041663  -0.28942506  -0.76570175   1.89575241   0.74266310  -0.09167817   1.78302132  -1.05584636
  0.25805783   1.05001131  -0.28931866  -0.76566622   1.89384059   0.74351026  -0.09222457   1.78383583  -1.05805538
  0.26143344   1.04459292  -0.29154507  -0.76574395   1.88565806   0.74736505  -0.09385378   1.78504486  -1.06186333
  0.26406249   1.04262592  -0.29218903  -0.76571394   1.88194617   0.74908884  -0.09486906   1.78582994  -1.06463924
  0.26699640   1.03803700  -0.29412575  -0.76567287   1.87512210   0.75225144  -0.09642163   1.78663801  -1.06783100
  0.26944979   1.03690748  -0.29412701  -0.76567432   1.87288674   0.75332611  -0.09717134   1.78718309  -1.07043262
  0.27265695   1.03116032  -0.29659097  -0.76561324   1.86489011   0.75709688  -0.09910974   1.78789214  -1.07404215
  0.27505192   1.02978089  -0.29668545  -0.76558601   1.86263341   0.75819516  -0.09994413   1.78825041  -1.07657991
  0.27828411   1.02381013  -0.29918495  -0.76549562   1.85469300   0.76198543  -0.10201069   1.78876909  -1.08027378
  0.28067018   1.02224243  -0.29934147  -0.76544620   1.85241319   0.76307189  -0.10292702   1.78893398  -1.08280599
  0.28382572   1.01563852  -0.30213227  -0.76528498   1.84411264   0.76713658  -0.10519884   1.78931281  -1.08645268
  0.28624924   1.01403419  -0.30223639  -0.76523499   1.84199704   0.76814304  -0.10616982   1.78929874  -1.08905915
  0.28941656   1.00726949  -0.30501239  -0.76505256   1.83377306   0.77217145  -0.10852340   1.78946544  -1.09277672
  0.29184354   1.00546588  -0.30514551  -0.76499417   1.83166983   0.77319915  -0.10956687   1.78929741  -1.09542178
  0.29500413   0.99866357  -0.30787045  -0.76477788   1.82362927   0.77712503  -0.11198762   1.78924054  -1.09915969
  0.29723143   0.99714693  -0.30787142  -0.76468445   1.82218562   0.77796761  -0.11300538   1.78899642  -1.10157164
  0.30054440   0.98944388  -0.31096152  -0.76442131   1.81332685   0.78230073  -0.11573061   1.78875288  -1.10559203
  0.30283351   0.98451965  -0.31267803  -0.76414879   1.80829055   0.78482282  -0.11756544   1.78818508  -1.10819176
  0.30561204   0.97999227  -0.31399642  -0.76399635   1.80331973   0.78726805  -0.11930934   1.78783793  -1.11140781
  0.30842027   0.97767495  -0.31426188  -0.76390724   1.80114636   0.78849409  -0.12084691   1.78730706  -1.11468787
  0.31146381   0.97017092  -0.31720348  -0.76353246   1.79302977   0.79257274  -0.12362732   1.78676180  -1.11842720
  0.31407164   0.96503656  -0.31883516  -0.76328623   1.78795461   0.79524164  -0.12567915   1.78612621  -1.12159585
  0.31652545   0.96262680  -0.31907380  -0.76313199   1.78601359   0.79627742  -0.12708237   1.78530207  -1.12435171
  0.31941540   0.95458602  -0.32219823  -0.76266038   1.77763780   0.80054699  -0.13000565   1.78457499  -1.12798710
  0.32168844   0.95263534  -0.32216565  -0.76250701   1.77635749   0.80121361  -0.13122291   1.78360403  -1.13045129
  0.32451188   0.94404302  -0.32536028  -0.76202814   1.76785478   0.80558790  -0.13425792   1.78253085  -1.13417145
  0.32720616   0.94165140  -0.32546597  -0.76192355   1.76617151   0.80665130  -0.13585096   1.78160651  -1.13740583
  0.33015243   0.93397325  -0.32823177  -0.76141913   1.75856061   0.81053923  -0.13883295   1.78047332  -1.14118710
  0.33265590   0.92840199  -0.32989222  -0.76106533   1.75360812   0.81322843  -0.14112162   1.77936397  -1.14438408
  0.33496766   0.92319201  -0.33129436  -0.76068447   1.74919581   0.81551718  -0.14318086   1.77803155  -1.14718416
  0.33766125   0.92031093  -0.33158783  -0.76049545   1.74728388   0.81672194  -0.14502003   1.77680167  -1.15046566
  0.34041618   0.91211692  -0.33454617  -0.75985364   1.73938073   0.82082876  -0.14818207   1.77549456  -1.15412302
  0.34290087   0.90781528  -0.33541371  -0.75957810   1.73626176   0.82265172  -0.15025383   1.77403075  -1.15731915
  0.34515150   0.90122123  -0.33742572  -0.75902929   1.73052792   0.82562294  -0.15271557   1.77249465  -1.16019024
  0.34776031   0.89831041  -0.33766983  -0.75880967   1.72881017   0.82678321  -0.15459822   1.77110810  -1.16340773
  0.35042182   0.89012159  -0.34049228  -0.75809634   1.72118866   0.83078228  -0.15782071   1.76955448  -1.16704276
  0.35283968   0.88573760  -0.34131076  -0.75777955   1.71822974   0.83256096  -0.15996610   1.76787478  -1.17022131
  0.35500446   0.87913595  -0.34322880  -0.75717402   1.71273872   0.83546126  -0.16249473   1.76613962  -1.17307352
  0.35757049   0.87614507  -0.34342315  -0.75693116   1.71113630   0.83657992  -0.16443021   1.76455658  -1.17628279
  0.36017455   0.86825722  -0.34594973  -0.75620823   1.70420656   0.84031557  -0.16767907   1.76273358  -1.17999364
  0.36241339   0.86313507  -0.34709270  -0.75574620   1.70049972   0.84244688  -0.16997678   1.76095357  -1.18297980
  0.36449957   0.85709462  -0.34867044  -0.75513148   1.69581842   0.84498605  -0.17243796   1.75905706  -1.18575697
  0.36701265   0.85406368  -0.34879738  -0.75487583   1.69434925   0.84605384  -0.17440310   1.75730252  -1.18895424
  0.36939628   0.84626159  -0.35124328  -0.75406158   1.68766624   0.84971211  -0.17765161   1.75537761  -1.19244789
  0.37133237   0.84365492  -0.35122748  -0.75374542   1.68680171   0.85040629  -0.17920109   1.75362169  -1.19469206
  0.37356298   0.83518710  -0.35375777  -0.75292680   1.67973820   0.85420867  -0.18247700   1.75136002  -1.19818245
  0.37587257   0.83232693  -0.35380921  -0.75263953   1.67855189   0.85518646  -0.18436532   1.74960435  -1.20111909
  0.37824686   0.82464681  -0.35595616  -0.75184732   1.67211634   0.85862669  -0.18751030   1.74742758  -1.20466191
  0.38023056   0.82162741  -0.35612107  -0.75146092   1.67097288   0.85955701  -0.18935644   1.74551100  -1.20713226
  0.38244278   0.81411404  -0.35823589  -0.75064891   1.66478715   0.86299376  -0.19249144   1.74342148  -1.21057177
  0.38441898   0.81107564  -0.35831346  -0.75028655   1.66366577   0.86384420  -0.19427802   1.74138297  -1.21302777
  0.38657101   0.80371854  -0.36032840  -0.74945855   1.65767214   0.86718512  -0.19737901   1.73925727  -1.21640278
  0.38850867   0.80074263  -0.36036465  -0.74909782   1.65665157   0.86799642  -0.19915601   1.73719033  -1.21883228
  0.39058849   0.79357507  -0.36226702  -0.74826468   1.65088827   0.87122245  -0.20220369   1.73503425  -1.22213050
  0.39247235   0.79064732  -0.36227808  -0.74790020   1.64993095   0.87200665  -0.20396262   1.73295633  -1.22450584
  0.39444081   0.78655245  -0.36275356  -0.74741765   1.64775487   0.87341992  -0.20610845   1.73074922  -1.22721725
  0.39645262   0.77894436  -0.36486571  -0.74646426   1.64141822   0.87692904  -0.20933154   1.72858926  -1.23053637
  0.39806810   0.77647470  -0.36474082  -0.74612062   1.64085832   0.87750814  -0.21081701   1.72669890  -1.23248584
  0.39981296   0.77019924  -0.36606734  -0.74537883   1.63668729   0.87991699  -0.21355966   1.72402579  -1.23537360
  0.40169898   0.76521675  -0.36699659  -0.74471693   1.63322577   0.88196648  -0.21596198   1.72198886  -1.23812047
  0.40367273   0.76224197  -0.36701622  -0.74441008   1.63185334   0.88298876  -0.21775775   1.72015731  -1.24080611
  0.40544916   0.75572715  -0.36863194  -0.74350319   1.62673996   0.88585559  -0.22063878   1.71797383  -1.24370366
  0.40677863   0.75341082  -0.36853790  -0.74310698   1.62616886   0.88639465  -0.22194597   1.71626038  -1.24519813
  0.40863225   0.74968493  -0.36881801  -0.74271361   1.62447128   0.88767545  -0.22408779   1.71400168  -1.24805937
  0.41044268   0.74282570  -0.37047864  -0.74178663   1.61885415   0.89071340  -0.22701676   1.71177063  -1.25109796
  0.41188134   0.74021457  -0.37046597  -0.74140780   1.61803134   0.89143351  -0.22854577   1.70992221  -1.25297801
  0.41345973   0.73685735  -0.37072482  -0.74092816   1.61642802   0.89254231  -0.23040971   1.70790330  -1.25519054
  0.41499168   0.73111700  -0.37192748  -0.74019471   1.61208771   0.89499774  -0.23288409   1.70582187  -1.25787740
  0.41628599   0.72900624  -0.37187987  -0.73976090   1.61142357   0.89551815  -0.23420749   1.70421711  -1.25930227
  0.41799173   0.72416232  -0.37265409  -0.73914689   1.60828569   0.89749547  -0.23664700   1.70201892  -1.26218668
  0.41916468   0.72174656  -0.37267964  -0.73876493   1.60738522   0.89818017  -0.23796557   1.70040434  -1.26369436
  0.42064700   0.71835414  -0.37296194  -0.73833691   1.60558622   0.89938995  -0.23979280   1.69849164  -1.26598228
  0.42199293   0.71293887  -0.37411023  -0.73758716   1.60135017   0.90173772  -0.24211540   1.69657431  -1.26840649
  0.42326674   0.71067676  -0.37408855  -0.73723315   1.60051098   0.90239797  -0.24349228   1.69496984  -1.27009316
  0.42453535   0.70777977  -0.37426890  -0.73682509   1.59905816   0.90336901  -0.24504844   1.69324632  -1.27195483
  0.42569282   0.70533072  -0.37431261  -0.73646336   1.59788885   0.90409505  -0.24631892   1.69168655  -1.27347449
  0.42690028   0.70035350  -0.37542621  -0.73572000   1.59400961   0.90636139  -0.24860854   1.68996639  -1.27581627
  0.42782585   0.69870364  -0.37532964  -0.73539372   1.59347344   0.90674780  -0.24954809   1.68872481  -1.27682247
  0.42914378   0.69661897  -0.37512823  -0.73523340   1.59287294   0.90732393  -0.25084637   1.68707414  -1.27882691
  0.43008799   0.69405266  -0.37546762  -0.73469326   1.59148754   0.90824587  -0.25230688   1.68564629  -1.28013673
  0.43118828   0.69106249  -0.37578286  -0.73430035   1.58962126   0.90942484  -0.25380356   1.68419536  -1.28196636
  0.43207053   0.68878666  -0.37596301  -0.73388952   1.58828817   0.91016405  -0.25493067   1.68291031  -1.28309776
  0.43296979   0.68542889  -0.37651304  -0.73340703   1.58607692   0.91156987  -0.25654600   1.68146342  -1.28483513
  0.43433497   0.68432171  -0.37606748  -0.73339542   1.58580394   0.91185763  -0.25742928   1.68037477  -1.28665018
  0.43495563   0.68163760  -0.37651400  -0.73282486   1.58434568   0.91276355  -0.25878533   1.67890879  -1.28760837
  0.43589286   0.67902247  -0.37679191  -0.73249168   1.58258011   0.91382697  -0.26005675   1.67770363  -1.28920662
  0.43679603   0.67727626  -0.37677980  -0.73224408   1.58179268   0.91438794  -0.26108219   1.67653308  -1.29051926
  0.43742778   0.67451085  -0.37731327  -0.73171871   1.57978871   0.91554622  -0.26236192   1.67544017  -1.29160283
  0.43860237   0.67327173  -0.37694862  -0.73178567   1.57951403   0.91588992  -0.26326620   1.67425855  -1.29349760
  0.43900622   0.67199803  -0.37715724  -0.73137979   1.57913246   0.91631686  -0.26418143   1.67339498  -1.29404052
  0.43979644   0.66984352  -0.37727722  -0.73103803   1.57777885   0.91706016  -0.26514941   1.67228741  -1.29511740
  0.44046730   0.66785961  -0.37748960  -0.73071145   1.57647264   0.91780864  -0.26611881   1.67130519  -1.29615600
  0.44133983   0.66661188  -0.37728437  -0.73069944   1.57592007   0.91817142  -0.26682654   1.67034254  -1.29752041
  0.44186106   0.66484723  -0.37747951  -0.73038264   1.57501848   0.91868982  -0.26776839   1.66917619  -1.29837116
  0.44214211   0.66457628  -0.37727583  -0.73013624   1.57516995   0.91890803  -0.26785666   1.66936949  -1.29824599
  0.44271825   0.66135345  -0.37803858  -0.72965305   1.57258760   0.92017730  -0.26937153   1.66786458  -1.29967704
  0.44271825   0.66135345  -0.37803858  -0.72965305   1.57258760   0.92017730  -0.26937153   1.66786458  -1.29967704
  0.44395926   0.65913713  -0.37796696  -0.72932546   1.57153754   0.92092534  -0.27072081   1.66638869  -1.30145861
  0.44395926   0.65913713  -0.37796696  -0.72932546   1.57153754   0.92092534  -0.27072081   1.66638869  -1.30145861
  0.44479441   0.65711527  -0.37798011  -0.72895853   1.57053254   0.92152194  -0.27174139   1.66511272  -1.30252266
  0.44479441   0.65711527  -0.37798011  -0.72895853   1.57053254   0.92152194  -0.27174139   1.66511272  -1.30252266
  0.44559747   0.65499978  -0.37804364  -0.72869799   1.56955264   0.92227081  -0.27288650   1.66383129  -1.30396624
  0.44660249   0.65423912  -0.37808202  -0.72847660   1.56906794   0.92269508  -0.27398318   1.66312720  -1.30543581
  0.44666122   0.65261531  -0.37824491  -0.72826330   1.56798973   0.92323756  -0.27429028   1.66257085  -1.30558130
  0.44666122   0.65261531  -0.37824491  -0.72826330   1.56798973   0.92323756  -0.27429028   1.66257085  -1.30558130
  0.44774956   0.65121196  -0.37793626  -0.72828203   1.56760227   0.92363628  -0.27524512   1.66130754  -1.30740918
  0.44767096   0.65068119  -0.37823049  -0.72788848   1.56734864   0.92398235  -0.27563876   1.66131199  -1.30714544
  0.44784612   0.65060586  -0.37808959  -0.72791880   1.56712674   0.92382923  -0.27550169   1.66112543  -1.30710181
  0.44784612   0.65060586  -0.37808959  -0.72791880   1.56712674   0.92382923  -0.27550169   1.66112543  -1.30710181
  0.44819340   0.64785434  -0.37857222  -0.72741175   1.56550128   0.92486806  -0.27672856   1.65984978  -1.30799964
  0.44941045   0.64711041  -0.37833373  -0.72749840   1.56486396   0.92536847  -0.27756913   1.65932946  -1.30996830
  0.44941045   0.64711041  -0.37833373  -0.72749840   1.56486396   0.92536847  -0.27756913   1.65932946  -1.30996830
  0.44962574   0.64696280  -0.37816627  -0.72736533   1.56478791   0.92532592  -0.27750615   1.65928483  -1.30975683
  0.44962574   0.64696280  -0.37816627  -0.72736533   1.56478791   0.92532592  -0.27750615   1.65928483  -1.30975683
  0.44962574   0.64696280  -0.37816627  -0.72736533   1.56478791   0.92532592  -0.27750615   1.65928483  -1.30975683
  0.44962574   0.64696280  -0.37816627  -0.72736533   1.56478791   0.92532592  -0.27750615   1.65928483  -1.30975683
  0.44989945   0.64487261  -0.37846629  -0.72694412   1.56391188   0.92596621  -0.27854333   1.65800666  -1.31042679
  0.44989945   0.64487261  -0.37846629  -0.72694412   1.56391188   0.92596621  -0.27854333   1.65800666  -1.31042679
  0.45091992   0.64383879  -0.37835627  -0.72686298   1.56322705   0.92621739  -0.27945568   1.65689433  -1.31191735
  0.45085728   0.64366323  -0.37827209  -0.72689002   1.56335008   0.92636126  -0.27938712   1.65701822  -1.31192391
  0.45085728   0.64366323  -0.37827209  -0.72689002   1.56335008   0.92636126  -0.27938712   1.65701822  -1.31192391
  0.45085728   0.64366323  -0.37827209  -0.72689002   1.56335008   0.92636126  -0.27938712   1.65701822  -1.31192391
  0.45085728   0.64366323  -0.37827209  -0.72689002   1.56335008   0.92636126  -0.27938712   1.65701822  -1.31192391
  0.45085728   0.64366323  -0.37827209  -0.72689002   1.56335008   0.92636126  -0.27938712   1.65701822  -1.31192391
  0.45085728   0.64366323  -0.37827209  -0.72689002   1.56335008   0.92636126  -0.27938712   1.65701822  -1.31192391
  0.45085728   0.64366323  -0.37827209  -0.72689002   1.56335008   0.92636126  -0.27938712   1.65701822  -1.31192391
  0.45085728   0.64366323  -0.37827209  -0.72689002   1.56335008   0.92636126  -0.27938712   1.65701822  -1.31192391
  0.45085728   0.64366323  -0.37827209  -0.72689002   1.56335008   0.92636126  -0.27938712   1.65701822  -1.31192391
  0.45085728   0.64366323  -0.37827209  -0.72689002   1.56335008   0.92636126  -0.27938712   1.65701822  -1.31192391
  0.45085728   0.64366323  -0.37827209  -0.72689002   1.56335008   0.92636126  -0.27938712   1.65701822  -1.31192391
  0.45125707   0.64110818  -0.37868629  -0.72642231   1.56161283   0.92729809  -0.28045396   1.65585324  -1.31273397
  0.45125707   0.64110818  -0.37868629  -0.72642231   1.56161283   0.92729809  -0.28045396   1.65585324  -1.31273397
  0.45125707   0.64110818  -0.37868629  -0.72642231   1.56161283   0.92729809  -0.28045396   1.65585324  -1.31273397
  0.45125707   0.64110818  -0.37868629  -0.72642231   1.56161283   0.92729809  -0.28045396   1.65585324  -1.31273397
  0.45125707   0.64110818  -0.37868629  -0.72642231   1.56161283   0.92729809  -0.28045396   1.65585324  -1.31273397
  0.45125707   0.64110818  -0.37868629  -0.72642231   1.56161283   0.92729809  -0.28045396   1.65585324  -1.31273397
  0.45125707   0.64110818  -0.37868629  -0.72642231   1.56161283   0.92729809  -0.28045396   1.65585324  -1.31273397
  0.45125707   0.64110818  -0.37868629  -0.72642231   1.56161283   0.92729809  -0.28045396   1.65585324  -1.31273397
  0.45125707   0.64110818  -0.37868629  -0.72642231   1.56161283   0.92729809  -0.28045396   1.65585324  -1.31273397
  0.45125707   0.64110818  -0.37868629  -0.72642231   1.56161283   0.92729809  -0.28045396   1.65585324  -1.31273397
  0.45125707   0.64110818  -0.37868629  -0.72642231   1.56161283   0.92729809  -0.28045396   1.65585324  -1.31273397
