  0.41770000   0.46580000  -1.27410000  -0.43300000   2.09290000   0.69140000   0.43860000   1.64320000  -1.13520000
  0.41770000   0.46580000  -1.27410000  -0.43300000   2.09290000   0.69140000   0.43860000   1.64320000  -1.13520000
  0.41770000   0.46580000  -1.27410000  -0.43300000   2.09290000   0.69140000   0.43860000   1.64320000  -1.13520000
  0.41770000   0.46580000  -1.27410000  -0.43300000   2.09290000   0.69140000   0.43860000   1.64320000  -1.13520000
  0.41770000   0.46580000  -1.27410000  -0.43300000   2.09290000   0.69140000   0.43860000   1.64320000  -1.13520000
  0.41770000   0.46580000  -1.27410000  -0.43300000   2.09290000   0.69140000   0.43860000   1.64320000  -1.13520000
  0.41770000   0.46580000  -1.27410000  -0.43300000   2.09290000   0.69140000   0.43860000   1.64320000  -1.13520000
  0.41770000   0.46580000  -1.27410000  -0.43300000   2.09290000   0.69140000   0.43860000   1.64320000  -1.13520000
  0.41770000   0.46580000  -1.27410000  -0.43300000   2.09290000   0.69140000   0.43860000   1.64320000  -1.13520000
  0.41770000   0.46580000  -1.27410000  -0.43300000   2.09290000   0.69140000   0.43860000   1.64320000  -1.13520000
  0.41770000   0.46580000  -1.27410000  -0.43300000   2.09290000   0.69140000   0.43860000   1.64320000  -1.13520000
  0.41770000   0.46580000  -1.27410000  -0.43300000   2.09290000   0.69140000   0.43860000   1.64320000  -1.13520000
  0.41770000   0.46580000  -1.27410000  -0.43300000   2.09290000   0.69140000   0.43860000   1.64320000  -1.13520000
  0.41770000   0.46580000  -1.27410000  -0.43300000   2.09290000   0.69140000   0.43860000   1.64320000  -1.13520000
  0.41770000   0.46580000  -1.27410000  -0.43300000   2.09290000   0.69140000   0.43860000   1.64320000  -1.13520000
  0.41770000   0.46580000  -1.27410000  -0.43300000   2.09290000   0.69140000   0.43860000   1.64320000  -1.13520000
  0.41770000   0.46580000  -1.27410000  -0.43300000   2.09290000   0.69140000   0.43860000   1.64320000  -1.13520000
  0.41888834   0.46584930  -1.27358180  -0.43285429   2.09267243   0.69134394   0.43848747   1.64342657  -1.13691514
  0.41888834   0.46584930  -1.27358180  -0.43285429   2.09267243   0.69134394   0.43848747   1.64342657  -1.13691514
  0.41888834   0.46584930  -1.27358180  -0.43285429   2.09267243   0.69134394   0.43848747   1.64342657  -1.13691514
  0.41908894   0.46592671  -1.27360251  -0.43263693   2.09267400   0.69140600   0.43836005   1.64340968  -1.13677500
  0.41908894   0.46592671  -1.27360251  -0.43263693   2.09267400   0.69140600   0.43836005   1.64340968  -1.13677500
  0.41908894   0.46592671  -1.27360251  -0.43263693   2.09267400   0.69140600   0.43836005   1.64340968  -1.13677500
  0.42040892   0.46547539  -1.27333121  -0.43220015   2.09153686   0.69164861   0.43807358   1.64377853  -1.13908621
  0.41994614   0.46474092  -1.27390582  -0.43186927   2.09118781   0.69235029   0.43773593   1.64386068  -1.13827327
  0.41994614   0.46474092  -1.27390582  -0.43186927   2.09118781   0.69235029   0.43773593   1.64386068  -1.13827327
  0.42165114   0.45942291  -1.27543723  -0.42919506   2.08660784   0.69544220   0.43601329   1.64323145  -1.14099447
  0.42165114   0.45942291  -1.27543723  -0.42919506   2.08660784   0.69544220   0.43601329   1.64323145  -1.14099447
  0.42165114   0.45942291  -1.27543723  -0.42919506   2.08660784   0.69544220   0.43601329   1.64323145  -1.14099447
  0.42310419   0.45937217  -1.27484619  -0.42897108   2.08637600   0.69527519   0.43587045   1.64310883  -1.14299105
  0.42310419   0.45937217  -1.27484619  -0.42897108   2.08637600   0.69527519   0.43587045   1.64310883  -1.14299105
  0.42338007   0.45936256  -1.27480319  -0.42877997   2.08650306   0.69547257   0.43570215   1.64322896  -1.14292610
  0.42438675   0.45892851  -1.27465502  -0.42852377   2.08573435   0.69576850   0.43532965   1.64357345  -1.14490682
  0.42604721   0.45190941  -1.27703421  -0.42489190   2.07958672   0.69997004   0.43297486   1.64268481  -1.14767696
  0.42604721   0.45190941  -1.27703421  -0.42489190   2.07958672   0.69997004   0.43297486   1.64268481  -1.14767696
  0.42718866   0.45183097  -1.27664600  -0.42469288   2.07951574   0.69998864   0.43270071   1.64267319  -1.14920020
  0.42718866   0.45183097  -1.27664600  -0.42469288   2.07951574   0.69998864   0.43270071   1.64267319  -1.14920020
  0.42904258   0.44723150  -1.27795264  -0.42214507   2.07526285   0.70292912   0.43088679   1.64247441  -1.15228670
  0.42904258   0.44723150  -1.27795264  -0.42214507   2.07526285   0.70292912   0.43088679   1.64247441  -1.15228670
  0.43028144   0.44643550  -1.27778783  -0.42152053   2.07442815   0.70340681   0.43046767   1.64246117  -1.15394416
  0.43028144   0.44643550  -1.27778783  -0.42152053   2.07442815   0.70340681   0.43046767   1.64246117  -1.15394416
  0.43325252   0.43935831  -1.27953534  -0.41776400   2.06823929   0.70764827   0.42782313   1.64166590  -1.15898667
  0.43325252   0.43935831  -1.27953534  -0.41776400   2.06823929   0.70764827   0.42782313   1.64166590  -1.15898667
  0.43442076   0.43870475  -1.27941269  -0.41707971   2.06737422   0.70815190   0.42738816   1.64178301  -1.16042650
  0.43442076   0.43870475  -1.27941269  -0.41707971   2.06737422   0.70815190   0.42738816   1.64178301  -1.16042650
  0.43741156   0.43136787  -1.28117885  -0.41300809   2.06064645   0.71267140   0.42475032   1.64116011  -1.16550948
  0.43844207   0.43144031  -1.28096616  -0.41287599   2.06077033   0.71268931   0.42422708   1.64111366  -1.16702644
  0.43876877   0.43134945  -1.28074479  -0.41268481   2.06079704   0.71276098   0.42431614   1.64108847  -1.16696688
  0.44138101   0.42517165  -1.28226677  -0.40930478   2.05509906   0.71656109   0.42186953   1.64048804  -1.17191505
  0.44168877   0.42516193  -1.28211942  -0.40910628   2.05513248   0.71661121   0.42187449   1.64045345  -1.17185840
  0.44325299   0.42383322  -1.28204735  -0.40815577   2.05341284   0.71744858   0.42123004   1.64059835  -1.17449684
  0.44511334   0.41847990  -1.28338065  -0.40519490   2.04873656   0.72073835   0.41930280   1.63986289  -1.17782601
  0.44602356   0.41780912  -1.28337585  -0.40461394   2.04804159   0.72125598   0.41879703   1.63987699  -1.17909103
  0.44771886   0.41760983  -1.28276330  -0.40425521   2.04756846   0.72134501   0.41845015   1.63998879  -1.18158561
  0.44990691   0.40928059  -1.28510931  -0.39975898   2.04046590   0.72656882   0.41542161   1.63883999  -1.18603985
  0.45073231   0.40879364  -1.28501627  -0.39923200   2.03987938   0.72698628   0.41506717   1.63891550  -1.18703825
  0.45254089   0.40870098  -1.28424139  -0.39889393   2.03935452   0.72689025   0.41489125   1.63892958  -1.18965239
  0.45427161   0.40200953  -1.28623343  -0.39499770   2.03336821   0.73146385   0.41224264   1.63846051  -1.19316550
  0.45551483   0.40140345  -1.28595750  -0.39443121   2.03271493   0.73178164   0.41184780   1.63826978  -1.19487302
  0.45738881   0.40118091  -1.28521110  -0.39397713   2.03207011   0.73179511   0.41160326   1.63826533  -1.19753385
  0.45959554   0.39204929  -1.28769921  -0.38880759   2.02405266   0.73780447   0.40828577   1.63729142  -1.20233339
  0.46130493   0.39212631  -1.28703356  -0.38859360   2.02406092   0.73768249   0.40785681   1.63713604  -1.20474954
  0.46310548   0.38634121  -1.28844769  -0.38507492   2.01870634   0.74158684   0.40565288   1.63660939  -1.20835870
  0.46435083   0.38572698  -1.28816770  -0.38443888   2.01799189   0.74196635   0.40524319   1.63646789  -1.21001964
  0.46695074   0.37929141  -1.28928920  -0.38056855   2.01206067   0.74609737   0.40287171   1.63563373  -1.21511649
  0.46853845   0.37855649  -1.28900023  -0.37983709   2.01129593   0.74665199   0.40213177   1.63553589  -1.21748377
  0.47105656   0.37259800  -1.28998569  -0.37618746   2.00589275   0.75050741   0.39980456   1.63463528  -1.22242333
  0.47240099   0.37159825  -1.28979852  -0.37524410   2.00468505   0.75126618   0.39922865   1.63465721  -1.22433132
  0.47505064   0.36572325  -1.29065745  -0.37159759   1.99936692   0.75509861   0.39684806   1.63373289  -1.22957413
  0.47633320   0.36514362  -1.29037638  -0.37084405   1.99847995   0.75560874   0.39638543   1.63382412  -1.23126834
  0.47910353   0.35942525  -1.29112624  -0.36710407   1.99295111   0.75948249   0.39402146   1.63318169  -1.23673543
  0.48043553   0.35853022  -1.29087267  -0.36624282   1.99198630   0.76012300   0.39347029   1.63304372  -1.23857253
  0.48305772   0.35163810  -1.29186712  -0.36185578   1.98548317   0.76464763   0.39102601   1.63201707  -1.24401259
  0.48515201   0.35191310  -1.29122603  -0.36149397   1.98549645   0.76467486   0.39009527   1.63203361  -1.24709644
  0.48755714   0.34358339  -1.29262545  -0.35618305   1.97760214   0.77024428   0.38740842   1.63092545  -1.25247584
  0.48950722   0.34270672  -1.29205943  -0.35535918   1.97679823   0.77078372   0.38665530   1.63055769  -1.25543667
  0.49227334   0.33638200  -1.29284569  -0.35114582   1.97090408   0.77514121   0.38395963   1.62955117  -1.26130304
  0.49383593   0.33566733  -1.29237143  -0.35027447   1.96987397   0.77571691   0.38349050   1.62958190  -1.26343791
  0.49692478   0.32883576  -1.29305084  -0.34568734   1.96345366   0.78036999   0.38065437   1.62837665  -1.27002478
  0.49845906   0.32801468  -1.29264634  -0.34469689   1.96228078   0.78104789   0.38011936   1.62838371  -1.27213090
  0.50127694   0.32076063  -1.29336954  -0.33976627   1.95518671   0.78597443   0.37753856   1.62722272  -1.27832841
  0.50313981   0.32022747  -1.29287574  -0.33890593   1.95444827   0.78648940   0.37668322   1.62705517  -1.28103154
  0.50641652   0.31329953  -1.29332326  -0.33407085   1.94765962   0.79137150   0.37380778   1.62603052  -1.28818400
  0.50809487   0.31233133  -1.29283767  -0.33303355   1.94657034   0.79209082   0.37316600   1.62579526  -1.29056996
  0.51119904   0.30326943  -1.29378813  -0.32691140   1.93819986   0.79823168   0.36975306   1.62377513  -1.29808644
  0.51338182   0.30316685  -1.29289574  -0.32629941   1.93765848   0.79844064   0.36914441   1.62382828  -1.30117683
  0.51633397   0.29593391  -1.29345737  -0.32109760   1.93064403   0.80360849   0.36613794   1.62248513  -1.30804113
  0.51820286   0.29530701  -1.29274199  -0.32015989   1.92955505   0.80416651   0.36565810   1.62253588  -1.31062106
  0.52123706   0.28814010  -1.29302911  -0.31487997   1.92213670   0.80923079   0.36307891   1.62134170  -1.31751202
  0.52371800   0.28712617  -1.29227062  -0.31366415   1.92099582   0.81010959   0.36185585   1.62099886  -1.32154299
  0.52669258   0.27868608  -1.29279098  -0.30763438   1.91294501   0.81597511   0.35873008   1.61901482  -1.32892230
  0.52891646   0.27859923  -1.29193059  -0.30693058   1.91237468   0.81633268   0.35791089   1.61918306  -1.33215274
  0.53189917   0.27085598  -1.29219707  -0.30107567   1.90427613   0.82189590   0.35522019   1.61780828  -1.33926703
  0.53443811   0.26995564  -1.29116399  -0.29998339   1.90316456   0.82252922   0.35438729   1.61736503  -1.34319642
  0.53734087   0.26183519  -1.29154537  -0.29394086   1.89531382   0.82840686   0.35115035   1.61545957  -1.35066619
  0.53964379   0.26163352  -1.29055033  -0.29313407   1.89448179   0.82875038   0.35054800   1.61556155  -1.35388538
  0.54301202   0.25369765  -1.29049213  -0.28712575   1.88659640   0.83445201   0.34742412   1.61361452  -1.36217880
  0.54538581   0.25300576  -1.28951911  -0.28592812   1.88512476   0.83514907   0.34678368   1.61369057  -1.36564652
  0.54875014   0.24650739  -1.28912779  -0.28073287   1.87829157   0.83995997   0.34408271   1.61223714  -1.37344779
  0.55145978   0.24229357  -1.28863936  -0.27713091   1.87383830   0.84311904   0.34211200   1.61108431  -1.37913404
  0.55438470   0.23807950  -1.28794890  -0.27346325   1.86909637   0.84629881   0.34030454   1.61012936  -1.38513067
  0.55662236   0.23749059  -1.28695619  -0.27240140   1.86787395   0.84695464   0.33971488   1.61025347  -1.38833983
  0.56029353   0.23038042  -1.28637559  -0.26657843   1.86026264   0.85230737   0.33674096   1.60858914  -1.39710796
  0.56315046   0.22577944  -1.28570152  -0.26263990   1.85534045   0.85568390   0.33478906   1.60715563  -1.40324860
  0.56579371   0.22477962  -1.28456479  -0.26114983   1.85346948   0.85663279   0.33404678   1.60713699  -1.40727572
  0.56889787   0.21694266  -1.28425270  -0.25477991   1.84533596   0.86255535   0.33096239   1.60512053  -1.41549199
  0.57174285   0.21642447  -1.28291430  -0.25365776   1.84403945   0.86309388   0.33025592   1.60499886  -1.41969145
  0.57527366   0.20982411  -1.28205894  -0.24804917   1.83669481   0.86811170   0.32765732   1.60335639  -1.42809373
  0.57824377   0.20596074  -1.28113695  -0.24444694   1.83229827   0.87113793   0.32577032   1.60218736  -1.43424873
  0.58139700   0.20222548  -1.28003188  -0.24087854   1.82771639   0.87408927   0.32410205   1.60125650  -1.44057433
  0.58450029   0.19836843  -1.27895758  -0.23722427   1.82310645   0.87715663   0.32232642   1.60024180  -1.44694432
  0.58769962   0.19452557  -1.27778723  -0.23355262   1.81840446   0.88019145   0.32063188   1.59921724  -1.45343572
  0.59085121   0.19071650  -1.27663357  -0.22988861   1.81377604   0.88324380   0.31888217   1.59819211  -1.45988432
  0.59410949   0.18696506  -1.27537524  -0.22624058   1.80909542   0.88623197   0.31722306   1.59717000  -1.46644954
  0.59732157   0.18321960  -1.27413555  -0.22257983   1.80445572   0.88925490   0.31550835   1.59613998  -1.47298207
  0.60063371   0.17954933  -1.27279725  -0.21895145   1.79979185   0.89220427   0.31387941   1.59511790  -1.47961423
  0.60391066   0.17587729  -1.27147031  -0.21530481   1.79514889   0.89518845   0.31220551   1.59408659  -1.48622683
  0.60727470   0.17228488  -1.27005680  -0.21169713   1.79050120   0.89810113   0.31060535   1.59306479  -1.49292025
  0.61061862   0.16869245  -1.26864380  -0.20807297   1.78586152   0.90104058   0.30897528   1.59203471  -1.49960785
  0.61403451   0.16517865  -1.26715807  -0.20448997   1.78123199   0.90391504   0.30740477   1.59101457  -1.50635728
  0.61744606   0.16167185  -1.26566160  -0.20089651   1.77660321   0.90680452   0.30582006   1.58998836  -1.51311314
  0.62091507   0.15823884  -1.26410567  -0.19734325   1.77199422   0.90963768   0.30428133   1.58897161  -1.51991417
  0.62439372   0.15482381  -1.26252936  -0.19378893   1.76738535   0.91247223   0.30274237   1.58795204  -1.52673005
  0.62791804   0.15147518  -1.26090463  -0.19027149   1.76280004   0.91525973   0.30123834   1.58694083  -1.53357865
  0.63146236   0.14815685  -1.25925287  -0.18676387   1.75821971   0.91803544   0.29974460   1.58593039  -1.54044582
  0.63504439   0.14489765  -1.25756069  -0.18328956   1.75366285   0.92077175   0.29827839   1.58492726  -1.54733754
  0.63865263   0.14167905  -1.25583815  -0.17983475   1.74911790   0.92348606   0.29682889   1.58392796  -1.55424780
  0.64191935   0.14102311  -1.25412960  -0.17848120   1.74731144   0.92424021   0.29618092   1.58383070  -1.55905003
  0.64611923   0.13571616  -1.25221036  -0.17322356   1.74022309   0.92864236   0.29407354   1.58227180  -1.56822887
  0.64967829   0.13233894  -1.25046714  -0.16966214   1.73562726   0.93140065   0.29262181   1.58093605  -1.57509443
  0.65301792   0.13175677  -1.24870392  -0.16835564   1.73386127   0.93212561   0.29197666   1.58087477  -1.57995726
  0.65732290   0.12657056  -1.24665595  -0.16315855   1.72675195   0.93644876   0.28998994   1.57931100  -1.58919706
  0.66059895   0.12593437  -1.24491873  -0.16182969   1.72508012   0.93714458   0.28931107   1.57898673  -1.59393898
  0.66494330   0.12094272  -1.24281905  -0.15675876   1.71810501   0.94135270   0.28736780   1.57746829  -1.60314474
  0.66838200   0.11789162  -1.24113182  -0.15333933   1.71336293   0.94401917   0.28626232   1.57665940  -1.60943519
  0.67227807   0.11754099  -1.23897973  -0.15226876   1.71206974   0.94441878   0.28543883   1.57607238  -1.61515976
  0.67642063   0.11270367  -1.23700722  -0.14723562   1.70510702   0.94865714   0.28352621   1.57479727  -1.62394588
  0.68015663   0.10976777  -1.23506480  -0.14397731   1.70048173   0.95116029   0.28252159   1.57385131  -1.63061309
  0.68410200   0.10952461  -1.23288110  -0.14298213   1.69924635   0.95148546   0.28173104   1.57328508  -1.63631628
  0.68832029   0.10502503  -1.23083211  -0.13819386   1.69250549   0.95549741   0.27994977   1.57212655  -1.64498357
  0.69216615   0.10224582  -1.22880594  -0.13505797   1.68797420   0.95789649   0.27899474   1.57120544  -1.65171341
  0.69616957   0.10208386  -1.22658252  -0.13412994   1.68680105   0.95815806   0.27822236   1.57062724  -1.65742683
  0.70045893   0.09787064  -1.22446937  -0.12955902   1.68025025   0.96197660   0.27655400   1.56956387  -1.66599089
  0.70413563   0.09797071  -1.22243159  -0.12887021   1.67940035   0.96200935   0.27599474   1.56910108  -1.67086054
  0.70883968   0.09349409  -1.22002174  -0.12414294   1.67237670   0.96595220   0.27445242   1.56786374  -1.68012587
  0.71262470   0.09110137  -1.21804371  -0.12128648   1.66815467   0.96813997   0.27357131   1.56715325  -1.68649771
  0.71674767   0.09101810  -1.21573924  -0.12044036   1.66704801   0.96834254   0.27279574   1.56654204  -1.69232101
  0.72123337   0.08727238  -1.21348196  -0.11625333   1.66085553   0.97180742   0.27128391   1.56555359  -1.70084312
  0.72519692   0.08505865  -1.21137752  -0.11357418   1.65675771   0.97382564   0.27050862   1.56483237  -1.70731727
  0.72937379   0.08504796  -1.20904147  -0.11279572   1.65570377   0.97397096   0.26974956   1.56421744  -1.71315210
  0.73390663   0.08156982  -1.20675370  -0.10883364   1.64972478   0.97724709   0.26832855   1.56331950  -1.72153437
  0.73767816   0.08179259  -1.20465465  -0.10828206   1.64899497   0.97719500   0.26777953   1.56286015  -1.72642827
  0.74255017   0.07799911  -1.20214040  -0.10412222   1.64245716   0.98066255   0.26649360   1.56183823  -1.73538563
  0.74623143   0.07823659  -1.20011570  -0.10356193   1.64174854   0.98064487   0.26588812   1.56143154  -1.74015473
  0.75111639   0.07515772  -1.19764369  -0.09995657   1.63562507   0.98360321   0.26500960   1.56096214  -1.74848787
  0.75517428   0.07368693  -1.19542730  -0.09794082   1.63290863   0.98503250   0.26381994   1.55994612  -1.75501892
  0.75927618   0.07360679  -1.19317988  -0.09711307   1.63148382   0.98528774   0.26328652   1.55957490  -1.76053946
  0.76415654   0.07022599  -1.19065440  -0.09333579   1.62546881   0.98842207   0.26203365   1.55851647  -1.76922971
  0.76786971   0.07058795  -1.18861771  -0.09289272   1.62489312   0.98830871   0.26143747   1.55812125  -1.77394085
  0.77284788   0.06822726  -1.18611435  -0.08989603   1.61952461   0.99072332   0.26066104   1.55783727  -1.78195246
  0.77639522   0.06837260  -1.18409049  -0.08941557   1.61906971   0.99076787   0.25991114   1.55730248  -1.78668550
  0.78158560   0.06607764  -1.18149273  -0.08642365   1.61375985   0.99308039   0.25901985   1.55674017  -1.79500615
  0.78549296   0.06594781  -1.17930198  -0.08565902   1.61271084   0.99333700   0.25827854   1.55608072  -1.80034130
  0.79034355   0.06306779  -1.17680589  -0.08235300   1.60725624   0.99608460   0.25713800   1.55514691  -1.80859809
  0.79410283   0.06354689  -1.17473657  -0.08205458   1.60683390   0.99586072   0.25656506   1.55473759  -1.81328282
  0.79909329   0.06191242  -1.17224952  -0.07970288   1.60230211   0.99770499   0.25589187   1.55463124  -1.82083834
  0.80300230   0.06193494  -1.17006916  -0.07907772   1.60140874   0.99784537   0.25515965   1.55401114  -1.82609393
  0.80738630   0.06183712  -1.16778835  -0.07814625   1.59954026   0.99827265   0.25454138   1.55385783  -1.83200101
  0.81222506   0.05899766  -1.16532432  -0.07491764   1.59411757   1.00101177   0.25338107   1.55293443  -1.84017432
  0.81600390   0.05950419  -1.16322078  -0.07471627   1.59378894   1.00072343   0.25284834   1.55245951  -1.84484098
  0.82007293   0.05986554  -1.16109599  -0.07422605   1.59266035   1.00081399   0.25227607   1.55255740  -1.85005491
  0.82538806   0.05801826  -1.15845997  -0.07175568   1.58772355   1.00281905   0.25156214   1.55229512  -1.85816395
  0.82883280   0.05810369  -1.15664037  -0.07110753   1.58680253   1.00291610   0.25097599   1.55174781  -1.86245357
  0.83345950   0.05816234  -1.15415173  -0.07045129   1.58530640   1.00317258   0.25027706   1.55148232  -1.86874859
  0.83780294   0.05797177  -1.15190433  -0.06951876   1.58335792   1.00366885   0.24965694   1.55128627  -1.87460342
  0.84263718   0.05529995  -1.14944722  -0.06654991   1.57817415   1.00622553   0.24857459   1.55032615  -1.88256848
  0.84633207   0.05591073  -1.14739686  -0.06647396   1.57801766   1.00584920   0.24804310   1.54986331  -1.88704825
  0.85031487   0.05644656  -1.14532137  -0.06618835   1.57717007   1.00577650   0.24750008   1.54996035  -1.89201605
  0.85537435   0.05575295  -1.14282570  -0.06472543   1.57385288   1.00683077   0.24684827   1.54992746  -1.89913598
  0.85897488   0.05606985  -1.14092295  -0.06431424   1.57313198   1.00676345   0.24627685   1.54951001  -1.90357647
  0.86297030   0.05642731  -1.13879176  -0.06399178   1.57221563   1.00677328   0.24572830   1.54944567  -1.90868133
  0.86772539   0.05654358  -1.13634924  -0.06332961   1.57039141   1.00700045   0.24518603   1.54927086  -1.91492383
  0.87208483   0.05498557  -1.13426752  -0.06121896   1.56639846   1.00878544   0.24431519   1.54903368  -1.92147610
  0.87577775   0.05551293  -1.13221980  -0.06111791   1.56618752   1.00841992   0.24377418   1.54839688  -1.92597644
  0.87966358   0.05602520  -1.13015808  -0.06094622   1.56547570   1.00830012   0.24327117   1.54839147  -1.93082478
  0.88426789   0.05639604  -1.12781467  -0.06049779   1.56401016   1.00833815   0.24272583   1.54831140  -1.93672996
  0.88822033   0.05650465  -1.12581922  -0.05988301   1.56255644   1.00860039   0.24213811   1.54824066  -1.94181769
  0.89242983   0.05671086  -1.12364025  -0.05940436   1.56124440   1.00869847   0.24157555   1.54799031  -1.94724594
  0.89598376   0.05695818  -1.12192455  -0.05883504   1.55994769   1.00887435   0.24106364   1.54804324  -1.95157283
  0.90044689   0.05726390  -1.11951908  -0.05856361   1.55891142   1.00884827   0.24045021   1.54771826  -1.95745178
  0.90394367   0.05756093  -1.11783719  -0.05804513   1.55769895   1.00898068   0.23994110   1.54778180  -1.96167963
  0.90839440   0.05792701  -1.11543811  -0.05784283   1.55673965   1.00889262   0.23935594   1.54746114  -1.96750104
  0.91186412   0.05819266  -1.11374815  -0.05738720   1.55548210   1.00899579   0.23901876   1.54752867  -1.97159955
  0.91596800   0.05865041  -1.11158679  -0.05715710   1.55475893   1.00894363   0.23820258   1.54734133  -1.97702565
  0.91955515   0.05922526  -1.10971444  -0.05704059   1.55428718   1.00875851   0.23761086   1.54725292  -1.98145076
  0.92358124   0.05970647  -1.10768499  -0.05680215   1.55319256   1.00865301   0.23720347   1.54722038  -1.98639244
  0.92700730   0.06020187  -1.10588715  -0.05670256   1.55263799   1.00848873   0.23679296   1.54716601  -1.99050590
  0.93083695   0.06090276  -1.10393508  -0.05663156   1.55206414   1.00822322   0.23623151   1.54713073  -1.99519083
  0.93486274   0.06146084  -1.10190136  -0.05646363   1.55112843   1.00807005   0.23571855   1.54708953  -2.00022054
  0.93852190   0.06194608  -1.10004679  -0.05626845   1.55032962   1.00795505   0.23521314   1.54702214  -2.00472499
  0.94203924   0.06245582  -1.09827952  -0.05608614   1.54958228   1.00784808   0.23471175   1.54703816  -2.00901212
  0.94530171   0.06309164  -1.09654177  -0.05615129   1.54935951   1.00753989   0.23429080   1.54695645  -2.01289294
  0.94912665   0.06385988  -1.09463309  -0.05612318   1.54873727   1.00724574   0.23376230   1.54701331  -2.01754677
  0.95229633   0.06453217  -1.09297637  -0.05618970   1.54849365   1.00690771   0.23340033   1.54696059  -2.02121499
  0.95612006   0.06538129  -1.09105690  -0.05624542   1.54801066   1.00654083   0.23284486   1.54700542  -2.02589701
  0.95969797   0.06614680  -1.08922202  -0.05632605   1.54762916   1.00615560   0.23240287   1.54693718  -2.03018709
  0.96273466   0.06702546  -1.08768547  -0.05639184   1.54777555   1.00581169   0.23156555   1.54698061  -2.03395035
  0.96606359   0.06785800  -1.08594855  -0.05663171   1.54751791   1.00529628   0.23144996   1.54697923  -2.03762942
  0.96923164   0.06871296  -1.08433379  -0.05678599   1.54740569   1.00491578   0.23096563   1.54712933  -2.04137517
  0.97268150   0.06957645  -1.08260092  -0.05694485   1.54701613   1.00447904   0.23066133   1.54723483  -2.04537108
  0.97558707   0.07033852  -1.08108216  -0.05711904   1.54698150   1.00408187   0.23031108   1.54726947  -2.04869204
  0.97899789   0.07131342  -1.07937719  -0.05731586   1.54680795   1.00359659   0.22983398   1.54737341  -2.05272640
  0.98184199   0.07213134  -1.07789486  -0.05752506   1.54686711   1.00315176   0.22946649   1.54739554  -2.05596312
  0.98515960   0.07314781  -1.07622473  -0.05778870   1.54679536   1.00261528   0.22903595   1.54750605  -2.05984865
  0.98790764   0.07398668  -1.07479179  -0.05802745   1.54690745   1.00215271   0.22869237   1.54755274  -2.06294504
  0.99112269   0.07504653  -1.07317523  -0.05832888   1.54692877   1.00158208   0.22826570   1.54767755  -2.06668369
  0.99379367   0.07591386  -1.07178257  -0.05859492   1.54710471   1.00109743   0.22792224   1.54773472  -2.06968132
  0.99653326   0.07680768  -1.07036618  -0.05890067   1.54714969   1.00063415   0.22770984   1.54798448  -2.07268506
  0.99950795   0.07803021  -1.06891825  -0.05920311   1.54755314   0.99993815   0.22691128   1.54788229  -2.07636807
  1.00267389   0.07905449  -1.06711628  -0.05977413   1.54809371   0.99914801   0.22666212   1.54759891  -2.07999722
  1.00523775   0.07996190  -1.06576198  -0.06012620   1.54833442   0.99854259   0.22651480   1.54756333  -2.08268778
  1.00789846   0.08107045  -1.06442562  -0.06043351   1.54884560   0.99806918   0.22567936   1.54782853  -2.08605315
  1.01025650   0.08203399  -1.06335938  -0.06064875   1.54857443   0.99761297   0.22576274   1.54834449  -2.08818439
  1.01290504   0.08307730  -1.06199571  -0.06103558   1.54890913   0.99703956   0.22535766   1.54850734  -2.09123879
  1.01563269   0.08417575  -1.06060692  -0.06148250   1.54911355   0.99638109   0.22517238   1.54869075  -2.09422223
  1.01788671   0.08505808  -1.05942169  -0.06182252   1.54944954   0.99586401   0.22491890   1.54878925  -2.09666298
  1.02071520   0.08627346  -1.05796186  -0.06225300   1.55012529   0.99510846   0.22419724   1.54862067  -2.10013689
  1.02300414   0.08713585  -1.05671037  -0.06269091   1.55044889   0.99449594   0.22416110   1.54859882  -2.10252385
  1.02533452   0.08807355  -1.05546847  -0.06308345   1.55088453   0.99390449   0.22388665   1.54860723  -2.10507909
  1.02774892   0.08912030  -1.05420313  -0.06352648   1.55137310   0.99332085   0.22347244   1.54877450  -2.10790467
  1.02980236   0.09027498  -1.05330727  -0.06386256   1.55143735   0.99280197   0.22338664   1.54943018  -2.10982348
  1.03183712   0.09121034  -1.05224228  -0.06424262   1.55190739   0.99225527   0.22310693   1.54955309  -2.11202404
  1.03394251   0.09220076  -1.05114175  -0.06467697   1.55234561   0.99167058   0.22291481   1.54974115  -2.11425308
  1.03641766   0.09344999  -1.04986122  -0.06526050   1.55292239   0.99086765   0.22263816   1.54982957  -2.11702587
  1.03845711   0.09428875  -1.04872907  -0.06563889   1.55354965   0.99029038   0.22226074   1.54965113  -2.11936739
  1.04015282   0.09522540  -1.04792856  -0.06594622   1.55380845   0.98982768   0.22213655   1.55004495  -2.12096607
  1.04228332   0.09638926  -1.04684405  -0.06646168   1.55435971   0.98914253   0.22188045   1.55027178  -2.12327960
  1.04399161   0.09724522  -1.04594245  -0.06683326   1.55483034   0.98862855   0.22169790   1.55039537  -2.12504503
  1.04640416   0.09830042  -1.04461892  -0.06737884   1.55551715   0.98779991   0.22135733   1.55003098  -2.12789431
  1.04783057   0.09927765  -1.04396967  -0.06770636   1.55586664   0.98741440   0.22119507   1.55068140  -2.12919003
  1.04948002   0.10014796  -1.04309946  -0.06808588   1.55639699   0.98689619   0.22095683   1.55079260  -2.13094839
  1.05121514   0.10108922  -1.04220965  -0.06847436   1.55691493   0.98632868   0.22070559   1.55089076  -2.13279645
  1.05287083   0.10200719  -1.04135535  -0.06888525   1.55737224   0.98575691   0.22058723   1.55101998  -2.13446756
  1.05445702   0.10286659  -1.04049846  -0.06931583   1.55790260   0.98523697   0.22042067   1.55116974  -2.13616592
  1.05655204   0.10383506  -1.03935958  -0.06981304   1.55851332   0.98446583   0.22017057   1.55083795  -2.13857799
  1.05765521   0.10462527  -1.03884135  -0.07008162   1.55888403   0.98416714   0.22001947   1.55137317  -2.13954644
  1.05885126   0.10541781  -1.03824234  -0.07039317   1.55935532   0.98377153   0.21982539   1.55166494  -2.14072141
  1.06055410   0.10636445  -1.03732850  -0.07087970   1.55993408   0.98312495   0.21966841   1.55166333  -2.14256913
  1.06196054   0.10719031  -1.03658227  -0.07126898   1.56045986   0.98262652   0.21949619   1.55178966  -2.14404498
  1.06329602   0.10800966  -1.03586927  -0.07167554   1.56096374   0.98213766   0.21939482   1.55197426  -2.14539148
  1.06524684   0.10896148  -1.03479680  -0.07223612   1.56157327   0.98133230   0.21918674   1.55159036  -2.14776122
  1.06542895   0.10892364  -1.03465540  -0.07212708   1.56171674   0.98144310   0.21912664   1.55168930  -2.14768103
  1.06680879   0.11007454  -1.03410764  -0.07246114   1.56214352   0.98094635   0.21878809   1.55224020  -2.14907627
  1.06874256   0.11097668  -1.03295647  -0.07308612   1.56292852   0.98024825   0.21854844   1.55204718  -2.15147791
  1.06908028   0.11106469  -1.03281074  -0.07292542   1.56297017   0.98022439   0.21855620   1.55201560  -2.15134955
  1.07099404   0.11216020  -1.03174093  -0.07367985   1.56369289   0.97949324   0.21822486   1.55208857  -2.15404831
  1.07140742   0.11226700  -1.03157473  -0.07344429   1.56373441   0.97947555   0.21822774   1.55205226  -2.15382419
  1.07339444   0.11334579  -1.03044352  -0.07422286   1.56432757   0.97866155   0.21825416   1.55206494  -2.15620811
  1.07339444   0.11334579  -1.03044352  -0.07422286   1.56432757   0.97866155   0.21825416   1.55206494  -2.15620811
  1.07477367   0.11453547  -1.02983893  -0.07463533   1.56493587   0.97812611   0.21795516   1.55261656  -2.15753717
  1.07477367   0.11453547  -1.02983893  -0.07463533   1.56493587   0.97812611   0.21795516   1.55261656  -2.15753717
  1.07639681   0.11564042  -1.02896966  -0.07517896   1.56568566   0.97747454   0.21781019   1.55286366  -2.15913243
  1.07773933   0.11650093  -1.02825557  -0.07564956   1.56627358   0.97684340   0.21760633   1.55273905  -2.16074790
  1.07773933   0.11650093  -1.02825557  -0.07564956   1.56627358   0.97684340   0.21760633   1.55273905  -2.16074790
  1.07891492   0.11735721  -1.02765047  -0.07598555   1.56686791   0.97642568   0.21743513   1.55306907  -2.16177738
  1.07891492   0.11735721  -1.02765047  -0.07598555   1.56686791   0.97642568   0.21743513   1.55306907  -2.16177738
  1.08053432   0.11811179  -1.02665706  -0.07655047   1.56748525   0.97579802   0.21748569   1.55292464  -2.16351831
  1.08070871   0.11828387  -1.02669052  -0.07634748   1.56750718   0.97577592   0.21726825   1.55292279  -2.16345247
  1.08070871   0.11828387  -1.02669052  -0.07634748   1.56750718   0.97577592   0.21726825   1.55292279  -2.16345247
  1.08227377   0.11917326  -1.02579595  -0.07690361   1.56822154   0.97522697   0.21696066   1.55301901  -2.16548460
  1.08227377   0.11917326  -1.02579595  -0.07690361   1.56822154   0.97522697   0.21696066   1.55301901  -2.16548460
  1.08317389   0.12017140  -1.02540568  -0.07730283   1.56870737   0.97473871   0.21699192   1.55353652  -2.16603367
  1.08317389   0.12017140  -1.02540568  -0.07730283   1.56870737   0.97473871   0.21699192   1.55353652  -2.16603367
  1.08453931   0.12095073  -1.02463518  -0.07777099   1.56925730   0.97410107   0.21696468   1.55333699  -2.16748738
  1.08453931   0.12095073  -1.02463518  -0.07777099   1.56925730   0.97410107   0.21696468   1.55333699  -2.16748738
  1.08453931   0.12095073  -1.02463518  -0.07777099   1.56925730   0.97410107   0.21696468   1.55333699  -2.16748738
  1.08554675   0.12172292  -1.02414559  -0.07804965   1.56981217   0.97372566   0.21664481   1.55354931  -2.16857750
  1.08554675   0.12172292  -1.02414559  -0.07804965   1.56981217   0.97372566   0.21664481   1.55354931  -2.16857750
  1.08554675   0.12172292  -1.02414559  -0.07804965   1.56981217   0.97372566   0.21664481   1.55354931  -2.16857750
  1.08554675   0.12172292  -1.02414559  -0.07804965   1.56981217   0.97372566   0.21664481   1.55354931  -2.16857750
  1.08684607   0.12243595  -1.02339124  -0.07849336   1.57029941   0.97318313   0.21671725   1.55350961  -2.16982945
  1.08684607   0.12243595  -1.02339124  -0.07849336   1.57029941   0.97318313   0.21671725   1.55350961  -2.16982945
  1.08684607   0.12243595  -1.02339124  -0.07849336   1.57029941   0.97318313   0.21671725   1.55350961  -2.16982945
  1.08684607   0.12243595  -1.02339124  -0.07849336   1.57029941   0.97318313   0.21671725   1.55350961  -2.16982945
  1.08701515   0.12242453  -1.02326112  -0.07839550   1.57049085   0.97330466   0.21658341   1.55364850  -2.16981468
  1.08701515   0.12242453  -1.02326112  -0.07839550   1.57049085   0.97330466   0.21658341   1.55364850  -2.16981468
  1.08701515   0.12242453  -1.02326112  -0.07839550   1.57049085   0.97330466   0.21658341   1.55364850  -2.16981468
  1.08701515   0.12242453  -1.02326112  -0.07839550   1.57049085   0.97330466   0.21658341   1.55364850  -2.16981468
  1.08809046   0.12325041  -1.02277814  -0.07870746   1.57097749   0.97283313   0.21619847   1.55370478  -2.17119687
  1.08809046   0.12325041  -1.02277814  -0.07870746   1.57097749   0.97283313   0.21619847   1.55370478  -2.17119687
  1.08809046   0.12325041  -1.02277814  -0.07870746   1.57097749   0.97283313   0.21619847   1.55370478  -2.17119687
  1.08809046   0.12325041  -1.02277814  -0.07870746   1.57097749   0.97283313   0.21619847   1.55370478  -2.17119687
  1.08809046   0.12325041  -1.02277814  -0.07870746   1.57097749   0.97283313   0.21619847   1.55370478  -2.17119687
  1.08809046   0.12325041  -1.02277814  -0.07870746   1.57097749   0.97283313   0.21619847   1.55370478  -2.17119687
  1.08809046   0.12325041  -1.02277814  -0.07870746   1.57097749   0.97283313   0.21619847   1.55370478  -2.17119687
  1.08809046   0.12325041  -1.02277814  -0.07870746   1.57097749   0.97283313   0.21619847   1.55370478  -2.17119687
  1.08809046   0.12325041  -1.02277814  -0.07870746   1.57097749   0.97283313   0.21619847   1.55370478  -2.17119687
  1.08809046   0.12325041  -1.02277814  -0.07870746   1.57097749   0.97283313   0.21619847   1.55370478  -2.17119687
  1.08809046   0.12325041  -1.02277814  -0.07870746   1.57097749   0.97283313   0.21619847   1.55370478  -2.17119687
  1.08809046   0.12325041  -1.02277814  -0.07870746   1.57097749   0.97283313   0.21619847   1.55370478  -2.17119687
  1.08809046   0.12325041  -1.02277814  -0.07870746   1.57097749   0.97283313   0.21619847   1.55370478  -2.17119687
