  0.41770000   0.46580000  -1.27410000  -0.43300000   2.09290000   0.69140000   0.43860000   1.64320000  -1.13520000
  0.41770000   0.46580000  -1.27410000  -0.43300000   2.09290000   0.69140000   0.43860000   1.64320000  -1.13520000
  0.41770000   0.46580000  -1.27410000  -0.43300000   2.09290000   0.69140000   0.43860000   1.64320000  -1.13520000
  0.41770000   0.46580000  -1.27410000  -0.43300000   2.09290000   0.69140000   0.43860000   1.64320000  -1.13520000
  0.41770000   0.46580000  -1.27410000  -0.43300000   2.09290000   0.69140000   0.43860000   1.64320000  -1.13520000
  0.41770000   0.46580000  -1.27410000  -0.43300000   2.09290000   0.69140000   0.43860000   1.64320000  -1.13520000
  0.41770000   0.46580000  -1.27410000  -0.43300000   2.09290000   0.69140000   0.43860000   1.64320000  -1.13520000
  0.41770000   0.46580000  -1.27410000  -0.43300000   2.09290000   0.69140000   0.43860000   1.64320000  -1.13520000
  0.41770000   0.46580000  -1.27410000  -0.43300000   2.09290000   0.69140000   0.43860000   1.64320000  -1.13520000
  0.41770000   0.46580000  -1.27410000  -0.43300000   2.09290000   0.69140000   0.43860000   1.64320000  -1.13520000
  0.41770000   0.46580000  -1.27410000  -0.43300000   2.09290000   0.69140000   0.43860000   1.64320000  -1.13520000
  0.41770000   0.46580000  -1.27410000  -0.43300000   2.09290000   0.69140000   0.43860000   1.64320000  -1.13520000
  0.41770000   0.46580000  -1.27410000  -0.43300000   2.09290000   0.69140000   0.43860000   1.64320000  -1.13520000
  0.41770000   0.46580000  -1.27410000  -0.43300000   2.09290000   0.69140000   0.43860000   1.64320000  -1.13520000
  0.41770000   0.46580000  -1.27410000  -0.43300000   2.09290000   0.69140000   0.43860000   1.64320000  -1.13520000
  0.41770000   0.46580000  -1.27410000  -0.43300000   2.09290000   0.69140000   0.43860000   1.64320000  -1.13520000
  0.41770000   0.46580000  -1.27410000  -0.43300000   2.09290000   0.69140000   0.43860000   1.64320000  -1.13520000
  0.41770000   0.46580000  -1.27410000  -0.43300000   2.09290000   0.69140000   0.43860000   1.64320000  -1.13520000
  0.41770000   0.46580000  -1.27410000  -0.43300000   2.09290000   0.69140000   0.43860000   1.64320000  -1.13520000
  0.41770000   0.46580000  -1.27410000  -0.43300000   2.09290000   0.69140000   0.43860000   1.64320000  -1.13520000
  0.41770000   0.46580000  -1.27410000  -0.43300000   2.09290000   0.69140000   0.43860000   1.64320000  -1.13520000
  0.41770000   0.46580000  -1.27410000  -0.43300000   2.09290000   0.69140000   0.43860000   1.64320000  -1.13520000
  0.41770000   0.46580000  -1.27410000  -0.43300000   2.09290000   0.69140000   0.43860000   1.64320000  -1.13520000
  0.41888270   0.46584906  -1.27358426  -0.43285498   2.09267351   0.69134421   0.43848800   1.64342549  -1.13690699
  0.41888270   0.46584906  -1.27358426  -0.43285498   2.09267351   0.69134421   0.43848800   1.64342549  -1.13690699
  0.41888270   0.46584906  -1.27358426  -0.43285498   2.09267351   0.69134421   0.43848800   1.64342549  -1.13690699
  0.41888270   0.46584906  -1.27358426  -0.43285498   2.09267351   0.69134421   0.43848800   1.64342549  -1.13690699
  0.41907931   0.46592591  -1.27360618  -0.43264035   2.09267447   0.69140539   0.43836148   1.64340854  -1.13676752
  0.41907931   0.46592591  -1.27360618  -0.43264035   2.09267447   0.69140539   0.43836148   1.64340854  -1.13676752
  0.41907931   0.46592591  -1.27360618  -0.43264035   2.09267447   0.69140539   0.43836148   1.64340854  -1.13676752
  0.41907931   0.46592591  -1.27360618  -0.43264035   2.09267447   0.69140539   0.43836148   1.64340854  -1.13676752
  0.42029995   0.46547707  -1.27335480  -0.43223629   2.09160192   0.69164960   0.43809878   1.64376512  -1.13892613
  0.41983738   0.46478246  -1.27393223  -0.43190854   2.09125431   0.69231882   0.43776126   1.64383042  -1.13811690
  0.42017243   0.46463292  -1.27367060  -0.43169120   2.09109818   0.69226030   0.43799081   1.64362307  -1.13811664
  0.42001195   0.46463017  -1.27382291  -0.43183195   2.09100747   0.69223866   0.43788939   1.64366681  -1.13838360
  0.42195557   0.45842671  -1.27572533  -0.42880789   2.08597906   0.69590692   0.43564874   1.64285944  -1.14158558
  0.42195557   0.45842671  -1.27572533  -0.42880789   2.08597906   0.69590692   0.43564874   1.64285944  -1.14158558
  0.42195557   0.45842671  -1.27572533  -0.42880789   2.08597906   0.69590692   0.43564874   1.64285944  -1.14158558
  0.42195557   0.45842671  -1.27572533  -0.42880789   2.08597906   0.69590692   0.43564874   1.64285944  -1.14158558
  0.42270338   0.45804954  -1.27564623  -0.42835515   2.08541040   0.69619886   0.43540900   1.64294417  -1.14241451
  0.42270338   0.45804954  -1.27564623  -0.42835515   2.08541040   0.69619886   0.43540900   1.64294417  -1.14241451
  0.42396379   0.45803681  -1.27524509  -0.42811602   2.08521151   0.69622406   0.43509613   1.64306531  -1.14415410
  0.42396379   0.45803681  -1.27524509  -0.42811602   2.08521151   0.69622406   0.43509613   1.64306531  -1.14415410
  0.42396379   0.45803681  -1.27524509  -0.42811602   2.08521151   0.69622406   0.43509613   1.64306531  -1.14415410
  0.42396379   0.45803681  -1.27524509  -0.42811602   2.08521151   0.69622406   0.43509613   1.64306531  -1.14415410
  0.42627797   0.45224824  -1.27681654  -0.42500255   2.07978513   0.69978991   0.43301287   1.64280263  -1.14803112
  0.42627797   0.45224824  -1.27681654  -0.42500255   2.07978513   0.69978991   0.43301287   1.64280263  -1.14803112
  0.42627797   0.45224824  -1.27681654  -0.42500255   2.07978513   0.69978991   0.43301287   1.64280263  -1.14803112
  0.42755250   0.45193106  -1.27641262  -0.42473814   2.07947863   0.69988408   0.43272948   1.64275781  -1.14988152
  0.42776190   0.45193321  -1.27639796  -0.42452796   2.07952487   0.70001207   0.43261532   1.64278274  -1.14972298
  0.42776190   0.45193321  -1.27639796  -0.42452796   2.07952487   0.70001207   0.43261532   1.64278274  -1.14972298
  0.42914511   0.45134321  -1.27612590  -0.42394185   2.07845969   0.70035539   0.43228200   1.64298272  -1.15179639
  0.42914511   0.45134321  -1.27612590  -0.42394185   2.07845969   0.70035539   0.43228200   1.64298272  -1.15179639
  0.42914511   0.45134321  -1.27612590  -0.42394185   2.07845969   0.70035539   0.43228200   1.64298272  -1.15179639
  0.43174663   0.44136668  -1.27935410  -0.41886980   2.06995558   0.70653417   0.42865863   1.64200133  -1.15658803
  0.43174663   0.44136668  -1.27935410  -0.41886980   2.06995558   0.70653417   0.42865863   1.64200133  -1.15658803
  0.43275653   0.44089829  -1.27914811  -0.41847241   2.06954510   0.70675864   0.42834551   1.64185506  -1.15790446
  0.43275653   0.44089829  -1.27914811  -0.41847241   2.06954510   0.70675864   0.42834551   1.64185506  -1.15790446
  0.43409108   0.43988910  -1.27907209  -0.41769250   2.06832831   0.70747272   0.42779139   1.64205337  -1.15987140
  0.43409108   0.43988910  -1.27907209  -0.41769250   2.06832831   0.70747272   0.42779139   1.64205337  -1.15987140
  0.43678271   0.43283485  -1.28086268  -0.41398378   2.06232206   0.71168080   0.42517768   1.64107031  -1.16457911
  0.43678271   0.43283485  -1.28086268  -0.41398378   2.06232206   0.71168080   0.42517768   1.64107031  -1.16457911
  0.43760244   0.43225204  -1.28087151  -0.41335402   2.06153206   0.71214767   0.42480136   1.64113501  -1.16551485
  0.43896745   0.43214141  -1.28035329  -0.41301343   2.06111514   0.71207333   0.42465056   1.64103860  -1.16731998
  0.43899694   0.43199041  -1.28032561  -0.41305224   2.06126600   0.71231004   0.42455517   1.64126390  -1.16738491
  0.44095378   0.42576267  -1.28210834  -0.40956548   2.05539978   0.71617775   0.42235249   1.64065514  -1.17104748
  0.44095378   0.42576267  -1.28210834  -0.40956548   2.05539978   0.71617775   0.42235249   1.64065514  -1.17104748
  0.44218882   0.42513270  -1.28202898  -0.40893939   2.05471367   0.71667942   0.42171846   1.64066759  -1.17275553
  0.44356468   0.42461080  -1.28152800  -0.40865254   2.05412937   0.71688259   0.42147900   1.64073704  -1.17503052
  0.44512065   0.41779774  -1.28374995  -0.40488336   2.04833825   0.72122967   0.41889009   1.63975658  -1.17798928
  0.44512065   0.41779774  -1.28374995  -0.40488336   2.04833825   0.72122967   0.41889009   1.63975658  -1.17798928
  0.44635758   0.41722293  -1.28348343  -0.40424677   2.04750404   0.72162728   0.41855240   1.63983081  -1.17958267
  0.44804779   0.41696086  -1.28287715  -0.40390822   2.04701729   0.72173871   0.41819224   1.63993187  -1.18216013
  0.44804779   0.41696086  -1.28287715  -0.40390822   2.04701729   0.72173871   0.41819224   1.63993187  -1.18216013
  0.45068250   0.40818408  -1.28527936  -0.39895145   2.03920401   0.72734038   0.41494032   1.63890951  -1.18720098
  0.45173440   0.40802812  -1.28484870  -0.39882224   2.03913885   0.72731472   0.41473522   1.63875530  -1.18876213
  0.45206301   0.40807426  -1.28478037  -0.39855386   2.03919818   0.72743090   0.41460545   1.63877408  -1.18864061
  0.45424210   0.40145119  -1.28643052  -0.39489960   2.03322005   0.73158939   0.41210368   1.63795854  -1.19330154
  0.45535431   0.40141790  -1.28590067  -0.39474612   2.03304144   0.73151119   0.41201840   1.63794574  -1.19486623
  0.45569571   0.40146280  -1.28582877  -0.39448051   2.03313733   0.73166069   0.41186026   1.63800552  -1.19475478
  0.45740794   0.39690473  -1.28687251  -0.39180392   2.02862465   0.73464123   0.41011418   1.63773371  -1.19842124
  0.45863822   0.39581946  -1.28677643  -0.39098141   2.02753243   0.73533450   0.40954749   1.63759545  -1.20025191
  0.46052164   0.39090418  -1.28781832  -0.38816674   2.02330711   0.73847588   0.40756597   1.63685145  -1.20398541
  0.46159313   0.39078646  -1.28729307  -0.38791803   2.02294396   0.73838745   0.40758589   1.63674615  -1.20539245
  0.46278695   0.38691020  -1.28837788  -0.38545534   2.01934987   0.74120769   0.40588021   1.63658313  -1.20776114
  0.46378646   0.38638713  -1.28816103  -0.38494089   2.01872153   0.74151272   0.40555493   1.63645836  -1.20914897
  0.46568959   0.38137410  -1.28906978  -0.38197624   2.01415540   0.74471271   0.40375221   1.63578897  -1.21294298
  0.46665869   0.38105675  -1.28890245  -0.38153844   2.01377632   0.74500196   0.40328404   1.63574694  -1.21428346
  0.46805904   0.37980247  -1.28875237  -0.38053225   2.01228573   0.74586928   0.40268497   1.63577037  -1.21649035
  0.47008471   0.37408999  -1.28991708  -0.37719334   2.00741043   0.74957495   0.40037404   1.63480239  -1.22076295
  0.47140407   0.37400878  -1.28940849  -0.37687288   2.00703319   0.74960361   0.40010989   1.63481074  -1.22264263
  0.47225214   0.37285213  -1.28946020  -0.37586128   2.00563225   0.75052836   0.39965559   1.63495629  -1.22376596
  0.47435013   0.36600677  -1.29085877  -0.37181055   1.99959288   0.75494718   0.39714453   1.63380748  -1.22841356
  0.47558227   0.36585480  -1.29046472  -0.37147619   1.99936794   0.75508917   0.39671086   1.63375841  -1.23017081
  0.47666294   0.36487295  -1.29036720  -0.37054859   1.99805260   0.75586456   0.39623431   1.63388126  -1.23175584
  0.47876144   0.35872424  -1.29139324  -0.36682492   1.99251011   0.75983106   0.39406337   1.63286813  -1.23627593
  0.48024882   0.35892136  -1.29095094  -0.36657465   1.99254443   0.75985054   0.39338999   1.63287758  -1.23846077
  0.48182146   0.35403389  -1.29175989  -0.36332782   1.98753962   0.76320731   0.39186970   1.63255937  -1.24171226
  0.48331038   0.35300648  -1.29141049  -0.36262678   1.98686781   0.76374289   0.39120088   1.63201535  -1.24408390
  0.48497913   0.34874840  -1.29203227  -0.35978953   1.98276613   0.76661898   0.38961892   1.63140963  -1.24745296
  0.48639009   0.34777434  -1.29181990  -0.35891212   1.98173418   0.76737398   0.38885806   1.63130983  -1.24973018
  0.48854605   0.34241442  -1.29255982  -0.35549497   1.97692759   0.77096505   0.38665789   1.63033541  -1.25439864
  0.48963311   0.34186183  -1.29226273  -0.35484585   1.97614926   0.77141347   0.38630670   1.63036776  -1.25588095
  0.49157328   0.33684367  -1.29286554  -0.35150997   1.97127599   0.77478327   0.38453570   1.62962231  -1.26000102
  0.49321200   0.33705747  -1.29234450  -0.35122498   1.97129157   0.77480565   0.38379978   1.62961107  -1.26243088
  0.49487224   0.33189250  -1.29305509  -0.34763921   1.96587820   0.77843648   0.38220543   1.62924989  -1.26604322
  0.49647680   0.33077198  -1.29263713  -0.34683958   1.96513759   0.77905018   0.38145490   1.62862212  -1.26865831
  0.49853546   0.32429489  -1.29361402  -0.34266025   1.95943504   0.78341619   0.37890710   1.62722030  -1.27358503
  0.49962026   0.32398973  -1.29330904  -0.34205105   1.95876425   0.78380072   0.37852119   1.62738228  -1.27500165
  0.50137285   0.32323332  -1.29271624  -0.34119824   1.95754563   0.78444221   0.37799797   1.62758443  -1.27777303
  0.50355133   0.31631922  -1.29370432  -0.33650523   1.95090524   0.78921242   0.37543964   1.62638117  -1.28304555
  0.50529792   0.31559913  -1.29309695  -0.33580583   1.95024763   0.78962967   0.37481421   1.62597236  -1.28574549
  0.50695863   0.31083487  -1.29370746  -0.33236557   1.94549743   0.79307360   0.37296296   1.62530536  -1.28953073
  0.50844143   0.31008199  -1.29318822  -0.33165406   1.94467602   0.79361953   0.37244454   1.62518820  -1.29187414
  0.51098456   0.30408936  -1.29365156  -0.32748944   1.93912902   0.79774213   0.36991946   1.62379867  -1.29765018
  0.51232912   0.30379976  -1.29319235  -0.32686604   1.93843201   0.79805842   0.36950341   1.62384321  -1.29952016
  0.51471695   0.29893001  -1.29333601  -0.32336351   1.93362544   0.80149675   0.36748706   1.62296435  -1.30478414
  0.51593725   0.29821453  -1.29296240  -0.32252838   1.93265888   0.80210768   0.36705417   1.62296419  -1.30650900
  0.51810822   0.29269574  -1.29331380  -0.31851046   1.92704184   0.80598299   0.36504750   1.62196835  -1.31154609
  0.51992615   0.29196008  -1.29275112  -0.31765311   1.92624583   0.80660079   0.36417281   1.62170522  -1.31449040
  0.52214626   0.28725415  -1.29281548  -0.31414591   1.92140764   0.80991918   0.36239853   1.62082385  -1.31937809
  0.52393003   0.28472470  -1.29264780  -0.31210341   1.91891881   0.81177419   0.36108163   1.62019338  -1.32286138
  0.52588348   0.28174351  -1.29244385  -0.30968328   1.91570537   0.81397298   0.35976914   1.61968290  -1.32674698
  0.52788493   0.27733678  -1.29253135  -0.30641368   1.91153020   0.81710904   0.35788472   1.61857605  -1.33131671
  0.52923457   0.27676224  -1.29200902  -0.30562628   1.91058323   0.81765536   0.35751586   1.61868595  -1.33321593
  0.53162359   0.27117308  -1.29212125  -0.30135821   1.90471885   0.82169440   0.35540747   1.61763923  -1.33886023
  0.53348158   0.27091415  -1.29124573  -0.30084385   1.90428530   0.82180791   0.35500601   1.61731827  -1.34150349
  0.53560162   0.26580395  -1.29152749  -0.29678626   1.89895427   0.82580896   0.35263193   1.61657668  -1.34681434
  0.53721068   0.26518253  -1.29084042  -0.29601485   1.89815687   0.82625973   0.35219095   1.61634478  -1.34914461
  0.53949087   0.25955118  -1.29084369  -0.29170369   1.89223740   0.83030772   0.35024320   1.61522681  -1.35466246
  0.54115981   0.25914981  -1.29026049  -0.29093382   1.89161671   0.83074167   0.34949020   1.61500450  -1.35716235
  0.54377150   0.25301638  -1.29017818  -0.28624385   1.88530473   0.83522225   0.34714768   1.61372544  -1.36363931
  0.54554766   0.25222116  -1.28947684  -0.28529624   1.88434242   0.83581643   0.34649407   1.61334592  -1.36640184
  0.54773045   0.24676458  -1.28950317  -0.28095072   1.87859227   0.83993276   0.34434925   1.61228297  -1.37189692
  0.54950402   0.24648790  -1.28871793  -0.28033115   1.87807838   0.84020794   0.34380001   1.61208858  -1.37447038
  0.55214022   0.24154448  -1.28831071  -0.27635898   1.87282325   0.84386340   0.34177755   1.61094837  -1.38060534
  0.55355848   0.24077177  -1.28774017  -0.27538341   1.87170465   0.84456176   0.34133418   1.61092216  -1.38265953
  0.55621409   0.23533896  -1.28741646  -0.27093219   1.86580301   0.84864148   0.33913708   1.60970858  -1.38905190
  0.55784009   0.23486846  -1.28672774  -0.27013656   1.86500747   0.84901531   0.33865681   1.60940914  -1.39137075
  0.56021447   0.22997221  -1.28646833  -0.26598214   1.85953595   0.85287421   0.33657267   1.60854884  -1.39714395
  0.56270673   0.22625082  -1.28571726  -0.26302340   1.85595104   0.85544467   0.33496089   1.60707195  -1.40255689
  0.56456919   0.22540248  -1.28494709  -0.26183762   1.85441588   0.85624030   0.33441702   1.60708802  -1.40543831
  0.56662247   0.22094934  -1.28469747  -0.25797405   1.84935825   0.85977314   0.33263272   1.60629428  -1.41041392
  0.56872157   0.22058279  -1.28372508  -0.25721666   1.84865197   0.86012123   0.33198360   1.60601490  -1.41357989
  0.57152004   0.21485730  -1.28310679  -0.25254516   1.84250188   0.86437426   0.32980861   1.60450343  -1.42052660
  0.57326592   0.21386675  -1.28238105  -0.25131959   1.84107371   0.86524060   0.32918578   1.60430391  -1.42328678
  0.57590307   0.20903511  -1.28174082  -0.24720471   1.83579726   0.86893732   0.32714318   1.60299982  -1.42961426
  0.57752600   0.20845521  -1.28101103  -0.24625915   1.83472235   0.86950955   0.32672191   1.60294773  -1.43189063
  0.58026030   0.20291898  -1.28037347  -0.24149413   1.82831884   0.87375489   0.32467881   1.60165098  -1.43866793
  0.58232270   0.20282934  -1.27940008  -0.24091840   1.82800507   0.87397473   0.32391946   1.60139566  -1.44173668
  0.58493544   0.19833861  -1.27857369  -0.23693915   1.82250490   0.87737906   0.32248839   1.60039693  -1.44762457
  0.58685212   0.19722951  -1.27776498  -0.23560193   1.82108773   0.87838477   0.32160889   1.60005096  -1.45086080
  0.58955049   0.19158510  -1.27700530  -0.23084207   1.81497054   0.88263695   0.31947845   1.59833153  -1.45773084
  0.59156966   0.19099793  -1.27607350  -0.22980608   1.81376671   0.88323635   0.31889278   1.59819124  -1.46076859
  0.59424274   0.18666847  -1.27521906  -0.22587179   1.80867667   0.88668826   0.31703661   1.59707515  -1.46702241
  0.59605862   0.18615551  -1.27431240  -0.22499137   1.80766469   0.88720056   0.31663533   1.59699898  -1.46960142
  0.59878147   0.18111210  -1.27345792  -0.22041014   1.80139899   0.89116445   0.31491479   1.59586337  -1.47612876
  0.60086324   0.18082972  -1.27242681  -0.21968855   1.80086320   0.89147829   0.31422470   1.59548238  -1.47919917
  0.60383271   0.17595284  -1.27135749  -0.21531137   1.79513761   0.89532160   0.31224605   1.59411776  -1.48629314
  0.60559737   0.17539099  -1.27047900  -0.21437286   1.79407108   0.89588472   0.31184348   1.59402140  -1.48876981
  0.60861362   0.17129303  -1.26933222  -0.21042771   1.78874155   0.89922588   0.31015992   1.59305738  -1.49545910
  0.61074142   0.17038751  -1.26831330  -0.20917901   1.78732807   0.89998309   0.30946904   1.59255611  -1.49885363
  0.61358098   0.16513817  -1.26722726  -0.20453365   1.78125535   0.90404418   0.30756523   1.59092310  -1.50587518
  0.61567722   0.16512552  -1.26623127  -0.20387291   1.78073843   0.90434910   0.30679881   1.59091366  -1.50893261
  0.61826469   0.16070489  -1.26516731  -0.19976484   1.77486026   0.90781628   0.30571853   1.59001276  -1.51471702
  0.62074927   0.16010453  -1.26393775  -0.19869394   1.77383198   0.90842059   0.30479502   1.58950397  -1.51869761
  0.62362108   0.15556588  -1.26275603  -0.19447834   1.76827575   0.91203738   0.30306918   1.58813650  -1.52542090
  0.62579949   0.15483796  -1.26163770  -0.19335586   1.76687413   0.91271724   0.30256517   1.58790158  -1.52871746
  0.62865695   0.15067627  -1.26045967  -0.18934603   1.76162172   0.91614864   0.30082924   1.58671287  -1.53528622
  0.63093231   0.15045344  -1.25926977  -0.18858407   1.76073580   0.91641755   0.30039356   1.58648573  -1.53845884
  0.63389888   0.14595885  -1.25799063  -0.18431365   1.75497805   0.92007180   0.29875329   1.58524101  -1.54530147
  0.63612601   0.14526845  -1.25682028  -0.18323099   1.75363413   0.92072076   0.29824814   1.58497388  -1.54866219
  0.63906638   0.14127077  -1.25553257  -0.17930889   1.74844061   0.92404502   0.29660022   1.58380410  -1.55527369
  0.64138179   0.14107792  -1.25431286  -0.17856210   1.74756846   0.92430126   0.29616013   1.58357431  -1.55848497
  0.64441465   0.13677605  -1.25294004  -0.17439846   1.74189481   0.92783816   0.29460769   1.58237029  -1.56532847
  0.64670237   0.13613560  -1.25172063  -0.17334805   1.74057480   0.92845276   0.29411530   1.58209649  -1.56874780
  0.64971032   0.13229337  -1.25034415  -0.16951269   1.73543612   0.93168038   0.29254844   1.58095553  -1.57537426
  0.65207403   0.13213644  -1.24908743  -0.16879240   1.73458949   0.93191316   0.29210967   1.58071724  -1.57863104
  0.65517222   0.12803074  -1.24763089  -0.16474697   1.72900930   0.93532853   0.29064385   1.57956050  -1.58546199
  0.65752003   0.12744521  -1.24636488  -0.16373521   1.72772022   0.93590371   0.29016492   1.57928027  -1.58893363
  0.66059468   0.12376684  -1.24490802  -0.16000125   1.72265048   0.93902624   0.28868043   1.57817439  -1.59555898
  0.66300405   0.12364732  -1.24361700  -0.15931111   1.72183317   0.93923391   0.28824314   1.57792867  -1.59885554
  0.66616624   0.11973872  -1.24208602  -0.15539363   1.71635552   0.94252428   0.28686234   1.57682240  -1.60566131
  0.66857193   0.11921268  -1.24077690  -0.15442662   1.71510509   0.94305595   0.28639644   1.57653686  -1.60917761
  0.67171280   0.11570583  -1.23924722  -0.15080839   1.71011877   0.94606469   0.28499553   1.57547086  -1.61578729
  0.67416364   0.11562485  -1.23792600  -0.15015091   1.70933361   0.94624662   0.28455903   1.57521973  -1.61911616
  0.67738783   0.11191491  -1.23632951  -0.14637131   1.70396924   0.94940792   0.28326129   1.57416680  -1.62588408
  0.67982388   0.11180727  -1.23501388  -0.14570241   1.70317964   0.94963021   0.28278972   1.57392636  -1.62923231
  0.68308587   0.10819477  -1.23337627  -0.14200409   1.69790079   0.95271581   0.28153043   1.57287250  -1.63599038
  0.68554023   0.10810441  -1.23204800  -0.14135033   1.69712193   0.95292711   0.28106082   1.57263265  -1.63935164
  0.68883144   0.10458692  -1.23038295  -0.13772270   1.69190180   0.95594941   0.27984024   1.57160440  -1.64608615
  0.69130769   0.10451982  -1.22903891  -0.13709080   1.69114414   0.95614161   0.27937463   1.57135974  -1.64946074
  0.69462604   0.10109874  -1.22734986  -0.13353591   1.68598436   0.95910029   0.27819198   1.57036119  -1.65616679
  0.69712400   0.10105668  -1.22599040  -0.13292776   1.68525050   0.95927137   0.27773083   1.57011127  -1.65955293
  0.70046820   0.09773261  -1.22427969  -0.12944773   1.68015369   0.96216561   0.27658543   1.56914397  -1.66622705
  0.70298687   0.09771636  -1.22290578  -0.12886423   1.67944499   0.96231479   0.27612871   1.56888889  -1.66962259
  0.70635569   0.09448968  -1.22117549  -0.12546112   1.67441403   0.96514370   0.27501985   1.56795372  -1.67626163
  0.70889386   0.09449977  -1.21978825  -0.12490291   1.67373160   0.96527046   0.27456740   1.56769373  -1.67966434
  0.71184484   0.09375575  -1.21825532  -0.12357845   1.67157270   0.96615344   0.27407268   1.56767880  -1.68410146
  0.71532420   0.08974996  -1.21640725  -0.11962660   1.66587457   0.96950847   0.27275953   1.56619065  -1.69140979
  0.71780432   0.08978417  -1.21508037  -0.11905013   1.66518372   0.96963805   0.27229215   1.56594218  -1.69468085
  0.72081462   0.08919353  -1.21350308  -0.11786686   1.66322402   0.97038894   0.27180262   1.56590785  -1.69912409
  0.72430748   0.08529513  -1.21164244  -0.11400337   1.65755298   0.97367529   0.27057765   1.56448397  -1.70633289
  0.72678716   0.08535746  -1.21032393  -0.11344287   1.65686395   0.97379240   0.27011918   1.56425605  -1.70956695
  0.72963748   0.08522109  -1.20878825  -0.11272615   1.65565563   0.97413693   0.26970741   1.56425209  -1.71350745
  0.73336420   0.08163814  -1.20686239  -0.10899334   1.65000742   0.97732318   0.26845409   1.56315718  -1.72093242
  0.73593469   0.08172235  -1.20545745  -0.10850661   1.64940319   0.97733499   0.26805571   1.56275814  -1.72424521
  0.73898345   0.08117805  -1.20386229  -0.10737949   1.64745414   0.97806331   0.26758678   1.56274723  -1.72869408
  0.74252068   0.07744559  -1.20196775  -0.10366946   1.64187716   0.98123832   0.26645259   1.56136304  -1.73580200
  0.74503606   0.07759600  -1.20062555  -0.10319786   1.64128694   0.98127546   0.26601420   1.56112333  -1.73901312
  0.74837124   0.07731847  -1.19883964  -0.10231907   1.63965017   0.98172731   0.26556291   1.56099586  -1.74376177
  0.75152340   0.07460989  -1.19723882  -0.09938984   1.63497903   0.98423984   0.26479312   1.56042884  -1.74951808
  0.75432098   0.07487785  -1.19567018  -0.09907570   1.63480135   0.98414081   0.26409229   1.55991854  -1.75333808
  0.75741776   0.07437271  -1.19407636  -0.09796511   1.63278288   0.98482575   0.26369343   1.55987997  -1.75773042
  0.76100074   0.07107475  -1.19216804  -0.09461427   1.62761153   0.98769513   0.26263270   1.55864701  -1.76462934
  0.76381328   0.07154278  -1.19046084  -0.09471068   1.62779675   0.98721100   0.26240125   1.55804000  -1.76807396
  0.76706179   0.07028622  -1.18900012  -0.09266312   1.62427577   0.98884248   0.26159990   1.55829937  -1.77328869
  0.76980200   0.06936798  -1.18756878  -0.09130907   1.62212615   0.98979745   0.26111708   1.55794331  -1.77733118
  0.77259478   0.06931480  -1.18598640  -0.09082997   1.62136854   0.98993995   0.26070714   1.55758539  -1.78109591
  0.77622625   0.06737043  -1.18418981  -0.08839510   1.61729916   0.99195191   0.25979989   1.55721428  -1.78728302
  0.77911666   0.06714093  -1.18254608  -0.08777332   1.61636043   0.99215414   0.25937213   1.55656487  -1.79124622
  0.78220838   0.06678189  -1.18092914  -0.08685128   1.61470057   0.99269611   0.25888854   1.55639794  -1.79560336
  0.78525988   0.06624478  -1.17933642  -0.08579120   1.61285263   0.99338588   0.25837234   1.55618187  -1.79999777
  0.78836371   0.06565327  -1.17770678  -0.08469806   1.61096100   0.99409706   0.25783634   1.55587830  -1.80450580
  0.79192516   0.06273324  -1.17582797  -0.08169792   1.60619810   0.99669728   0.25682303   1.55474207  -1.81109840
  0.79475900   0.06326120  -1.17417676  -0.08174053   1.60639772   0.99629380   0.25632689   1.55421972  -1.81470464
  0.79770732   0.06260179  -1.17285713  -0.08036215   1.60358636   0.99732418   0.25607183   1.55469935  -1.81872596
  0.80049493   0.06260056  -1.17127435  -0.07995297   1.60297772   0.99742581   0.25557621   1.55427030  -1.82250217
  0.80393746   0.06228899  -1.16947138  -0.07907945   1.60121033   0.99789945   0.25511953   1.55401393  -1.82731833
  0.80715256   0.05977124  -1.16788033  -0.07635929   1.59666929   1.00031361   0.25432312   1.55344443  -1.83299432
  0.81002036   0.05989187  -1.16624655  -0.07605032   1.59623262   1.00023878   0.25384885   1.55282484  -1.83678130
  0.81318365   0.05989531  -1.16459241  -0.07547344   1.59498331   1.00046104   0.25344099   1.55269136  -1.84100419
  0.81598646   0.06011389  -1.16313656  -0.07504782   1.59430006   1.00059114   0.25278888   1.55264746  -1.84477812
  0.81969130   0.05763163  -1.16124673  -0.07245230   1.58954317   1.00284008   0.25227409   1.55192222  -1.85096593
  0.82241774   0.05819147  -1.15961788  -0.07260715   1.58992991   1.00233924   0.25185491   1.55129391  -1.85431070
  0.82530514   0.05817062  -1.15827754  -0.07182797   1.58828822   1.00282912   0.25138204   1.55168967  -1.85813354
  0.82828770   0.05801740  -1.15671974  -0.07117371   1.58694434   1.00316848   0.25099148   1.55152354  -1.86212503
  0.83144599   0.05782013  -1.15506737  -0.07047598   1.58548990   1.00353566   0.25055745   1.55128278  -1.86643507
  0.83456489   0.05673039  -1.15351424  -0.06896786   1.58281387   1.00476704   0.24988132   1.55101461  -1.87122589
  0.83729578   0.05692683  -1.15202036  -0.06869155   1.58229871   1.00469448   0.24949385   1.55061810  -1.87467606
  0.84015647   0.05708284  -1.15051072  -0.06832761   1.58146474   1.00481739   0.24905278   1.55059647  -1.87842889
  0.84333543   0.05693401  -1.14890309  -0.06762116   1.57987738   1.00518861   0.24867590   1.55048754  -1.88266551
  0.84605162   0.05687079  -1.14745382  -0.06714621   1.57885710   1.00542383   0.24834125   1.55035016  -1.88620641
  0.84974702   0.05529156  -1.14564103  -0.06521203   1.57518903   1.00705441   0.24763044   1.54990799  -1.89206582
  0.85254136   0.05576149  -1.14390935  -0.06546248   1.57552965   1.00651092   0.24738577   1.54914440  -1.89549439
  0.85490055   0.05589844  -1.14287208  -0.06482559   1.57437510   1.00684864   0.24691121   1.54950336  -1.89835367
  0.85776579   0.05614201  -1.14142227  -0.06445118   1.57354278   1.00692413   0.24639267   1.54945468  -1.90209047
  0.86105977   0.05605359  -1.13970694  -0.06390286   1.57210100   1.00721902   0.24602087   1.54933357  -1.90653595
  0.86414149   0.05585563  -1.13810130  -0.06327585   1.57068995   1.00756691   0.24561408   1.54907447  -1.91070591
  0.86679054   0.05605244  -1.13671317  -0.06294785   1.57010290   1.00764809   0.24503268   1.54893689  -1.91420683
  0.86978352   0.05585988  -1.13520178  -0.06230083   1.56853752   1.00802562   0.24475776   1.54884900  -1.91811373
  0.87273790   0.05571497  -1.13366667  -0.06172664   1.56726678   1.00833492   0.24433215   1.54860787  -1.92208042
  0.87553254   0.05560543  -1.13222578  -0.06117787   1.56608995   1.00864251   0.24389713   1.54844685  -1.92580228
  0.87844690   0.05559754  -1.13071434  -0.06071402   1.56500378   1.00883821   0.24348063   1.54823300  -1.92964334
  0.88121555   0.05559043  -1.12929121  -0.06025032   1.56394925   1.00906440   0.24306295   1.54811050  -1.93327268
  0.88409429   0.05565480  -1.12780216  -0.05985049   1.56295408   1.00920350   0.24266251   1.54793128  -1.93702179
  0.88682066   0.05570918  -1.12640373  -0.05944263   1.56198729   1.00938143   0.24225426   1.54783660  -1.94055950
  0.88967764   0.05583099  -1.12492738  -0.05909652   1.56106818   1.00947064   0.24186614   1.54767223  -1.94424679
  0.89235406   0.05593022  -1.12355770  -0.05873166   1.56017263   1.00961426   0.24146541   1.54760290  -1.94769082
  0.89519178   0.05610197  -1.12209184  -0.05843385   1.55932248   1.00965801   0.24108809   1.54744663  -1.95132506
  0.89759534   0.05630049  -1.12093177  -0.05807242   1.55848931   1.00975785   0.24072918   1.54749311  -1.95424669
  0.90019987   0.05657959  -1.11950630  -0.05800340   1.55806262   1.00966070   0.24042716   1.54735550  -1.95751817
  0.90304418   0.05713876  -1.11806117  -0.05789049   1.55778830   1.00949779   0.23970940   1.54727971  -1.96124009
  0.90574463   0.05743977  -1.11667968  -0.05773595   1.55702056   1.00940883   0.23955808   1.54724629  -1.96445252
  0.90846407   0.05751073  -1.11530502  -0.05738418   1.55596561   1.00958265   0.23924948   1.54726913  -1.96793526
  0.91127555   0.05766452  -1.11384846  -0.05711309   1.55512400   1.00961316   0.23889299   1.54707028  -1.97154086
  0.91387456   0.05822851  -1.11237798  -0.05727113   1.55531859   1.00923423   0.23840232   1.54672527  -1.97482730
  0.91611126   0.05845023  -1.11135902  -0.05693057   1.55434457   1.00937632   0.23820512   1.54705598  -1.97737966
  0.91890541   0.05868262  -1.10995432  -0.05667774   1.55348327   1.00940861   0.23781748   1.54700844  -1.98096793
  0.92155574   0.05887792  -1.10859468  -0.05644672   1.55272860   1.00941932   0.23747518   1.54687770  -1.98432083
  0.92412905   0.05945194  -1.10712208  -0.05666021   1.55296319   1.00900641   0.23703557   1.54652445  -1.98756182
  0.92635289   0.05990751  -1.10613970  -0.05639543   1.55236006   1.00904586   0.23650193   1.54686279  -1.99027188
  0.92885679   0.06024937  -1.10484919  -0.05633703   1.55175693   1.00889096   0.23640755   1.54682436  -1.99316842
  0.93138079   0.06045814  -1.10358172  -0.05612322   1.55095684   1.00893710   0.23612178   1.54687003  -1.99631562
  0.93360295   0.06076559  -1.10241782  -0.05604991   1.55058460   1.00882973   0.23586239   1.54680153  -1.99896724
  0.93597255   0.06109892  -1.10121320  -0.05594886   1.55006369   1.00877653   0.23557794   1.54688915  -2.00183216
  0.93830966   0.06158383  -1.10006138  -0.05586950   1.54974753   1.00857293   0.23515144   1.54678982  -2.00467108
  0.94072970   0.06203290  -1.09878276  -0.05591558   1.54948831   1.00836332   0.23485287   1.54674869  -2.00762528
  0.94335804   0.06246129  -1.09745867  -0.05585647   1.54895021   1.00822894   0.23450601   1.54677017  -2.01089362
  0.94546497   0.06284025  -1.09636239  -0.05584617   1.54868667   1.00805609   0.23427547   1.54672116  -2.01334600
  0.94787605   0.06348406  -1.09514505  -0.05588664   1.54868314   1.00779100   0.23363870   1.54669457  -2.01643574
  0.95018485   0.06395450  -1.09395729  -0.05595387   1.54832308   1.00752838   0.23354639   1.54669057  -2.01904623
  0.95251882   0.06435506  -1.09278374  -0.05592025   1.54785004   1.00740895   0.23328426   1.54678196  -2.02186947
  0.95456285   0.06477583  -1.09171740  -0.05595267   1.54767963   1.00721462   0.23302717   1.54676617  -2.02426337
  0.95663630   0.06514176  -1.09065597  -0.05595979   1.54728052   1.00710582   0.23290639   1.54694055  -2.02662021
  0.95921866   0.06579856  -1.08936113  -0.05602628   1.54714763   1.00676386   0.23236024   1.54679169  -2.02991083
  0.96119504   0.06628082  -1.08836319  -0.05606388   1.54699169   1.00652449   0.23212089   1.54678675  -2.03215164
  0.96323434   0.06677526  -1.08728666  -0.05618664   1.54692030   1.00627694   0.23187659   1.54682502  -2.03455640
  0.96525496   0.06723021  -1.08625921  -0.05624931   1.54664727   1.00609984   0.23173560   1.54700385  -2.03682582
  0.96725138   0.06778711  -1.08526782  -0.05634330   1.54649013   1.00574776   0.23157528   1.54691598  -2.03903798
  0.96968633   0.06847110  -1.08401839  -0.05648377   1.54652708   1.00544162   0.23100787   1.54694947  -2.04216226
  0.97159112   0.06899406  -1.08303013  -0.05659474   1.54653761   1.00517955   0.23071365   1.54697308  -2.04438962
  0.97373362   0.06957680  -1.08195158  -0.05672109   1.54637556   1.00487501   0.23049241   1.54703151  -2.04687379
  0.97555761   0.07008645  -1.08100102  -0.05684522   1.54639204   1.00460902   0.23024972   1.54706126  -2.04896664
  0.97745881   0.07061805  -1.08002534  -0.05698163   1.54631257   1.00434960   0.23007171   1.54718752  -2.05111038
  0.97967214   0.07129754  -1.07890994  -0.05715689   1.54629263   1.00396310   0.22973821   1.54716520  -2.05376696
  0.98134837   0.07177450  -1.07803469  -0.05728531   1.54629858   1.00370191   0.22958309   1.54720748  -2.05560803
  0.98370520   0.07261170  -1.07676061  -0.05762890   1.54675120   1.00309665   0.22907534   1.54687763  -2.05857718
  0.98499988   0.07298039  -1.07620339  -0.05755084   1.54637751   1.00306717   0.22910249   1.54734173  -2.05962771
  0.98686612   0.07363647  -1.07523514  -0.05777378   1.54659788   1.00273811   0.22862933   1.54739883  -2.06205487
  0.98850683   0.07415842  -1.07442787  -0.05789151   1.54648608   1.00244477   0.22858460   1.54749484  -2.06372041
  0.99034350   0.07472908  -1.07345216  -0.05812943   1.54653743   1.00207746   0.22848425   1.54750853  -2.06576682
  0.99218233   0.07538737  -1.07251430  -0.05832845   1.54671853   1.00176484   0.22805639   1.54762219  -2.06806231
  0.99438652   0.07617622  -1.07133003  -0.05867110   1.54706720   1.00116445   0.22773069   1.54732526  -2.07070219
  0.99552897   0.07651389  -1.07082345  -0.05861261   1.54679000   1.00111291   0.22782144   1.54772342  -2.07148747
  0.99725994   0.07718084  -1.06993252  -0.05888983   1.54699546   1.00075912   0.22741500   1.54781046  -2.07379006
  0.99897553   0.07779804  -1.06907005  -0.05907453   1.54706035   1.00038051   0.22727413   1.54782875  -2.07561705
  1.00039293   0.07828957  -1.06834124  -0.05922827   1.54713731   1.00015309   0.22710794   1.54800516  -2.07717319
  1.00224866   0.07897979  -1.06735772  -0.05951564   1.54741599   0.99972073   0.22679164   1.54796630  -2.07941653
  1.00395884   0.07962311  -1.06649031  -0.05975218   1.54750562   0.99934793   0.22663416   1.54806668  -2.08132388
  1.00576028   0.08035075  -1.06555495  -0.05999782   1.54790478   0.99891312   0.22613976   1.54796996  -2.08358655
  1.00720911   0.08091717  -1.06481293  -0.06020738   1.54804956   0.99858687   0.22597484   1.54805025  -2.08519837
  1.00871317   0.08151805  -1.06404609  -0.06041628   1.54823444   0.99824702   0.22575620   1.54812191  -2.08689161
  1.01016390   0.08208708  -1.06329561  -0.06063756   1.54839732   0.99790873   0.22560813   1.54818877  -2.08848858
  1.01161220   0.08267864  -1.06255927  -0.06084393   1.54858350   0.99757629   0.22540036   1.54826985  -2.09010763
  1.01301990   0.08324226  -1.06183033  -0.06106642   1.54875750   0.99724029   0.22525593   1.54833697  -2.09165308
  1.01441562   0.08382316  -1.06111945  -0.06127460   1.54895045   0.99691129   0.22506072   1.54841790  -2.09320586
  1.01577454   0.08438024  -1.06041597  -0.06149646   1.54913453   0.99657921   0.22491824   1.54848614  -2.09469448
  1.01711841   0.08495053  -1.05973009  -0.06170637   1.54933458   0.99625343   0.22473471   1.54856586  -2.09618289
  1.01842771   0.08550025  -1.05905254  -0.06192720   1.54952767   0.99592572   0.22459471   1.54863509  -2.09761375
  1.01972012   0.08605971  -1.05839169  -0.06213814   1.54973417   0.99560365   0.22442190   1.54871363  -2.09903899
  1.02097974   0.08660113  -1.05773999  -0.06235760   1.54993503   0.99528074   0.22428509   1.54878356  -2.10041205
  1.02222110   0.08714931  -1.05710416  -0.06256877   1.55014703   0.99496302   0.22412219   1.54886096  -2.10177530
  1.02343118   0.08768138  -1.05647812  -0.06278642   1.55035432   0.99464546   0.22398916   1.54893126  -2.10309081
  1.02462196   0.08821767  -1.05586726  -0.06299699   1.55057072   0.99433281   0.22383547   1.54900752  -2.10439325
  1.02495482   0.08819403  -1.05563312  -0.06290816   1.55066552   0.99436919   0.22393134   1.54901834  -2.10430102
  1.02649787   0.08901896  -1.05490979  -0.06329108   1.55073892   0.99384971   0.22389807   1.54920682  -2.10603906
  1.02755843   0.08954597  -1.05434545  -0.06357587   1.55098238   0.99357337   0.22375569   1.54941523  -2.10731932
  1.02883554   0.09019425  -1.05372516  -0.06373344   1.55138177   0.99324673   0.22328892   1.54944850  -2.10886336
  1.03018375   0.09070617  -1.05292264  -0.06414022   1.55168828   0.99278772   0.22331729   1.54929694  -2.11043832
  1.03051000   0.09079242  -1.05279429  -0.06395503   1.55173249   0.99278329   0.22327028   1.54927158  -2.11033073
  1.03192612   0.09158308  -1.05212067  -0.06434571   1.55184862   0.99230817   0.22323145   1.54951624  -2.11194939
  1.03288308   0.09198440  -1.05162646  -0.06437435   1.55222125   0.99212828   0.22284263   1.54948342  -2.11297744
  1.03445244   0.09269888  -1.05074689  -0.06484948   1.55262149   0.99163012   0.22266148   1.54949431  -2.11500769
  1.03445244   0.09269888  -1.05074689  -0.06484948   1.55262149   0.99163012   0.22266148   1.54949431  -2.11500769
  1.03612112   0.09341873  -1.04982688  -0.06525630   1.55297735   0.99113442   0.22256961   1.54951522  -2.11687433
  1.03612112   0.09341873  -1.04982688  -0.06525630   1.55297735   0.99113442   0.22256961   1.54951522  -2.11687433
  1.03819602   0.09438192  -1.04874983  -0.06570442   1.55337256   0.99046113   0.22239263   1.54945200  -2.11917791
  1.03819602   0.09438192  -1.04874983  -0.06570442   1.55337256   0.99046113   0.22239263   1.54945200  -2.11917791
  1.03935116   0.09507773  -1.04823514  -0.06584232   1.55359275   0.99023865   0.22222134   1.54996406  -2.12012894
  1.03935116   0.09507773  -1.04823514  -0.06584232   1.55359275   0.99023865   0.22222134   1.54996406  -2.12012894
  1.04110265   0.09604088  -1.04732424  -0.06631711   1.55406682   0.98964527   0.22205795   1.55013740  -2.12204663
  1.04110265   0.09604088  -1.04732424  -0.06631711   1.55406682   0.98964527   0.22205795   1.55013740  -2.12204663
  1.04273074   0.09671411  -1.04638792  -0.06669217   1.55461404   0.98915807   0.22180011   1.54999323  -2.12396555
  1.04273074   0.09671411  -1.04638792  -0.06669217   1.55461404   0.98915807   0.22180011   1.54999323  -2.12396555
  1.04389850   0.09743922  -1.04587610  -0.06687163   1.55484875   0.98882378   0.22159359   1.55027783  -2.12508458
  1.04389850   0.09743922  -1.04587610  -0.06687163   1.55484875   0.98882378   0.22159359   1.55027783  -2.12508458
  1.04519312   0.09815918  -1.04522198  -0.06717982   1.55516153   0.98838668   0.22151623   1.55041620  -2.12636516
  1.04519312   0.09815918  -1.04522198  -0.06717982   1.55516153   0.98838668   0.22151623   1.55041620  -2.12636516
  1.04679364   0.09898285  -1.04437879  -0.06753729   1.55574143   0.98789144   0.22107781   1.55040742  -2.12835588
  1.04679364   0.09898285  -1.04437879  -0.06753729   1.55574143   0.98789144   0.22107781   1.55040742  -2.12835588
  1.04710696   0.09896801  -1.04415945  -0.06746425   1.55581947   0.98790904   0.22119502   1.55040822  -2.12825511
  1.04783694   0.09964259  -1.04389725  -0.06776323   1.55587121   0.98752866   0.22122102   1.55070856  -2.12902827
  1.04783694   0.09964259  -1.04389725  -0.06776323   1.55587121   0.98752866   0.22122102   1.55070856  -2.12902827
  1.04948373   0.10028250  -1.04290406  -0.06821937   1.55643559   0.98697391   0.22107752   1.55043482  -2.13099261
  1.04948373   0.10028250  -1.04290406  -0.06821937   1.55643559   0.98697391   0.22107752   1.55043482  -2.13099261
  1.04948373   0.10028250  -1.04290406  -0.06821937   1.55643559   0.98697391   0.22107752   1.55043482  -2.13099261
  1.05065724   0.10093520  -1.04232776  -0.06840496   1.55689963   0.98670577   0.22056623   1.55060945  -2.13249347
  1.05065724   0.10093520  -1.04232776  -0.06840496   1.55689963   0.98670577   0.22056623   1.55060945  -2.13249347
  1.05094940   0.10099473  -1.04217896  -0.06833636   1.55689337   0.98664338   0.22068433   1.55054505  -2.13241292
  1.05255406   0.10185994  -1.04136067  -0.06878560   1.55719622   0.98602389   0.22066809   1.55055308  -2.13414364
  1.05240786   0.10173483  -1.04132976  -0.06889905   1.55732519   0.98615756   0.22064426   1.55073496  -2.13423455
  1.05240786   0.10173483  -1.04132976  -0.06889905   1.55732519   0.98615756   0.22064426   1.55073496  -2.13423455
  1.05260362   0.10195758  -1.04138604  -0.06874450   1.55722192   0.98601536   0.22054669   1.55060892  -2.13419799
  1.05260362   0.10195758  -1.04138604  -0.06874450   1.55722192   0.98601536   0.22054669   1.55060892  -2.13419799
  1.05369365   0.10243198  -1.04067908  -0.06922698   1.55763753   0.98567061   0.22050991   1.55069276  -2.13569092
  1.05369365   0.10243198  -1.04067908  -0.06922698   1.55763753   0.98567061   0.22050991   1.55069276  -2.13569092
  1.05395891   0.10252225  -1.04059184  -0.06903570   1.55770070   0.98569159   0.22040287   1.55071048  -2.13558012
  1.05395891   0.10252225  -1.04059184  -0.06903570   1.55770070   0.98569159   0.22040287   1.55071048  -2.13558012
  1.05395891   0.10252225  -1.04059184  -0.06903570   1.55770070   0.98569159   0.22040287   1.55071048  -2.13558012
  1.05553454   0.10332395  -1.03965799  -0.06968033   1.55825346   0.98515141   0.22024126   1.55084167  -2.13775688
  1.05553454   0.10332395  -1.03965799  -0.06968033   1.55825346   0.98515141   0.22024126   1.55084167  -2.13775688
  1.05566005   0.10355075  -1.03978215  -0.06948658   1.55810833   0.98501704   0.22013258   1.55072164  -2.13761514
  1.05566154   0.10343966  -1.03967981  -0.06953512   1.55822445   0.98512388   0.22017129   1.55084053  -2.13761834
  1.05566154   0.10343966  -1.03967981  -0.06953512   1.55822445   0.98512388   0.22017129   1.55084053  -2.13761834
  1.05566154   0.10343966  -1.03967981  -0.06953512   1.55822445   0.98512388   0.22017129   1.55084053  -2.13761834
  1.05566154   0.10343966  -1.03967981  -0.06953512   1.55822445   0.98512388   0.22017129   1.55084053  -2.13761834
  1.05566154   0.10343966  -1.03967981  -0.06953512   1.55822445   0.98512388   0.22017129   1.55084053  -2.13761834
  1.05566154   0.10343966  -1.03967981  -0.06953512   1.55822445   0.98512388   0.22017129   1.55084053  -2.13761834
  1.05722925   0.10419358  -1.03875899  -0.07004329   1.55871991   0.98463514   0.22017938   1.55101844  -2.13928891
  1.05715738   0.10433815  -1.03892526  -0.07000337   1.55859122   0.98452628   0.22009219   1.55093847  -2.13929530
  1.05715738   0.10433815  -1.03892526  -0.07000337   1.55859122   0.98452628   0.22009219   1.55093847  -2.13929530
  1.05715738   0.10433815  -1.03892526  -0.07000337   1.55859122   0.98452628   0.22009219   1.55093847  -2.13929530
  1.05715738   0.10433815  -1.03892526  -0.07000337   1.55859122   0.98452628   0.22009219   1.55093847  -2.13929530
  1.05715738   0.10433815  -1.03892526  -0.07000337   1.55859122   0.98452628   0.22009219   1.55093847  -2.13929530
  1.05715738   0.10433815  -1.03892526  -0.07000337   1.55859122   0.98452628   0.22009219   1.55093847  -2.13929530
  1.05715738   0.10433815  -1.03892526  -0.07000337   1.55859122   0.98452628   0.22009219   1.55093847  -2.13929530
  1.05715738   0.10433815  -1.03892526  -0.07000337   1.55859122   0.98452628   0.22009219   1.55093847  -2.13929530
  1.05715738   0.10433815  -1.03892526  -0.07000337   1.55859122   0.98452628   0.22009219   1.55093847  -2.13929530
  1.05715738   0.10433815  -1.03892526  -0.07000337   1.55859122   0.98452628   0.22009219   1.55093847  -2.13929530
  1.05715738   0.10433815  -1.03892526  -0.07000337   1.55859122   0.98452628   0.22009219   1.55093847  -2.13929530
  1.05715738   0.10433815  -1.03892526  -0.07000337   1.55859122   0.98452628   0.22009219   1.55093847  -2.13929530
  1.05715738   0.10433815  -1.03892526  -0.07000337   1.55859122   0.98452628   0.22009219   1.55093847  -2.13929530
  1.05715738   0.10433815  -1.03892526  -0.07000337   1.55859122   0.98452628   0.22009219   1.55093847  -2.13929530
  1.05715738   0.10433815  -1.03892526  -0.07000337   1.55859122   0.98452628   0.22009219   1.55093847  -2.13929530
  1.05715738   0.10433815  -1.03892526  -0.07000337   1.55859122   0.98452628   0.22009219   1.55093847  -2.13929530
  1.05715738   0.10433815  -1.03892526  -0.07000337   1.55859122   0.98452628   0.22009219   1.55093847  -2.13929530
  1.05715738   0.10433815  -1.03892526  -0.07000337   1.55859122   0.98452628   0.22009219   1.55093847  -2.13929530
  1.05715738   0.10433815  -1.03892526  -0.07000337   1.55859122   0.98452628   0.22009219   1.55093847  -2.13929530
  1.05715738   0.10433815  -1.03892526  -0.07000337   1.55859122   0.98452628   0.22009219   1.55093847  -2.13929530
  1.05715738   0.10433815  -1.03892526  -0.07000337   1.55859122   0.98452628   0.22009219   1.55093847  -2.13929530
