  0.67501201   0.19658616  -0.21709017   0.78174329   0.71671821   0.84870197   0.81673551   1.95752955  -2.12521976
  0.67501201   0.19658616  -0.21709017   0.78174329   0.71671821   0.84870197   0.81673551   1.95752955  -2.12521976
  0.67501201   0.19658616  -0.21709017   0.78174329   0.71671821   0.84870197   0.81673551   1.95752955  -2.12521976
  0.67501201   0.19658616  -0.21709017   0.78174329   0.71671821   0.84870197   0.81673551   1.95752955  -2.12521976
  0.67678423   0.19692177  -0.21594369   0.78177063   0.71771309   0.84753642   0.81627053   1.95693790  -2.12782578
  0.67778692   0.19726474  -0.21557338   0.78138937   0.71820963   0.84721806   0.81599019   1.95690621  -2.12899052
  0.67905539   0.19763423  -0.21533791   0.78077346   0.71876807   0.84701240   0.81535513   1.95692364  -2.13055860
  0.68070877   0.19803159  -0.21504276   0.78007198   0.71948435   0.84672954   0.81452370   1.95666584  -2.13259770
  0.68261960   0.19825657  -0.21489196   0.77904219   0.72030136   0.84664305   0.81329330   1.95634483  -2.13525561
  0.68417225   0.19842902  -0.21483623   0.77822854   0.72094627   0.84669928   0.81229120   1.95600028  -2.13716896
  0.68613940   0.19849589  -0.21482435   0.77707975   0.72175952   0.84675774   0.81088606   1.95546962  -2.14002772
  0.68751732   0.19852163  -0.21493005   0.77624992   0.72230021   0.84698368   0.80984624   1.95506219  -2.14179047
  0.68914717   0.19840809  -0.21515447   0.77512269   0.72292762   0.84731325   0.80848449   1.95448767  -2.14419544
  0.69029169   0.19833714  -0.21534209   0.77436816   0.72335637   0.84761931   0.80752427   1.95406488  -2.14569834
  0.69137952   0.19824432  -0.21558603   0.77351326   0.72375930   0.84799828   0.80659188   1.95370445  -2.14717427
  0.69312580   0.19832439  -0.21499908   0.77308934   0.72461902   0.84742861   0.80559887   1.95312410  -2.14991690
  0.69342140   0.19837800  -0.21490175   0.77293351   0.72480264   0.84755054   0.80564434   1.95304727  -2.14987450
  0.69528576   0.19864246  -0.21497066   0.77178338   0.72548575   0.84751469   0.80427855   1.95272679  -2.15261627
  0.69668011   0.19860091  -0.21523801   0.77080442   0.72597489   0.84785542   0.80309123   1.95225733  -2.15453299
  0.69790200   0.19845244  -0.21550718   0.76990282   0.72641727   0.84825938   0.80198991   1.95179914  -2.15624895
  0.69924799   0.19839485  -0.21565476   0.76904101   0.72692567   0.84850210   0.80094325   1.95126860  -2.15809657
  0.70045930   0.19828981  -0.21586503   0.76819315   0.72737173   0.84884047   0.79990556   1.95084008  -2.15976649
  0.70179314   0.19826220  -0.21597396   0.76736282   0.72787989   0.84903842   0.79890165   1.95034240  -2.16158756
  0.70299647   0.19818728  -0.21615503   0.76654129   0.72832423   0.84934336   0.79790444   1.94993539  -2.16321867
  0.70420623   0.19812153  -0.21629481   0.76574227   0.72878101   0.84959928   0.79693125   1.94952669  -2.16488470
  0.70556307   0.19814527  -0.21634401   0.76495213   0.72930286   0.84972048   0.79597097   1.94903909  -2.16671056
  0.70701661   0.19816029  -0.21591056   0.76424041   0.73004504   0.84936175   0.79525238   1.94860339  -2.16917216
  0.70748971   0.19824489  -0.21577295   0.76434635   0.73028356   0.84954200   0.79504487   1.94851346  -2.16894008
  0.70893871   0.19847904  -0.21612468   0.76308071   0.73069628   0.84970676   0.79391961   1.94823716  -2.17115947
  0.71079695   0.19871313  -0.21558272   0.76238818   0.73158157   0.84921243   0.79315983   1.94754047  -2.17373025
  0.71079695   0.19871313  -0.21558272   0.76238818   0.73158157   0.84921243   0.79315983   1.94754047  -2.17373025
  0.71282752   0.19882033  -0.21570270   0.76119087   0.73233197   0.84947747   0.79143093   1.94738364  -2.17651299
  0.71423583   0.19873673  -0.21595727   0.76027587   0.73280575   0.84982689   0.79023837   1.94681241  -2.17838038
  0.71548468   0.19858952  -0.21619828   0.75937508   0.73324507   0.85021207   0.78915730   1.94633537  -2.18011030
  0.71685057   0.19854955  -0.21631629   0.75852891   0.73374558   0.85042486   0.78813400   1.94579807  -2.18195085
  0.71806897   0.19846457  -0.21648869   0.75770151   0.73418235   0.85072586   0.78713623   1.94537858  -2.18360449
  0.71940611   0.19846567  -0.21655351   0.75690433   0.73468136   0.85087799   0.78617939   1.94489261  -2.18539211
  0.72061107   0.19842368  -0.21668134   0.75611798   0.73511875   0.85112713   0.78523963   1.94450603  -2.18699395
  0.72181034   0.19839373  -0.21677319   0.75535905   0.73556270   0.85133263   0.78433007   1.94412403  -2.18860366
  0.72315939   0.19846042  -0.21677576   0.75461143   0.73607136   0.85140082   0.78343423   1.94365797  -2.19036526
  0.72464032   0.19846589  -0.21626010   0.75399772   0.73683566   0.85094839   0.78264553   1.94325186  -2.19295289
  0.72512127   0.19857514  -0.21612717   0.75403764   0.73707443   0.85112643   0.78250969   1.94313725  -2.19271247
  0.72655376   0.19885072  -0.21643027   0.75289935   0.73745365   0.85122104   0.78137956   1.94291793  -2.19486220
  0.72796663   0.19888887  -0.21647233   0.75207564   0.73798298   0.85140391   0.78041432   1.94247731  -2.19661180
  0.72920580   0.19889194  -0.21660693   0.75123877   0.73841609   0.85164349   0.77951848   1.94206803  -2.19820600
  0.73070156   0.19892027  -0.21598695   0.75073079   0.73921651   0.85110481   0.77881829   1.94159576  -2.20072755
  0.73109907   0.19901745  -0.21588576   0.75077541   0.73939943   0.85120865   0.77867051   1.94149388  -2.20061138
  0.73319173   0.19928278  -0.21608323   0.74937838   0.74006225   0.85128049   0.77708809   1.94110190  -2.20366317
  0.73457246   0.19931435  -0.21570526   0.74865667   0.74074193   0.85098717   0.77646456   1.94062476  -2.20588222
  0.73559530   0.19932409  -0.21612088   0.74801995   0.74095905   0.85154034   0.77539962   1.94037998  -2.20674194
  0.73720437   0.19945424  -0.21563871   0.74751478   0.74170996   0.85106981   0.77454237   1.93983172  -2.20916606
  0.73824711   0.19962294  -0.21566805   0.74688845   0.74206757   0.85112087   0.77389725   1.93959840  -2.21041916
  0.73923542   0.19955863  -0.21596933   0.74592793   0.74237048   0.85161416   0.77311182   1.93940044  -2.21162267
  0.74055094   0.19954183  -0.21592248   0.74522614   0.74288481   0.85167800   0.77216513   1.93901284  -2.21346472
  0.74186329   0.19963714  -0.21591309   0.74456242   0.74335474   0.85171978   0.77129047   1.93857598  -2.21510715
  0.74308559   0.19966844  -0.21590349   0.74384340   0.74381716   0.85181856   0.77046754   1.93824043  -2.21672612
  0.74439533   0.19978711  -0.21584740   0.74316604   0.74430476   0.85182105   0.76966547   1.93782664  -2.21837176
  0.74588089   0.19981371  -0.21525294   0.74264518   0.74508212   0.85127745   0.76887019   1.93744994  -2.22099353
  0.74691946   0.20005513  -0.21528897   0.74201740   0.74542288   0.85135260   0.76832219   1.93722409  -2.22203991
  0.74819159   0.20017620  -0.21531966   0.74134666   0.74586339   0.85149760   0.76744521   1.93694183  -2.22347616
  0.74940948   0.20026957  -0.21530359   0.74068583   0.74630385   0.85155447   0.76665925   1.93659255  -2.22499562
  0.75057793   0.20033359  -0.21528288   0.74002168   0.74673830   0.85163632   0.76589980   1.93629096  -2.22647644
  0.75169686   0.20041154  -0.21528344   0.73937656   0.74714249   0.85173181   0.76517824   1.93600318  -2.22784945
  0.75322152   0.20048531  -0.21514592   0.73860321   0.74773895   0.85165363   0.76420467   1.93554843  -2.22999909
  0.75430796   0.20057038  -0.21509515   0.73803742   0.74814666   0.85170023   0.76352622   1.93526825  -2.23131683
  0.75537567   0.20067200  -0.21505724   0.73742210   0.74854460   0.85175625   0.76288433   1.93502882  -2.23262515
  0.75648607   0.20073410  -0.21493284   0.73680445   0.74900030   0.85173501   0.76219874   1.93482385  -2.23417537
  0.75839268   0.20106201  -0.21416017   0.73642356   0.74991700   0.85088081   0.76138213   1.93412973  -2.23695812
  0.75855501   0.20104198  -0.21405870   0.73638531   0.75004531   0.85097385   0.76138072   1.93414461  -2.23691267
  0.76033018   0.20156907  -0.21388206   0.73549394   0.75066992   0.85071342   0.76047569   1.93392241  -2.23905387
  0.76148407   0.20162904  -0.21377807   0.73481811   0.75113515   0.85073763   0.75972104   1.93379551  -2.24066663
  0.76277529   0.20184003  -0.21370159   0.73423799   0.75158547   0.85067336   0.75895187   1.93343904  -2.24217885
  0.76428977   0.20205101  -0.21336114   0.73374254   0.75221981   0.85036455   0.75811658   1.93301746  -2.24415504
  0.76538767   0.20211962  -0.21322978   0.73300910   0.75268098   0.85034098   0.75753498   1.93282898  -2.24574859
  0.76660321   0.20229706  -0.21313155   0.73245860   0.75312312   0.85029805   0.75682093   1.93252703  -2.24716452
  0.76815114   0.20243548  -0.21246116   0.73197202   0.75392861   0.84965564   0.75612334   1.93211401  -2.24972676
  0.76912130   0.20265288  -0.21259497   0.73136259   0.75419222   0.84987032   0.75551227   1.93200473  -2.25055979
  0.77032208   0.20282784  -0.21246289   0.73080198   0.75464598   0.84979912   0.75484623   1.93171827  -2.25200026
  0.77144823   0.20297201  -0.21235587   0.73021333   0.75507498   0.84977891   0.75422243   1.93148525  -2.25336597
  0.77303946   0.20326456  -0.21168848   0.72963684   0.75588387   0.84914325   0.75380655   1.93092406  -2.25561153
  0.77318898   0.20323591  -0.21159650   0.72970627   0.75598875   0.84920983   0.75369985   1.93095424  -2.25557971
  0.77489389   0.20370415  -0.21137129   0.72896471   0.75659555   0.84890645   0.75268387   1.93087336  -2.25777544
  0.77642932   0.20387518  -0.21119320   0.72820276   0.75718103   0.84877298   0.75176162   1.93055118  -2.25986597
  0.77750321   0.20399944  -0.21108422   0.72768718   0.75758778   0.84875239   0.75114944   1.93030910  -2.26114142
  0.77853631   0.20414111  -0.21098954   0.72713354   0.75797672   0.84874361   0.75059211   1.93011380  -2.26236949
  0.78021015   0.20437143  -0.21014291   0.72659242   0.75890883   0.84801363   0.75017454   1.92956260  -2.26484543
  0.78049953   0.20449382  -0.21011357   0.72674763   0.75898048   0.84800368   0.74994369   1.92946369  -2.26480162
  0.78211628   0.20490574  -0.20976558   0.72595667   0.75963043   0.84759255   0.74908205   1.92945122  -2.26717883
  0.78351290   0.20520769  -0.20954895   0.72539325   0.76015486   0.84739931   0.74835380   1.92918405  -2.26880714
  0.78509705   0.20539307  -0.20882896   0.72486621   0.76098913   0.84670598   0.74772746   1.92877993  -2.27140584
  0.78552720   0.20546290  -0.20867214   0.72491425   0.76121787   0.84686544   0.74761111   1.92871778  -2.27119821
  0.78759687   0.20603233  -0.20792024   0.72427234   0.76214209   0.84589560   0.74674954   1.92829009  -2.27432638
  0.78759687   0.20603233  -0.20792024   0.72427234   0.76214209   0.84589560   0.74674954   1.92829009  -2.27432638
  0.78947667   0.20659549  -0.20757544   0.72337735   0.76286657   0.84558027   0.74590580   1.92821021  -2.27653261
  0.79063950   0.20678970  -0.20750018   0.72276890   0.76327281   0.84557236   0.74521429   1.92808361  -2.27791373
  0.79189303   0.20701417  -0.20731326   0.72221331   0.76374678   0.84541684   0.74458922   1.92778138  -2.27941820
  0.79321564   0.20720420  -0.20671593   0.72177513   0.76444420   0.84490150   0.74418322   1.92739139  -2.28132665
  0.79428350   0.20745023  -0.20670265   0.72129581   0.76476582   0.84490215   0.74344766   1.92735314  -2.28250042
  0.79537866   0.20763542  -0.20653662   0.72075089   0.76519221   0.84481065   0.74291136   1.92717042  -2.28381947
  0.79659263   0.20780695  -0.20620996   0.72027444   0.76572412   0.84454144   0.74229800   1.92695698  -2.28549508
  0.79813084   0.20812804  -0.20556848   0.71999311   0.76645693   0.84384779   0.74168000   1.92645499  -2.28761292
  0.79813084   0.20812804  -0.20556848   0.71999311   0.76645693   0.84384779   0.74168000   1.92645499  -2.28761292
  0.80017855   0.20868856  -0.20490251   0.71921633   0.76738399   0.84330427   0.74091916   1.92630423  -2.29008386
  0.80142774   0.20901368  -0.20465872   0.71870395   0.76786215   0.84306269   0.74033596   1.92613059  -2.29156572
  0.80293954   0.20919650  -0.20387343   0.71818340   0.76870620   0.84231452   0.73981512   1.92579635  -2.29416234
  0.80343117   0.20932542  -0.20373507   0.71831323   0.76892214   0.84245480   0.73962787   1.92568790  -2.29389161
  0.80473691   0.20985238  -0.20355920   0.71757181   0.76934840   0.84203934   0.73903445   1.92566376  -2.29577705
  0.80642745   0.21019433  -0.20281104   0.71727600   0.77017776   0.84126848   0.73832157   1.92522502  -2.29816114
  0.80657310   0.21016669  -0.20270128   0.71721485   0.77030638   0.84135164   0.73835000   1.92524919  -2.29813974
  0.80836784   0.21081483  -0.20224629   0.71648697   0.77101109   0.84079903   0.73767378   1.92509292  -2.30032099
  0.80968361   0.21104685  -0.20159678   0.71606747   0.77172359   0.84023176   0.73728443   1.92481776  -2.30225656
  0.81103537   0.21150247  -0.20116231   0.71559494   0.77230475   0.83977659   0.73690743   1.92453480  -2.30378967
  0.81103537   0.21150247  -0.20116231   0.71559494   0.77230475   0.83977659   0.73690743   1.92453480  -2.30378967
  0.81298772   0.21205759  -0.20053409   0.71502292   0.77315344   0.83921508   0.73592929   1.92459870  -2.30624217
  0.81433654   0.21243540  -0.19997141   0.71456397   0.77381140   0.83866936   0.73569967   1.92414388  -2.30786881
  0.81553833   0.21271024  -0.19974997   0.71418277   0.77424840   0.83842995   0.73483165   1.92424561  -2.30950772
  0.81656852   0.21294456  -0.19946009   0.71381504   0.77469003   0.83820221   0.73440045   1.92409931  -2.31071739
  0.81777538   0.21322975  -0.19886657   0.71339349   0.77533724   0.83767341   0.73424273   1.92369851  -2.31228460
  0.81911910   0.21367761  -0.19844102   0.71301736   0.77589945   0.83722190   0.73369804   1.92356643  -2.31386404
  0.82024754   0.21384104  -0.19781476   0.71285396   0.77652093   0.83659696   0.73312291   1.92345012  -2.31580353
  0.82130718   0.21425951  -0.19759528   0.71246374   0.77691005   0.83639311   0.73271328   1.92342895  -2.31680168
  0.82240865   0.21460400  -0.19724591   0.71211923   0.77738098   0.83606017   0.73230875   1.92329846  -2.31805824
  0.82386629   0.21482502  -0.19635980   0.71172346   0.77824272   0.83519233   0.73186136   1.92301076  -2.32062222
  0.82435827   0.21496700  -0.19621854   0.71183601   0.77845727   0.83532196   0.73170460   1.92289637  -2.32034784
  0.82558655   0.21559200  -0.19591004   0.71126464   0.77889530   0.83474843   0.73125400   1.92295750  -2.32210622
  0.82679458   0.21601155  -0.19549671   0.71087536   0.77943052   0.83440669   0.73090454   1.92285146  -2.32334231
  0.82863644   0.21640911  -0.19443569   0.71043687   0.78047601   0.83339068   0.73056723   1.92224569  -2.32600257
  0.82863644   0.21640911  -0.19443569   0.71043687   0.78047601   0.83339068   0.73056723   1.92224569  -2.32600257
  0.83025772   0.21703418  -0.19381199   0.71011440   0.78118879   0.83275154   0.72982329   1.92238671  -2.32796746
  0.83139769   0.21741967  -0.19333201   0.70977635   0.78172846   0.83226759   0.72939349   1.92241881  -2.32951798
  0.83256183   0.21784654  -0.19287956   0.70950534   0.78224845   0.83179103   0.72902434   1.92226644  -2.33085271
  0.83410273   0.21812460  -0.19188960   0.70917823   0.78317233   0.83080073   0.72858230   1.92194764  -2.33351777
  0.83456686   0.21824450  -0.19173466   0.70925267   0.78339373   0.83093612   0.72846985   1.92185771  -2.33326229
  0.83659487   0.21900561  -0.19077316   0.70880396   0.78436447   0.82974639   0.72790374   1.92148174  -2.33612903
  0.83659487   0.21900561  -0.19077316   0.70880396   0.78436447   0.82974639   0.72790374   1.92148174  -2.33612903
  0.83886680   0.21962788  -0.18948666   0.70809127   0.78475744   0.82881261   0.72753808   1.92135834  -2.33896419
  0.83922733   0.21960027  -0.18926842   0.70824020   0.78483753   0.82897169   0.72734896   1.92141808  -2.33880449
  0.84068505   0.22029772  -0.18862480   0.70763609   0.78495798   0.82832912   0.72707950   1.92160198  -2.34061877
  0.84287188   0.22069769  -0.18725065   0.70739069   0.78508716   0.82735568   0.72655235   1.92118789  -2.34327695
  0.84287188   0.22069769  -0.18725065   0.70739069   0.78508716   0.82735568   0.72655235   1.92118789  -2.34327695
  0.84500411   0.22112104  -0.18590729   0.70718181   0.78519814   0.82654791   0.72593571   1.92112509  -2.34569088
  0.84641863   0.22158368  -0.18511226   0.70687903   0.78539816   0.82601015   0.72568314   1.92110734  -2.34716428
  0.84751121   0.22189310  -0.18447777   0.70658647   0.78538465   0.82573580   0.72563857   1.92103707  -2.34803351
  0.84751121   0.22189310  -0.18447777   0.70658647   0.78538465   0.82573580   0.72563857   1.92103707  -2.34803351
  0.85026158   0.22245560  -0.18252654   0.70609817   0.78498472   0.82472294   0.72518677   1.92119064  -2.35112161
  0.85137370   0.22272204  -0.18180438   0.70578874   0.78512464   0.82432713   0.72521315   1.92098277  -2.35220720
  0.85282798   0.22297624  -0.18075999   0.70578090   0.78519439   0.82360513   0.72474578   1.92091816  -2.35409400
  0.85435100   0.22342410  -0.17973224   0.70548075   0.78526914   0.82294252   0.72456470   1.92093660  -2.35581035
  0.85468485   0.22350081  -0.17958884   0.70553207   0.78528527   0.82300424   0.72448794   1.92088394  -2.35570393
  0.85679948   0.22391388  -0.17805814   0.70517666   0.78511529   0.82195963   0.72415907   1.92071137  -2.35850015
  0.85795157   0.22447141  -0.17730986   0.70503806   0.78521419   0.82148407   0.72404530   1.92092898  -2.35943787
  0.85912032   0.22491993  -0.17645327   0.70492605   0.78521811   0.82092531   0.72398000   1.92097929  -2.36055440
  0.86071397   0.22516784  -0.17521439   0.70466089   0.78515193   0.82022298   0.72388032   1.92079085  -2.36244920
  0.86103720   0.22518459  -0.17502318   0.70475572   0.78518271   0.82029284   0.72375898   1.92079394  -2.36238973
  0.86370861   0.22566562  -0.17302209   0.70434297   0.78502144   0.81900794   0.72338957   1.92059120  -2.36584042
  0.86399199   0.22580033  -0.17295148   0.70439824   0.78506853   0.81902257   0.72331764   1.92051051  -2.36572426
  0.86588268   0.22634540  -0.17161056   0.70401972   0.78520971   0.81808230   0.72315868   1.92044436  -2.36803673
  0.86616820   0.22639816  -0.17146005   0.70409460   0.78523327   0.81811178   0.72305765   1.92043636  -2.36800459
  0.86802523   0.22719217  -0.17007447   0.70393385   0.78517785   0.81707848   0.72281357   1.92075188  -2.37012161
  0.86998445   0.22761021  -0.16847970   0.70374610   0.78513906   0.81601555   0.72264045   1.92059754  -2.37261224
  0.87031416   0.22763371  -0.16827516   0.70374078   0.78517144   0.81613533   0.72263502   1.92060488  -2.37248050
  0.87226522   0.22815103  -0.16680097   0.70336600   0.78509888   0.81515250   0.72257243   1.92047644  -2.37484112
  0.87256296   0.22825387  -0.16668366   0.70347989   0.78513629   0.81513905   0.72243844   1.92042315  -2.37480610
  0.87462242   0.22924568  -0.16490260   0.70336750   0.78520457   0.81373552   0.72237347   1.92083270  -2.37732704
  0.87559690   0.22975973  -0.16393926   0.70345851   0.78519348   0.81308451   0.72247375   1.92102180  -2.37818925
  0.87720097   0.23002134  -0.16257134   0.70322975   0.78514916   0.81232594   0.72249722   1.92084117  -2.38006433
  0.87864031   0.23060535  -0.16153367   0.70322681   0.78527081   0.81142636   0.72232752   1.92070470  -2.38168966
  0.87971546   0.23100633  -0.16054838   0.70314259   0.78539816   0.81073707   0.72233585   1.92085447  -2.38304262
  0.88094926   0.23141864  -0.15952984   0.70302344   0.78539816   0.81015621   0.72238501   1.92088597  -2.38420661
  0.88130109   0.23143231  -0.15931831   0.70321887   0.78539816   0.81022626   0.72217965   1.92090244  -2.38411244
  0.88337386   0.23212982  -0.15753066   0.70310631   0.78510196   0.80898869   0.72208719   1.92104087  -2.38662122
  0.88451397   0.23276714  -0.15641728   0.70318918   0.78517899   0.80815241   0.72221676   1.92121863  -2.38775451
  0.88545669   0.23334885  -0.15542169   0.70324111   0.78520596   0.80747499   0.72246758   1.92142283  -2.38853781
  0.88766010   0.23375774  -0.15371639   0.70325422   0.78499901   0.80642933   0.72219663   1.92102537  -2.39088991
  0.88771126   0.23359472  -0.15348330   0.70315232   0.78504890   0.80651720   0.72229770   1.92120483  -2.39101649
  0.88933960   0.23450238  -0.15209458   0.70319357   0.78504877   0.80530459   0.72226719   1.92142096  -2.39291287
  0.89086992   0.23489435  -0.15081500   0.70297907   0.78520340   0.80452401   0.72237126   1.92124820  -2.39460208
  0.89173002   0.23560384  -0.14986220   0.70333484   0.78526020   0.80372474   0.72238224   1.92165136  -2.39535487
  0.89282459   0.23609957  -0.14857428   0.70331015   0.78519565   0.80291942   0.72271195   1.92188879  -2.39658704
  0.89457187   0.23647423  -0.14714249   0.70332327   0.78524924   0.80197804   0.72256170   1.92161761  -2.39858398
  0.89457187   0.23647423  -0.14714249   0.70332327   0.78524924   0.80197804   0.72256170   1.92161761  -2.39858398
  0.89673953   0.23726797  -0.14521695   0.70337578   0.78510854   0.80077378   0.72248210   1.92188907  -2.40083874
  0.89837583   0.23780792  -0.14377203   0.70347930   0.78514737   0.79969865   0.72239281   1.92179392  -2.40278837
  0.89921621   0.23818744  -0.14299645   0.70327724   0.78528463   0.79924404   0.72267259   1.92183435  -2.40356623
  0.90017531   0.23901658  -0.14195954   0.70361187   0.78532203   0.79838736   0.72282406   1.92216620  -2.40425442
  0.90125075   0.23945715  -0.14056857   0.70383458   0.78519708   0.79751446   0.72299599   1.92249196  -2.40556198
  0.90325556   0.23994092  -0.13880399   0.70393217   0.78515357   0.79628389   0.72285932   1.92224846  -2.40800496
  0.90398841   0.24032077  -0.13815354   0.70370740   0.78528130   0.79592198   0.72317658   1.92227622  -2.40856653
  0.90529886   0.24096564  -0.13682113   0.70401908   0.78530129   0.79491312   0.72310455   1.92252960  -2.41004527
  0.90643252   0.24163855  -0.13554291   0.70421677   0.78529795   0.79400220   0.72334900   1.92275187  -2.41114165
  0.90742253   0.24223654  -0.13432919   0.70443339   0.78529574   0.79316282   0.72361684   1.92299420  -2.41210746
  0.90907457   0.24265317  -0.13279407   0.70461311   0.78521957   0.79213216   0.72350490   1.92288256  -2.41406477
  0.91024807   0.24319475  -0.13166105   0.70461186   0.78539816   0.79130390   0.72366465   1.92294492  -2.41539062
  0.91119290   0.24358394  -0.13072857   0.70443330   0.78537848   0.79078274   0.72397055   1.92301411  -2.41630584
  0.91237831   0.24419783  -0.12940817   0.70489546   0.78533782   0.78976971   0.72387101   1.92330629  -2.41767345
  0.91391683   0.24478670  -0.12796385   0.70501290   0.78532442   0.78879193   0.72397248   1.92326317  -2.41924959
  0.91497509   0.24530725  -0.12680823   0.70506297   0.78539816   0.78798293   0.72419943   1.92340986  -2.42045902
  0.91619352   0.24586341  -0.12551007   0.70517620   0.78533904   0.78712393   0.72439758   1.92355435  -2.42173612
  0.91653760   0.24591539  -0.12530242   0.70521453   0.78534643   0.78720104   0.72436642   1.92353552  -2.42162227
  0.91909755   0.24651175  -0.12297369   0.70506534   0.78505351   0.78573757   0.72442809   1.92341189  -2.42479151
  0.91935080   0.24666831  -0.12291158   0.70518306   0.78509660   0.78570962   0.72432983   1.92333140  -2.42467257
  0.92064783   0.24763792  -0.12127679   0.70542335   0.78515847   0.78444110   0.72471851   1.92385588  -2.42619664
  0.92226690   0.24821219  -0.11959726   0.70571789   0.78516661   0.78323436   0.72474595   1.92385915  -2.42816113
  0.92310009   0.24916643  -0.11826633   0.70609262   0.78522926   0.78221605   0.72533191   1.92433239  -2.42876885
  0.92400494   0.24987901  -0.11685695   0.70648739   0.78528577   0.78119096   0.72578393   1.92465555  -2.42970488
  0.92565064   0.25040551  -0.11523106   0.70675518   0.78521569   0.78004761   0.72579867   1.92453981  -2.43161286
  0.92678073   0.25104494  -0.11402002   0.70692047   0.78539816   0.77912866   0.72601477   1.92465148  -2.43283101
  0.92805919   0.25172855  -0.11259820   0.70720013   0.78539816   0.77809976   0.72620099   1.92483133  -2.43419513
  0.92828242   0.25165804  -0.11232485   0.70706362   0.78539816   0.77823730   0.72635810   1.92492439  -2.43415888
  0.93009305   0.25260857  -0.11036038   0.70733620   0.78516997   0.77678468   0.72666134   1.92512103  -2.43619316
  0.93115140   0.25346579  -0.10884722   0.70776477   0.78522933   0.77564046   0.72712292   1.92544107  -2.43724001
  0.93205070   0.25422990  -0.10742689   0.70818284   0.78528059   0.77460785   0.72761081   1.92578272  -2.43812121
  0.93352662   0.25458930  -0.10594189   0.70813470   0.78523659   0.77374572   0.72785531   1.92566780  -2.43980328
  0.93488022   0.25525161  -0.10460467   0.70844553   0.78534515   0.77264351   0.72786583   1.92568801  -2.44140377
  0.93594317   0.25587823  -0.10332118   0.70846054   0.78538657   0.77178841   0.72831756   1.92589957  -2.44255374
  0.93631270   0.25591635  -0.10310644   0.70872080   0.78538802   0.77185295   0.72808086   1.92590890  -2.44240068
  0.93840117   0.25656144  -0.10114497   0.70883935   0.78521758   0.77043344   0.72810872   1.92579467  -2.44505872
  0.93910527   0.25808603  -0.09913366   0.70971144   0.78528281   0.76880813   0.72923287   1.92680255  -2.44560141
  0.94051549   0.25855250  -0.09767455   0.70973449   0.78527399   0.76787217   0.72958409   1.92660108  -2.44712702
  0.94112892   0.25938855  -0.09626789   0.71047308   0.78519649   0.76687526   0.73004398   1.92726134  -2.44759689
  0.94237813   0.26011103  -0.09461307   0.71089617   0.78520696   0.76566376   0.73042731   1.92740889  -2.44903211
  0.94338834   0.26091461  -0.09321627   0.71128807   0.78522961   0.76463298   0.73088483   1.92763570  -2.44995392
  0.94435173   0.26168069  -0.09179165   0.71160317   0.78521717   0.76366200   0.73144978   1.92791191  -2.45081797
  0.94616104   0.26203780  -0.09001226   0.71186285   0.78512382   0.76251506   0.73139418   1.92774246  -2.45306105
  0.94616104   0.26203780  -0.09001226   0.71186285   0.78512382   0.76251506   0.73139418   1.92774246  -2.45306105
  0.94804832   0.26311325  -0.08800642   0.71216785   0.78517184   0.76111222   0.73174996   1.92802322  -2.45493075
  0.94972816   0.26370339  -0.08599639   0.71239126   0.78519960   0.75972192   0.73207467   1.92812411  -2.45727146
  0.95013724   0.26384614  -0.08583095   0.71251965   0.78522442   0.75980144   0.73197059   1.92805203  -2.45701119
  0.95214848   0.26465440  -0.08385499   0.71262011   0.78501600   0.75842731   0.73224622   1.92804358  -2.45932048
  0.95214848   0.26465440  -0.08385499   0.71262011   0.78501600   0.75842731   0.73224622   1.92804358  -2.45932048
  0.95332326   0.26855316  -0.07815502   0.71578769   0.78539816   0.75369705   0.73557516   1.93050907  -2.46064283
  0.95367484   0.26860709  -0.07796138   0.71579997   0.78539816   0.75378631   0.73556592   1.93044826  -2.46050613
  0.95608631   0.26890310  -0.07572349   0.71575254   0.78504364   0.75244729   0.73567078   1.93003389  -2.46356178
  0.95638553   0.26906261  -0.07564478   0.71585135   0.78508796   0.75245079   0.73558126   1.92993854  -2.46340659
  0.95815353   0.26967950  -0.07401464   0.71587844   0.78522029   0.75126570   0.73569371   1.92989534  -2.46564027
  0.95815353   0.26967950  -0.07401464   0.71587844   0.78522029   0.75126570   0.73569371   1.92989534  -2.46564027
  0.95996286   0.27089882  -0.07204344   0.71632617   0.78518885   0.74987938   0.73607914   1.93027046  -2.46722355
  0.96180842   0.27149020  -0.07016389   0.71653586   0.78509015   0.74866654   0.73630799   1.93015941  -2.46929702
  0.96180842   0.27149020  -0.07016389   0.71653586   0.78509015   0.74866654   0.73630799   1.93015941  -2.46929702
  0.96349204   0.27306754  -0.06744085   0.71740698   0.78525524   0.74666114   0.73725911   1.93091708  -2.47109936
  0.96489730   0.27366128  -0.06574177   0.71761839   0.78524685   0.74553411   0.73774964   1.93084739  -2.47270705
  0.96515636   0.27367418  -0.06553630   0.71781298   0.78526577   0.74557348   0.73760892   1.93089207  -2.47261774
  0.96554422   0.27874706  -0.05817998   0.72256243   0.78515155   0.73952762   0.74274299   1.93390310  -2.47291880
  0.96641722   0.27888184  -0.05725385   0.72254816   0.78532154   0.73894551   0.74298511   1.93363243  -2.47402892
  0.96674604   0.27892445  -0.05707598   0.72271931   0.78533112   0.73900532   0.74282844   1.93360691  -2.47389676
  0.96802106   0.27994734  -0.05486645   0.72347869   0.78525731   0.73731521   0.74366741   1.93379220  -2.47550729
  0.96802106   0.27994734  -0.05486645   0.72347869   0.78525731   0.73731521   0.74366741   1.93379220  -2.47550729
  0.96772707   0.28479503  -0.04741363   0.72860983   0.78518198   0.73154828   0.74936729   1.93661495  -2.47466575
  0.96843313   0.28510871  -0.04627829   0.72909641   0.78494524   0.73086703   0.74973665   1.93647063  -2.47521635
  0.96912960   0.28544989  -0.04555789   0.72937217   0.78539816   0.73020580   0.74992709   1.93606581  -2.47588812
  0.96912960   0.28544989  -0.04555789   0.72937217   0.78539816   0.73020580   0.74992709   1.93606581  -2.47588812
  0.96806858   0.29159680  -0.03434959   0.73735183   0.78329781   0.72233003   0.75861348   1.93981047  -2.47369231
  0.96806858   0.29159680  -0.03434959   0.73735183   0.78329781   0.72233003   0.75861348   1.93981047  -2.47369231
  0.96806858   0.29159680  -0.03434959   0.73735183   0.78329781   0.72233003   0.75861348   1.93981047  -2.47369231
  0.96610437   0.29729245  -0.02615719   0.74438004   0.78535237   0.71491366   0.76584197   1.94197580  -2.47197827
  0.96610437   0.29729245  -0.02615719   0.74438004   0.78535237   0.71491366   0.76584197   1.94197580  -2.47197827
  0.96610437   0.29729245  -0.02615719   0.74438004   0.78535237   0.71491366   0.76584197   1.94197580  -2.47197827
  0.96285547   0.30495650  -0.01492573   0.75394358   0.78528338   0.70609310   0.77613654   1.94597305  -2.46738056
  0.96285547   0.30495650  -0.01492573   0.75394358   0.78528338   0.70609310   0.77613654   1.94597305  -2.46738056
  0.96285547   0.30495650  -0.01492573   0.75394358   0.78528338   0.70609310   0.77613654   1.94597305  -2.46738056
  0.96285547   0.30495650  -0.01492573   0.75394358   0.78528338   0.70609310   0.77613654   1.94597305  -2.46738056
  0.95862692   0.31407799  -0.00124645   0.76580047   0.78536063   0.69527326   0.78870991   1.95038847  -2.46190902
  0.95862692   0.31407799  -0.00124645   0.76580047   0.78536063   0.69527326   0.78870991   1.95038847  -2.46190902
  0.95546863   0.31967782   0.00730640   0.77353245   0.78536337   0.68866192   0.79691876   1.95272124  -2.45763667
  0.95546863   0.31967782   0.00730640   0.77353245   0.78536337   0.68866192   0.79691876   1.95272124  -2.45763667
  0.95546863   0.31967782   0.00730640   0.77353245   0.78536337   0.68866192   0.79691876   1.95272124  -2.45763667
  0.95151140   0.32736907   0.01860845   0.78357721   0.78525394   0.68000320   0.80766824   1.95609939  -2.45213702
  0.95151140   0.32736907   0.01860845   0.78357721   0.78525394   0.68000320   0.80766824   1.95609939  -2.45213702
  0.95151140   0.32736907   0.01860845   0.78357721   0.78525394   0.68000320   0.80766824   1.95609939  -2.45213702
  0.94778944   0.33499609   0.02972512   0.79341907   0.78531029   0.67141714   0.81809074   1.95921426  -2.44711755
  0.94778944   0.33499609   0.02972512   0.79341907   0.78531029   0.67141714   0.81809074   1.95921426  -2.44711755
  0.94778944   0.33499609   0.02972512   0.79341907   0.78531029   0.67141714   0.81809074   1.95921426  -2.44711755
  0.94376618   0.34303012   0.04121058   0.80355046   0.78527531   0.66275532   0.82899572   1.96258406  -2.44155460
  0.94376618   0.34303012   0.04121058   0.80355046   0.78527531   0.66275532   0.82899572   1.96258406  -2.44155460
  0.94376618   0.34303012   0.04121058   0.80355046   0.78527531   0.66275532   0.82899572   1.96258406  -2.44155460
  0.93998703   0.35105850   0.05269135   0.81350383   0.78468663   0.65444764   0.83977313   1.96587428  -2.43584759
  0.93998703   0.35105850   0.05269135   0.81350383   0.78468663   0.65444764   0.83977313   1.96587428  -2.43584759
  0.93998703   0.35105850   0.05269135   0.81350383   0.78468663   0.65444764   0.83977313   1.96587428  -2.43584759
  0.93595899   0.35868043   0.06333879   0.82322640   0.78510396   0.64635518   0.85000501   1.96846927  -2.43038730
  0.93595899   0.35868043   0.06333879   0.82322640   0.78510396   0.64635518   0.85000501   1.96846927  -2.43038730
  0.93595899   0.35868043   0.06333879   0.82322640   0.78510396   0.64635518   0.85000501   1.96846927  -2.43038730
  0.93233979   0.36659502   0.07420902   0.83283823   0.78530552   0.63813669   0.86007208   1.97140861  -2.42553873
  0.93233979   0.36659502   0.07420902   0.83283823   0.78530552   0.63813669   0.86007208   1.97140861  -2.42553873
  0.92955078   0.37224390   0.08222431   0.83980107   0.78495102   0.63256867   0.86770357   1.97327282  -2.42121177
  0.92955078   0.37224390   0.08222431   0.83980107   0.78495102   0.63256867   0.86770357   1.97327282  -2.42121177
  0.92955078   0.37224390   0.08222431   0.83980107   0.78495102   0.63256867   0.86770357   1.97327282  -2.42121177
  0.92568494   0.38036155   0.09349061   0.84976787   0.78491393   0.62443345   0.87824634   1.97585739  -2.41561117
  0.92568494   0.38036155   0.09349061   0.84976787   0.78491393   0.62443345   0.87824634   1.97585739  -2.41561117
  0.92568494   0.38036155   0.09349061   0.84976787   0.78491393   0.62443345   0.87824634   1.97585739  -2.41561117
  0.92189925   0.38898989   0.10522951   0.85999753   0.78470605   0.61607231   0.88907647   1.97863756  -2.40994819
  0.92189925   0.38898989   0.10522951   0.85999753   0.78470605   0.61607231   0.88907647   1.97863756  -2.40994819
  0.92189925   0.38898989   0.10522951   0.85999753   0.78470605   0.61607231   0.88907647   1.97863756  -2.40994819
  0.91828838   0.39554983   0.11501152   0.86868503   0.78427073   0.60943873   0.89838064   1.98005708  -2.40451396
  0.91828838   0.39554983   0.11501152   0.86868503   0.78427073   0.60943873   0.89838064   1.98005708  -2.40451396
  0.91828838   0.39554983   0.11501152   0.86868503   0.78427073   0.60943873   0.89838064   1.98005708  -2.40451396
  0.91457877   0.40548093   0.12808225   0.87979970   0.78369749   0.60036246   0.91012203   1.98337266  -2.39851448
  0.91457877   0.40548093   0.12808225   0.87979970   0.78369749   0.60036246   0.91012203   1.98337266  -2.39851448
  0.91457877   0.40548093   0.12808225   0.87979970   0.78369749   0.60036246   0.91012203   1.98337266  -2.39851448
  0.91103912   0.41372066   0.13954463   0.88962853   0.78294542   0.59273101   0.92055747   1.98552801  -2.39277625
  0.91103912   0.41372066   0.13954463   0.88962853   0.78294542   0.59273101   0.92055747   1.98552801  -2.39277625
  0.91103912   0.41372066   0.13954463   0.88962853   0.78294542   0.59273101   0.92055747   1.98552801  -2.39277625
  0.90760197   0.42212368   0.15115771   0.89950091   0.78203480   0.58512141   0.93102923   1.98765546  -2.38703319
  0.90760197   0.42212368   0.15115771   0.89950091   0.78203480   0.58512141   0.93102923   1.98765546  -2.38703319
  0.90760197   0.42212368   0.15115771   0.89950091   0.78203480   0.58512141   0.93102923   1.98765546  -2.38703319
  0.90420782   0.43025771   0.16256190   0.90918742   0.78096376   0.57782992   0.94130562   1.98948326  -2.38124140
  0.90420782   0.43025771   0.16256190   0.90918742   0.78096376   0.57782992   0.94130562   1.98948326  -2.38124140
  0.90420782   0.43025771   0.16256190   0.90918742   0.78096376   0.57782992   0.94130562   1.98948326  -2.38124140
  0.90094706   0.43891550   0.17442745   0.91914353   0.77973787   0.57030828   0.95183257   1.99148799  -2.37543791
  0.90094706   0.43891550   0.17442745   0.91914353   0.77973787   0.57030828   0.95183257   1.99148799  -2.37543791
  0.90094706   0.43891550   0.17442745   0.91914353   0.77973787   0.57030828   0.95183257   1.99148799  -2.37543791
  0.89771674   0.44721712   0.18599741   0.92885489   0.77836302   0.56316550   0.96210830   1.99315575  -2.36959004
  0.89771674   0.44721712   0.18599741   0.92885489   0.77836302   0.56316550   0.96210830   1.99315575  -2.36959004
  0.89771674   0.44721712   0.18599741   0.92885489   0.77836302   0.56316550   0.96210830   1.99315575  -2.36959004
  0.89461120   0.45583285   0.19783690   0.93870056   0.77684209   0.55593832   0.97250239   1.99487473  -2.36374884
  0.89461120   0.45583285   0.19783690   0.93870056   0.77684209   0.55593832   0.97250239   1.99487473  -2.36374884
  0.89461120   0.45583285   0.19783690   0.93870056   0.77684209   0.55593832   0.97250239   1.99487473  -2.36374884
  0.89152773   0.46401778   0.20929471   0.94825135   0.77519823   0.54913048   0.98258609   1.99622748  -2.35787678
  0.89152773   0.46401778   0.20929471   0.94825135   0.77519823   0.54913048   0.98258609   1.99622748  -2.35787678
  0.89152773   0.46401778   0.20929471   0.94825135   0.77519823   0.54913048   0.98258609   1.99622748  -2.35787678
  0.88859866   0.47289730   0.22137570   0.95820198   0.77338681   0.54196935   0.99303145   1.99781925  -2.35198918
  0.88859866   0.47289730   0.22137570   0.95820198   0.77338681   0.54196935   0.99303145   1.99781925  -2.35198918
  0.88859866   0.47289730   0.22137570   0.95820198   0.77338681   0.54196935   0.99303145   1.99781925  -2.35198918
  0.88568166   0.48035189   0.23207148   0.96711643   0.77157580   0.53590072   1.00244510   1.99859710  -2.34625366
  0.88568166   0.48035189   0.23207148   0.96711643   0.77157580   0.53590072   1.00244510   1.99859710  -2.34625366
  0.88568166   0.48035189   0.23207148   0.96711643   0.77157580   0.53590072   1.00244510   1.99859710  -2.34625366
  0.88302481   0.48911538   0.24412967   0.97704917   0.76955034   0.52888534   1.01275118   1.99958804  -2.34044342
  0.88302481   0.48911538   0.24412967   0.97704917   0.76955034   0.52888534   1.01275118   1.99958804  -2.34044342
  0.88125813   0.49469962   0.25191332   0.98336640   0.76815845   0.52450276   1.01932787   2.00050944  -2.33677562
  0.88125813   0.49469962   0.25191332   0.98336640   0.76815845   0.52450276   1.01932787   2.00050944  -2.33677562
  0.88125813   0.49469962   0.25191332   0.98336640   0.76815845   0.52450276   1.01932787   2.00050944  -2.33677562
  0.87839862   0.50439553   0.26459218   0.99370676   0.76571510   0.51750188   1.03015059   2.00196705  -2.33020493
  0.87839862   0.50439553   0.26459218   0.99370676   0.76571510   0.51750188   1.03015059   2.00196705  -2.33020493
  0.87839862   0.50439553   0.26459218   0.99370676   0.76571510   0.51750188   1.03015059   2.00196705  -2.33020493
  0.87588967   0.51295886   0.27627380   1.00318080   0.76340383   0.51106768   1.03998325   2.00301479  -2.32457260
  0.87588967   0.51295886   0.27627380   1.00318080   0.76340383   0.51106768   1.03998325   2.00301479  -2.32457260
  0.87588967   0.51295886   0.27627380   1.00318080   0.76340383   0.51106768   1.03998325   2.00301479  -2.32457260
  0.87338517   0.52037456   0.28679701   1.01185024   0.76116037   0.50550806   1.04898308   2.00324217  -2.31894472
  0.87338517   0.52037456   0.28679701   1.01185024   0.76116037   0.50550806   1.04898308   2.00324217  -2.31894472
  0.87338517   0.52037456   0.28679701   1.01185024   0.76116037   0.50550806   1.04898308   2.00324217  -2.31894472
  0.87956275   0.52359878   0.29657429   1.02035592   0.75222067   0.48893549   1.06458020   2.00871210  -2.30470018
  0.87956275   0.52359878   0.29657429   1.02035592   0.75222067   0.48893549   1.06458020   2.00871210  -2.30470018
  0.87936196   0.52359878   0.29824021   1.02216199   0.75151121   0.48752894   1.06640151   2.00749803  -2.30325145
  0.87936196   0.52359878   0.29824021   1.02216199   0.75151121   0.48752894   1.06640151   2.00749803  -2.30325145
  0.89249953   0.52359878   0.30580562   1.02885171   0.73834996   0.46438569   1.08517936   2.01687047  -2.28468152
  0.89249953   0.52359878   0.30580562   1.02885171   0.73834996   0.46438569   1.08517936   2.01687047  -2.28468152
  0.89190191   0.52359878   0.30728471   1.03063539   0.73763484   0.46345214   1.08690086   2.01556134  -2.28286554
  0.89190191   0.52359878   0.30728471   1.03063539   0.73763484   0.46345214   1.08690086   2.01556134  -2.28286554
  0.90596189   0.52359878   0.31469278   1.03749683   0.72366651   0.43989698   1.10660953   2.02476633  -2.26344928
  0.90596189   0.52359878   0.31469278   1.03749683   0.72366651   0.43989698   1.10660953   2.02476633  -2.26344928
  0.90596189   0.52359878   0.31469278   1.03749683   0.72366651   0.43989698   1.10660953   2.02476633  -2.26344928
  0.90495932   0.52359878   0.31701148   1.04023405   0.72257894   0.43855126   1.10933856   2.02272489  -2.26086068
  0.90495932   0.52359878   0.31701148   1.04023405   0.72257894   0.43855126   1.10933856   2.02272489  -2.26086068
  0.90495932   0.52359878   0.31701148   1.04023405   0.72257894   0.43855126   1.10933856   2.02272489  -2.26086068
  0.92820936   0.52359878   0.32733842   1.05025285   0.70004552   0.40233015   1.14040689   2.03651997  -2.22976769
  0.92820936   0.52359878   0.32733842   1.05025285   0.70004552   0.40233015   1.14040689   2.03651997  -2.22976769
  0.92820936   0.52359878   0.32733842   1.05025285   0.70004552   0.40233015   1.14040689   2.03651997  -2.22976769
  0.92711768   0.52359878   0.32962313   1.05306706   0.69900460   0.40118269   1.14307383   2.03429099  -2.22739488
  0.92711768   0.52359878   0.32962313   1.05306706   0.69900460   0.40118269   1.14307383   2.03429099  -2.22739488
  0.94871727   0.52359878   0.33732336   1.06109901   0.67858579   0.37021406   1.17040527   2.04604605  -2.19981473
  0.94871727   0.52359878   0.33732336   1.06109901   0.67858579   0.37021406   1.17040527   2.04604605  -2.19981473
  0.94871727   0.52359878   0.33732336   1.06109901   0.67858579   0.37021406   1.17040527   2.04604605  -2.19981473
  0.94757401   0.52359878   0.33948161   1.06400428   0.67755015   0.36925790   1.17294902   2.04357523  -2.19741260
  0.94757401   0.52359878   0.33948161   1.06400428   0.67755015   0.36925790   1.17294902   2.04357523  -2.19741260
  0.97195597   0.52359878   0.34702395   1.07269869   0.65425271   0.33592804   1.20418158   2.05507779  -2.16572870
  0.97195597   0.52359878   0.34702395   1.07269869   0.65425271   0.33592804   1.20418158   2.05507779  -2.16572870
  0.97186685   0.52359878   0.34793634   1.07419625   0.65353582   0.33500429   1.20539944   2.05409376  -2.16478087
  0.97186685   0.52359878   0.34793634   1.07419625   0.65353582   0.33500429   1.20539944   2.05409376  -2.16478087
  0.99181163   0.52359878   0.35350001   1.08124751   0.63401452   0.30866474   1.23141264   2.06230604  -2.13811328
  0.99181163   0.52359878   0.35350001   1.08124751   0.63401452   0.30866474   1.23141264   2.06230604  -2.13811328
  0.99088142   0.52351521   0.35377250   1.08207384   0.63356839   0.30882460   1.23189517   2.06171360  -2.13693445
  0.99088142   0.52351521   0.35377250   1.08207384   0.63356839   0.30882460   1.23189517   2.06171360  -2.13693445
  0.99057265   0.52359878   0.35528690   1.08413795   0.63252656   0.30769438   1.23411376   2.06014769  -2.13525836
  1.00876367   0.52359878   0.35887307   1.08921911   0.61441293   0.28462758   1.25746106   2.06797372  -2.11024376
  1.00876367   0.52359878   0.35887307   1.08921911   0.61441293   0.28462758   1.25746106   2.06797372  -2.11024376
  1.00807392   0.52357372   0.35897561   1.08985291   0.61393715   0.28457726   1.25777470   2.06794571  -2.10952031
  1.00695333   0.52359878   0.35907648   1.09033522   0.61342776   0.28495780   1.25826207   2.06798681  -2.10807748
  1.00625238   0.52351295   0.35888780   1.09038392   0.61302086   0.28521635   1.25857304   2.06758788  -2.10688514
  1.00625238   0.52351295   0.35888780   1.09038392   0.61302086   0.28521635   1.25857304   2.06758788  -2.10688514
  1.00434303   0.52337891   0.35855964   1.09067217   0.61219606   0.28597764   1.25902841   2.06753156  -2.10457407
  1.00434303   0.52337891   0.35855964   1.09067217   0.61219606   0.28597764   1.25902841   2.06753156  -2.10457407
  1.00253450   0.52331186   0.35829600   1.09100868   0.61141338   0.28667109   1.25946044   2.06760959  -2.10245002
  1.00253450   0.52331186   0.35829600   1.09100868   0.61141338   0.28667109   1.25946044   2.06760959  -2.10245002
  1.00100573   0.52359878   0.35821379   1.09141449   0.61060796   0.28709921   1.26013678   2.06758476  -2.10046397
  0.99943901   0.52347818   0.35794154   1.09153421   0.60996604   0.28780327   1.26050559   2.06782091  -2.09853286
  0.99871025   0.52359878   0.35766956   1.09157600   0.60956021   0.28808653   1.26063698   2.06781525  -2.09744179
  0.99748971   0.52349879   0.35741037   1.09160710   0.60904621   0.28861991   1.26090660   2.06805878  -2.09597367
  0.99636988   0.52349845   0.35708276   1.09157461   0.60854409   0.28911539   1.26111956   2.06822205  -2.09454627
  0.99618238   0.52349738   0.35701215   1.09156134   0.60841259   0.28903448   1.26117946   2.06824340  -2.09460761
  0.99431563   0.52320097   0.35632001   1.09136933   0.60775014   0.29011845   1.26121712   2.06849887  -2.09223127
  0.99411756   0.52317840   0.35624945   1.09135756   0.60761647   0.29003913   1.26127700   2.06852979  -2.09229675
  0.99214473   0.52288177   0.35547024   1.09112720   0.60694960   0.29122701   1.26122060   2.06883562  -2.08982833
  0.99193995   0.52283650   0.35540770   1.09110147   0.60681872   0.29114686   1.26129726   2.06886760  -2.08991133
  0.99003689   0.52235149   0.35458550   1.09082481   0.60618691   0.29229989   1.26117348   2.06909838  -2.08759013
  0.98984180   0.52231570   0.35451082   1.09079116   0.60605833   0.29222295   1.26123814   2.06911745  -2.08766475
  0.98792832   0.52173902   0.35356294   1.09040480   0.60542889   0.29342919   1.26101822   2.06930705  -2.08530028
  0.98773065   0.52167910   0.35349752   1.09037732   0.60530422   0.29335448   1.26108399   2.06934314  -2.08538386
  0.98587297   0.52098164   0.35251413   1.08996297   0.60469696   0.29452976   1.26079424   2.06956418  -2.08314794
  0.98568267   0.52093902   0.35243284   1.08992015   0.60457191   0.29445653   1.26085214   2.06958060  -2.08322302
  0.98378011   0.52017628   0.35131348   1.08937894   0.60395704   0.29571591   1.26047963   2.06975543  -2.08087730
  0.98343821   0.51915416   0.35054872   1.08867087   0.60386913   0.29595438   1.25996648   2.06986806  -2.08095865
  0.98186425   0.51842048   0.34951641   1.08816984   0.60335629   0.29702009   1.25954602   2.07002610  -2.07902180
  0.98168579   0.51840266   0.34940875   1.08814262   0.60322017   0.29693170   1.25957077   2.07002971  -2.07909742
  0.98051122   0.51684684   0.34791199   1.08708013   0.60290518   0.29794455   1.25859277   2.07020870  -2.07786592
  0.97916493   0.51623574   0.34692602   1.08654441   0.60244121   0.29883656   1.25820045   2.07026762  -2.07624058
  0.97875511   0.51519742   0.34615461   1.08592418   0.60231555   0.29909629   1.25765453   2.07042495  -2.07624411
  0.97727830   0.51456880   0.34515996   1.08529160   0.60184439   0.30012087   1.25734183   2.07046137  -2.07440898
  0.97650113   0.51394684   0.34452309   1.08518724   0.60152877   0.30053394   1.25688758   2.07069694  -2.07367676
  0.97526965   0.51329058   0.34355383   1.08441508   0.60114420   0.30140216   1.25659296   2.07065019  -2.07224228
  0.97487079   0.51309739   0.34342514   1.08445836   0.60089052   0.30125261   1.25665279   2.07080196  -2.07241215
  0.97362205   0.51199361   0.34228347   1.08368751   0.60056854   0.30233204   1.25601291   2.07093104  -2.07081276
  0.97237922   0.51126562   0.34132803   1.08322911   0.60013954   0.30316207   1.25554370   2.07106286  -2.06936069
  0.97219679   0.51123137   0.34123110   1.08318549   0.60001454   0.30309320   1.25558269   2.07106958  -2.06942250
  0.97109039   0.50986784   0.34000260   1.08234211   0.59971609   0.30401339   1.25480099   2.07125134  -2.06826407
  0.96996445   0.50842461   0.33844111   1.08122273   0.59935921   0.30494027   1.25381721   2.07131848  -2.06714090
  0.96865627   0.50776186   0.33750272   1.08072650   0.59891030   0.30580456   1.25343391   2.07141005  -2.06559917
  0.96846493   0.50770968   0.33741757   1.08070041   0.59878319   0.30573239   1.25347673   2.07143690  -2.06567059
  0.96743959   0.50636265   0.33621718   1.07992000   0.59847014   0.30651121   1.25269264   2.07161295  -2.06474143
  0.96586284   0.50573325   0.33534351   1.07944780   0.59793371   0.30745733   1.25249911   2.07175697  -2.06298253
  0.96551745   0.50498128   0.33442000   1.07874783   0.59782099   0.30788481   1.25182660   2.07164983  -2.06256547
  0.96431134   0.50362383   0.33316083   1.07792416   0.59744651   0.30877052   1.25106762   2.07185553  -2.06142355
  0.96297546   0.50300984   0.33226003   1.07748900   0.59697739   0.30962963   1.25072125   2.07195160  -2.05984326
  0.96278497   0.50296134   0.33217623   1.07746204   0.59685131   0.30955918   1.25076640   2.07197588  -2.05991122
  0.96173081   0.50172409   0.33107497   1.07679271   0.59651594   0.31031801   1.25007473   2.07214439  -2.05893569
  0.96015922   0.50114794   0.33022833   1.07628826   0.59598488   0.31126691   1.24994406   2.07224758  -2.05716500
  0.95904946   0.50051127   0.32940721   1.07590112   0.59560153   0.31201742   1.24955818   2.07233580  -2.05584362
  0.95849573   0.49923147   0.32820821   1.07500874   0.59542903   0.31256804   1.24865985   2.07236610  -2.05544667
  0.95719667   0.49864279   0.32735754   1.07459017   0.59497279   0.31339627   1.24835496   2.07245927  -2.05392391
  0.95700638   0.49860195   0.32726910   1.07456440   0.59484388   0.31332374   1.24839727   2.07247883  -2.05398941
  0.95568700   0.49754140   0.32625619   1.07388029   0.59445424   0.31428157   1.24794725   2.07259386  -2.05254844
  0.95423803   0.49692926   0.32532072   1.07355730   0.59390752   0.31514660   1.24756524   2.07273575  -2.05086939
  0.95405838   0.49690123   0.32522734   1.07351716   0.59378565   0.31508406   1.24760535   2.07273935  -2.05091871
  0.95282824   0.49575776   0.32417950   1.07288540   0.59341479   0.31600099   1.24703011   2.07288243  -2.04958542
  0.95200886   0.49493275   0.32323478   1.07224425   0.59310965   0.31655127   1.24651640   2.07288485  -2.04884587
  0.95101726   0.49407143   0.32228680   1.07170137   0.59276138   0.31723995   1.24598765   2.07296871  -2.04781026
  0.94975124   0.49299985   0.32112313   1.07095278   0.59234944   0.31817234   1.24538510   2.07305948  -2.04642520
  0.94843999   0.49244916   0.32031288   1.07059920   0.59187835   0.31898590   1.24511216   2.07315576  -2.04488702
  0.94825110   0.49241424   0.32022434   1.07057061   0.59175024   0.31891491   1.24515692   2.07317022  -2.04494848
  0.94691789   0.49143430   0.31928516   1.06998010   0.59134306   0.31985168   1.24477222   2.07327295  -2.04347833
  0.94545313   0.49089005   0.31837019   1.06962047   0.59079280   0.32073377   1.24446248   2.07335939  -2.04174808
  0.94447662   0.49029509   0.31768488   1.06934119   0.59043827   0.32133971   1.24414347   2.07345702  -2.04067894
  0.94426424   0.49026272   0.31758491   1.06929272   0.59029481   0.32125864   1.24420556   2.07346317  -2.04075263
  0.94303102   0.48923575   0.31663012   1.06875222   0.58990623   0.32213413   1.24372502   2.07358600  -2.03941686
  0.94169983   0.48817705   0.31541747   1.06799171   0.58945222   0.32308983   1.24311756   2.07364311  -2.03795878
  0.94054146   0.48764864   0.31471191   1.06769650   0.58902667   0.32377233   1.24288265   2.07374695  -2.03667818
  0.93955471   0.48709959   0.31414783   1.06739026   0.58868070   0.32432269   1.24274433   2.07384675  -2.03572155
  0.93847149   0.48656962   0.31346266   1.06728842   0.58824315   0.32491194   1.24240175   2.07400883  -2.03454453
  0.93831318   0.48660836   0.31334687   1.06716796   0.58812935   0.32485789   1.24247010   2.07393465  -2.03457284
  0.93634565   0.48588439   0.31236040   1.06664074   0.58745845   0.32604112   1.24235724   2.07403359  -2.03232840
  0.93634565   0.48588439   0.31236040   1.06664074   0.58745845   0.32604112   1.24235724   2.07403359  -2.03232840
  0.93473163   0.48464250   0.31102809   1.06592852   0.58688967   0.32712442   1.24169940   2.07408260  -2.03059884
  0.93334160   0.48400940   0.31019114   1.06563649   0.58638134   0.32797213   1.24138419   2.07423522  -2.02899579
  0.93229932   0.48337521   0.30948195   1.06514110   0.58603370   0.32864115   1.24118973   2.07423442  -2.02790016
  0.93212378   0.48337125   0.30936365   1.06514964   0.58588979   0.32855174   1.24118644   2.07424057  -2.02795524
  0.93010839   0.48259672   0.30823864   1.06479738   0.58516216   0.32980491   1.24081936   2.07440150  -2.02549934
  0.92981850   0.48247324   0.30815820   1.06471298   0.58500352   0.32972815   1.24094665   2.07444822  -2.02561364
  0.92835667   0.48184819   0.30731135   1.06432364   0.58452270   0.33074756   1.24068899   2.07448682  -2.02372078
  0.92719845   0.48119049   0.30648417   1.06404081   0.58409426   0.33150892   1.24028086   2.07454222  -2.02232733
  0.92699376   0.48112874   0.30641369   1.06399328   0.58396898   0.33143799   1.24035982   2.07456793  -2.02241277
  0.92506613   0.48032412   0.30536580   1.06358147   0.58331012   0.33268775   1.24005954   2.07470640  -2.02005093
  0.92487255   0.48028214   0.30528100   1.06354052   0.58318068   0.33260969   1.24012031   2.07471841  -2.02013281
  0.92301113   0.47948237   0.30423894   1.06314354   0.58253991   0.33382603   1.23979736   2.07481902  -2.01783216
  0.92281413   0.47943295   0.30415759   1.06310425   0.58241103   0.33374966   1.23986050   2.07483649  -2.01791493
  0.92093531   0.47861240   0.30310910   1.06271048   0.58176426   0.33497531   1.23953330   2.07494208  -2.01560141
  0.92073885   0.47856702   0.30302472   1.06266812   0.58163432   0.33489786   1.23959625   2.07495524  -2.01568408
  0.91885789   0.47774309   0.30196637   1.06226450   0.58098684   0.33613169   1.23926492   2.07504889  -2.01335835
  0.91866053   0.47769405   0.30188401   1.06222438   0.58085711   0.33605401   1.23932839   2.07506534  -2.01344303
  0.91679349   0.47686380   0.30083810   1.06183436   0.58021336   0.33727370   1.23899832   2.07516506  -2.01114675
  0.91659727   0.47682001   0.30075230   1.06179127   0.58008294   0.33719605   1.23906071   2.07517643  -2.01122883
  0.91471227   0.47599269   0.29968990   1.06138872   0.57943257   0.33843515   1.23872863   2.07526064  -2.00889234
  0.91451413   0.47594223   0.29960833   1.06134943   0.57930265   0.33835718   1.23879281   2.07527817  -2.00897808
  0.91265239   0.47511075   0.29857278   1.06097300   0.57865901   0.33956982   1.23846826   2.07537595  -2.00669255
  0.91245639   0.47506986   0.29848528   1.06092869   0.57852793   0.33949192   1.23853049   2.07538458  -2.00677341
  0.91118691   0.47401635   0.29754731   1.06035208   0.57813110   0.34040966   1.23812690   2.07538135  -2.00538545
  0.90971861   0.47342523   0.29664119   1.06006772   0.57756227   0.34128479   1.23779620   2.07548127  -2.00366478
  0.90953542   0.47339331   0.29655248   1.06003508   0.57743914   0.34122150   1.23784040   2.07548863  -2.00371576
  0.90815471   0.47240651   0.29564271   1.05952596   0.57699699   0.34217727   1.23749538   2.07551925  -2.00217775
  0.90672746   0.47189033   0.29479392   1.05922933   0.57645004   0.34303112   1.23723665   2.07558347  -2.00048208
  0.90653301   0.47185950   0.29469616   1.05921741   0.57631441   0.34296067   1.23726770   2.07559881  -2.00052994
  0.90492053   0.47076753   0.29358630   1.05868014   0.57576545   0.34406293   1.23679752   2.07563221  -1.99869003
  0.90358774   0.47025369   0.29283552   1.05842525   0.57526752   0.34486235   1.23658166   2.07571652  -1.99712347
  0.90340154   0.47023039   0.29274508   1.05839427   0.57513923   0.34479207   1.23662933   2.07572054  -1.99717883
  0.90199434   0.46940891   0.29196397   1.05800056   0.57468021   0.34570977   1.23642560   2.07574728  -1.99558887
  0.90052974   0.46895192   0.29115352   1.05776719   0.57411023   0.34655406   1.23621439   2.07581371  -1.99384589
  0.90034687   0.46891724   0.29107096   1.05775890   0.57398705   0.34649207   1.23624943   2.07583371  -1.99388881
  0.89813119   0.46823177   0.28996445   1.05746471   0.57316730   0.34781429   1.23602647   2.07590859  -1.99116710
  0.89786203   0.46805778   0.28995193   1.05742419   0.57304786   0.34776729   1.23616801   2.07600672  -1.99127251
  0.89679787   0.46737604   0.28940870   1.05711815   0.57271435   0.34844234   1.23607575   2.07599388  -1.99013916
  0.89541433   0.46698378   0.28866034   1.05704370   0.57214475   0.34919127   1.23583287   2.07609916  -1.98849559
  0.89484072   0.46661544   0.28821873   1.05684499   0.57191487   0.34952909   1.23565795   2.07601466  -1.98789341
  0.89318060   0.46606576   0.28743730   1.05635906   0.57136704   0.35058515   1.23567264   2.07601059  -1.98589239
  0.89212617   0.46572866   0.28676874   1.05624584   0.57095513   0.35129146   1.23538687   2.07596763  -1.98441303
  0.89182826   0.46564360   0.28667151   1.05627192   0.57075000   0.35114579   1.23546443   2.07604740  -1.98457056
  0.88987821   0.46492079   0.28585924   1.05627876   0.57004842   0.35228034   1.23525906   2.07633246  -1.98223885
  0.88969470   0.46494019   0.28575948   1.05617896   0.56991858   0.35219946   1.23535248   2.07628100  -1.98231053
  0.88820567   0.46436840   0.28512795   1.05574968   0.56945399   0.35314822   1.23545055   2.07617048  -1.98053881
  0.88696017   0.46399594   0.28449617   1.05582642   0.56893007   0.35379512   1.23520116   2.07631434  -1.97906382
  0.88675477   0.46396887   0.28440951   1.05579243   0.56879585   0.35372790   1.23526495   2.07632164  -1.97911234
  0.88525186   0.46334132   0.28379288   1.05562280   0.56828497   0.35461003   1.23523553   2.07635233  -1.97738145
  0.88416802   0.46303286   0.28323351   1.05546290   0.56784772   0.35516928   1.23516149   2.07632800  -1.97617072
  0.88305742   0.46267178   0.28274493   1.05525681   0.56744240   0.35576831   1.23518282   2.07632728  -1.97495465
  0.88138745   0.46231966   0.28192683   1.05512334   0.56680479   0.35677724   1.23501686   2.07637943  -1.97276067
  0.88095336   0.46213469   0.28184943   1.05514005   0.56654897   0.35661362   1.23518318   2.07652497  -1.97297215
  0.87999305   0.46189160   0.28135994   1.05502726   0.56625176   0.35740994   1.23505567   2.07635777  -1.97134189
  0.87831362   0.46130540   0.28076291   1.05512657   0.56561151   0.35822217   1.23498614   2.07668772  -1.96958251
  0.87811936   0.46133440   0.28065490   1.05502790   0.56547366   0.35814254   1.23507885   2.07663178  -1.96963994
  0.87647617   0.46086572   0.28007611   1.05467413   0.56495320   0.35914481   1.23529724   2.07652713  -1.96764738
  0.87522966   0.46055912   0.27951698   1.05483402   0.56442493   0.35976082   1.23510678   2.07668188  -1.96616646
  0.87502481   0.46054272   0.27942867   1.05479804   0.56428941   0.35969282   1.23517314   2.07668186  -1.96620996
  0.87350693   0.46005952   0.27894067   1.05478314   0.56376292   0.36052186   1.23525919   2.07671445  -1.96443909
  0.87231093   0.45986772   0.27843589   1.05474581   0.56327736   0.36111401   1.23526195   2.07670172  -1.96302702
  0.87098363   0.45955564   0.27802472   1.05468057   0.56279942   0.36178175   1.23540803   2.07677260  -1.96155520
  0.86977913   0.45935029   0.27751338   1.05460051   0.56232968   0.36242417   1.23540737   2.07679267  -1.96009197
  0.86867562   0.45906302   0.27713556   1.05462230   0.56190065   0.36293302   1.23545369   2.07687513  -1.95891920
  0.86781029   0.45890939   0.27688524   1.05451889   0.56158237   0.36332385   1.23564694   2.07680487  -1.95801351
  0.86637436   0.45872466   0.27624558   1.05445698   0.56102142   0.36414502   1.23559718   2.07678834  -1.95611489
  0.86591022   0.45854187   0.27615545   1.05450920   0.56074096   0.36397185   1.23574987   2.07695003  -1.95631300
  0.86475639   0.45839294   0.27572016   1.05449687   0.56037390   0.36483345   1.23574970   2.07679285  -1.95441794
  0.86317541   0.45790178   0.27524619   1.05466941   0.55977165   0.36556128   1.23576393   2.07711165  -1.95277059
  0.86298100   0.45794088   0.27513493   1.05457725   0.55963082   0.36548069   1.23585255   2.07705197  -1.95281950
  0.86126560   0.45759659   0.27465836   1.05430922   0.55908729   0.36647945   1.23621570   2.07692776  -1.95071400
  0.86018474   0.45742393   0.27437061   1.05458615   0.55862506   0.36688175   1.23625697   2.07705683  -1.94956649
  0.85882443   0.45726008   0.27384411   1.05450421   0.55810404   0.36760974   1.23632563   2.07705603  -1.94787434
  0.85776195   0.45707380   0.27349276   1.05467825   0.55766859   0.36809494   1.23632199   2.07713337  -1.94663096
  0.85667648   0.45685155   0.27322920   1.05458152   0.55728433   0.36858509   1.23657659   2.07715720  -1.94552907
  0.85534149   0.45673488   0.27274517   1.05463225   0.55675675   0.36927351   1.23663690   2.07711436  -1.94381859
  0.85513389   0.45668797   0.27268482   1.05463765   0.55662083   0.36918644   1.23670687   2.07715671  -1.94390276
  0.85329646   0.45626172   0.27209429   1.05473788   0.55595571   0.37018898   1.23675386   2.07731789  -1.94164690
  0.85309185   0.45627790   0.27199487   1.05468315   0.55580996   0.37010205   1.23683459   2.07728858  -1.94170485
  0.85170195   0.45606779   0.27179788   1.05501056   0.55530528   0.37072564   1.23709886   2.07731459  -1.94005996
  0.85041726   0.45612671   0.27146056   1.05492906   0.55482364   0.37134381   1.23742605   2.07719188  -1.93846654
  0.84861772   0.45592248   0.27080808   1.05502599   0.55412571   0.37230836   1.23744031   2.07729193  -1.93614658
  0.84818479   0.45576855   0.27075810   1.05495835   0.55388677   0.37215022   1.23769452   2.07739038  -1.93636879
  0.84727473   0.45577481   0.27072952   1.05522730   0.55361266   0.37269368   1.23795510   2.07731152  -1.93496159
  0.84534131   0.45549892   0.27005967   1.05527619   0.55287157   0.37369188   1.23802778   2.07745962  -1.93260381
  0.84515711   0.45549707   0.26998642   1.05523973   0.55274526   0.37361291   1.23810575   2.07745143  -1.93266651
  0.84322557   0.45520769   0.26935602   1.05526501   0.55204520   0.37468854   1.23824315   2.07744482  -1.93017168
  0.84232679   0.45502133   0.26928577   1.05542586   0.55171317   0.37498448   1.23851277   2.07753555  -1.92936268
  0.84097556   0.45478698   0.26898665   1.05554331   0.55120167   0.37555196   1.23873818   2.07766075  -1.92794439
  0.83966796   0.45482126   0.26869015   1.05552700   0.55072604   0.37619386   1.23908691   2.07751442  -1.92628274
  0.83952299   0.45487118   0.26857609   1.05557508   0.55058515   0.37609671   1.23906448   2.07750338  -1.92631238
  0.83777214   0.45462395   0.26805118   1.05574572   0.54993913   0.37704212   1.23915310   2.07760229  -1.92404914
  0.83755471   0.45462527   0.26796053   1.05571873   0.54978767   0.37695200   1.23923092   2.07759634  -1.92410801
  0.83595947   0.45457945   0.26786006   1.05603514   0.54923497   0.37765108   1.23975598   2.07756160  -1.92217502
  0.83432093   0.45453040   0.26734911   1.05607107   0.54860214   0.37846970   1.23994429   2.07757851  -1.92010946
  0.83330365   0.45445427   0.26720937   1.05638711   0.54819066   0.37883060   1.24012240   2.07769430  -1.91900163
  0.83219135   0.45455151   0.26719610   1.05682236   0.54772810   0.37912257   1.24049163   2.07778987  -1.91783447
  0.83069394   0.45461197   0.26684673   1.05667114   0.54723580   0.37998734   1.24090304   2.07766013  -1.91577794
  0.83045699   0.45460567   0.26674524   1.05669172   0.54705341   0.37985231   1.24096188   2.07768427  -1.91588788
  0.82848557   0.45428764   0.26625106   1.05698655   0.54632712   0.38084530   1.24111871   2.07785525  -1.91345556
  0.82831454   0.45431413   0.26617735   1.05692072   0.54620892   0.38077105   1.24121263   2.07781594  -1.91350768
  0.82658275   0.45460756   0.26627790   1.05746309   0.54559319   0.38141798   1.24200255   2.07775741  -1.91133570
  0.82517905   0.45462945   0.26591420   1.05757252   0.54505139   0.38208527   1.24222026   2.07779011  -1.90956348
  0.82497856   0.45460070   0.26585550   1.05757610   0.54492206   0.38201201   1.24228995   2.07781930  -1.90961514
  0.82287711   0.45434620   0.26528130   1.05774733   0.54416117   0.38313017   1.24249684   2.07788739  -1.90691511
  0.82266662   0.45433038   0.26521736   1.05772151   0.54402295   0.38304145   1.24259336   2.07789528  -1.90699031
  0.82090676   0.45468714   0.26541110   1.05838606   0.54339549   0.38364867   1.24345700   2.07785752  -1.90479239
  0.81943519   0.45471717   0.26505313   1.05852623   0.54282842   0.38433520   1.24369828   2.07790809  -1.90294532
  0.81923668   0.45469554   0.26499318   1.05852545   0.54269885   0.38426003   1.24377048   2.07793102  -1.90299737
  0.81714019   0.45448367   0.26444856   1.05871481   0.54194031   0.38536270   1.24401169   2.07798086  -1.90029220
  0.81693028   0.45446405   0.26438998   1.05869445   0.54180407   0.38527503   1.24410885   2.07799414  -1.90036706
  0.81488836   0.45427674   0.26393522   1.05893484   0.54107187   0.38631712   1.24441998   2.07800825  -1.89775016
  0.81468429   0.45426819   0.26387334   1.05891526   0.54093594   0.38622849   1.24451287   2.07801435  -1.89782027
  0.81290140   0.45486931   0.26427483   1.05977894   0.54029900   0.38674621   1.24557967   2.07798018  -1.89555381
  0.81139743   0.45498110   0.26394499   1.05993860   0.53972008   0.38743399   1.24587541   2.07801598  -1.89363647
  0.81035259   0.45499751   0.26394015   1.06026637   0.53932169   0.38775813   1.24623800   2.07812699  -1.89253614
  0.80913306   0.45513333   0.26378493   1.06041479   0.53885656   0.38823340   1.24664180   2.07807837  -1.89108302
  0.80894114   0.45513160   0.26371098   1.06043596   0.53872102   0.38815670   1.24668723   2.07809598  -1.89111428
  0.80656123   0.45498715   0.26310860   1.06068893   0.53783164   0.38933189   1.24699719   2.07813081  -1.88809282
  0.80627279   0.45489491   0.26311455   1.06067508   0.53768745   0.38924911   1.24718741   2.07820134  -1.88818721
  0.80472109   0.45489699   0.26287342   1.06087242   0.53715843   0.39005532   1.24756593   2.07812788  -1.88608472
  0.80340118   0.45513963   0.26276941   1.06135041   0.53662915   0.39055088   1.24792914   2.07808025  -1.88433842
  0.80227415   0.45615424   0.26362497   1.06234253   0.53619935   0.39047483   1.24921934   2.07819540  -1.88311088
  0.80082102   0.45628020   0.26335900   1.06253903   0.53564545   0.39111448   1.24954569   2.07823889  -1.88127572
  0.80061914   0.45626154   0.26330108   1.06254166   0.53551291   0.39103491   1.24962155   2.07826281  -1.88132991
  0.79831674   0.45613364   0.26276585   1.06281808   0.53465439   0.39213670   1.24996564   2.07829657  -1.87844794
  0.79804149   0.45605409   0.26277203   1.06279735   0.53451849   0.39206227   1.25015297   2.07835503  -1.87852699
  0.79672980   0.45665771   0.26318123   1.06375930   0.53403132   0.39240159   1.25092972   2.07830581  -1.87667204
  0.79487087   0.45676522   0.26284663   1.06372715   0.53338960   0.39331005   1.25147778   2.07828778  -1.87433251
  0.79467433   0.45675708   0.26277673   1.06377718   0.53324233   0.39320774   1.25151806   2.07832371  -1.87439661
  0.79278988   0.45663080   0.26245993   1.06421118   0.53255496   0.39409769   1.25180534   2.07844681  -1.87200116
  0.79143194   0.45690336   0.26255677   1.06442160   0.53209096   0.39455485   1.25258639   2.07829598  -1.87042613
  0.79124633   0.45693937   0.26245215   1.06449472   0.53192805   0.39444099   1.25258329   2.07831208  -1.87046762
  0.78910510   0.45688028   0.26207606   1.06499176   0.53112494   0.39541571   1.25290718   2.07846665  -1.86775631
  0.78893945   0.45690307   0.26202804   1.06493955   0.53101845   0.39534787   1.25301319   2.07843887  -1.86780083
  0.78591828   0.46205857   0.26582439   1.06890436   0.52995105   0.39477803   1.25789753   2.07865854  -1.86325477
  0.78473357   0.46188062   0.26548914   1.06906226   0.52948851   0.39531296   1.25795384   2.07881613  -1.86189929
  0.78452985   0.46187203   0.26541284   1.06901609   0.52935549   0.39523895   1.25804123   2.07880864  -1.86195262
  0.78304193   0.46175821   0.26531539   1.06939028   0.52883851   0.39587033   1.25845804   2.07879234  -1.86016920
  0.78182572   0.46192889   0.26518183   1.06947640   0.52838524   0.39632270   1.25892702   2.07867555  -1.85875209
  0.78052691   0.46197199   0.26514505   1.06987416   0.52789390   0.39675212   1.25933053   2.07879799  -1.85731412
  0.77935863   0.46216153   0.26511268   1.07019919   0.52743577   0.39710645   1.25976249   2.07880838  -1.85598507
  0.77769555   0.46205787   0.26472784   1.07016780   0.52685524   0.39792609   1.26011349   2.07880614  -1.85398351
  0.77672920   0.46209410   0.26461262   1.07051792   0.52645773   0.39825300   1.26030034   2.07883739  -1.85284497
  0.77573274   0.46244049   0.26477532   1.07090933   0.52607650   0.39846876   1.26088914   2.07876535  -1.85170165
  0.77426819   0.46243380   0.26446168   1.07117956   0.52551031   0.39911109   1.26108837   2.07884972  -1.84989040
  0.77318421   0.46256924   0.26437762   1.07138137   0.52510118   0.39949842   1.26147462   2.07877725  -1.84860809
  0.77250726   0.46331866   0.26492634   1.07211733   0.52480258   0.39934270   1.26227440   2.07873365  -1.84786172
  0.77126147   0.46374927   0.26503608   1.07257430   0.52432122   0.39967313   1.26287967   2.07873333  -1.84635376
  0.76943399   0.46356593   0.26466270   1.07278483   0.52367762   0.40056961   1.26313894   2.07892291  -1.84411995
  0.76836339   0.46396500   0.26491701   1.07341212   0.52324196   0.40071196   1.26376367   2.07891883  -1.84293925
  0.76713364   0.46410503   0.26478410   1.07333368   0.52284442   0.40128135   1.26427766   2.07880852  -1.84142581
  0.76610127   0.46420806   0.26466951   1.07378752   0.52239390   0.40157649   1.26445578   2.07888817  -1.84022893
  0.76489084   0.46465522   0.26492294   1.07427267   0.52194898   0.40183715   1.26521862   2.07882547  -1.83882989
  0.76339518   0.46468349   0.26477914   1.07462084   0.52139861   0.40242696   1.26558624   2.07896689  -1.83706564
  0.76230272   0.46628928   0.26591384   1.07582161   0.52098877   0.40220827   1.26717979   2.07885687  -1.83559636
  0.76125840   0.46669147   0.26615031   1.07626337   0.52059262   0.40238393   1.26782577   2.07894011  -1.83447798
  0.75938603   0.46660198   0.26573685   1.07656433   0.51990767   0.40329280   1.26803191   2.07908641  -1.83209187
  0.75919908   0.46664903   0.26564247   1.07651916   0.51976304   0.40318938   1.26811134   2.07904376  -1.83215813
  0.75779894   0.46705704   0.26604182   1.07731122   0.51928770   0.40355657   1.26894651   2.07900297  -1.83039264
  0.75575961   0.46696297   0.26566976   1.07734431   0.51857997   0.40448603   1.26944113   2.07908614  -1.82803644
  0.75563428   0.46706943   0.26554314   1.07737507   0.51844035   0.40438275   1.26941951   2.07902826  -1.82804810
  0.75365519   0.46713714   0.26520232   1.07768690   0.51771255   0.40526124   1.26985437   2.07890480  -1.82552816
  0.75338373   0.46704706   0.26520497   1.07779077   0.51756456   0.40519078   1.26995358   2.07901892  -1.82554976
  0.75154095   0.46817681   0.26593424   1.07896167   0.51693308   0.40558713   1.27131160   2.07892054  -1.82298157
  0.75006555   0.46829988   0.26584584   1.07931770   0.51639517   0.40614077   1.27172435   2.07911250  -1.82124155
  0.74882749   0.46872122   0.26595143   1.07955215   0.51597469   0.40655297   1.27240683   2.07904287  -1.81970008
  0.74865791   0.46875018   0.26586152   1.07960310   0.51582903   0.40644758   1.27241611   2.07905972  -1.81974926
  0.74682451   0.46872804   0.26547625   1.07987730   0.51515862   0.40731169   1.27263605   2.07929494  -1.81744676
  0.74682451   0.46872804   0.26547625   1.07987730   0.51515862   0.40731169   1.27263605   2.07929494  -1.81744676
  0.74538002   0.46889541   0.26529664   1.07991123   0.51463317   0.40784595   1.27310404   2.07947141  -1.81587488
  0.74424762   0.46884914   0.26496818   1.07991399   0.51421860   0.40840318   1.27318561   2.07972916  -1.81452824
  0.74424762   0.46884914   0.26496818   1.07991399   0.51421860   0.40840318   1.27318561   2.07972916  -1.81452824
  0.74274466   0.46860924   0.26418990   1.07943346   0.51366750   0.40928600   1.27308951   2.08010409  -1.81281953
  0.74274466   0.46860924   0.26418990   1.07943346   0.51366750   0.40928600   1.27308951   2.08010409  -1.81281953
  0.74206074   0.46746244   0.26275438   1.07815540   0.51338710   0.41014998   1.27202432   2.08073254  -1.81236931
  0.74206074   0.46746244   0.26275438   1.07815540   0.51338710   0.41014998   1.27202432   2.08073254  -1.81236931
  0.74318080   0.45886207   0.25538547   1.07147526   0.51365431   0.41328285   1.26468451   2.08075325  -1.81509030
  0.74318080   0.45886207   0.25538547   1.07147526   0.51365431   0.41328285   1.26468451   2.08075325  -1.81509030
  0.74277304   0.45810318   0.25415923   1.06999712   0.51353159   0.41406703   1.26385525   2.08132659  -1.81479573
  0.74414850   0.45060408   0.24785682   1.06439369   0.51386580   0.41658707   1.25716835   2.08147653  -1.81770450
  0.74414850   0.45060408   0.24785682   1.06439369   0.51386580   0.41658707   1.25716835   2.08147653  -1.81770450
  0.74531398   0.44415259   0.24199040   1.05890050   0.51415285   0.41906065   1.25104147   2.08191011  -1.82010595
  0.74531398   0.44415259   0.24199040   1.05890050   0.51415285   0.41906065   1.25104147   2.08191011  -1.82010595
  0.74696883   0.43562505   0.23461889   1.05183960   0.51461010   0.42215389   1.24328325   2.08195921  -1.82352718
  0.74696883   0.43562505   0.23461889   1.05183960   0.51461010   0.42215389   1.24328325   2.08195921  -1.82352718
  0.74696883   0.43562505   0.23461889   1.05183960   0.51461010   0.42215389   1.24328325   2.08195921  -1.82352718
  0.74970472   0.42283666   0.22382174   1.04155041   0.51534394   0.42658274   1.23151499   2.08200256  -1.82910346
  0.74970472   0.42283666   0.22382174   1.04155041   0.51534394   0.42658274   1.23151499   2.08200256  -1.82910346
  0.74970472   0.42283666   0.22382174   1.04155041   0.51534394   0.42658274   1.23151499   2.08200256  -1.82910346
  0.75219942   0.41088786   0.21355101   1.03161820   0.51599617   0.43092371   1.22017097   2.08211474  -1.83433198
  0.75219942   0.41088786   0.21355101   1.03161820   0.51599617   0.43092371   1.22017097   2.08211474  -1.83433198
  0.75382927   0.40294265   0.20675666   1.02499461   0.51642069   0.43385547   1.21253178   2.08211107  -1.83785518
  0.75382927   0.40294265   0.20675666   1.02499461   0.51642069   0.43385547   1.21253178   2.08211107  -1.83785518
  0.75536835   0.39509658   0.20004757   1.01844912   0.51680392   0.43680129   1.20491187   2.08208387  -1.84131119
  0.75536835   0.39509658   0.20004757   1.01844912   0.51680392   0.43680129   1.20491187   2.08208387  -1.84131119
  0.75701597   0.38727219   0.19338851   1.01184633   0.51723261   0.43973215   1.19721447   2.08196365  -1.84493894
  0.75701597   0.38727219   0.19338851   1.01184633   0.51723261   0.43973215   1.19721447   2.08196365  -1.84493894
  0.75799980   0.38149541   0.18816753   1.00664791   0.51742703   0.44213810   1.19118156   2.08249447  -1.84746566
  0.75799980   0.38149541   0.18816753   1.00664791   0.51742703   0.44213810   1.19118156   2.08249447  -1.84746566
  0.75983766   0.37157153   0.18004120   0.99873627   0.51788868   0.44586513   1.18161840   2.08168317  -1.85180168
  0.75983766   0.37157153   0.18004120   0.99873627   0.51788868   0.44586513   1.18161840   2.08168317  -1.85180168
  0.76148219   0.36340101   0.17337343   0.99207727   0.51831156   0.44889381   1.17356491   2.08115114  -1.85575267
  0.76148219   0.36340101   0.17337343   0.99207727   0.51831156   0.44889381   1.17356491   2.08115114  -1.85575267
  0.76248126   0.35710963   0.16778859   0.98643518   0.51850095   0.45161977   1.16690760   2.08133211  -1.85846645
  0.76248126   0.35710963   0.16778859   0.98643518   0.51850095   0.45161977   1.16690760   2.08133211  -1.85846645
  0.76440546   0.34796883   0.16046835   0.97905805   0.51900272   0.45498357   1.15776225   2.08041316  -1.86310349
  0.76440546   0.34796883   0.16046835   0.97905805   0.51900272   0.45498357   1.15776225   2.08041316  -1.86310349
  0.76524203   0.34073069   0.15425367   0.97291032   0.51910611   0.45817427   1.15026214   2.08019144  -1.86593065
  0.76524203   0.34073069   0.15425367   0.97291032   0.51910611   0.45817427   1.15026214   2.08019144  -1.86593065
  0.76665222   0.33273891   0.14768290   0.96625631   0.51943197   0.46141184   1.14192003   2.07959003  -1.86977202
  0.76665222   0.33273891   0.14768290   0.96625631   0.51943197   0.46141184   1.14192003   2.07959003  -1.86977202
  0.76832624   0.32505505   0.14152066   0.95977608   0.51988040   0.46436762   1.13386365   2.07867821  -1.87397778
  0.76832624   0.32505505   0.14152066   0.95977608   0.51988040   0.46436762   1.13386365   2.07867821  -1.87397778
  0.76935638   0.31774378   0.13549214   0.95359390   0.52007982   0.46753689   1.12605131   2.07839413  -1.87737012
  0.76935638   0.31774378   0.13549214   0.95359390   0.52007982   0.46753689   1.12605131   2.07839413  -1.87737012
  0.77048565   0.30988441   0.12895871   0.94685999   0.52027943   0.47101073   1.11763519   2.07746382  -1.88087145
  0.77048565   0.30988441   0.12895871   0.94685999   0.52027943   0.47101073   1.11763519   2.07746382  -1.88087145
  0.77154430   0.30138518   0.12221398   0.93998454   0.52047708   0.47466394   1.10873401   2.07632498  -1.88472067
  0.77154430   0.30138518   0.12221398   0.93998454   0.52047708   0.47466394   1.10873401   2.07632498  -1.88472067
  0.77298840   0.29367606   0.11625832   0.93355818   0.52087018   0.47778511   1.10046707   2.07513045  -1.88902129
  0.77228773   0.29324455   0.11531188   0.93282790   0.52049912   0.47857764   1.09973620   2.07579953  -1.88813520
  0.77235818   0.29323000   0.11522636   0.93236910   0.52054664   0.47862525   1.09981838   2.07569453  -1.88829376
  0.77441603   0.28130713   0.10645930   0.92340589   0.52110725   0.48333492   1.08713130   2.07327216  -1.89465561
  0.77441603   0.28130713   0.10645930   0.92340589   0.52110725   0.48333492   1.08713130   2.07327216  -1.89465561
  0.77554791   0.27445218   0.10072227   0.91705083   0.52132809   0.48656786   1.07907865   2.07250085  -1.89835622
  0.77554791   0.27445218   0.10072227   0.91705083   0.52132809   0.48656786   1.07907865   2.07250085  -1.89835622
  0.77621530   0.26822080   0.09553680   0.91127649   0.52140398   0.48966542   1.07192104   2.07190391  -1.90137872
  0.77621530   0.26822080   0.09553680   0.91127649   0.52140398   0.48966542   1.07192104   2.07190391  -1.90137872
  0.77733417   0.25872933   0.08835835   0.90375524   0.52162150   0.49389526   1.06140926   2.06995425  -1.90613538
  0.77733417   0.25872933   0.08835835   0.90375524   0.52162150   0.49389526   1.06140926   2.06995425  -1.90613538
  0.77765464   0.25217816   0.08295585   0.89795338   0.52154222   0.49733566   1.05387045   2.06903378  -1.90884301
  0.77765464   0.25217816   0.08295585   0.89795338   0.52154222   0.49733566   1.05387045   2.06903378  -1.90884301
  0.77867075   0.24414377   0.07677796   0.89102400   0.52176685   0.50115081   1.04460167   2.06734976  -1.91316127
  0.77867075   0.24414377   0.07677796   0.89102400   0.52176685   0.50115081   1.04460167   2.06734976  -1.91316127
  0.77961062   0.23612548   0.07079811   0.88424034   0.52198758   0.50491947   1.03544239   2.06547829  -1.91755980
  0.77960188   0.23556114   0.07009198   0.88354728   0.52190466   0.50538185   1.03448180   2.06555793  -1.91766638
  0.78025513   0.22879604   0.06506983   0.87775957   0.52204783   0.50866161   1.02673918   2.06393861  -1.92131614
  0.77999834   0.22848173   0.06472244   0.87727711   0.52197073   0.50915784   1.02648989   2.06415637  -1.92085689
  0.78071630   0.22096019   0.05918224   0.87119640   0.52207076   0.51267247   1.01768749   2.06201674  -1.92505471
  0.78071630   0.22096019   0.05918224   0.87119640   0.52207076   0.51267247   1.01768749   2.06201674  -1.92505471
  0.78099226   0.21448391   0.05390987   0.86513319   0.52196250   0.51635408   1.00968924   2.06087424  -1.92808348
  0.78099226   0.21448391   0.05390987   0.86513319   0.52196250   0.51635408   1.00968924   2.06087424  -1.92808348
  0.78157700   0.20667064   0.04808519   0.85834787   0.52203438   0.52043169   1.00033290   2.05875843  -1.93220555
  0.78157700   0.20667064   0.04808519   0.85834787   0.52203438   0.52043169   1.00033290   2.05875843  -1.93220555
  0.78207556   0.20024223   0.04304744   0.85229111   0.52203438   0.52399908   0.99225658   2.05716495  -1.93569684
  0.78207556   0.20024223   0.04304744   0.85229111   0.52203438   0.52399908   0.99225658   2.05716495  -1.93569684
  0.78250442   0.19229543   0.03705277   0.84515890   0.52200816   0.52840665   0.98245926   2.05495873  -1.93981673
  0.78250442   0.19229543   0.03705277   0.84515890   0.52200816   0.52840665   0.98245926   2.05495873  -1.93981673
  0.78250442   0.19229543   0.03705277   0.84515890   0.52200816   0.52840665   0.98245926   2.05495873  -1.93981673
  0.78323030   0.18114303   0.02875319   0.83503240   0.52202196   0.53462196   0.96846183   2.05161024  -1.94596057
  0.78323030   0.18114303   0.02875319   0.83503240   0.52202196   0.53462196   0.96846183   2.05161024  -1.94596057
  0.78320549   0.17363909   0.02335202   0.82863601   0.52185770   0.53892581   0.95941756   2.04906161  -1.94944372
  0.78320549   0.17363909   0.02335202   0.82863601   0.52185770   0.53892581   0.95941756   2.04906161  -1.94944372
  0.78370008   0.16755213   0.01857732   0.82237109   0.52182717   0.54265841   0.95108475   2.04737425  -1.95317304
  0.78370008   0.16755213   0.01857732   0.82237109   0.52182717   0.54265841   0.95108475   2.04737425  -1.95317304
  0.78353486   0.16028412   0.01309842   0.81566245   0.52152635   0.54720657   0.94179015   2.04519443  -1.95657094
  0.78353486   0.16028412   0.01309842   0.81566245   0.52152635   0.54720657   0.94179015   2.04519443  -1.95657094
  0.78370528   0.15277868   0.00775652   0.80881263   0.52142970   0.55168688   0.93217283   2.04232178  -1.96068712
  0.78370528   0.15277868   0.00775652   0.80881263   0.52142970   0.55168688   0.93217283   2.04232178  -1.96068712
  0.78383218   0.14698057   0.00348107   0.80315796   0.52129426   0.55534611   0.92430924   2.04055344  -1.96410482
  0.78383218   0.14698057   0.00348107   0.80315796   0.52129426   0.55534611   0.92430924   2.04055344  -1.96410482
  0.78340025   0.13954566  -0.00212439   0.79619954   0.52082110   0.56035577   0.91460392   2.03771882  -1.96715656
  0.78340025   0.13954566  -0.00212439   0.79619954   0.52082110   0.56035577   0.91460392   2.03771882  -1.96715656
  0.78340025   0.13954566  -0.00212439   0.79619954   0.52082110   0.56035577   0.91460392   2.03771882  -1.96715656
  0.78349138   0.12827657  -0.00988890   0.78565840   0.52060103   0.56739970   0.89979043   2.03289670  -1.97362164
  0.78349138   0.12827657  -0.00988890   0.78565840   0.52060103   0.56739970   0.89979043   2.03289670  -1.97362164
  0.78318832   0.12211522  -0.01466252   0.77926125   0.52013932   0.57187090   0.89112188   2.03069218  -1.97657160
  0.78318832   0.12211522  -0.01466252   0.77926125   0.52013932   0.57187090   0.89112188   2.03069218  -1.97657160
  0.78312109   0.11607782  -0.01895521   0.77319528   0.51988172   0.57595362   0.88262500   2.02839153  -1.98028790
  0.78312109   0.11607782  -0.01895521   0.77319528   0.51988172   0.57595362   0.88262500   2.02839153  -1.98028790
  0.78278470   0.10868689  -0.02416131   0.76600406   0.51946006   0.58114039   0.87255196   2.02485931  -1.98393240
  0.78278470   0.10868689  -0.02416131   0.76600406   0.51946006   0.58114039   0.87255196   2.02485931  -1.98393240
  0.78236667   0.10273670  -0.02862966   0.75959675   0.51894040   0.58564672   0.86408784   2.02255082  -1.98692915
  0.78236667   0.10273670  -0.02862966   0.75959675   0.51894040   0.58564672   0.86408784   2.02255082  -1.98692915
  0.78183353   0.09563026  -0.03344267   0.75287118   0.51844218   0.59067429   0.85443952   2.01892791  -1.99042454
  0.78183353   0.09563026  -0.03344267   0.75287118   0.51844218   0.59067429   0.85443952   2.01892791  -1.99042454
  0.78172808   0.09035446  -0.03728874   0.74699929   0.51805993   0.59469923   0.84634123   2.01689096  -1.99384710
  0.78172808   0.09035446  -0.03728874   0.74699929   0.51805993   0.59469923   0.84634123   2.01689096  -1.99384710
  0.78109147   0.08297273  -0.04244246   0.73953563   0.51738811   0.60032745   0.83591949   2.01295554  -1.99731891
  0.78109147   0.08297273  -0.04244246   0.73953563   0.51738811   0.60032745   0.83591949   2.01295554  -1.99731891
  0.78038115   0.07745054  -0.04667292   0.73336881   0.51660586   0.60495543   0.82769257   2.01059562  -1.99976383
  0.78038115   0.07745054  -0.04667292   0.73336881   0.51660586   0.60495543   0.82769257   2.01059562  -1.99976383
  0.77998449   0.07054745  -0.05110361   0.72625610   0.51614364   0.61013193   0.81781693   2.00668320  -2.00384695
  0.77998449   0.07054745  -0.05110361   0.72625610   0.51614364   0.61013193   0.81781693   2.00668320  -2.00384695
  0.77957015   0.06534333  -0.05489093   0.72019761   0.51550314   0.61450997   0.80974387   2.00426436  -2.00678685
  0.77957015   0.06534333  -0.05489093   0.72019761   0.51550314   0.61450997   0.80974387   2.00426436  -2.00678685
  0.77859713   0.05874124  -0.05966858   0.71304796   0.51447776   0.62013472   0.79987001   2.00091928  -2.00965227
  0.77859713   0.05874124  -0.05966858   0.71304796   0.51447776   0.62013472   0.79987001   2.00091928  -2.00965227
  0.77754988   0.05057429  -0.06531090   0.70419760   0.51332922   0.62704786   0.78755747   1.99636685  -2.01361305
  0.77754988   0.05057429  -0.06531090   0.70419760   0.51332922   0.62704786   0.78755747   1.99636685  -2.01361305
  0.77661580   0.04082848  -0.07146756   0.69358476   0.51224425   0.63510330   0.77307291   1.99016872  -2.01906136
  0.77619477   0.04018551  -0.07253350   0.69226058   0.51169074   0.63619564   0.77170520   1.99044472  -2.01869222
  0.77557620   0.03278519  -0.07667791   0.68459192   0.51107757   0.64211144   0.76085293   1.98514408  -2.02326816
  0.77465016   0.03236735  -0.07787326   0.68368064   0.51020960   0.64322302   0.76011636   1.98597333  -2.02185441
  0.77465016   0.03236735  -0.07787326   0.68368064   0.51020960   0.64322302   0.76011636   1.98597333  -2.02185441
  0.77436392   0.02727304  -0.08107576   0.67768888   0.50956373   0.64772909   0.75185526   1.98246681  -2.02504966
  0.77436392   0.02727304  -0.08107576   0.67768888   0.50956373   0.64772909   0.75185526   1.98246681  -2.02504966
  0.77436392   0.02727304  -0.08107576   0.67768888   0.50956373   0.64772909   0.75185526   1.98246681  -2.02504966
