  0.74358088   0.46159785  -1.17336563  -0.31175400   1.87211824   0.73031905   0.40424693   1.80723765  -1.54474900
  0.74358088   0.46159785  -1.17336563  -0.31175400   1.87211824   0.73031905   0.40424693   1.80723765  -1.54474900
  0.74358088   0.46159785  -1.17336563  -0.31175400   1.87211824   0.73031905   0.40424693   1.80723765  -1.54474900
  0.74358088   0.46159785  -1.17336563  -0.31175400   1.87211824   0.73031905   0.40424693   1.80723765  -1.54474900
  0.74358088   0.46159785  -1.17336563  -0.31175400   1.87211824   0.73031905   0.40424693   1.80723765  -1.54474900
  0.74358088   0.46159785  -1.17336563  -0.31175400   1.87211824   0.73031905   0.40424693   1.80723765  -1.54474900
  0.74358088   0.46159785  -1.17336563  -0.31175400   1.87211824   0.73031905   0.40424693   1.80723765  -1.54474900
  0.74358088   0.46159785  -1.17336563  -0.31175400   1.87211824   0.73031905   0.40424693   1.80723765  -1.54474900
  0.74358088   0.46159785  -1.17336563  -0.31175400   1.87211824   0.73031905   0.40424693   1.80723765  -1.54474900
  0.74435732   0.46137411  -1.17319703  -0.31177566   1.87288580   0.73011056   0.40372641   1.80622227  -1.54565680
  0.74423498   0.46112226  -1.17310910  -0.31197594   1.87306271   0.73026051   0.40381162   1.80635180  -1.54578078
  0.74462481   0.46018883  -1.17345486  -0.31186321   1.87354517   0.73037025   0.40296580   1.80502271  -1.54655665
  0.74462481   0.46018883  -1.17345486  -0.31186321   1.87354517   0.73037025   0.40296580   1.80502271  -1.54655665
  0.74577579   0.45915941  -1.17335373  -0.31179895   1.87407073   0.73039142   0.40210930   1.80361988  -1.54842833
  0.74577579   0.45915941  -1.17335373  -0.31179895   1.87407073   0.73039142   0.40210930   1.80361988  -1.54842833
  0.74716197   0.45233731  -1.17503083  -0.30957406   1.87123544   0.73297782   0.39962187   1.80037862  -1.55114509
  0.74801977   0.45150920  -1.17497046  -0.30937668   1.87132128   0.73318039   0.39899802   1.79966956  -1.55245498
  0.74865617   0.44962412  -1.17532103  -0.30897779   1.87127872   0.73375681   0.39802200   1.79827636  -1.55369349
  0.75032206   0.44883674  -1.17492489  -0.30890240   1.87185369   0.73364022   0.39712647   1.79692147  -1.55618041
  0.75169921   0.44171136  -1.17681236  -0.30662203   1.86905731   0.73639946   0.39416968   1.79343577  -1.55943685
  0.75271258   0.43971598  -1.17706223  -0.30601332   1.86887714   0.73704921   0.39304220   1.79198015  -1.56101095
  0.75506648   0.43287167  -1.17838570  -0.30371884   1.86613370   0.73960918   0.38994753   1.78850036  -1.56571559
  0.75624967   0.43125035  -1.17835971  -0.30340190   1.86666611   0.73992414   0.38885272   1.78671570  -1.56752017
  0.75857707   0.42365379  -1.17982826  -0.30090602   1.86396697   0.74272516   0.38543150   1.78254499  -1.57241991
  0.76000232   0.42177226  -1.17974997  -0.30051929   1.86463123   0.74309076   0.38412476   1.78042168  -1.57459892
  0.76270736   0.41288472  -1.18136703  -0.29752364   1.86154131   0.74637860   0.38008243   1.77540169  -1.58042730
  0.76460615   0.40651909  -1.18238211  -0.29540543   1.85999185   0.74862582   0.37717019   1.77122935  -1.58421465
  0.76749312   0.40016886  -1.18302472  -0.29322772   1.85836481   0.75083493   0.37382778   1.76701911  -1.58979794
  0.76940562   0.39693468  -1.18292863  -0.29255623   1.85919950   0.75152740   0.37185154   1.76355849  -1.59314683
  0.77290052   0.38442271  -1.18499078  -0.28767910   1.85405149   0.75653687   0.36629123   1.75688924  -1.60109618
  0.77561826   0.37782978  -1.18544115  -0.28559253   1.85348160   0.75858848   0.36272709   1.75145158  -1.60662840
  0.77849909   0.36904792  -1.18621034  -0.28254990   1.85162049   0.76162880   0.35858321   1.74517886  -1.61298004
  0.78144723   0.36121383  -1.18675975  -0.27983518   1.85075015   0.76424377   0.35430109   1.73885213  -1.61931165
  0.78508628   0.35046148  -1.18761136  -0.27542490   1.84713278   0.76842627   0.34918710   1.73209620  -1.62756925
  0.78829556   0.34246123  -1.18775188  -0.27261048   1.84660407   0.77096261   0.34476967   1.72509386  -1.63456025
  0.79171387   0.33226153  -1.18812525  -0.26865022   1.84456195   0.77461996   0.33968678   1.71741188  -1.64266056
  0.79530027   0.32147960  -1.18838189  -0.26414564   1.84187597   0.77853864   0.33450132   1.70940363  -1.65118055
  0.79860724   0.31250002  -1.18827597  -0.26057448   1.84097927   0.78162352   0.32957367   1.70171374  -1.65899724
  0.80245842   0.30170085  -1.18803763  -0.25590478   1.83854021   0.78551046   0.32424279   1.69327785  -1.66831692
  0.80616628   0.29142946  -1.18757348  -0.25138149   1.83661264   0.78911576   0.31908038   1.68475934  -1.67725775
  0.80977466   0.28272091  -1.18677254  -0.24767123   1.83620844   0.79192273   0.31410713   1.67640895  -1.68575410
  0.81372299   0.27332862  -1.18568833  -0.24350033   1.83511547   0.79501008   0.30907326   1.66779997  -1.69518961
  0.81774662   0.26272797  -1.18464991  -0.23827649   1.83264259   0.79883919   0.30380093   1.65900193  -1.70510689
  0.82169122   0.25312788  -1.18329294  -0.23358876   1.83107347   0.80210217   0.29884641   1.65030821  -1.71463395
  0.82553155   0.24555095  -1.18163965  -0.22996601   1.83114743   0.80435880   0.29429633   1.64215471  -1.72330023
  0.82981952   0.23655023  -1.17970470  -0.22547236   1.83001324   0.80722779   0.28947870   1.63340851  -1.73349842
  0.83411980   0.22838418  -1.17762417  -0.22118166   1.82908899   0.80978608   0.28495140   1.62517018  -1.74327728
  0.83843441   0.22039377  -1.17540372  -0.21686752   1.82813119   0.81227972   0.28054948   1.61705724  -1.75305157
  0.84284533   0.21276301  -1.17301281  -0.21261524   1.82719389   0.81462439   0.27631623   1.60917359  -1.76284829
  0.84734827   0.20552488  -1.17046759  -0.20845536   1.82628474   0.81680910   0.27226680   1.60156011  -1.77263902
  0.85198304   0.19906018  -1.16767365  -0.20474037   1.82581280   0.81852485   0.26861089   1.59418864  -1.78220964
  0.85677554   0.19290752  -1.16485544  -0.20093099   1.82512544   0.82030447   0.26485519   1.58732643  -1.79207471
  0.86170281   0.18782290  -1.16189423  -0.19765991   1.82484664   0.82161402   0.26149361   1.58112581  -1.80160458
  0.86657508   0.18606318  -1.15879186  -0.19651104   1.82652986   0.82135591   0.25938640   1.57676132  -1.80913995
  0.87172551   0.17749383  -1.15581893  -0.19066904   1.82323064   0.82441626   0.25519788   1.56926523  -1.82087715
  0.87696627   0.17661717  -1.15256716  -0.18981814   1.82480003   0.82388123   0.25342791   1.56573905  -1.82852573
  0.88227233   0.16992569  -1.14950542  -0.18484969   1.82188398   0.82626543   0.25000158   1.55979209  -1.83949346
  0.88787423   0.16976612  -1.14614169  -0.18423237   1.82329954   0.82552271   0.24848758   1.55697822  -1.84734116
  0.89370034   0.16899689  -1.14272376  -0.18308809   1.82405013   0.82509573   0.24676963   1.55394546  -1.85591612
  0.89962154   0.16416839  -1.13955743  -0.17874305   1.82066378   0.82699262   0.24419239   1.55009154  -1.86677308
  0.90556061   0.16474192  -1.13623047  -0.17821732   1.82133592   0.82622219   0.24311540   1.54853042  -1.87469372
  0.91114180   0.16560330  -1.13327941  -0.17765863   1.82196546   0.82571677   0.24177612   1.54775635  -1.88217334
  0.91753403   0.16619732  -1.12996538  -0.17671135   1.82122411   0.82523759   0.24106988   1.54715261  -1.89061382
  0.92397241   0.16714632  -1.12677724  -0.17579980   1.82026576   0.82486610   0.24032570   1.54725614  -1.89911279
  0.93037098   0.16856130  -1.12375110  -0.17500770   1.81906406   0.82449525   0.23978187   1.54809681  -1.90726417
  0.93687284   0.17049970  -1.12078400  -0.17439571   1.81761648   0.82406409   0.23951220   1.54968386  -1.91526683
  0.94353294   0.17305182  -1.11783926  -0.17403352   1.81607999   0.82348340   0.23946943   1.55190317  -1.92319282
  0.95024735   0.17620131  -1.11495573  -0.17393413   1.81449950   0.82278375   0.23965629   1.55479073  -1.93089038
  0.95703915   0.18000942  -1.11213507  -0.17409407   1.81280510   0.82197697   0.24010650   1.55848110  -1.93836885
  0.96377181   0.18427545  -1.10937240  -0.17451349   1.81124902   0.82100432   0.24072626   1.56249193  -1.94551605
  0.97058554   0.18925588  -1.10665614  -0.17521955   1.80955986   0.81990844   0.24166733   1.56735615  -1.95242166
  0.97734128   0.19487324  -1.10402401  -0.17620630   1.80791547   0.81868574   0.24283874   1.57288386  -1.95892958
  0.98401519   0.20098430  -1.10146035  -0.17741778   1.80636475   0.81732569   0.24416236   1.57881682  -1.96511902
  0.99072572   0.20766932  -1.09887632  -0.17890010   1.80484800   0.81579185   0.24574888   1.58525387  -1.97111668
  0.99755110   0.21833175  -1.09611542  -0.18268140   1.80553522   0.81272670   0.24841063   1.59392430  -1.97552066
  1.00367128   0.22451648  -1.09380435  -0.18379970   1.80373816   0.81146484   0.24986577   1.60013937  -1.98094366
  1.01008485   0.23690285  -1.09102134  -0.18847272   1.80543319   0.80777765   0.25310942   1.60970487  -1.98407272
  1.01593974   0.24292145  -1.08893460  -0.18921473   1.80251771   0.80686680   0.25479099   1.61661558  -1.98934972
  1.02212532   0.25597445  -1.08614656  -0.19389813   1.80379455   0.80316337   0.25846896   1.62704478  -1.99204245
  1.02786987   0.26238649  -1.08399171  -0.19473462   1.80082486   0.80223920   0.26039512   1.63449225  -1.99696627
  1.03368161   0.27665397  -1.08108643  -0.19989030   1.80262968   0.79816337   0.26446363   1.64558069  -1.99902436
  1.03897604   0.28414550  -1.07898138  -0.20111351   1.79958854   0.79696625   0.26709824   1.65403370  -2.00283393
  1.04424317   0.29880895  -1.07602508  -0.20625862   1.80154174   0.79286120   0.27137542   1.66534492  -2.00426224
  1.04878602   0.31134137  -1.07344459  -0.21014022   1.80200622   0.78964040   0.27547098   1.67573693  -2.00526226
  1.05341905   0.32307013  -1.07085281  -0.21340408   1.80152129   0.78688722   0.27932020   1.68608349  -2.00703633
  1.05752029   0.33522752  -1.06835279  -0.21671334   1.80096924   0.78409767   0.28351621   1.69685507  -2.00790604
  1.06129079   0.34822928  -1.06568316  -0.22045726   1.80115993   0.78093202   0.28795918   1.70774604  -2.00829623
  1.06459060   0.36157319  -1.06297977  -0.22429848   1.80169174   0.77763734   0.29258467   1.71861302  -2.00803310
  1.06776540   0.37444661  -1.06027813  -0.22769818   1.80145024   0.77470260   0.29721341   1.72966021  -2.00792730
  1.07027159   0.38809748  -1.05751892  -0.23144515   1.80206276   0.77140068   0.30212957   1.74061114  -2.00676146
  1.07281126   0.40069921  -1.05480650  -0.23446156   1.80119140   0.76878965   0.30695565   1.75190166  -2.00623937
  1.07442015   0.41492983  -1.05196745  -0.23817799   1.80209840   0.76535984   0.31223165   1.76291487  -2.00388602
  1.07611712   0.42741995  -1.04934817  -0.24081242   1.80082033   0.76306625   0.31722030   1.77447764  -2.00245199
  1.07692613   0.44137748  -1.04646110  -0.24422283   1.80138136   0.75990263   0.32271509   1.78552681  -1.99954467
  1.07754628   0.45378287  -1.04400234  -0.24675159   1.80081936   0.75737374   0.32762158   1.79591815  -1.99692030
  1.07775208   0.46843677  -1.04072854  -0.25012441   1.80124713   0.75409383   0.33374975   1.80738865  -1.99333919
  1.07694408   0.48255610  -1.03790419  -0.25330037   1.80199618   0.75116580   0.33944929   1.81844173  -1.98896367
  1.07584489   0.49613812  -1.03507024  -0.25610343   1.80232025   0.74843197   0.34524686   1.82915908  -1.98426390
  1.07470810   0.50858458  -1.03238478  -0.25822006   1.80141244   0.74622430   0.35092825   1.83974559  -1.97982341
  1.07307670   0.52217832  -1.02953728  -0.26069189   1.80128559   0.74373698   0.35666979   1.85072259  -1.97504864
  1.07057909   0.53437955  -1.02696672  -0.26283093   1.80119064   0.74152289   0.36245981   1.86039341  -1.96925200
  1.06810574   0.54874020  -1.02384191  -0.26530082   1.80179157   0.73889744   0.36843265   1.87131057  -1.96345064
  1.06494606   0.56110340  -1.02119882  -0.26715847   1.80173994   0.73678780   0.37427808   1.88087978  -1.95695324
  1.06140101   0.57415052  -1.01836508  -0.26920777   1.80214878   0.73459987   0.38020775   1.89081047  -1.95030307
  1.05786383   0.58525026  -1.01607615  -0.27038047   1.80089711   0.73319480   0.38574409   1.90031286  -1.94389318
  1.05359328   0.59768606  -1.01337801  -0.27213256   1.80128283   0.73123609   0.39157892   1.90959710  -1.93673477
  1.04889064   0.61054349  -1.01051908  -0.27412907   1.80274239   0.72898535   0.39737536   1.91824214  -1.92922109
  1.04440633   0.62129569  -1.00824731  -0.27519374   1.80205537   0.72773945   0.40274126   1.92699123  -1.92227625
  1.03918373   0.63232931  -1.00591280  -0.27637847   1.80228659   0.72623148   0.40830486   1.93497754  -1.91433402
  1.03386343   0.64258676  -1.00385072  -0.27734402   1.80219927   0.72510511   0.41351554   1.94281912  -1.90657621
  1.02802311   0.65369884  -1.00148057  -0.27866023   1.80321544   0.72351759   0.41894864   1.95020741  -1.89840567
  1.02216948   0.66316512  -0.99969935  -0.27944068   1.80331311   0.72260811   0.42389017   1.95719191  -1.89029093
  1.01596742   0.67329717  -0.99760605  -0.28052938   1.80441488   0.72126828   0.42900233   1.96367398  -1.88197832
  1.01000946   0.68109241  -0.99646564  -0.28081556   1.80367842   0.72092437   0.43339955   1.96992752  -1.87402603
  1.00302906   0.69055871  -0.99476085  -0.28180097   1.80520691   0.71983427   0.43825217   1.97560342  -1.86494604
  0.99622519   0.69861261  -0.99352998  -0.28249257   1.80601642   0.71918365   0.44267712   1.98081577  -1.85633136
  0.98929282   0.70602163  -0.99255314  -0.28307946   1.80678284   0.71868883   0.44690107   1.98553555  -1.84765522
  0.98222388   0.71284487  -0.99182850  -0.28361612   1.80759716   0.71833065   0.45091013   1.98978664  -1.83894078
  0.97505686   0.71898528  -0.99138658  -0.28409425   1.80842373   0.71811725   0.45468922   1.99351062  -1.83021520
  0.96781321   0.72443619  -0.99123943  -0.28452502   1.80926398   0.71804740   0.45822677   1.99671531  -1.82150012
  0.96144329   0.72622006  -0.99248307  -0.28422617   1.80793616   0.71903705   0.46070908   1.99895714  -1.81397643
  0.95322622   0.73285133  -0.99202816  -0.28511653   1.81059800   0.71847788   0.46449622   2.00157666  -1.80414054
  0.94674876   0.73374932  -0.99366494  -0.28492746   1.80970044   0.71954030   0.46661197   2.00286191  -1.79666451
  0.93860800   0.73817757  -0.99414793  -0.28570025   1.81218729   0.71940367   0.46964814   2.00402648  -1.78712603
  0.93205599   0.73812146  -0.99623861  -0.28554464   1.81152861   0.72060624   0.47139172   2.00445488  -1.77963423
  0.92509464   0.73798751  -0.99847684  -0.28551971   1.81149913   0.72174278   0.47309260   2.00433017  -1.77161271
  0.91803926   0.73750268  -1.00090647  -0.28563217   1.81192364   0.72283769   0.47460294   2.00361375  -1.76355235
  0.91095217   0.73648415  -1.00359796  -0.28582434   1.81261756   0.72396326   0.47588251   2.00231630  -1.75551111
  0.90387515   0.73482711  -1.00658957  -0.28606256   1.81346773   0.72516230   0.47690950   2.00045004  -1.74752881
  0.89683434   0.73247658  -1.00990055  -0.28632692   1.81440680   0.72645961   0.47767288   1.99802698  -1.73962950
  0.88984574   0.72940928  -1.01353768  -0.28660575   1.81539622   0.72786890   0.47816838   1.99505918  -1.73182747
  0.88291866   0.72562253  -1.01749923  -0.28689238   1.81641577   0.72939698   0.47839613   1.99155899  -1.72413093
  0.87605776   0.72112765  -1.02177746  -0.28718316   1.81745738   0.73104618   0.47835921   1.98753909  -1.71654409
  0.86926432   0.71594591  -1.02636019  -0.28747645   1.81852144   0.73281579   0.47806274   1.98301250  -1.70906834
  0.86253698   0.71010587  -1.03123187  -0.28777193   1.81961453   0.73470288   0.47751335   1.97799246  -1.70170299
  0.85587234   0.70364151  -1.03637437  -0.28807024   1.82074771   0.73670286   0.47671885   1.97249237  -1.69444565
  0.84926544   0.69659075  -1.04176766  -0.28837266   1.82193535   0.73880984   0.47568786   1.96652570  -1.68729270
  0.84314883   0.68715020  -1.04812541  -0.28847210   1.82265624   0.74145056   0.47378057   1.95910877  -1.68084403
  0.83683730   0.67840214  -1.05418673  -0.28855535   1.82335361   0.74404386   0.47216675   1.95227371  -1.67409214
  0.83050066   0.66950493  -1.06031544  -0.28876315   1.82448636   0.74657409   0.47039407   1.94497928  -1.66738335
  0.82415817   0.66030601  -1.06656387  -0.28902676   1.82587582   0.74912698   0.46844443   1.93725550  -1.66072470
  0.81781750   0.65079323  -1.07292758  -0.28932277   1.82746543   0.75172412   0.46632236   1.92913595  -1.65412179
  0.81183755   0.63936892  -1.08000902  -0.28918237   1.82811440   0.75500586   0.46357539   1.92029019  -1.64803451
  0.80511568   0.63135243  -1.08572250  -0.28990255   1.83087544   0.75704750   0.46187253   1.91240795  -1.64096240
  0.79923906   0.61868724  -1.09326402  -0.28977512   1.83202275   0.76054361   0.45844586   1.90214271  -1.63524124
  0.79241963   0.61039724  -1.09906399  -0.29060976   1.83531479   0.76258089   0.45651852   1.89365684  -1.62811241
  0.78653348   0.59747933  -1.10658489  -0.29052034   1.83691024   0.76609117   0.45286102   1.88274542  -1.62254492
  0.77955581   0.58932662  -1.11227730  -0.29142880   1.84054061   0.76804074   0.45095281   1.87407309  -1.61522332
  0.77276502   0.57973978  -1.11851021  -0.29240301   1.84481782   0.77018856   0.44822873   1.86374951  -1.60838012
  0.76679390   0.56584510  -1.12621806  -0.29217271   1.84684961   0.77400218   0.44404465   1.85165150  -1.60292785
  0.76007254   0.55746467  -1.13180149  -0.29322669   1.85106906   0.77583120   0.44177636   1.84222894  -1.59612328
  0.75319420   0.54776766  -1.13797363  -0.29429482   1.85597757   0.77791954   0.43877216   1.83123573  -1.58928753
  0.74702651   0.53439078  -1.14522236  -0.29421792   1.85886438   0.78147438   0.43463347   1.81867029  -1.58373370
  0.74035312   0.52603612  -1.15059129  -0.29546925   1.86389279   0.78315119   0.43213674   1.80864179  -1.57705244
  0.73351246   0.51678865  -1.15631593  -0.29674577   1.86946411   0.78493398   0.42918728   1.79735707  -1.57026068
  0.72666695   0.50740859  -1.16202238  -0.29792965   1.87501792   0.78680509   0.42614610   1.78599834  -1.56349302
  0.71995881   0.49807922  -1.16758113  -0.29916510   1.88067134   0.78857894   0.42308978   1.77449019  -1.55692616
  0.71308682   0.48886056  -1.17312632  -0.30039826   1.88644251   0.79034018   0.42002310   1.76296777  -1.55012466
  0.70644120   0.47992049  -1.17834584  -0.30175068   1.89245422   0.79192072   0.41703939   1.75148103  -1.54356451
  0.69966219   0.47131831  -1.18347281  -0.30318402   1.89861767   0.79335470   0.41413466   1.74008605  -1.53678897
  0.69288931   0.46304047  -1.18840786  -0.30473567   1.90505765   0.79462624   0.41130169   1.72875217  -1.52994096
  0.68603283   0.45513070  -1.19321840  -0.30638797   1.91173209   0.79573517   0.40852901   1.71752345  -1.52293450
  0.67930031   0.44764700  -1.19773753  -0.30821737   1.91865956   0.79658252   0.40591618   1.70640273  -1.51597876
  0.67250371   0.44065045  -1.20210913  -0.31018657   1.92575719   0.79721591   0.40343267   1.69551632  -1.50884238
  0.66575012   0.43412649  -1.20624680  -0.31231667   1.93310183   0.79763066   0.40109598   1.68487025  -1.50161685
  0.65895489   0.42808806  -1.21022261  -0.31463200   1.94066874   0.79777489   0.39891561   1.67438273  -1.49421605
  0.65226088   0.42259887  -1.21393789  -0.31712089   1.94843014   0.79768370   0.39690797   1.66426045  -1.48678463
  0.64555809   0.41764483  -1.21747374  -0.31980769   1.95638578   0.79731092   0.39508408   1.65438791  -1.47919143
  0.63888132   0.41325991  -1.22080972  -0.32269134   1.96452016   0.79667465   0.39345055   1.64486221  -1.47145649
  0.63223322   0.40945065  -1.22394351  -0.32577171   1.97280979   0.79577693   0.39202764   1.63571541  -1.46356810
  0.62470462   0.41129607  -1.22564035  -0.33202605   1.98573874   0.79143517   0.39241108   1.62774158  -1.45284279
  0.61859167   0.40725275  -1.22869122  -0.33452953   1.99257339   0.79100465   0.39098573   1.61952193  -1.44578176
  0.61225079   0.40408908  -1.23151632  -0.33759957   2.00030685   0.78995274   0.38987026   1.61130922  -1.43805789
  0.60494112   0.40735982  -1.23266048  -0.34443009   2.01348192   0.78483286   0.39085668   1.60425163  -1.42707143
  0.59900852   0.40462483  -1.23534081  -0.34706896   2.01978135   0.78410962   0.38995261   1.59762213  -1.41987544
  0.59172118   0.40974039  -1.23602699  -0.35466081   2.03370118   0.77815318   0.39136610   1.59162797  -1.40844393
  0.58574780   0.40729582  -1.23863429  -0.35717519   2.03937794   0.77744250   0.39080498   1.58565357  -1.40096559
  0.57879128   0.41407109  -1.23858037  -0.36532458   2.05340501   0.77068757   0.39298580   1.58088303  -1.38959691
  0.57319314   0.41231034  -1.24082575  -0.36793270   2.05879838   0.76974543   0.39272988   1.57565737  -1.38249499
  0.56585109   0.42129116  -1.24030301  -0.37672880   2.07294158   0.76213004   0.39588198   1.57252995  -1.37002543
  0.55951625   0.42575699  -1.24083597  -0.38264036   2.08278219   0.75751149   0.39759590   1.56894317  -1.36032193
  0.55307899   0.43107610  -1.24111062  -0.38877380   2.09267070   0.75259065   0.39969288   1.56603903  -1.35028338
  0.54809051   0.42980894  -1.24270173  -0.39135235   2.09439510   0.75273554   0.39929788   1.56332529  -1.34304479
  0.55069051   0.44678258  -1.22137012  -0.43315477   2.09364449   0.74869267   0.38226509   1.55473836  -1.31647324
  0.54557809   0.44575112  -1.22327159  -0.43464893   2.09439510   0.74895497   0.38261205   1.55332385  -1.30961284
  0.54713406   0.46629120  -1.19937378  -0.47842398   2.09439510   0.74456350   0.36520177   1.54599610  -1.28102118
  0.54545896   0.47820524  -1.18623585  -0.50213758   2.09439510   0.74232160   0.35589637   1.54269875  -1.26339718
  0.54338610   0.49083832  -1.17146634  -0.52737214   2.09439510   0.74042730   0.34498424   1.53891846  -1.24451192
  0.54138829   0.50575175  -1.15331369  -0.55559157   2.09439510   0.73827027   0.33237595   1.53473197  -1.22432059
  0.53656063   0.50601572  -1.15442423  -0.55689746   2.09439510   0.73811102   0.33331601   1.53478866  -1.21790107
  0.53607484   0.53770790  -1.11235260  -0.61390579   2.09439510   0.73520015   0.30327865   1.52603288  -1.18267139
  0.53050006   0.54179872  -1.11168472  -0.61601664   2.09439510   0.73373904   0.30530648   1.52904037  -1.17518365
  0.52624266   0.57504346  -1.05917813  -0.67400059   2.09439510   0.73364724   0.26678216   1.51763967  -1.13927133
  0.52040161   0.58003169  -1.05811275  -0.67556359   2.09439510   0.73171390   0.26946487   1.52162556  -1.13212590
  0.50794781   0.61638902  -0.98786697  -0.73243846   2.09439510   0.73552070   0.21744465   1.50744708  -1.09521865
  0.50199929   0.62164697  -0.98690439  -0.73341089   2.09439510   0.73338270   0.22059049   1.51192950  -1.08845253
  0.47449159   0.65824581  -0.89580390  -0.77598750   2.09439510   0.73868115   0.15465611   1.49874493  -1.05535135
  0.46881882   0.66364321  -0.89474602  -0.77680242   2.09439510   0.73648118   0.15791088   1.50325990  -1.04913381
  0.46263489   0.67216830  -0.89137239  -0.77805681   2.09439510   0.73341769   0.16153011   1.51002634  -1.04315486
  0.40232957   0.71339996  -0.74816455  -0.79730462   2.09439510   0.73778186   0.05989521   1.49539348  -1.01340323
  0.39702874   0.71962244  -0.74695729  -0.79837572   2.09439510   0.73557342   0.06364652   1.50051761  -1.00773360
  0.39186349   0.72757233  -0.74454162  -0.79949426   2.09439510   0.73299011   0.06754889   1.50687300  -1.00265265
  0.32926759   0.75964326  -0.62860959  -0.78466467   2.09439510   0.72506452  -0.00540595   1.50629703  -0.99148252
  0.32465102   0.76713509  -0.62705215  -0.78602221   2.09439510   0.72314457  -0.00132596   1.51245840  -0.98642490
  0.32025545   0.77565211  -0.62458776  -0.78735363   2.09439510   0.72093911   0.00266940   1.51909862  -0.98199879
  0.26224675   0.80769483  -0.51951632  -0.76807401   2.09439510   0.70790592  -0.05947880   1.52304940  -0.97604655
  0.25830592   0.81551103  -0.51814009  -0.76955042   2.09439510   0.70652683  -0.05549057   1.52951870  -0.97151551
  0.25499827   0.82416778  -0.51577196  -0.77101212   2.09439510   0.70471271  -0.05146916   1.53607705  -0.96789596
  0.20856010   0.85459040  -0.42991391  -0.75510470   2.09439510   0.69254579  -0.09949342   1.54147576  -0.96420449
  0.20555433   0.86313466  -0.42821315  -0.75672305   2.09439510   0.69129408  -0.09530186   1.54827725  -0.96048154
  0.20280198   0.87270819  -0.42547387  -0.75822462   2.09439510   0.68982621  -0.09143505   1.55549465  -0.95745652
  0.20054972   0.88118259  -0.42341885  -0.75969045   2.09439510   0.68851903  -0.08742650   1.56199054  -0.95461115
  0.15543211   0.91469993  -0.33548923  -0.74358524   2.09439510   0.67600524  -0.13623559   1.56766883  -0.95290350
  0.15392743   0.92288640  -0.33390294  -0.74508273   2.09351985   0.67549687  -0.13249074   1.57451422  -0.95074109
  0.15250890   0.93305085  -0.33102245  -0.74664685   2.09439510   0.67396383  -0.12856379   1.58152544  -0.94885241
  0.15110445   0.94271515  -0.32797799  -0.74802210   2.09439510   0.67283158  -0.12497352   1.58863788  -0.94715337
  0.15003236   0.95194649  -0.32510448  -0.74926473   2.09439510   0.67181834  -0.12168003   1.59541332  -0.94587108
  0.14918731   0.96187247  -0.32160874  -0.75053540   2.09439510   0.67063917  -0.11817121   1.60256250  -0.94488893
  0.14854767   0.97173683  -0.31801299  -0.75164400   2.09439510   0.66956432  -0.11501171   1.60966080  -0.94425930
  0.14827202   0.98175765  -0.31401109  -0.75269777   2.09439510   0.66837259  -0.11178631   1.61673309  -0.94399709
  0.14817782   0.99151877  -0.31028068  -0.75366966   2.09439510   0.66733000  -0.10882406   1.62365325  -0.94402020
  0.14876974   1.00136940  -0.30657474  -0.75471081   2.09439510   0.66627619  -0.10552337   1.63065957  -0.94456334
  0.14959411   1.01164986  -0.30262207  -0.75563146   2.09439510   0.66520160  -0.10232595   1.63790965  -0.94533821
  0.15077152   1.02138291  -0.29895956  -0.75662069   2.09439510   0.66425772  -0.09911037   1.64487070  -0.94657306
  0.15244143   1.03037331  -0.29585067  -0.75753681   2.09381283   0.66363819  -0.09597457   1.65163812  -0.94808286
  0.15440746   1.03784849  -0.29348087  -0.75838328   2.09110878   0.66399387  -0.09308377   1.65853980  -0.94980396
  0.15694579   1.04523667  -0.29106308  -0.75925342   2.08769338   0.66472171  -0.09021398   1.66587421  -0.95220145
  0.15939336   1.05176113  -0.28912886  -0.75992278   2.08410059   0.66562130  -0.08781090   1.67265415  -0.95439150
  0.16203604   1.05776742  -0.28743027  -0.76057347   2.07987384   0.66684411  -0.08556744   1.67944410  -0.95681700
  0.16551015   1.06363726  -0.28542488  -0.76129952   2.07492089   0.66832140  -0.08319336   1.68655708  -0.96018124
  0.16911546   1.06894947  -0.28374688  -0.76194326   2.06954361   0.67008721  -0.08112334   1.69356981  -0.96365836
  0.17269550   1.07351796  -0.28244698  -0.76249247   2.06386646   0.67202922  -0.07937534   1.70018605  -0.96706591
  0.17696995   1.07494636  -0.28280954  -0.76297700   2.05423457   0.67602593  -0.07838179   1.70712550  -0.97106298
  0.18085166   1.07904549  -0.28144334  -0.76353002   2.04848458   0.67789837  -0.07675609   1.71332143  -0.97484648
  0.18563832   1.07787624  -0.28307178  -0.76394486   2.03620470   0.68324279  -0.07648742   1.72007264  -0.97930132
  0.18980222   1.08208780  -0.28145588  -0.76441944   2.03115561   0.68484155  -0.07505962   1.72597922  -0.98338110
  0.19505009   1.08032682  -0.28303182  -0.76487771   2.01872767   0.69007524  -0.07501263   1.73218349  -0.98847382
  0.19971446   1.08364404  -0.28171456  -0.76526355   2.01315910   0.69209669  -0.07404445   1.73793443  -0.99304522
  0.20517245   1.08014437  -0.28403131  -0.76565722   1.99940432   0.69801933  -0.07448070   1.74378232  -0.99828209
  0.21026184   1.08291200  -0.28277014  -0.76601657   1.99393361   0.70004820  -0.07391315   1.74905134  -1.00341447
  0.21585131   1.07850962  -0.28530660  -0.76635968   1.97995816   0.70608055  -0.07464349   1.75440301  -1.00877521
  0.22191627   1.07743338  -0.28599898  -0.76667488   1.97045817   0.71029337  -0.07534240   1.75957904  -1.01503390
  0.22723387   1.07355870  -0.28808151  -0.76691730   1.95841613   0.71543320  -0.07621601   1.76405337  -1.02014163
  0.23308568   1.07116091  -0.28905718  -0.76719566   1.94843801   0.71972605  -0.07700070   1.76846567  -1.02602867
  0.23917802   1.06738145  -0.29068754  -0.76746544   1.93741808   0.72445636  -0.07831761   1.77231306  -1.03232441
  0.24553286   1.06276522  -0.29269296  -0.76765943   1.92607038   0.72962859  -0.08012448   1.77602326  -1.03896712
  0.25167236   1.05900481  -0.29393874  -0.76790415   1.91620230   0.73388777  -0.08157428   1.77920285  -1.04542042
  0.25785620   1.05321373  -0.29637077  -0.76796771   1.90478168   0.73918417  -0.08382511   1.78210300  -1.05186759
  0.26392129   1.04645694  -0.29910888  -0.76798113   1.89292884   0.74464312  -0.08625523   1.78450096  -1.05818859
  0.27027016   1.04014775  -0.30131783  -0.76806030   1.88214764   0.74960625  -0.08874944   1.78646596  -1.06504505
  0.27637510   1.03186741  -0.30458180  -0.76795130   1.86986312   0.75534736  -0.09179093   1.78792486  -1.07154151
  0.28260304   1.02398872  -0.30739793  -0.76783881   1.85881345   0.76067584  -0.09495289   1.78900712  -1.07836147
  0.28886092   1.01541510  -0.31041779  -0.76767166   1.84754758   0.76610716  -0.09838216   1.78961268  -1.08529555
  0.29507489   1.00613102  -0.31363522  -0.76743618   1.83615009   0.77168462  -0.10206437   1.78979727  -1.09226593
  0.30125173   0.99635915  -0.31696915  -0.76712703   1.82479610   0.77730589  -0.10598257   1.78956532  -1.09927423
  0.30738526   0.98610652  -0.32040958  -0.76674290   1.81346769   0.78297861  -0.11012467   1.78893310  -1.10631701
  0.31304096   0.97544266  -0.32395020  -0.76623132   1.80254705   0.78845515  -0.11434434   1.78759570  -1.11279613
  0.31923314   0.96418869  -0.32755111  -0.76572503   1.79087064   0.79444072  -0.11886267   1.78643124  -1.12008220
  0.32549755   0.95307773  -0.33104075  -0.76513679   1.78002043   0.80013488  -0.12374366   1.78469983  -1.12761677
  0.33112936   0.94137704  -0.33460782  -0.76445616   1.76915577   0.80583078  -0.12844359   1.78258474  -1.13442028
  0.33727789   0.92980054  -0.33807152  -0.76371337   1.75863832   0.81146813  -0.13364904   1.78016275  -1.14199001
  0.34274526   0.91766413  -0.34159054  -0.76289251   1.74809025   0.81712743  -0.13861581   1.77743366  -1.14879601
  0.34866251   0.90579011  -0.34487631  -0.76203172   1.73793231   0.82264092  -0.14392268   1.77444052  -1.15627112
  0.35404140   0.89336239  -0.34838148  -0.76101459   1.72775659   0.82826454  -0.14928062   1.77111652  -1.16314163
  0.35950527   0.88117972  -0.35160220  -0.75999959   1.71804683   0.83368441  -0.15468967   1.76756036  -1.17022149
  0.36487454   0.86896760  -0.35473622  -0.75892184   1.70855452   0.83904448  -0.16017490   1.76378713  -1.17726945
  0.37012025   0.85680217  -0.35774363  -0.75779305   1.69935279   0.84429765  -0.16568946   1.75980525  -1.18424370
  0.37524428   0.84471595  -0.36062211  -0.75661507   1.69043652   0.84944145  -0.17122380   1.75564093  -1.19113777
  0.38023754   0.83275086  -0.36336002  -0.75539513   1.68182286   0.85446254  -0.17675558   1.75131794  -1.19793521
  0.38509496   0.82094529  -0.36595053  -0.75413934   1.67352045   0.85935113  -0.18226605   1.74686211  -1.20462223
  0.38959658   0.81013006  -0.36793465  -0.75295369   1.66688033   0.86340817  -0.18742816   1.74198181  -1.21082219
  0.39448860   0.79805747  -0.37065814  -0.75155440   1.65787269   0.86870334  -0.19318741   1.73776402  -1.21775802
  0.39896205   0.78721073  -0.37267189  -0.75026757   1.65092857   0.87299345  -0.19851908   1.73304257  -1.22410693
  0.40333120   0.77681772  -0.37437684  -0.74905307   1.64456957   0.87698035  -0.20368486   1.72821865  -1.23037964
  0.40741846   0.76630899  -0.37621063  -0.74772548   1.63789272   0.88108082  -0.20879003   1.72351960  -1.23627496
  0.41134011   0.75616788  -0.37788617  -0.74640772   1.63155094   0.88499878  -0.21375440   1.71885869  -1.24197171
  0.41508635   0.74641741  -0.37941315  -0.74510648   1.62553950   0.88873500  -0.21856160   1.71426969  -1.24745324
  0.41865515   0.73709982  -0.38078884  -0.74383318   1.61987678   0.89227634  -0.22319057   1.70978128  -1.25270887
  0.42204197   0.72824523  -0.38201864  -0.74259674   1.61456383   0.89561736  -0.22762220   1.70542490  -1.25772466
  0.42524255   0.71988390  -0.38310828  -0.74140626   1.60960210   0.89875248  -0.23183742   1.70123202  -1.26248707
  0.42825273   0.71204583  -0.38406408  -0.74027089   1.60499298   0.90167635  -0.23581734   1.69723419  -1.26698286
  0.43106657   0.70754951  -0.38372368  -0.73964019   1.60394829   0.90276715  -0.23866227   1.69355857  -1.27068796
  0.43368462   0.69795634  -0.38564845  -0.73816323   1.59676755   0.90691522  -0.24304477   1.68992726  -1.27513102
  0.43615586   0.69418219  -0.38525134  -0.73760644   1.59603662   0.90778929  -0.24553220   1.68668209  -1.27835983
  0.43849752   0.68606899  -0.38663287  -0.73642123   1.59019836   0.91119301  -0.24928144   1.68333654  -1.28240060
  0.44060115   0.68280239  -0.38632051  -0.73588122   1.58946034   0.91199488  -0.25145422   1.68059004  -1.28510905
  0.44261023   0.67591631  -0.38743754  -0.73483601   1.58454266   0.91488998  -0.25470402   1.67769211  -1.28859555
  0.44439294   0.67305100  -0.38714198  -0.73438434   1.58383356   0.91559145  -0.25653813   1.67531208  -1.29091493
  0.44612103   0.66943977  -0.38717497  -0.73383302   1.58223170   0.91675005  -0.25861712   1.67291342  -1.29342451
  0.44762850   0.66407794  -0.38806699  -0.73294040   1.57838025   0.91904558  -0.26121466   1.67067423  -1.29608236
  0.44886279   0.66199707  -0.38784560  -0.73257110   1.57777644   0.91954847  -0.26246487   1.66901340  -1.29757301
  0.45044358   0.65886765  -0.38781382  -0.73219256   1.57628419   0.92058651  -0.26428167   1.66691251  -1.30004077
  0.45140340   0.65565678  -0.38825456  -0.73156592   1.57427199   0.92187040  -0.26594223   1.66537444  -1.30158367
  0.45237897   0.65361197  -0.38822424  -0.73123117   1.57331671   0.92251810  -0.26707022   1.66404101  -1.30292244
  0.45337302   0.65111328  -0.38836984  -0.73086650   1.57186682   0.92346012  -0.26840557   1.66265450  -1.30454297
  0.45406617   0.64922316  -0.38846986  -0.73051087   1.57073659   0.92406027  -0.26931135   1.66155926  -1.30542580
  0.45490337   0.64703597  -0.38867030  -0.73018513   1.56945037   0.92499269  -0.27057316   1.66043153  -1.30695698
  0.45589344   0.64581443  -0.38837262  -0.73019779   1.56908313   0.92534699  -0.27138539   1.65935515  -1.30855028
  0.45606883   0.64411766  -0.38866132  -0.72990435   1.56818072   0.92581361  -0.27214047   1.65827235  -1.30903651
  0.45671348   0.64338244  -0.38865307  -0.72971418   1.56746582   0.92621038  -0.27265812   1.65800350  -1.30974507
  0.45691002   0.64313476  -0.38847778  -0.72953222   1.56761684   0.92639894  -0.27271292   1.65815776  -1.30964907
  0.45763479   0.64192733  -0.38842473  -0.72941749   1.56720012   0.92666216  -0.27360664   1.65694005  -1.31088018
  0.45763479   0.64192733  -0.38842473  -0.72941749   1.56720012   0.92666216  -0.27360664   1.65694005  -1.31088018
  0.45763479   0.64192733  -0.38842473  -0.72941749   1.56720012   0.92666216  -0.27360664   1.65694005  -1.31088018
  0.45763479   0.64192733  -0.38842473  -0.72941749   1.56720012   0.92666216  -0.27360664   1.65694005  -1.31088018
  0.45763479   0.64192733  -0.38842473  -0.72941749   1.56720012   0.92666216  -0.27360664   1.65694005  -1.31088018
  0.45763479   0.64192733  -0.38842473  -0.72941749   1.56720012   0.92666216  -0.27360664   1.65694005  -1.31088018
  0.45839414   0.63973123  -0.38856601  -0.72902874   1.56613797   0.92737141  -0.27483292   1.65550942  -1.31212266
  0.45839414   0.63973123  -0.38856601  -0.72902874   1.56613797   0.92737141  -0.27483292   1.65550942  -1.31212266
  0.45839414   0.63973123  -0.38856601  -0.72902874   1.56613797   0.92737141  -0.27483292   1.65550942  -1.31212266
  0.45839414   0.63973123  -0.38856601  -0.72902874   1.56613797   0.92737141  -0.27483292   1.65550942  -1.31212266
  0.45839414   0.63973123  -0.38856601  -0.72902874   1.56613797   0.92737141  -0.27483292   1.65550942  -1.31212266
