  0.74358088   0.46159785  -1.17336563  -0.31175400   1.87211824   0.73031905   0.40424693   1.80723765  -1.54474900
  0.74358088   0.46159785  -1.17336563  -0.31175400   1.87211824   0.73031905   0.40424693   1.80723765  -1.54474900
  0.74358088   0.46159785  -1.17336563  -0.31175400   1.87211824   0.73031905   0.40424693   1.80723765  -1.54474900
  0.74358088   0.46159785  -1.17336563  -0.31175400   1.87211824   0.73031905   0.40424693   1.80723765  -1.54474900
  0.74358088   0.46159785  -1.17336563  -0.31175400   1.87211824   0.73031905   0.40424693   1.80723765  -1.54474900
  0.74358088   0.46159785  -1.17336563  -0.31175400   1.87211824   0.73031905   0.40424693   1.80723765  -1.54474900
  0.74358088   0.46159785  -1.17336563  -0.31175400   1.87211824   0.73031905   0.40424693   1.80723765  -1.54474900
  0.74358088   0.46159785  -1.17336563  -0.31175400   1.87211824   0.73031905   0.40424693   1.80723765  -1.54474900
  0.74358088   0.46159785  -1.17336563  -0.31175400   1.87211824   0.73031905   0.40424693   1.80723765  -1.54474900
  0.74358088   0.46159785  -1.17336563  -0.31175400   1.87211824   0.73031905   0.40424693   1.80723765  -1.54474900
  0.74358088   0.46159785  -1.17336563  -0.31175400   1.87211824   0.73031905   0.40424693   1.80723765  -1.54474900
  0.74358088   0.46159785  -1.17336563  -0.31175400   1.87211824   0.73031905   0.40424693   1.80723765  -1.54474900
  0.74358088   0.46159785  -1.17336563  -0.31175400   1.87211824   0.73031905   0.40424693   1.80723765  -1.54474900
  0.74358088   0.46159785  -1.17336563  -0.31175400   1.87211824   0.73031905   0.40424693   1.80723765  -1.54474900
  0.74358088   0.46159785  -1.17336563  -0.31175400   1.87211824   0.73031905   0.40424693   1.80723765  -1.54474900
  0.74358088   0.46159785  -1.17336563  -0.31175400   1.87211824   0.73031905   0.40424693   1.80723765  -1.54474900
  0.74431616   0.46138448  -1.17321021  -0.31177903   1.87286582   0.73011993   0.40374226   1.80626091  -1.54561183
  0.74416063   0.46116549  -1.17315420  -0.31198119   1.87299970   0.73024132   0.40383068   1.80638159  -1.54572939
  0.74427234   0.46130266  -1.17325522  -0.31182186   1.87291962   0.73014156   0.40369061   1.80619906  -1.54567171
  0.74427234   0.46130266  -1.17325522  -0.31182186   1.87291962   0.73014156   0.40369061   1.80619906  -1.54567171
  0.74431924   0.46116064  -1.17315160  -0.31186162   1.87305468   0.73024113   0.40372063   1.80624474  -1.54570025
  0.74490968   0.46069594  -1.17304683  -0.31189559   1.87351655   0.73011246   0.40333796   1.80528898  -1.54660531
  0.74490968   0.46069594  -1.17304683  -0.31189559   1.87351655   0.73011246   0.40333796   1.80528898  -1.54660531
  0.74490968   0.46069594  -1.17304683  -0.31189559   1.87351655   0.73011246   0.40333796   1.80528898  -1.54660531
  0.74565429   0.45859186  -1.17349485  -0.31167745   1.87406378   0.73055015   0.40204660   1.80317063  -1.54818665
  0.74565429   0.45859186  -1.17349485  -0.31167745   1.87406378   0.73055015   0.40204660   1.80317063  -1.54818665
  0.74666466   0.45376292  -1.17478688  -0.30987825   1.87165097   0.73254005   0.40022035   1.80118668  -1.55000539
  0.74666466   0.45376292  -1.17478688  -0.30987825   1.87165097   0.73254005   0.40022035   1.80118668  -1.55000539
  0.74787008   0.45343293  -1.17449738  -0.30999220   1.87215035   0.73247050   0.39948542   1.80058824  -1.55210885
  0.74787008   0.45343293  -1.17449738  -0.30999220   1.87215035   0.73247050   0.39948542   1.80058824  -1.55210885
  0.74842217   0.45121159  -1.17493679  -0.30943680   1.87199675   0.73314793   0.39853145   1.79893926  -1.55302974
  0.74960910   0.45014775  -1.17483152  -0.30916280   1.87205439   0.73332736   0.39774521   1.79789015  -1.55482921
  0.74960910   0.45014775  -1.17483152  -0.30916280   1.87205439   0.73332736   0.39774521   1.79789015  -1.55482921
  0.75056011   0.44362242  -1.17663673  -0.30714423   1.86951475   0.73582560   0.39520515   1.79467442  -1.55737337
  0.75056011   0.44362242  -1.17663673  -0.30714423   1.86951475   0.73582560   0.39520515   1.79467442  -1.55737337
  0.75201205   0.44179431  -1.17662875  -0.30664233   1.86929890   0.73634231   0.39408708   1.79335197  -1.55973556
  0.75295235   0.43928438  -1.17707480  -0.30585918   1.86857414   0.73718896   0.39290329   1.79180354  -1.56147570
  0.75397145   0.43841427  -1.17699270  -0.30571020   1.86879558   0.73731708   0.39211721   1.79083706  -1.56320587
  0.75505328   0.43260810  -1.17842962  -0.30364250   1.86608667   0.73969225   0.38990817   1.78830411  -1.56567289
  0.75505328   0.43260810  -1.17842962  -0.30364250   1.86608667   0.73969225   0.38990817   1.78830411  -1.56567289
  0.75628085   0.43093211  -1.17833657  -0.30330123   1.86660687   0.74002755   0.38887609   1.78652165  -1.56744700
  0.75812443   0.42470070  -1.17963616  -0.30110801   1.86390593   0.74240244   0.38614356   1.78336588  -1.57138089
  0.75896502   0.42444449  -1.17954944  -0.30097778   1.86439370   0.74247607   0.38539017   1.78281920  -1.57250531
  0.75987548   0.41925031  -1.18055901  -0.29948981   1.86289882   0.74430695   0.38346399   1.77977245  -1.57490418
  0.76119619   0.41884535  -1.18004159  -0.29948840   1.86334432   0.74415664   0.38297001   1.77891531  -1.57684485
  0.76266882   0.41248991  -1.18150371  -0.29719550   1.86084362   0.74668180   0.38008177   1.77556929  -1.58033016
  0.76320105   0.41122855  -1.18154107  -0.29688066   1.86099782   0.74705090   0.37947451   1.77448346  -1.58114711
  0.76476380   0.40889434  -1.18152983  -0.29637467   1.86133275   0.74753186   0.37795923   1.77207402  -1.58397784
  0.76613535   0.40256573  -1.18277827  -0.29408633   1.85891426   0.75003195   0.37532683   1.76870663  -1.58722918
  0.76743642   0.40149087  -1.18243642  -0.29387629   1.85930159   0.75014411   0.37453127   1.76736216  -1.58927577
  0.76868252   0.39852083  -1.18281901  -0.29304451   1.85938866   0.75107358   0.37263770   1.76479850  -1.59182089
  0.77078810   0.39084322  -1.18413563  -0.29007356   1.85605937   0.75416422   0.36927334   1.76084263  -1.59672111
  0.77190626   0.38933770  -1.18397742  -0.28972105   1.85660497   0.75447107   0.36823895   1.75908624  -1.59850592
  0.77383129   0.38243723  -1.18501409  -0.28717479   1.85420678   0.75710676   0.36509309   1.75498566  -1.60308222
  0.77502936   0.38085197  -1.18481704  -0.28679301   1.85482822   0.75742094   0.36397791   1.75307185  -1.60500475
  0.77705446   0.37350873  -1.18583878  -0.28403549   1.85232696   0.76023639   0.36060902   1.74862136  -1.60994822
  0.77834210   0.37185003  -1.18558302  -0.28363126   1.85302789   0.76054926   0.35942550   1.74654830  -1.61202993
  0.78044794   0.36402707  -1.18659104  -0.28062182   1.85038890   0.76356218   0.35583259   1.74171685  -1.61731676
  0.78181161   0.36229500  -1.18627874  -0.28018757   1.85116140   0.76387976   0.35458357   1.73949192  -1.61953608
  0.78405110   0.35365618  -1.18728234  -0.27670642   1.84811468   0.76721068   0.35074784   1.73408357  -1.62519444
  0.78549271   0.35125475  -1.18701381  -0.27608783   1.84873748   0.76778293   0.34921177   1.73143261  -1.62793175
  0.78768257   0.34343147  -1.18773185  -0.27292333   1.84631679   0.77075466   0.34554738   1.72619538  -1.63347373
  0.78924210   0.34110027  -1.18740200  -0.27220370   1.84695949   0.77131979   0.34393736   1.72350025  -1.63626446
  0.79149866   0.33315241  -1.18803713  -0.26886421   1.84447610   0.77441801   0.34010310   1.71818266  -1.64211105
  0.79311084   0.33066317  -1.18755318  -0.26818245   1.84522932   0.77492677   0.33855609   1.71518821  -1.64509306
  0.79529910   0.32228166  -1.18819700  -0.26456376   1.84261686   0.77825013   0.33449476   1.70955259  -1.65116381
  0.79697598   0.32043846  -1.18755140  -0.26400310   1.84357103   0.77850487   0.33316464   1.70686511  -1.65382431
  0.79941755   0.31112729  -1.18801213  -0.25994738   1.84065111   0.78208810   0.32884983   1.70039038  -1.66069399
  0.80141567   0.30566249  -1.18787491  -0.25760840   1.83965359   0.78404548   0.32602342   1.69595641  -1.66544706
  0.80342083   0.30028323  -1.18764199  -0.25535360   1.83882750   0.78588304   0.32322309   1.69136707  -1.67030985
  0.80546428   0.29467362  -1.18736052  -0.25292697   1.83784992   0.78789339   0.32035799   1.68677258  -1.67529273
  0.80730564   0.29225718  -1.18661663  -0.25208734   1.83882119   0.78832313   0.31862666   1.68340474  -1.67861728
  0.80958410   0.28351869  -1.18671019  -0.24792143   1.83605937   0.79179118   0.31447031   1.67716893  -1.68539269
  0.81173931   0.27826466  -1.18611870  -0.24559007   1.83527756   0.79353619   0.31180939   1.67249236  -1.69049986
  0.81369247   0.27597042  -1.18522198  -0.24472785   1.83633252   0.79392358   0.31006280   1.66912764  -1.69396880
  0.81595041   0.26723440  -1.18508460  -0.24036110   1.83348796   0.79740245   0.30597513   1.66279564  -1.70085433
  0.81811394   0.26518165  -1.18392739  -0.23965568   1.83463885   0.79759653   0.30440729   1.65947045  -1.70462327
  0.82034095   0.25750836  -1.18348855  -0.23586474   1.83264936   0.80052188   0.30062906   1.65340651  -1.71122810
  0.82267638   0.25187746  -1.18264344  -0.23300419   1.83142793   0.80243044   0.29788608   1.64837798  -1.71677492
  0.82482380   0.24989345  -1.18146783  -0.23222058   1.83259345   0.80267556   0.29621194   1.64513289  -1.72056972
  0.82710050   0.24252442  -1.18077855  -0.22841587   1.83066867   0.80545922   0.29258118   1.63915083  -1.72724641
  0.82950914   0.23729505  -1.17972094  -0.22564464   1.82959753   0.80718303   0.28998291   1.63427249  -1.73283427
  0.83174942   0.23539123  -1.17840870  -0.22484716   1.83074895   0.80737709   0.28836374   1.63103993  -1.73675903
  0.83407109   0.22849015  -1.17750764  -0.22110129   1.82895546   0.80996305   0.28490237   1.62526190  -1.74338483
  0.83656370   0.22360059  -1.17624871  -0.21841242   1.82795963   0.81152533   0.28247497   1.62055152  -1.74903610
  0.83890888   0.22185175  -1.17481270  -0.21762313   1.82909163   0.81165003   0.28092506   1.61740806  -1.75306697
  0.84125516   0.21579328  -1.17359577  -0.21435934   1.82793934   0.81366122   0.27792469   1.61170710  -1.75928650
  0.84362004   0.21455771  -1.17220027  -0.21362251   1.82883407   0.81375100   0.27658026   1.60930843  -1.76303710
  0.84632002   0.20716918  -1.17087646  -0.20930893   1.82635829   0.81650510   0.27313481   1.60323186  -1.77065100
  0.84881423   0.20569320  -1.16931688  -0.20849817   1.82726951   0.81653858   0.27179957   1.60038440  -1.77468003
  0.85144824   0.19986378  -1.16790031  -0.20498227   1.82558412   0.81862383   0.26887293   1.59520746  -1.78141356
  0.85400198   0.19847775  -1.16627222  -0.20420158   1.82648011   0.81861472   0.26760151   1.59243497  -1.78550502
  0.85662469   0.19634613  -1.16462289  -0.20299168   1.82718517   0.81889182   0.26589912   1.58901484  -1.79023307
  0.85939355   0.19006320  -1.16313360  -0.19894705   1.82471252   0.82130718   0.26293176   1.58394788  -1.79746882
  0.86206053   0.18884923  -1.16142750  -0.19818138   1.82545651   0.82124821   0.26180362   1.58140320  -1.80162295
  0.86478201   0.18702806  -1.15971494  -0.19703550   1.82605736   0.82144817   0.26025168   1.57834055  -1.80634851
  0.86768916   0.18141650  -1.15809283  -0.19323224   1.82365526   0.82359150   0.25759260   1.57378021  -1.81345896
  0.87045096   0.18050312  -1.15634308  -0.19256207   1.82436145   0.82345059   0.25657429   1.57154488  -1.81762599
  0.87331461   0.17909874  -1.15456062  -0.19155646   1.82491009   0.82352060   0.25520083   1.56889307  -1.82235858
  0.87621513   0.17743982  -1.15278402  -0.19032550   1.82510749   0.82375280   0.25380559   1.56625435  -1.82726971
  0.87929000   0.17238949  -1.15108881  -0.18661018   1.82243473   0.82576760   0.25145986   1.56239735  -1.83434220
  0.88221171   0.17186852  -1.14928698  -0.18606217   1.82302327   0.82552344   0.25061838   1.56060139  -1.83855040
  0.88525631   0.17102178  -1.14745889  -0.18523806   1.82343974   0.82545120   0.24948826   1.55857245  -1.84325877
  0.88833565   0.17000302  -1.14564212  -0.18424104   1.82354950   0.82550593   0.24836323   1.55660565  -1.84809595
  0.89145075   0.16895133  -1.14383776  -0.18316006   1.82345478   0.82562740   0.24726452   1.55476760  -1.85299795
  0.89462480   0.16795377  -1.14202930  -0.18205829   1.82322703   0.82576342   0.24621219   1.55307421  -1.85795626
  0.89783854   0.16705865  -1.14022763  -0.18097088   1.82290593   0.82589596   0.24521817   1.55155566  -1.86291468
  0.90109942   0.16630338  -1.13842889  -0.17992424   1.82251949   0.82600514   0.24429050   1.55022339  -1.86786535
  0.90440218   0.16570911  -1.13663718  -0.17893346   1.82208236   0.82608341   0.24343456   1.54909138  -1.87278834
  0.90774800   0.16529160  -1.13485316  -0.17800935   1.82160378   0.82612432   0.24265409   1.54816842  -1.87767704
  0.91113537   0.16506140  -1.13307916  -0.17715883   1.82108854   0.82612503   0.24195181   1.54746327  -1.88252334
  0.91456431   0.16502678  -1.13131660  -0.17638704   1.82053924   0.82608347   0.24132994   1.54698313  -1.88732278
  0.91803395   0.16519435  -1.12956737  -0.17569773   1.81995703   0.82599873   0.24079034   1.54673509  -1.89207052
  0.92154363   0.16556958  -1.12783292  -0.17509391   1.81934280   0.82587009   0.24033451   1.54672486  -1.89676271
  0.92509061   0.16615408  -1.12611467  -0.17457757   1.81870013   0.82569708   0.23996211   1.54695208  -1.90139461
  0.92867164   0.16694719  -1.12441365  -0.17414976   1.81803342   0.82547932   0.23967183   1.54741285  -1.90596215
  0.93212443   0.16799493  -1.12279068  -0.17389430   1.81758179   0.82519259   0.23941135   1.54806539  -1.91021497
  0.93563310   0.16924669  -1.12123353  -0.17363747   1.81677936   0.82483501   0.23938283   1.54897539  -1.91434083
  0.93959702   0.17069265  -1.11941266  -0.17349335   1.81603868   0.82448499   0.23930214   1.55018117  -1.91919707
  0.94288072   0.17213857  -1.11801088  -0.17333183   1.81515513   0.82418259   0.23944419   1.55155498  -1.92280799
  0.94698229   0.17405507  -1.11619028  -0.17338728   1.81448991   0.82368366   0.23942676   1.55310229  -1.92769684
  0.95070300   0.17603879  -1.11460867  -0.17346704   1.81370120   0.82321471   0.23960120   1.55488005  -1.93183644
  0.95471503   0.17832184  -1.11287076  -0.17372426   1.81291979   0.82258437   0.23991966   1.55682290  -1.93629600
  0.95815588   0.18041919  -1.11146744  -0.17385161   1.81235317   0.82213981   0.23997006   1.55868812  -1.94000538
  0.96198905   0.18313372  -1.10991218  -0.17424566   1.81135996   0.82152075   0.24058342   1.56136588  -1.94385442
  0.96531734   0.18553713  -1.10857908  -0.17455196   1.81054036   0.82092677   0.24112166   1.56358723  -1.94701838
  0.96910289   0.18834902  -1.10707181  -0.17496527   1.80988650   0.82035583   0.24139072   1.56627365  -1.95096272
  0.97319782   0.19182825  -1.10544537  -0.17570228   1.80901140   0.81950415   0.24214029   1.56953775  -1.95497994
  0.97693019   0.19529739  -1.10398672  -0.17646985   1.80831543   0.81867625   0.24288501   1.57278218  -1.95840134
  0.98070086   0.19889970  -1.10249526  -0.17731593   1.80768567   0.81777731   0.24366923   1.57606459  -1.96183973
  0.98394903   0.20222303  -1.10129298  -0.17798090   1.80681086   0.81707155   0.24454495   1.57939981  -1.96447575
  0.98827080   0.20640970  -1.09951664  -0.17909339   1.80630180   0.81595068   0.24537514   1.58303081  -1.96866032
  0.99172144   0.21064199  -1.09825137  -0.18016349   1.80566731   0.81499494   0.24640679   1.58707395  -1.97131067
  0.99538589   0.21473682  -1.09679726  -0.18122589   1.80514508   0.81397336   0.24737021   1.59077875  -1.97439858
  0.99864940   0.21840546  -1.09559580  -0.18200166   1.80433746   0.81317066   0.24824261   1.59432492  -1.97706883
  1.00260859   0.22331282  -1.09401520  -0.18337088   1.80364699   0.81198905   0.24957752   1.59894958  -1.98026781
  1.00628437   0.23082134  -1.09240736  -0.18634619   1.80510877   0.80969339   0.25137579   1.60452762  -1.98196199
  1.00949721   0.23415019  -1.09119943  -0.18691115   1.80395734   0.80901271   0.25224716   1.60791712  -1.98480616
  1.01303144   0.23874953  -1.08983523  -0.18799140   1.80286195   0.80805851   0.25363622   1.61259524  -1.98746350
  1.01633983   0.24324160  -1.08858279  -0.18900506   1.80181537   0.80718927   0.25492964   1.61723263  -1.98987026
  1.01978325   0.24848409  -1.08717883  -0.19048479   1.80127310   0.80590445   0.25640833   1.62200757  -1.99227592
  1.02298865   0.25707296  -1.08554517  -0.19395135   1.80310533   0.80320837   0.25889108   1.62819857  -1.99282125
  1.02613781   0.26067504  -1.08431353  -0.19456265   1.80191210   0.80252115   0.25983722   1.63192457  -1.99556023
  1.02947746   0.26601574  -1.08299079  -0.19583799   1.80072076   0.80148330   0.26147718   1.63741461  -1.99785355
  1.03251603   0.27423219  -1.08140455  -0.19889378   1.80189721   0.79908556   0.26395452   1.64371116  -1.99851085
  1.03548486   0.27866648  -1.08019160  -0.19981709   1.80087823   0.79822557   0.26520495   1.64817437  -2.00067129
  1.03845245   0.28403667  -1.07891309  -0.20112231   1.79986321   0.79712388   0.26695259   1.65350694  -2.00242352
  1.04140187   0.29343000  -1.07709090  -0.20477739   1.80209369   0.79422947   0.26956138   1.66003700  -2.00282306
  1.04384423   0.29737488  -1.07614997  -0.20532020   1.80031250   0.79366621   0.27100418   1.66459770  -2.00435262
  1.04682493   0.30302224  -1.07474061  -0.20663994   1.79913768   0.79255668   0.27296259   1.67031321  -2.00605975
  1.04941277   0.31328061  -1.07278259  -0.21065552   1.80193477   0.78933210   0.27596253   1.67712119  -2.00572004
  1.05161924   0.31735165  -1.07190754  -0.21117377   1.79991761   0.78881573   0.27752310   1.68197357  -2.00703791
  1.05435116   0.32308116  -1.07050468  -0.21243480   1.79872632   0.78773667   0.27955082   1.68778129  -2.00841074
  1.05665684   0.33299711  -1.06853527  -0.21607128   1.80094523   0.78474842   0.28270883   1.69461937  -2.00789566
  1.05876320   0.33806255  -1.06747178  -0.21701867   1.79949767   0.78390485   0.28455008   1.69996690  -2.00880709
  1.06082516   0.34777975  -1.06553062  -0.22046300   1.80170741   0.78105270   0.28756566   1.70664078  -2.00821667
  1.06277650   0.35204778  -1.06462332  -0.22090787   1.79942333   0.78060547   0.28932771   1.71189483  -2.00919625
  1.06478677   0.35740402  -1.06345953  -0.22184712   1.79781431   0.77976594   0.29140592   1.71764418  -2.00986533
  1.06629529   0.36894839  -1.06113645  -0.22617303   1.80133689   0.77609666   0.29524865   1.72472085  -2.00805436
  1.06785370   0.37347449  -1.06029112  -0.22665333   1.79923511   0.77558955   0.29709757   1.73003485  -2.00842081
  1.06952450   0.38367729  -1.05815120  -0.23002993   1.80132819   0.77279561   0.30033806   1.73722852  -2.00766135
  1.07112767   0.38810174  -1.05715682  -0.23043185   1.79898091   0.77234967   0.30235833   1.74264523  -2.00809609
  1.07190250   0.39868850  -1.05510679  -0.23398879   1.80186452   0.76920843   0.30593888   1.74926043  -2.00579714
  1.07332528   0.40293765  -1.05417861  -0.23432702   1.79945338   0.76884923   0.30785220   1.75459752  -2.00626877
  1.07445397   0.41256285  -1.05202159  -0.23712458   1.80056069   0.76640056   0.31154178   1.76183404  -2.00483102
  1.07543419   0.41778771  -1.05106386  -0.23785606   1.79893365   0.76570669   0.31361761   1.76741498  -2.00455717
  1.07579117   0.42846690  -1.04880053  -0.24123422   1.80157369   0.76267988   0.31751362   1.77424206  -2.00197825
  1.07669022   0.43340442  -1.04785288  -0.24171901   1.79941337   0.76222569   0.31964780   1.78003827  -2.00169935
  1.07738730   0.43944304  -1.04659295  -0.24272595   1.79814238   0.76121448   0.32226436   1.78590333  -2.00078510
  1.07705209   0.45059222  -1.04428123  -0.24623306   1.80132622   0.75807763   0.32629301   1.79271070  -1.99752086
  1.07772385   0.45502923  -1.04339623  -0.24644799   1.79891959   0.75770639   0.32842873   1.79802818  -1.99696497
  1.07737487   0.46464737  -1.04132206  -0.24909958   1.80056337   0.75528337   0.33223629   1.80465584  -1.99415704
  1.07722360   0.47344304  -1.03952694  -0.25119304   1.80148284   0.75327609   0.33546522   1.81107435  -1.99193608
  1.07722709   0.47850609  -1.03847797  -0.25166437   1.79943764   0.75279996   0.33812381   1.81681285  -1.99040976
  1.07623263   0.48858588  -1.03639621  -0.25442369   1.80184629   0.75022530   0.34185584   1.82315945  -1.98699597
  1.07620555   0.49354799  -1.03535309  -0.25472982   1.79955567   0.74980837   0.34447496   1.82886511  -1.98550648
  1.07511750   0.50368948  -1.03316427  -0.25731604   1.80174749   0.74730148   0.34828222   1.83532161  -1.98204163
  1.07465950   0.50745925  -1.03246159  -0.25724967   1.79896091   0.74730333   0.35074787   1.84049789  -1.98021701
  1.07374324   0.51753856  -1.03019081  -0.25965857   1.80101326   0.74490138   0.35432105   1.84698755  -1.97722141
  1.07263331   0.52267850  -1.02925389  -0.26012895   1.79927517   0.74438488   0.35722632   1.85236213  -1.97449309
  1.07104979   0.53247526  -1.02708674  -0.26241350   1.80122392   0.74213078   0.36099166   1.85868350  -1.97080444
  1.07000688   0.53600182  -1.02652798  -0.26227555   1.79872809   0.74217232   0.36341221   1.86336288  -1.96830092
  1.06903276   0.54155915  -1.02548120  -0.26256185   1.79672850   0.74173354   0.36622704   1.86927103  -1.96572031
  1.06637201   0.55407116  -1.02248905  -0.26584822   1.80123075   0.73836065   0.37091424   1.87556965  -1.96035042
  1.06521525   0.55838531  -1.02172880  -0.26608155   1.79944766   0.73812749   0.37325505   1.88038892  -1.95814674
  1.06310867   0.56761713  -1.01951064  -0.26783969   1.80094268   0.73612717   0.37717143   1.88626704  -1.95385637
  1.06145048   0.57191365  -1.01887620  -0.26803500   1.79928423   0.73597712   0.37956471   1.89103223  -1.95102059
  1.05874487   0.58277181  -1.01617904  -0.27045119   1.80239327   0.73336543   0.38380886   1.89695772  -1.94615695
  1.05712752   0.58592227  -1.01578805  -0.27021279   1.80000768   0.73355088   0.38604588   1.90120187  -1.94337232
  1.05456076   0.59501343  -1.01361054  -0.27165997   1.80107605   0.73189168   0.38994844   1.90738654  -1.93880215
  1.05251372   0.59893828  -1.01305735  -0.27182101   1.79972383   0.73172324   0.39228138   1.91143486  -1.93564011
  1.04940487   0.60933049  -1.01042506  -0.27389902   1.80261537   0.72938396   0.39639778   1.91707691  -1.93057539
  1.04745059   0.61217254  -1.01016902  -0.27365748   1.80057079   0.72956710   0.39847805   1.92071321  -1.92755267
  1.04405442   0.62102954  -1.00803256  -0.27497140   1.80184545   0.72807958   0.40251860   1.92655021  -1.92212847
  1.04181919   0.62476797  -1.00756329  -0.27504287   1.80054282   0.72798845   0.40469647   1.93035848  -1.91891663
  1.03865565   0.63365065  -1.00528778  -0.27646188   1.80223092   0.72630762   0.40848560   1.93572004  -1.91413221
  1.03633506   0.63637089  -1.00513583  -0.27631168   1.80081413   0.72638419   0.41041429   1.93865426  -1.91079694
  1.03233384   0.64589934  -1.00275857  -0.27781408   1.80310194   0.72463500   0.41451832   1.94409290  -1.90487833
  1.02966761   0.64890962  -1.00253300  -0.27776757   1.80175885   0.72478844   0.41661176   1.94742907  -1.90130399
  1.02583368   0.65717838  -1.00045476  -0.27897028   1.80362043   0.72331241   0.42034881   1.95209041  -1.89579460
  1.02320276   0.65956723  -1.00047025  -0.27880213   1.80208630   0.72360194   0.42219580   1.95503050  -1.89239723
  1.01913942   0.66803297  -0.99837773  -0.27996722   1.80403776   0.72219020   0.42590310   1.95983276  -1.88669850
  1.01645055   0.67025274  -0.99841925  -0.27986246   1.80275533   0.72243771   0.42767212   1.96242051  -1.88334706
  1.01213673   0.67866087  -0.99636201  -0.28099249   1.80493696   0.72101426   0.43133800   1.96689183  -1.87739715
  1.00912026   0.68107424  -0.99641432  -0.28083777   1.80380104   0.72127623   0.43319729   1.96947722  -1.87351715
  1.00583738   0.68458557  -0.99604625  -0.28083078   1.80300940   0.72132297   0.43547012   1.97264322  -1.86922267
  1.00119290   0.69279314  -0.99395709  -0.28214521   1.80595059   0.71975547   0.43907989   1.97630793  -1.86317130
  0.99820731   0.69450093  -0.99428999  -0.28198110   1.80476005   0.72015981   0.44063403   1.97844549  -1.85959424
  0.99368856   0.70114373  -0.99284011  -0.28273470   1.80640342   0.71928226   0.44382521   1.98202325  -1.85368981
  0.99066091   0.70276749  -0.99318657  -0.28263878   1.80543490   0.71963551   0.44532515   1.98390217  -1.85015747
  0.98702477   0.70581745  -0.99304983  -0.28252812   1.80485708   0.71979558   0.44744843   1.98646010  -1.84542051
  0.98205735   0.71345591  -0.99127797  -0.28378241   1.80814016   0.71836822   0.45065699   1.98941981  -1.83925410
  0.97889548   0.71451710  -0.99181278  -0.28365866   1.80717533   0.71885359   0.45206605   1.99090802  -1.83563003
  0.97520013   0.71627404  -0.99220509  -0.28341944   1.80626192   0.71937495   0.45382579   1.99287233  -1.83101299
  0.97026308   0.72322064  -0.99066999  -0.28448801   1.80921758   0.71815679   0.45683372   1.99551685  -1.82495255
  0.96690641   0.72390854  -0.99143268  -0.28436078   1.80845868   0.71870924   0.45808719   1.99656120  -1.82109405
  0.96317016   0.72520774  -0.99202431  -0.28417382   1.80775992   0.71925892   0.45963794   1.99801429  -1.81655520
  0.95937059   0.72678996  -0.99250232  -0.28411930   1.80742319   0.71965866   0.46122572   1.99937647  -1.81200807
  0.95546293   0.72846145  -0.99296936  -0.28413215   1.80735476   0.71999061   0.46281106   2.00058291  -1.80734000
  0.94997701   0.73528183  -0.99159764  -0.28556971   1.81171530   0.71852513   0.46555268   2.00204572  -1.80091638
  0.94656729   0.73536730  -0.99263426  -0.28541301   1.81100370   0.71919920   0.46659224   2.00261202  -1.79702770
  0.94282127   0.73576394  -0.99362209  -0.28526307   1.81050672   0.71985868   0.46777945   2.00324932  -1.79261081
  0.93898156   0.73629436  -0.99457601  -0.28520797   1.81030336   0.72042517   0.46897409   2.00374600  -1.78811919
  0.93507873   0.73683590  -0.99554471  -0.28521924   1.81032911   0.72093876   0.47013709   2.00407013  -1.78357499
  0.93114264   0.73730787  -0.99655710  -0.28528195   1.81052460   0.72142461   0.47124531   2.00421410  -1.77901944
  0.92718965   0.73764966  -0.99763536  -0.28537804   1.81084018   0.72190387   0.47228435   2.00417734  -1.77447315
  0.92323309   0.73781879  -0.99879588  -0.28549947   1.81123990   0.72239286   0.47324535   2.00395682  -1.76994651
  0.91928056   0.73778751  -1.00004917  -0.28563717   1.81169436   0.72290328   0.47412412   2.00355561  -1.76544530
  0.91533779   0.73753746  -1.00140208  -0.28578487   1.81218327   0.72344287   0.47491812   2.00297604  -1.76097348
  0.91140884   0.73705705  -1.00285892  -0.28593827   1.81269270   0.72401676   0.47562591   2.00222019  -1.75653356
  0.90749677   0.73633954  -1.00442218  -0.28609457   1.81321327   0.72462824   0.47624677   2.00129012  -1.75212747
  0.90360391   0.73538166  -1.00609296  -0.28625197   1.81373882   0.72527928   0.47678043   2.00018795  -1.74775680
  0.89916401   0.73407503  -1.00810880  -0.28637126   1.81443008   0.72609722   0.47727604   1.99873530  -1.74260380
  0.89569023   0.73277315  -1.00979383  -0.28657849   1.81488310   0.72671540   0.47763477   1.99742631  -1.73886566
  0.89141423   0.73088276  -1.01204181  -0.28667234   1.81547852   0.72763267   0.47790784   1.99562328  -1.73393383
  0.88801123   0.72914010  -1.01391155  -0.28687615   1.81591038   0.72832875   0.47810551   1.99402633  -1.73030345
  0.88377467   0.72667603  -1.01642466  -0.28694445   1.81644975   0.72936383   0.47818070   1.99185428  -1.72542787
  0.88044224   0.72452662  -1.01845903  -0.28715420   1.81688436   0.73012715   0.47822694   1.98997757  -1.72190923
  0.87623529   0.72153183  -1.02122208  -0.28720140   1.81739033   0.73126899   0.47811320   1.98744354  -1.71707654
  0.87253619   0.71857668  -1.02377317  -0.28732185   1.81783046   0.73228658   0.47794651   1.98497732  -1.71300298
  0.86883750   0.71542125  -1.02642539  -0.28743492   1.81826665   0.73335421   0.47770062   1.98238155  -1.70893288
  0.86515888   0.71206656  -1.02916474  -0.28754869   1.81871378   0.73445720   0.47737771   1.97963436  -1.70489710
  0.86149881   0.70851934  -1.03198814  -0.28766345   1.81917465   0.73559481   0.47697919   1.97673838  -1.70089405
  0.85785629   0.70478658  -1.03489202  -0.28777962   1.81965228   0.73676579   0.47650662   1.97369581  -1.69692297
  0.85423023   0.70087541  -1.03787272  -0.28789765   1.82014982   0.73796889   0.47596159   1.97050886  -1.69298306
  0.85061948   0.69679307  -1.04092651  -0.28801796   1.82067047   0.73920277   0.47534571   1.96717975  -1.68907344
  0.84698680   0.69304716  -1.04380097  -0.28816425   1.82124338   0.74032428   0.47489001   1.96398757  -1.68510786
  0.84329076   0.68888280  -1.04690218  -0.28836621   1.82201550   0.74153280   0.47422714   1.96041754  -1.68111849
  0.83965808   0.68451415  -1.05009011  -0.28855937   1.82279184   0.74277162   0.47345805   1.95667435  -1.67721879
  0.83603340   0.67996175  -1.05335203  -0.28874368   1.82356730   0.74406001   0.47262131   1.95280831  -1.67333681
  0.83310422   0.67290924  -1.05761426  -0.28858939   1.82352916   0.74601513   0.47078455   1.94771817  -1.67045961
  0.82932601   0.66913531  -1.06049233  -0.28869198   1.82402358   0.74724713   0.47039223   1.94465050  -1.66626997
  0.82558048   0.66449865  -1.06380933  -0.28898126   1.82518604   0.74848443   0.46947317   1.94041350  -1.66227687
  0.82225756   0.65875077  -1.06754864  -0.28919682   1.82621476   0.74994558   0.46799371   1.93543780  -1.65894445
  0.81879166   0.65331510  -1.07113139  -0.28930017   1.82692326   0.75146872   0.46678065   1.93096673  -1.65533609
  0.81529891   0.64782337  -1.07473854  -0.28943406   1.82776114   0.75297599   0.46552431   1.92633525  -1.65171350
  0.81179890   0.64227247  -1.07836535  -0.28958684   1.82869019   0.75448399   0.46422104   1.92158661  -1.64810122
  0.80829344   0.63665977  -1.08200992  -0.28975319   1.82969646   0.75599565   0.46287444   1.91672640  -1.64449988
  0.80478304   0.63098659  -1.08567069  -0.28993124   1.83077585   0.75751212   0.46148517   1.91175822  -1.64091004
  0.80126761   0.62525662  -1.08934504  -0.29012022   1.83192733   0.75903317   0.46005449   1.90668518  -1.63733155
  0.79774666   0.61947546  -1.09302959  -0.29031996   1.83315120   0.76055766   0.45858438   1.90151062  -1.63376373
  0.79421949   0.61364965  -1.09672071  -0.29053072   1.83444863   0.76208393   0.45707698   1.89623799  -1.63020557
  0.79068534   0.60778616  -1.10041465  -0.29075294   1.83582119   0.76361006   0.45553457   1.89087077  -1.62665587
  0.78714340   0.60189215  -1.10410766  -0.29098724   1.83727063   0.76513396   0.45395951   1.88541254  -1.62311337
  0.78359291   0.59597481  -1.10779600  -0.29123428   1.83879868   0.76665342   0.45235423   1.87986696  -1.61957670
  0.78003319   0.59004134  -1.11147601  -0.29149482   1.84040699   0.76816617   0.45072118   1.87423779  -1.61604450
  0.77646358   0.58409885  -1.11514413  -0.29176964   1.84209711   0.76966986   0.44906284   1.86852885  -1.61251536
  0.77280998   0.57850089  -1.11865750  -0.29206792   1.84378427   0.77107093   0.44759168   1.86304326  -1.60884319
  0.76917182   0.57259802  -1.12230810  -0.29240915   1.84577009   0.77253286   0.44585866   1.85715666  -1.60526131
  0.76560106   0.56673209  -1.12587320  -0.29275875   1.84774727   0.77393728   0.44416954   1.85122171  -1.60178325
  0.76194295   0.56079473  -1.12950482  -0.29309459   1.84980501   0.77540496   0.44239867   1.84522247  -1.59819779
  0.75836273   0.55489502  -1.13304521  -0.29345982   1.85191967   0.77680448   0.44065075   1.83914059  -1.59473749
  0.75476739   0.54905237  -1.13653034  -0.29384324   1.85412101   0.77819423   0.43891606   1.83306666  -1.59124364
  0.75107169   0.54320478  -1.14007251  -0.29422869   1.85641228   0.77959543   0.43712077   1.82691259  -1.58763936
  0.74742994   0.53738782  -1.14353604  -0.29464413   1.85879102   0.78094562   0.43533344   1.82068118  -1.58412156
  0.74381593   0.53166637  -1.14690580  -0.29509266   1.86125336   0.78224463   0.43358399   1.81445429  -1.58063035
  0.74009185   0.52597562  -1.15032765  -0.29554766   1.86380325   0.78354713   0.43178311   1.80817975  -1.57701157
  0.73646434   0.52035659  -1.15361984  -0.29605060   1.86645845   0.78477247   0.43001878   1.80185319  -1.57352052
  0.73276298   0.51482898  -1.15689782  -0.29657078   1.86918322   0.78597582   0.42826596   1.79554659  -1.56992137
  0.72905538   0.50935628  -1.16013723  -0.29712428   1.87201651   0.78713534   0.42650362   1.78918209  -1.56632021
  0.72546058   0.50453612  -1.16300734  -0.29778269   1.87486462   0.78807183   0.42505721   1.78334916  -1.56277836
  0.72154626   0.49891689  -1.16637831  -0.29841065   1.87810762   0.78920988   0.42311766   1.77652419  -1.55893416
  0.71781431   0.49360290  -1.16950116  -0.29902256   1.88117905   0.79028585   0.42134558   1.77009500  -1.55529263
  0.71411068   0.48842729  -1.17252476  -0.29968885   1.88432757   0.79126654   0.41963443   1.76366779  -1.55167972
  0.71031757   0.48337705  -1.17552350  -0.30037433   1.88756519   0.79223269   0.41794866   1.75732525  -1.54790479
  0.70660225   0.47847364  -1.17841634  -0.30113376   1.89091654   0.79307887   0.41628879   1.75094618  -1.54425092
  0.70313505   0.47421936  -1.18097887  -0.30197769   1.89422218   0.79376625   0.41480082   1.74523532  -1.54088046
  0.69903372   0.46919056  -1.18400137  -0.30282176   1.89797511   0.79455375   0.41313476   1.73838304  -1.53662791
  0.69541429   0.46494926  -1.18648633  -0.30370101   1.90143841   0.79519573   0.41179814   1.73257571  -1.53289026
  0.69144804   0.46033044  -1.18937199  -0.30465292   1.90530660   0.79579872   0.41009448   1.72590186  -1.52889295
  0.68769357   0.45597222  -1.19198928  -0.30562097   1.90911636   0.79636105   0.40855318   1.71960773  -1.52506442
  0.68412266   0.45216347  -1.19435803  -0.30662330   1.91271420   0.79678593   0.40721605   1.71393495  -1.52144849
  0.68010714   0.44788141  -1.19700489  -0.30771481   1.91689515   0.79722435   0.40570867   1.70738340  -1.51717415
  0.67633725   0.44400165  -1.19941780  -0.30883696   1.92092521   0.79755659   0.40432612   1.70129571  -1.51320599
  0.67248682   0.44026013  -1.20179882  -0.31000125   1.92501878   0.79784107   0.40301512   1.69529777  -1.50905299
  0.66908123   0.43696364  -1.20386283  -0.31122593   1.92894114   0.79792138   0.40180638   1.68969345  -1.50558117
  0.66495529   0.43337972  -1.20630704  -0.31251653   1.93337733   0.79810341   0.40049749   1.68358709  -1.50095349
  0.66121922   0.43017455  -1.20842856  -0.31390291   1.93775197   0.79806069   0.39933437   1.67773934  -1.49686972
  0.65746234   0.42715679  -1.21050234  -0.31531766   1.94211668   0.79798133   0.39823736   1.67209691  -1.49268864
  0.65395596   0.42434954  -1.21240136  -0.31669387   1.94621413   0.79786445   0.39723758   1.66681395  -1.48885695
  0.65010428   0.42150107  -1.21444948  -0.31810353   1.95042689   0.79775007   0.39628394   1.66140861  -1.48446399
  0.64621483   0.41887258  -1.21645077  -0.31981597   1.95544806   0.79736901   0.39518250   1.65559337  -1.47995021
  0.64246600   0.41661426  -1.21825836  -0.32155757   1.96022513   0.79686840   0.39431690   1.65023642  -1.47555864
  0.63874114   0.41452654  -1.21999526  -0.32333113   1.96497788   0.79632231   0.39353073   1.64507473  -1.47113076
  0.63497910   0.41261231  -1.22172444  -0.32514478   1.96973447   0.79571936   0.39278017   1.64004927  -1.46661676
  0.63131290   0.41086530  -1.22332282  -0.32705322   1.97460876   0.79498908   0.39210778   1.63506331  -1.46217042
  0.62761793   0.40930460  -1.22489825  -0.32899756   1.97944343   0.79419991   0.39150507   1.63025460  -1.45763476
  0.62392422   0.40793356  -1.22641647  -0.33102807   1.98438024   0.79330835   0.39095753   1.62552712  -1.45303598
  0.62024821   0.40676980  -1.22786216  -0.33313577   1.98937083   0.79231762   0.39048925   1.62093410  -1.44839341
  0.61659711   0.40580339  -1.22923607  -0.33530972   1.99439195   0.79123983   0.39009915   1.61648942  -1.44371940
  0.61297448   0.40500727  -1.23054077  -0.33753057   1.99940525   0.79009630   0.38979079   1.61220524  -1.43902033
  0.60926901   0.40437704  -1.23187096  -0.33977682   2.00438477   0.78892523   0.38952531   1.60809851  -1.43415248
  0.60491240   0.40766183  -1.23221314  -0.34443537   2.01302616   0.78519140   0.39043736   1.60440803  -1.42724519
  0.60172168   0.40644058  -1.23350177  -0.34605468   2.01668272   0.78458981   0.39011743   1.60084827  -1.42329959
  0.59827980   0.40547806  -1.23480875  -0.34797308   2.02094912   0.78369487   0.38983885   1.59697962  -1.41887358
  0.59403696   0.40810045  -1.23531473  -0.35216121   2.02876355   0.78044111   0.39059183   1.59337545  -1.41222957
  0.59098120   0.40728524  -1.23646311  -0.35380116   2.03215150   0.77973591   0.39044210   1.59032421  -1.40841591
  0.58684200   0.40969079  -1.23697569  -0.35777334   2.03949755   0.77667421   0.39120206   1.58688661  -1.40195156
  0.58381169   0.40908686  -1.23809472  -0.35941895   2.04277431   0.77593198   0.39110183   1.58408668  -1.39813457
  0.57961338   0.41383809  -1.23786504  -0.36454644   2.05147804   0.77156398   0.39267539   1.58157126  -1.39100213
  0.57672652   0.41269519  -1.23909508  -0.36581762   2.05417746   0.77123766   0.39242301   1.57884471  -1.38747385
  0.57243040   0.41649581  -1.23926626  -0.37030989   2.06181720   0.76754230   0.39371671   1.57628534  -1.38052134
  0.56987261   0.41588606  -1.24018689  -0.37182932   2.06488329   0.76685574   0.39355216   1.57365489  -1.37735546
  0.56541605   0.42087125  -1.23996715  -0.37673894   2.07271639   0.76259822   0.39550404   1.57188033  -1.36981962
  0.56253768   0.42021882  -1.24114351  -0.37800272   2.07512763   0.76215092   0.39542511   1.56965474  -1.36618153
  0.55828010   0.42654832  -1.24046183  -0.38367122   2.08424971   0.75707852   0.39744861   1.56803028  -1.35878783
  0.55527500   0.42623941  -1.24148678  -0.38504477   2.08659880   0.75653127   0.39769486   1.56623077  -1.35480823
  0.55113256   0.43196004  -1.24084163  -0.39007489   2.09439510   0.75203502   0.39984766   1.56508369  -1.34770109
  0.54881886   0.43121022  -1.24134344  -0.39189776   2.09439510   0.75247034   0.39909495   1.56374080  -1.34385366
  0.55080548   0.44137961  -1.22799529  -0.41795946   2.09387024   0.75012682   0.38815153   1.55785726  -1.32769679
  0.54793454   0.44090973  -1.22909391  -0.41881139   2.09439510   0.75026694   0.38832522   1.55716892  -1.32387505
  0.54856799   0.45036260  -1.21739867  -0.44124009   2.09439510   0.74812193   0.37931639   1.55248658  -1.30881659
  0.54609731   0.45009021  -1.21828716  -0.44214666   2.09439510   0.74840255   0.37924333   1.55218901  -1.30550661
  0.54769760   0.46193811  -1.20372247  -0.46782069   2.09439510   0.74568591   0.36883527   1.54727606  -1.28977863
  0.54486987   0.46165847  -1.20456738  -0.46888894   2.09439510   0.74605630   0.36886386   1.54710237  -1.28580401
  0.54190041   0.46210437  -1.20470445  -0.47104823   2.09439510   0.74592478   0.36879893   1.54643371  -1.28067697
  0.54417507   0.48178903  -1.18171348  -0.50875648   2.09439510   0.74211417   0.35283303   1.54128592  -1.25790148
  0.54201764   0.48136441  -1.18233068  -0.50959871   2.09439510   0.74215852   0.35289314   1.54056655  -1.25508846
  0.54229168   0.49693602  -1.16371864  -0.53824647   2.09439510   0.73974697   0.33998462   1.53694212  -1.23679435
  0.53991343   0.49668087  -1.16448346  -0.53895160   2.09439510   0.73980323   0.34009609   1.53647179  -1.23372264
  0.53962667   0.51337026  -1.14325115  -0.56926757   2.09439510   0.73769523   0.32535544   1.53224958  -1.21430170
  0.53685090   0.51337386  -1.14413638  -0.56981137   2.09439510   0.73773546   0.32575859   1.53226986  -1.21072562
  0.53592855   0.53119631  -1.12058955  -0.60036434   2.09439510   0.73580223   0.30971766   1.52799520  -1.19152224
  0.53321963   0.53143736  -1.12131182  -0.60084538   2.09439510   0.73574209   0.31029550   1.52830431  -1.18806408
  0.53012051   0.53365108  -1.12084505  -0.60219811   2.09439510   0.73489193   0.31137663   1.52973015  -1.18371767
  0.52904219   0.56096074  -1.07891633  -0.65047152   2.09439510   0.73423959   0.28066184   1.52060878  -1.15573811
  0.52610580   0.56189225  -1.07952933  -0.65082703   2.09439510   0.73384248   0.28164772   1.52153142  -1.15215661
  0.52309560   0.56560610  -1.07829953  -0.65197534   2.09439510   0.73244151   0.28349728   1.52452717  -1.14832469
  0.51717874   0.59422788  -1.02675218  -0.69978850   2.09439510   0.73393951   0.24507773   1.51347536  -1.11935028
  0.51460659   0.59541151  -1.02712617  -0.70009950   2.09439510   0.73338383   0.24600141   1.51444814  -1.11637906
  0.51083904   0.59952400  -1.02567190  -0.70117885   2.09439510   0.73183461   0.24807740   1.51779141  -1.11185994
  0.50775117   0.60176123  -1.02524192  -0.70192988   2.09439510   0.73108522   0.24895669   1.51940559  -1.10814858
  0.49054593   0.63953982  -0.93934051  -0.75737717   2.09439510   0.73721983   0.18464046   1.50259545  -1.07292255
  0.48745470   0.64193145  -0.93905175  -0.75779119   2.09439510   0.73616125   0.18625868   1.50460112  -1.06942404
  0.48390328   0.64664961  -0.93713119  -0.75863676   2.09439510   0.73442000   0.18823585   1.50830988  -1.06582208
  0.48029342   0.65010010  -0.93540934  -0.75940352   2.09439510   0.73321460   0.18929107   1.51072019  -1.06191026
  0.44217397   0.68355783  -0.82743646  -0.78894440   2.09439510   0.73983677   0.10963388   1.49485441  -1.03455872
  0.43941307   0.68639569  -0.82703575  -0.78944003   2.09411617   0.73883280   0.11144084   1.49740112  -1.03160973
  0.43607286   0.69077113  -0.82570239  -0.79006326   2.09439510   0.73713248   0.11373145   1.50081843  -1.02818433
  0.43265805   0.69529998  -0.82377732  -0.79068056   2.09439510   0.73554234   0.11562825   1.50435257  -1.02493047
  0.42845298   0.70011527  -0.82088945  -0.79123651   2.09439510   0.73399428   0.11679294   1.50785607  -1.02112131
  0.37315404   0.72882166  -0.70429913  -0.78969209   2.09439510   0.73229140   0.03614518   1.49965150  -1.00580497
  0.37089598   0.73225252  -0.70370369  -0.79026978   2.09415912   0.73138010   0.03794926   1.50256603  -1.00341042
  0.36779850   0.73697035  -0.70230123  -0.79099276   2.09439510   0.72983059   0.04038338   1.50620321  -1.00016645
  0.36524935   0.74159605  -0.70063061  -0.79167566   2.09439510   0.72849838   0.04234203   1.50980903  -0.99790820
  0.31894550   0.76461717  -0.61425349  -0.77976234   2.09439510   0.72133511  -0.01256715   1.50946568  -0.99052767
  0.31678453   0.76796088  -0.61372206  -0.78043767   2.09403265   0.72057721  -0.01059036   1.51236328  -0.98806281
  0.31427909   0.77293428  -0.61238347  -0.78126729   2.09439510   0.71920932  -0.00820848   1.51606681  -0.98545624
  0.31173453   0.77753710  -0.61121650  -0.78198619   2.09439510   0.71810489  -0.00595830   1.51974304  -0.98267463
  0.30866053   0.78301701  -0.60857750  -0.78265916   2.09439510   0.71665324  -0.00407156   1.52374339  -0.98006185
  0.25974013   0.80840781  -0.51745324  -0.76636385   2.09439510   0.70689478  -0.06019124   1.52386558  -0.97581011
  0.25822210   0.81192343  -0.51698976  -0.76712609   2.09315974   0.70678078  -0.05820246   1.52751714  -0.97399819
  0.25611036   0.81760227  -0.51543519  -0.76809503   2.09439510   0.70515634  -0.05565172   1.53114338  -0.97170826
  0.25414384   0.82263894  -0.51411779  -0.76891648   2.09439510   0.70421441  -0.05339859   1.53506408  -0.96955349
  0.25185711   0.82787092  -0.51263698  -0.76970589   2.09439510   0.70325554  -0.05112652   1.53916795  -0.96707169
  0.21110237   0.85227932  -0.43525629  -0.75566471   2.09439510   0.69337917  -0.09675246   1.54100034  -0.96442892
  0.20971379   0.85634519  -0.43454539  -0.75650289   2.09373529   0.69299422  -0.09463896   1.54456782  -0.96271529
  0.20826044   0.86151993  -0.43326045  -0.75737611   2.09439510   0.69192262  -0.09246600   1.54808379  -0.96105059
  0.20649811   0.86704656  -0.43161232  -0.75826228   2.09439510   0.69104673  -0.09013994   1.55229397  -0.95909745
  0.20455980   0.87247786  -0.42957060  -0.75896210   2.09439510   0.69017220  -0.08829454   1.55631798  -0.95723202
  0.20305635   0.87773512  -0.42777552  -0.75973463   2.09439510   0.68932978  -0.08624459   1.56022877  -0.95569419
  0.16424496   0.90315772  -0.35189101  -0.74515767   2.09439510   0.67895257  -0.13041647   1.56219476  -0.95488038
  0.16327153   0.90712487  -0.35133918  -0.74594106   2.09326288   0.67902524  -0.12849446   1.56602867  -0.95359869
  0.16220668   0.91303968  -0.34977765  -0.74689727   2.09439008   0.67787737  -0.12606419   1.56986344  -0.95212015
  0.16122640   0.91821378  -0.34833602  -0.74774118   2.09439510   0.67720720  -0.12393323   1.57370149  -0.95089069
  0.16045129   0.92315770  -0.34701216  -0.74853359   2.09435117   0.67663185  -0.12202286   1.57736844  -0.94999924
  0.15958638   0.92862709  -0.34555076  -0.74935221   2.09439510   0.67601849  -0.11970379   1.58155632  -0.94869146
  0.15880803   0.93407557  -0.34382156  -0.75020747   2.09439510   0.67527704  -0.11741614   1.58554053  -0.94768007
  0.15773127   0.93968938  -0.34156526  -0.75078435   2.09439510   0.67459198  -0.11594903   1.58952835  -0.94683911
  0.15724292   0.94530311  -0.34004139  -0.75146112   2.09439510   0.67406454  -0.11358731   1.59392510  -0.94565689
  0.12582066   0.96844489  -0.27519399  -0.73935849   2.09439510   0.66495154  -0.15135609   1.59634561  -0.94679960
  0.12583669   0.97211112  -0.27466045  -0.73995756   2.09226967   0.66544001  -0.14950848   1.60031784  -0.94624176
  0.12561136   0.97652465  -0.27375378  -0.74073338   2.09191275   0.66517000  -0.14780217   1.60369274  -0.94595500
  0.12556683   0.98406055  -0.27113269  -0.74171380   2.09439510   0.66344874  -0.14520496   1.60773868  -0.94551574
  0.12545420   0.98792772  -0.27034980  -0.74229967   2.09372510   0.66337822  -0.14370935   1.61093664  -0.94520434
  0.12585034   0.99306230  -0.26895125  -0.74308825   2.09284454   0.66332390  -0.14152360   1.61531140  -0.94526013
  0.12648302   0.99765427  -0.26798867  -0.74378409   2.09078191   0.66396056  -0.13954800   1.62013686  -0.94556679
  0.12681436   1.00148820  -0.26705011  -0.74438761   2.08942619   0.66412739  -0.13779510   1.62372574  -0.94557899
  0.12694825   1.01039666  -0.26353484  -0.74525638   2.09439510   0.66120006  -0.13533363   1.62702635  -0.94549548
  0.12729958   1.01399859  -0.26274087  -0.74574781   2.09308449   0.66139731  -0.13381759   1.63038845  -0.94553032
  0.12827843   1.01868090  -0.26145458  -0.74646217   2.09143214   0.66176269  -0.13189266   1.63485596  -0.94639264
  0.12894689   1.02266613  -0.26064273  -0.74694202   2.08988465   0.66220002  -0.13042785   1.63877420  -0.94680467
  0.12994016   1.02701219  -0.25929304  -0.74759526   2.08841015   0.66236849  -0.12855616   1.64273086  -0.94763196
  0.13096732   1.03135899  -0.25804129  -0.74818337   2.08694559   0.66262604  -0.12682858   1.64675473  -0.94849269
  0.13186883   1.03513089  -0.25711704  -0.74866181   2.08518501   0.66306231  -0.12532511   1.65053736  -0.94915751
  0.13320906   1.03936799  -0.25584885  -0.74923580   2.08341561   0.66347411  -0.12365943   1.65465985  -0.95038955
  0.13423897   1.04294974  -0.25497675  -0.74967282   2.08150712   0.66398747  -0.12225617   1.65837411  -0.95119716
  0.13553191   1.04659403  -0.25397711  -0.75016277   2.07939090   0.66456226  -0.12078083   1.66223465  -0.95234958
  0.13711198   1.05039009  -0.25288787  -0.75064036   2.07719626   0.66522658  -0.11933090   1.66631263  -0.95381141
  0.13867879   1.05395868  -0.25185578  -0.75112569   2.07480832   0.66594103  -0.11788529   1.67030086  -0.95527930
  0.13996480   1.05708644  -0.25117984  -0.75147531   2.07251261   0.66668968  -0.11674596   1.67391449  -0.95638191
  0.14182135   1.06033420  -0.25017029  -0.75195599   2.06967311   0.66758846  -0.11533877   1.67791712  -0.95816269
  0.14324031   1.06309400  -0.24946348  -0.75232024   2.06704849   0.66836441  -0.11414320   1.68134397  -0.95938849
  0.14549099   1.06630858  -0.24867055  -0.75273311   2.06378521   0.66970430  -0.11304591   1.68580142  -0.96166454
  0.14693909   1.06873232  -0.24810913  -0.75306651   2.06097953   0.67055837  -0.11198755   1.68904927  -0.96294236
  0.14885285   1.07131400  -0.24738575  -0.75344819   2.05780761   0.67162430  -0.11086171   1.69272696  -0.96476187
  0.15138356   1.07381996  -0.24682028  -0.75380317   2.05387190   0.67330170  -0.10995988   1.69710025  -0.96729566
  0.15330604   1.07569042  -0.24640367  -0.75413874   2.05015994   0.67460263  -0.10901560   1.70054465  -0.96910584
  0.15554165   1.07763357  -0.24599196  -0.75446444   2.04624143   0.67611121  -0.10816845   1.70429179  -0.97128168
  0.15780496   1.07937123  -0.24564907  -0.75477973   2.04220200   0.67766917  -0.10738147   1.70794769  -0.97349092
  0.16006264   1.08091778  -0.24540990  -0.75506560   2.03809400   0.67927415  -0.10669335   1.71150349  -0.97568819
  0.16260409   1.08238558  -0.24507876  -0.75539319   2.03368511   0.68099974  -0.10595729   1.71520309  -0.97822324
  0.16454347   1.08395418  -0.24491103  -0.75560551   2.03022564   0.68230626  -0.10543273   1.71830782  -0.98007090
  0.16740453   1.08023394  -0.24731933  -0.75577997   2.01961736   0.68706351  -0.10570439   1.72219034  -0.98280778
  0.17002315   1.08242228  -0.24659292  -0.75607828   2.01651713   0.68820408  -0.10508395   1.72557215  -0.98549382
  0.17233408   1.08417923  -0.24602382  -0.75629516   2.01321321   0.68946805  -0.10438881   1.72889100  -0.98762178
  0.17497098   1.08560737  -0.24559676  -0.75654581   2.00938024   0.69095837  -0.10385871   1.73222118  -0.99022242
  0.17832919   1.08245991  -0.24761823  -0.75677897   1.99972984   0.69525164  -0.10438036   1.73580281  -0.99379189
  0.18114015   1.08463692  -0.24668955  -0.75714270   1.99720385   0.69595741  -0.10392057   1.73851054  -0.99691631
  0.18383102   1.08270219  -0.24819105  -0.75719768   1.98955271   0.69954666  -0.10419908   1.74214216  -0.99939335
  0.18644850   1.08396849  -0.24761704  -0.75741412   1.98631013   0.70067730  -0.10376586   1.74486201  -1.00196399
  0.18921561   1.08514945  -0.24715598  -0.75763116   1.98283626   0.70203519  -0.10345876   1.74779100  -1.00475015
  0.19209755   1.08133884  -0.24931589  -0.75776177   1.97335222   0.70617973  -0.10398097   1.75082451  -1.00758637
  0.19532654   1.08291723  -0.24872275  -0.75795633   1.97062653   0.70736631  -0.10409783   1.75360410  -1.01108840
  0.19870041   1.07954960  -0.25050851  -0.75816751   1.96159497   0.71127797  -0.10469038   1.75661862  -1.01465970
  0.20119820   1.08052298  -0.25002001  -0.75825394   1.95898100   0.71222398  -0.10456043   1.75878277  -1.01702257
  0.20442754   1.07711109  -0.25171402  -0.75841492   1.95033979   0.71602303  -0.10513063   1.76166203  -1.02034927
  0.20780284   1.07772031  -0.25132969  -0.75859965   1.94700561   0.71745127  -0.10540295   1.76408653  -1.02398682
  0.21071571   1.07389601  -0.25325564  -0.75865313   1.93852156   0.72119004  -0.10613559   1.76655018  -1.02688170
  0.21414551   1.07434535  -0.25287516  -0.75884097   1.93530387   0.72253954  -0.10651885   1.76871043  -1.03062997
  0.21764592   1.06995802  -0.25505948  -0.75889353   1.92626723   0.72671172  -0.10773132   1.77120745  -1.03437823
  0.22052124   1.07044787  -0.25457191  -0.75902654   1.92371612   0.72765170  -0.10792774   1.77290785  -1.03736040
  0.22395507   1.06492238  -0.25719133  -0.75906019   1.91368426   0.73215392  -0.10928642   1.77504733  -1.04105433
  0.22704104   1.06493299  -0.25690146  -0.75914421   1.91086863   0.73337476  -0.10976433   1.77670714  -1.04429357
  0.23055185   1.05966014  -0.25929459  -0.75917542   1.90150449   0.73759268  -0.11120701   1.77859516  -1.04815616
  0.23331247   1.05960613  -0.25898580  -0.75918815   1.89920090   0.73857198  -0.11167702   1.77987239  -1.05093786
  0.23742254   1.05416697  -0.26135391  -0.75925832   1.88980989   0.74298122  -0.11350465   1.78175984  -1.05572217
  0.24031088   1.05327296  -0.26131638  -0.75928412   1.88677480   0.74425492  -0.11413932   1.78281082  -1.05871602
  0.24399110   1.04684785  -0.26415408  -0.75922658   1.87683247   0.74883095  -0.11610066   1.78421264  -1.06291681
  0.24693328   1.04569361  -0.26416564  -0.75921943   1.87398832   0.75018750  -0.11693246   1.78510976  -1.06603133
  0.25063705   1.03910606  -0.26696620  -0.75913746   1.86427104   0.75463508  -0.11902055   1.78616020  -1.07032615
  0.25359159   1.03769985  -0.26704225  -0.75909428   1.86152640   0.75598764  -0.12001082   1.78679866  -1.07348263
  0.25746160   1.03095240  -0.26979297  -0.75898879   1.85211272   0.76043306  -0.12233262   1.78762640  -1.07809303
  0.26033399   1.02909497  -0.26997772  -0.75892858   1.84919417   0.76179989  -0.12338107   1.78794156  -1.08116807
  0.26406644   1.02138050  -0.27320442  -0.75869565   1.83915523   0.76663862  -0.12602354   1.78852905  -1.08566349
  0.26697919   1.01944762  -0.27333074  -0.75862857   1.83647462   0.76790068  -0.12716410   1.78858277  -1.08882584
  0.27071632   1.01136239  -0.27659435  -0.75836117   1.82642140   0.77275617  -0.12994571   1.78886781  -1.09341482
  0.27364442   1.00915887  -0.27674831  -0.75828155   1.82377592   0.77403063  -0.13119480   1.78868628  -1.09664628
  0.27734219   1.00085983  -0.28001649  -0.75795621   1.81383498   0.77882063  -0.13409595   1.78865620  -1.10122867
  0.28054196   0.99525173  -0.28189957  -0.75768221   1.80741120   0.78197330  -0.13631327   1.78840165  -1.10502540
  0.28339760   0.98974346  -0.28355679  -0.75742355   1.80151109   0.78485017  -0.13826836   1.78792835  -1.10839018
  0.28707730   0.98395223  -0.28550519  -0.75713157   1.79502450   0.78818622  -0.14094458   1.78755593  -1.11294596
  0.29025600   0.97872421  -0.28690415  -0.75690759   1.78971036   0.79088411  -0.14309716   1.78687922  -1.11683801
  0.29356907   0.97199513  -0.28918837  -0.75651119   1.78251550   0.79444689  -0.14577744   1.78619197  -1.12093247
  0.29630393   0.96595356  -0.29105472  -0.75609034   1.77681480   0.79728814  -0.14814775   1.78503736  -1.12426234
  0.29953739   0.95991860  -0.29274569  -0.75578106   1.77057290   0.80037088  -0.15048080   1.78426936  -1.12823668
  0.30295096   0.95317853  -0.29498002  -0.75531246   1.76374827   0.80395500  -0.15345158   1.78341281  -1.13260432
  0.30623781   0.94713024  -0.29656607  -0.75498623   1.75816037   0.80686716  -0.15605020   1.78218732  -1.13684147
  0.30915708   0.94396071  -0.29683401  -0.75474510   1.75590878   0.80810523  -0.15790142   1.78086463  -1.14023911
  0.31211347   0.93414956  -0.30025056  -0.75405100   1.74629236   0.81287041  -0.16126809   1.77939939  -1.14429491
  0.31555295   0.92776316  -0.30210853  -0.75356222   1.74030019   0.81608399  -0.16429329   1.77814160  -1.14876976
  0.31861731   0.92194832  -0.30340591  -0.75319865   1.73554949   0.81863968  -0.16686375   1.77649560  -1.15280011
  0.32170304   0.91478332  -0.30552099  -0.75258948   1.72897372   0.82199219  -0.16987984   1.77490143  -1.15682199
  0.32464463   0.90809694  -0.30728111  -0.75207594   1.72335141   0.82505137  -0.17274488   1.77323206  -1.16081291
  0.32726314   0.90156502  -0.30888447  -0.75151215   1.71804855   0.82779132  -0.17533550   1.77135018  -1.16420964
  0.33038930   0.89456172  -0.31089896  -0.75084885   1.71188349   0.83113522  -0.17855983   1.76968496  -1.16844173
  0.33345110   0.88798083  -0.31239033  -0.75034488   1.70667434   0.83395860  -0.18149480   1.76762947  -1.17265096
  0.33599786   0.88151697  -0.31388334  -0.74973717   1.70170073   0.83657391  -0.18415972   1.76551741  -1.17603218
  0.33915602   0.87775385  -0.31407459  -0.74943705   1.69964026   0.83792768  -0.18655899   1.76347373  -1.18006224
  0.34205476   0.86814265  -0.31712540  -0.74846645   1.69104267   0.84245495  -0.19045278   1.76135429  -1.18442771
  0.34467113   0.86127988  -0.31869670  -0.74781741   1.68571380   0.84531537  -0.19331895   1.75916903  -1.18808124
  0.34717191   0.85477029  -0.32012393  -0.74713501   1.68095646   0.84790308  -0.19615150   1.75682289  -1.19152825
  0.34993435   0.84784892  -0.32176962  -0.74639345   1.67556744   0.85087227  -0.19931164   1.75455707  -1.19543194
  0.35251833   0.84170489  -0.32292834  -0.74579554   1.67128030   0.85329526  -0.20211174   1.75217666  -1.19909946
  0.35532296   0.83808016  -0.32300089  -0.74543079   1.66968847   0.85450613  -0.20445731   1.74996859  -1.20273489
  0.35774679   0.82855658  -0.32567020  -0.74436799   1.66168689   0.85863507  -0.20813806   1.74731731  -1.20658611
  0.36032177   0.82206937  -0.32701919  -0.74361785   1.65696562   0.86129898  -0.21118241   1.74490054  -1.21028601
  0.36277264   0.81604559  -0.32805874  -0.74297374   1.65292200   0.86361832  -0.21398670   1.74239193  -1.21384093
  0.36527636   0.80953990  -0.32937244  -0.74219021   1.64823506   0.86625175  -0.21704177   1.73988525  -1.21747971
  0.36764752   0.80360856  -0.33034946  -0.74153077   1.64433277   0.86851285  -0.21983164   1.73733621  -1.22096545
  0.36997971   0.79852580  -0.33099200  -0.74088663   1.64154771   0.87023927  -0.22250435   1.73463542  -1.22421798
  0.37262914   0.79164821  -0.33237240  -0.74014277   1.63616983   0.87326122  -0.22568510   1.73231992  -1.22834068
  0.37485322   0.78800398  -0.33237773  -0.73968393   1.63483307   0.87423674  -0.22781654   1.72980538  -1.23120206
  0.37712393   0.77991116  -0.33430939  -0.73867237   1.62843748   0.87773947  -0.23131418   1.72718277  -1.23503061
  0.37923147   0.77643813  -0.33427989  -0.73820232   1.62721564   0.87864503  -0.23336766   1.72472580  -1.23771326
  0.38141109   0.76854268  -0.33609418  -0.73720384   1.62096947   0.88204403  -0.23676149   1.72212487  -1.24144664
  0.38344345   0.76521020  -0.33599226  -0.73676142   1.61993618   0.88287314  -0.23876181   1.71965658  -1.24407647
  0.38551464   0.75770187  -0.33764272  -0.73578380   1.61407235   0.88607105  -0.24202358   1.71708494  -1.24764882
  0.38746267   0.75451616  -0.33750246  -0.73535427   1.61314617   0.88684449  -0.24396079   1.71466099  -1.25018388
  0.38944486   0.75020051  -0.33779329  -0.73479487   1.61098165   0.88822386  -0.24625769   1.71212611  -1.25304035
  0.39132470   0.74255140  -0.33956065  -0.73375239   1.60478724   0.89158340  -0.24953330   1.70967935  -1.25650428
  0.39309439   0.73952732  -0.33942137  -0.73332663   1.60384565   0.89232293  -0.25132785   1.70740701  -1.25879967
  0.39490727   0.73387828  -0.34024459  -0.73262805   1.60000595   0.89446864  -0.25388938   1.70490744  -1.26183019
  0.39676762   0.73127493  -0.33998873  -0.73226348   1.59940063   0.89510048  -0.25568744   1.70273634  -1.26427811
  0.39831461   0.72460212  -0.34139958  -0.73129218   1.59423058   0.89790097  -0.25854661   1.70037724  -1.26716212
  0.39973458   0.72225732  -0.34127768  -0.73082952   1.59352037   0.89845987  -0.26002057   1.69857881  -1.26880247
  0.40146900   0.71847622  -0.34140753  -0.73040918   1.59168796   0.89969736  -0.26207488   1.69627763  -1.27155802
  0.40300431   0.71317278  -0.34233254  -0.72962628   1.58782752   0.90186063  -0.26456248   1.69411956  -1.27425451
  0.40427163   0.71069133  -0.34227120  -0.72921803   1.58685113   0.90252270  -0.26594132   1.69241320  -1.27586286
  0.40578330   0.70704526  -0.34250697  -0.72873812   1.58479583   0.90376236  -0.26783775   1.69035650  -1.27822235
  0.40713106   0.70343990  -0.34283766  -0.72822408   1.58259880   0.90505555  -0.26964983   1.68849316  -1.28035700
  0.40838210   0.69853161  -0.34373619  -0.72750670   1.57878854   0.90713946  -0.27183826   1.68668486  -1.28272587
  0.40957415   0.69632756  -0.34364605  -0.72715972   1.57793475   0.90774495  -0.27313454   1.68511731  -1.28431690
  0.41076775   0.69366728  -0.34372318  -0.72675249   1.57662008   0.90859339  -0.27461022   1.68346893  -1.28607039
  0.41181886   0.69137039  -0.34376170  -0.72634633   1.57552476   0.90928837  -0.27588288   1.68201726  -1.28747683
  0.41300401   0.68838877  -0.34394256  -0.72598127   1.57380379   0.91036662  -0.27744065   1.68038991  -1.28949214
  0.41391759   0.68604679  -0.34407118  -0.72555997   1.57245945   0.91109613  -0.27861862   1.67904062  -1.29070813
  0.41514962   0.68385448  -0.34406651  -0.72527594   1.57155625   0.91189535  -0.28012021   1.67756375  -1.29274906
  0.41586856   0.68029589  -0.34459144  -0.72477315   1.56890265   0.91325237  -0.28148086   1.67616076  -1.29413677
  0.41664792   0.67845852  -0.34461406  -0.72448156   1.56798365   0.91387227  -0.28244650   1.67511309  -1.29527612
  0.41771030   0.67582787  -0.34482202  -0.72408724   1.56624839   0.91480786  -0.28384353   1.67366590  -1.29695397
  0.41867940   0.67426519  -0.34472403  -0.72386326   1.56561350   0.91529974  -0.28488394   1.67252634  -1.29836446
  0.41914169   0.67214113  -0.34499329  -0.72343415   1.56420120   0.91601658  -0.28576070   1.67155730  -1.29899894
  0.42008323   0.67059755  -0.34493814  -0.72325302   1.56357267   0.91658616  -0.28685735   1.67047604  -1.30057106
  0.42087165   0.66872385  -0.34497147  -0.72298338   1.56253765   0.91718251  -0.28783396   1.66933700  -1.30176651
  0.42183028   0.66732226  -0.34473079  -0.72297814   1.56195188   0.91757344  -0.28864932   1.66822117  -1.30332443
  0.42213992   0.66716398  -0.34460971  -0.72269026   1.56197047   0.91765810  -0.28879369   1.66828772  -1.30313903
  0.42268587   0.66403079  -0.34513932  -0.72226973   1.55991935   0.91876324  -0.29025443   1.66665102  -1.30461168
  0.42268587   0.66403079  -0.34513932  -0.72226973   1.55991935   0.91876324  -0.29025443   1.66665102  -1.30461168
  0.42415023   0.66261752  -0.34466466  -0.72216570   1.55959064   0.91909983  -0.29135347   1.66526874  -1.30655021
  0.42415023   0.66261752  -0.34466466  -0.72216570   1.55959064   0.91909983  -0.29135347   1.66526874  -1.30655021
  0.42471915   0.65878952  -0.34540842  -0.72139568   1.55685170   0.92057254  -0.29305194   1.66368110  -1.30777605
  0.42471915   0.65878952  -0.34540842  -0.72139568   1.55685170   0.92057254  -0.29305194   1.66368110  -1.30777605
  0.42604730   0.65737478  -0.34496293  -0.72147956   1.55645666   0.92096286  -0.29406659   1.66233330  -1.30993374
  0.42565700   0.65596374  -0.34549348  -0.72108529   1.55551237   0.92144030  -0.29451979   1.66183350  -1.30961251
  0.42658571   0.65529172  -0.34532894  -0.72099384   1.55488705   0.92181219  -0.29512955   1.66146984  -1.31077708
  0.42677719   0.65510080  -0.34516490  -0.72085148   1.55491151   0.92188057  -0.29512143   1.66152716  -1.31063785
  0.42677719   0.65510080  -0.34516490  -0.72085148   1.55491151   0.92188057  -0.29512143   1.66152716  -1.31063785
  0.42686954   0.65327330  -0.34553802  -0.72059187   1.55382403   0.92247744  -0.29593755   1.66052051  -1.31129002
  0.42686954   0.65327330  -0.34553802  -0.72059187   1.55382403   0.92247744  -0.29593755   1.66052051  -1.31129002
  0.42798525   0.65238070  -0.34514710  -0.72057918   1.55343149   0.92261876  -0.29660534   1.65953376  -1.31266874
  0.42798525   0.65238070  -0.34514710  -0.72057918   1.55343149   0.92261876  -0.29660534   1.65953376  -1.31266874
  0.42808009   0.65218988  -0.34509147  -0.72042024   1.55357176   0.92280724  -0.29674155   1.65965680  -1.31264708
  0.42808009   0.65218988  -0.34509147  -0.72042024   1.55357176   0.92280724  -0.29674155   1.65965680  -1.31264708
  0.42808009   0.65218988  -0.34509147  -0.72042024   1.55357176   0.92280724  -0.29674155   1.65965680  -1.31264708
  0.42808009   0.65218988  -0.34509147  -0.72042024   1.55357176   0.92280724  -0.29674155   1.65965680  -1.31264708
  0.42912879   0.65053343  -0.34495298  -0.72026854   1.55306623   0.92309526  -0.29799925   1.65788114  -1.31439137
  0.42912879   0.65053343  -0.34495298  -0.72026854   1.55306623   0.92309526  -0.29799925   1.65788114  -1.31439137
  0.42912879   0.65053343  -0.34495298  -0.72026854   1.55306623   0.92309526  -0.29799925   1.65788114  -1.31439137
  0.42912879   0.65053343  -0.34495298  -0.72026854   1.55306623   0.92309526  -0.29799925   1.65788114  -1.31439137
  0.42925487   0.65031976  -0.34483159  -0.72013517   1.55311328   0.92322716  -0.29801819   1.65798789  -1.31428879
  0.42925487   0.65031976  -0.34483159  -0.72013517   1.55311328   0.92322716  -0.29801819   1.65798789  -1.31428879
  0.42925487   0.65031976  -0.34483159  -0.72013517   1.55311328   0.92322716  -0.29801819   1.65798789  -1.31428879
  0.42925487   0.65031976  -0.34483159  -0.72013517   1.55311328   0.92322716  -0.29801819   1.65798789  -1.31428879
  0.42925487   0.65031976  -0.34483159  -0.72013517   1.55311328   0.92322716  -0.29801819   1.65798789  -1.31428879
  0.42925487   0.65031976  -0.34483159  -0.72013517   1.55311328   0.92322716  -0.29801819   1.65798789  -1.31428879
  0.42925487   0.65031976  -0.34483159  -0.72013517   1.55311328   0.92322716  -0.29801819   1.65798789  -1.31428879
  0.42925487   0.65031976  -0.34483159  -0.72013517   1.55311328   0.92322716  -0.29801819   1.65798789  -1.31428879
  0.42925487   0.65031976  -0.34483159  -0.72013517   1.55311328   0.92322716  -0.29801819   1.65798789  -1.31428879
  0.42925487   0.65031976  -0.34483159  -0.72013517   1.55311328   0.92322716  -0.29801819   1.65798789  -1.31428879
  0.42925487   0.65031976  -0.34483159  -0.72013517   1.55311328   0.92322716  -0.29801819   1.65798789  -1.31428879
  0.42925487   0.65031976  -0.34483159  -0.72013517   1.55311328   0.92322716  -0.29801819   1.65798789  -1.31428879
