  0.74358088   0.46159785  -1.17336563  -0.31175400   1.87211824   0.73031905   0.40424693   1.80723765  -1.54474900
  0.74358088   0.46159785  -1.17336563  -0.31175400   1.87211824   0.73031905   0.40424693   1.80723765  -1.54474900
  0.74358088   0.46159785  -1.17336563  -0.31175400   1.87211824   0.73031905   0.40424693   1.80723765  -1.54474900
  0.74358088   0.46159785  -1.17336563  -0.31175400   1.87211824   0.73031905   0.40424693   1.80723765  -1.54474900
  0.74358088   0.46159785  -1.17336563  -0.31175400   1.87211824   0.73031905   0.40424693   1.80723765  -1.54474900
  0.74358088   0.46159785  -1.17336563  -0.31175400   1.87211824   0.73031905   0.40424693   1.80723765  -1.54474900
  0.74358088   0.46159785  -1.17336563  -0.31175400   1.87211824   0.73031905   0.40424693   1.80723765  -1.54474900
  0.74358088   0.46159785  -1.17336563  -0.31175400   1.87211824   0.73031905   0.40424693   1.80723765  -1.54474900
  0.74358088   0.46159785  -1.17336563  -0.31175400   1.87211824   0.73031905   0.40424693   1.80723765  -1.54474900
  0.74358088   0.46159785  -1.17336563  -0.31175400   1.87211824   0.73031905   0.40424693   1.80723765  -1.54474900
  0.74358088   0.46159785  -1.17336563  -0.31175400   1.87211824   0.73031905   0.40424693   1.80723765  -1.54474900
  0.74358088   0.46159785  -1.17336563  -0.31175400   1.87211824   0.73031905   0.40424693   1.80723765  -1.54474900
  0.74358088   0.46159785  -1.17336563  -0.31175400   1.87211824   0.73031905   0.40424693   1.80723765  -1.54474900
  0.74358088   0.46159785  -1.17336563  -0.31175400   1.87211824   0.73031905   0.40424693   1.80723765  -1.54474900
  0.74358088   0.46159785  -1.17336563  -0.31175400   1.87211824   0.73031905   0.40424693   1.80723765  -1.54474900
  0.74358088   0.46159785  -1.17336563  -0.31175400   1.87211824   0.73031905   0.40424693   1.80723765  -1.54474900
  0.74358088   0.46159785  -1.17336563  -0.31175400   1.87211824   0.73031905   0.40424693   1.80723765  -1.54474900
  0.74358088   0.46159785  -1.17336563  -0.31175400   1.87211824   0.73031905   0.40424693   1.80723765  -1.54474900
  0.74434809   0.46137643  -1.17319998  -0.31177641   1.87288131   0.73011266   0.40372997   1.80623094  -1.54564671
  0.74418059   0.46115259  -1.17314771  -0.31198785   1.87301652   0.73023746   0.40381944   1.80635839  -1.54576926
  0.74429223   0.46129593  -1.17325406  -0.31182242   1.87293142   0.73013600   0.40367519   1.80617454  -1.54570391
  0.74429223   0.46129593  -1.17325406  -0.31182242   1.87293142   0.73013600   0.40367519   1.80617454  -1.54570391
  0.74433022   0.46115458  -1.17315415  -0.31186577   1.87306219   0.73023498   0.40370791   1.80622364  -1.54573087
  0.74479438   0.46073062  -1.17311443  -0.31191705   1.87343931   0.73009761   0.40335887   1.80532980  -1.54655198
  0.74479438   0.46073062  -1.17311443  -0.31191705   1.87343931   0.73009761   0.40335887   1.80532980  -1.54655198
  0.74479438   0.46073062  -1.17311443  -0.31191705   1.87343931   0.73009761   0.40335887   1.80532980  -1.54655198
  0.74547209   0.45858192  -1.17360333  -0.31158544   1.87384951   0.73064301   0.40209684   1.80334371  -1.54787158
  0.74547209   0.45858192  -1.17360333  -0.31158544   1.87384951   0.73064301   0.40209684   1.80334371  -1.54787158
  0.74547209   0.45858192  -1.17360333  -0.31158544   1.87384951   0.73064301   0.40209684   1.80334371  -1.54787158
  0.74661199   0.45784004  -1.17335677  -0.31140210   1.87408345   0.73065209   0.40153394   1.80236479  -1.54938122
  0.74653970   0.45762404  -1.17335179  -0.31150677   1.87421580   0.73082348   0.40148738   1.80248196  -1.54948577
  0.74653970   0.45762404  -1.17335179  -0.31150677   1.87421580   0.73082348   0.40148738   1.80248196  -1.54948577
  0.74802142   0.44992786  -1.17563274  -0.30883131   1.87060169   0.73382604   0.39830955   1.79889773  -1.55276837
  0.74802142   0.44992786  -1.17563274  -0.30883131   1.87060169   0.73382604   0.39830955   1.79889773  -1.55276837
  0.74936667   0.44947134  -1.17514128  -0.30891859   1.87105796   0.73373876   0.39776753   1.79821639  -1.55490876
  0.74957886   0.44940248  -1.17507316  -0.30874181   1.87115898   0.73385118   0.39766470   1.79818894  -1.55476821
  0.74957886   0.44940248  -1.17507316  -0.30874181   1.87115898   0.73385118   0.39766470   1.79818894  -1.55476821
  0.75069805   0.44593899  -1.17577234  -0.30804393   1.87101462   0.73471208   0.39590669   1.79526942  -1.55716198
  0.75069805   0.44593899  -1.17577234  -0.30804393   1.87101462   0.73471208   0.39590669   1.79526942  -1.55716198
  0.75221116   0.43874306  -1.17755618  -0.30555862   1.86790689   0.73752194   0.39307524   1.79184181  -1.56033596
  0.75221116   0.43874306  -1.17755618  -0.30555862   1.86790689   0.73752194   0.39307524   1.79184181  -1.56033596
  0.75406068   0.43855009  -1.17709653  -0.30564029   1.86868489   0.73744594   0.39190388   1.79120745  -1.56333259
  0.75421110   0.43716133  -1.17727968  -0.30536614   1.86857175   0.73774267   0.39160324   1.79002564  -1.56366517
  0.75570232   0.43083555  -1.17875081  -0.30308367   1.86557271   0.74032162   0.38905708   1.78726337  -1.56688563
  0.75570232   0.43083555  -1.17875081  -0.30308367   1.86557271   0.74032162   0.38905708   1.78726337  -1.56688563
  0.75687954   0.42937790  -1.17868466  -0.30280910   1.86613204   0.74062358   0.38799022   1.78566707  -1.56869034
  0.75814506   0.42378079  -1.17989934  -0.30087959   1.86380879   0.74272550   0.38577707   1.78274038  -1.57152995
  0.75949385   0.42348276  -1.17954440  -0.30090513   1.86435373   0.74265473   0.38494876   1.78204020  -1.57373314
  0.75998698   0.42087163  -1.18005296  -0.30023100   1.86423438   0.74345287   0.38379846   1.77996375  -1.57478607
  0.76082289   0.41903312  -1.18023124  -0.29964065   1.86385300   0.74408940   0.38288010   1.77877040  -1.57625821
  0.76246560   0.41377264  -1.18117705  -0.29779110   1.86181519   0.74605409   0.38052381   1.77587189  -1.57975187
  0.76299334   0.41220176  -1.18135595  -0.29728573   1.86158690   0.74661026   0.37981529   1.77480829  -1.58064087
  0.76423611   0.40967605  -1.18154614  -0.29663305   1.86149270   0.74732447   0.37838133   1.77270847  -1.58304829
  0.76554971   0.40689430  -1.18177428  -0.29578816   1.86109198   0.74816281   0.37691301   1.77055775  -1.58551387
  0.76688341   0.40036497  -1.18309646  -0.29333739   1.85831225   0.75083576   0.37426343   1.76733541  -1.58877541
  0.76832604   0.39999081  -1.18258532  -0.29333921   1.85896529   0.75073662   0.37351146   1.76644018  -1.59097770
  0.76906568   0.39746538  -1.18292984  -0.29270569   1.85919333   0.75144888   0.37213796   1.76410071  -1.59254466
  0.77119183   0.38967189  -1.18429159  -0.28963832   1.85569615   0.75460495   0.36871980   1.76012448  -1.59752022
  0.77219450   0.38833685  -1.18413849  -0.28932774   1.85617328   0.75486922   0.36781178   1.75855895  -1.59912584
  0.77314480   0.38595680  -1.18426071  -0.28878559   1.85651290   0.75551541   0.36645502   1.75630424  -1.60111651
  0.77515742   0.37887289  -1.18522734  -0.28612166   1.85397319   0.75817510   0.36334379   1.75202969  -1.60578987
  0.77642018   0.37765298  -1.18503327  -0.28576445   1.85444395   0.75846741   0.36218941   1.75056970  -1.60789832
  0.77832672   0.36981569  -1.18618160  -0.28267298   1.85145766   0.76151243   0.35883133   1.74594576  -1.61261716
  0.77936318   0.36838874  -1.18595237  -0.28232375   1.85198326   0.76184125   0.35788226   1.74433100  -1.61431812
  0.78144333   0.36143329  -1.18676692  -0.27961955   1.84982215   0.76447845   0.35450973   1.73979391  -1.61933054
  0.78268971   0.35926717  -1.18655399  -0.27905437   1.85025425   0.76498514   0.35324698   1.73748067  -1.62163009
  0.78467529   0.35188340  -1.18739684  -0.27600717   1.84762165   0.76788166   0.34987470   1.73287644  -1.62658371
  0.78599088   0.34968148  -1.18713950  -0.27544888   1.84822794   0.76839181   0.34846849   1.73040372  -1.62909045
  0.78792268   0.34304325  -1.18779231  -0.27268740   1.84622338   0.77098354   0.34515488   1.72595157  -1.63391598
  0.78928623   0.34084673  -1.18743895  -0.27210673   1.84682395   0.77146687   0.34381203   1.72343503  -1.63645073
  0.79134591   0.33337716  -1.18804715  -0.26901298   1.84457039   0.77432099   0.34024202   1.71831689  -1.64186612
  0.79272504   0.33167688  -1.18760769  -0.26849231   1.84528374   0.77464955   0.33903024   1.71609141  -1.64413005
  0.79488242   0.32309719  -1.18822568  -0.26480710   1.84233636   0.77800535   0.33519067   1.71045717  -1.65011872
  0.79644214   0.32110848  -1.18769868  -0.26424866   1.84315701   0.77838605   0.33374309   1.70785697  -1.65296400
  0.79834366   0.31373746  -1.18815515  -0.26101968   1.84097295   0.78129493   0.33015105   1.70274162  -1.65836017
  0.79989276   0.31208145  -1.18751948  -0.26049841   1.84186636   0.78151233   0.32894116   1.70026614  -1.66081515
  0.80210896   0.30391119  -1.18778302  -0.25689306   1.83942538   0.78463598   0.32508132   1.69440570  -1.66708143
  0.80365077   0.30159426  -1.18721909  -0.25610976   1.84009930   0.78514725   0.32356572   1.69153807  -1.66996792
  0.80573467   0.29323065  -1.18746982  -0.25214827   1.83713138   0.78850090   0.31979809   1.68587005  -1.67606782
  0.80750480   0.29138393  -1.18666372  -0.25162111   1.83820225   0.78874128   0.31831518   1.68305145  -1.67928295
  0.80951625   0.28413783  -1.18658949  -0.24827581   1.83628929   0.79141920   0.31489637   1.67740614  -1.68494762
  0.81134154   0.28284211  -1.18571588  -0.24787784   1.83749057   0.79156533   0.31347108   1.67510714  -1.68805084
  0.81325215   0.27469766  -1.18567895  -0.24405970   1.83508912   0.79468116   0.30980096   1.66905601  -1.69412422
  0.81527133   0.26931938  -1.18521023  -0.24136634   1.83372533   0.79663130   0.30716199   1.66460675  -1.69900180
  0.81710637   0.26737894  -1.18427626  -0.24068443   1.83475915   0.79690779   0.30563988   1.66162948  -1.70231094
  0.81898264   0.26102294  -1.18380321  -0.23774804   1.83362546   0.79911363   0.30255408   1.65611204  -1.70767494
  0.82100689   0.25524500  -1.18337543  -0.23458083   1.83172981   0.80147950   0.29961017   1.65180468  -1.71296814
  0.82306321   0.25344828  -1.18220794  -0.23394784   1.83279849   0.80159620   0.29821202   1.64874801  -1.71654778
  0.82510280   0.24674517  -1.18164379  -0.23052512   1.83106367   0.80413270   0.29489940   1.64332316  -1.72254472
  0.82691301   0.24524601  -1.18060108  -0.22987779   1.83202474   0.80427161   0.29368270   1.64074606  -1.72543305
  0.82910512   0.23689482  -1.17998070  -0.22539310   1.82905547   0.80748740   0.29008471   1.63442163  -1.73227426
  0.83136432   0.23619359  -1.17872320  -0.22511877   1.83055238   0.80734530   0.28858972   1.63219401  -1.73600574
  0.83323703   0.22939185  -1.17789524  -0.22165100   1.82901420   0.80964225   0.28564228   1.62616694  -1.74156234
  0.83556962   0.22788410  -1.17655456  -0.22089424   1.82974943   0.80979825   0.28426679   1.62360448  -1.74554503
  0.83769817   0.22169596  -1.17565987  -0.21743218   1.82801563   0.81213518   0.28119268   1.61845212  -1.75160027
  0.83964230   0.22040523  -1.17443805  -0.21681129   1.82893994   0.81218530   0.28009673   1.61602806  -1.75463359
  0.84213295   0.21779782  -1.17292774  -0.21560756   1.82972559   0.81253556   0.27822306   1.61207177  -1.75950466
  0.84425436   0.20951235  -1.17212592  -0.21055720   1.82585410   0.81601133   0.27489460   1.60643727  -1.76637014
  0.84648754   0.20876282  -1.17073890  -0.21017472   1.82710075   0.81581811   0.27373120   1.60418572  -1.76978578
  0.84886065   0.20664440  -1.16923944  -0.20915286   1.82805816   0.81603591   0.27200531   1.60064967  -1.77424849
  0.85121636   0.20032855  -1.16804751  -0.20530115   1.82571706   0.81848112   0.26907608   1.59563919  -1.78085761
  0.85320090   0.19924006  -1.16674419  -0.20469532   1.82650629   0.81850180   0.26813602   1.59352257  -1.78385688
  0.85590981   0.19727702  -1.16506891  -0.20359304   1.82723414   0.81864543   0.26646216   1.59009187  -1.78875973
  0.85817469   0.19065631  -1.16384321  -0.19942371   1.82449197   0.82120618   0.26366552   1.58496049  -1.79524728
  0.86074229   0.18984149  -1.16227431  -0.19882445   1.82519013   0.82111867   0.26258500   1.58295951  -1.79924757
  0.86313725   0.18822231  -1.16075924  -0.19782770   1.82579356   0.82128832   0.26119039   1.58019911  -1.80340272
  0.86561985   0.18629607  -1.15921383  -0.19658837   1.82605924   0.82161733   0.25973837   1.57735695  -1.80785552
  0.86824681   0.18089431  -1.15777695  -0.19288971   1.82354937   0.82375760   0.25724884   1.57318515  -1.81447015
  0.87074735   0.18005100  -1.15618961  -0.19227364   1.82414299   0.82363320   0.25635683   1.57116740  -1.81824001
  0.87331102   0.17877402  -1.15459440  -0.19135587   1.82461594   0.82371036   0.25512074   1.56879160  -1.82248479
  0.87592493   0.17727154  -1.15299183  -0.19024335   1.82478912   0.82392165   0.25386257   1.56640558  -1.82691748
  0.87856167   0.17568129  -1.15139857  -0.18902097   1.82475772   0.82421527   0.25261062   1.56409435  -1.83142524
  0.88125101   0.17410436  -1.14979266  -0.18776108   1.82460705   0.82452990   0.25138568   1.56187408  -1.83600617
  0.88397448   0.17258683  -1.14818320  -0.18649778   1.82437645   0.82484607   0.25020132   1.55977005  -1.84060500
  0.88673555   0.17116743  -1.14656847  -0.18525790   1.82409595   0.82514411   0.24906540   1.55779580  -1.84520708
  0.88953223   0.16986687  -1.14495025  -0.18405651   1.82378102   0.82541474   0.24798326   1.55596155  -1.84979766
  0.89236386   0.16869861  -1.14333015  -0.18290316   1.82344032   0.82565245   0.24695821   1.55427510  -1.85436802
  0.89523004   0.16767134  -1.14170980  -0.18180396   1.82307831   0.82585432   0.24599250   1.55274276  -1.85891243
  0.89813046   0.16679101  -1.14009088  -0.18076298   1.82269698   0.82601885   0.24508772   1.55137001  -1.86342687
  0.90106495   0.16606207  -1.13847499  -0.17978312   1.82229698   0.82614538   0.24424509   1.55016182  -1.86790835
  0.90403336   0.16548808  -1.13686367  -0.17886658   1.82187815   0.82623374   0.24346566   1.54912287  -1.87235450
  0.90703555   0.16507215  -1.13525841  -0.17801516   1.82143988   0.82628397   0.24275036   1.54825769  -1.87676325
  0.91007134   0.16481720  -1.13366061  -0.17723041   1.82098137   0.82629628   0.24210010   1.54757070  -1.88113265
  0.91314052   0.16472603  -1.13207163  -0.17651374   1.82050169   0.82627092   0.24151580   1.54706633  -1.88546083
  0.91624282   0.16480153  -1.13049273  -0.17586650   1.81999995   0.82620813   0.24099840   1.54674896  -1.88974581
  0.91937787   0.16504663  -1.12892512  -0.17528998   1.81947530   0.82610814   0.24054885   1.54662297  -1.89398547
  0.92254468   0.16546335  -1.12736992  -0.17478533   1.81892803   0.82597105   0.24016761   1.54669079  -1.89817735
  0.92574099   0.16605127  -1.12582800  -0.17435321   1.81836075   0.82579685   0.23985386   1.54695036  -1.90231855
  0.92896441   0.16680915  -1.12430012  -0.17399382   1.81777603   0.82558562   0.23960649   1.54739848  -1.90640653
  0.93207133   0.16777485  -1.12284133  -0.17377753   1.81738529   0.82531776   0.23937335   1.54799470  -1.91022373
  0.93523332   0.16890702  -1.12142838  -0.17356248   1.81670134   0.82499077   0.23934143   1.54880646  -1.91394363
  0.93878907   0.17020378  -1.11979297  -0.17343555   1.81604129   0.82466578   0.23927468   1.54986703  -1.91829659
  0.94171859   0.17147007  -1.11853526  -0.17328306   1.81526130   0.82440227   0.23939756   1.55107109  -1.92151699
  0.94531147   0.17317715  -1.11697934  -0.17329182   1.81505381   0.82398551   0.23894298   1.55222538  -1.92601713
  0.94866164   0.17481848  -1.11546670  -0.17339345   1.81422610   0.82350715   0.23938793   1.55369197  -1.92960147
  0.95164484   0.17647944  -1.11421648  -0.17343332   1.81347149   0.82315114   0.23967751   1.55531153  -1.93266262
  0.95557160   0.17883852  -1.11254797  -0.17374576   1.81271388   0.82254331   0.23993463   1.55738735  -1.93713516
  0.95894182   0.18106180  -1.11115893  -0.17402559   1.81202921   0.82201260   0.24025699   1.55942251  -1.94067113
  0.96234235   0.18343979  -1.10975789  -0.17438827   1.81137817   0.82143410   0.24063997   1.56159011  -1.94416995
  0.96537641   0.18571427  -1.10859421  -0.17465763   1.81066136   0.82092813   0.24098894   1.56372371  -1.94715549
  0.96896618   0.18848633  -1.10712375  -0.17518897   1.81002048   0.82025892   0.24147939   1.56628361  -1.95078025
  0.97232852   0.19136799  -1.10579795  -0.17576603   1.80936120   0.81957405   0.24205838   1.56897736  -1.95397928
  0.97528050   0.19401433  -1.10467411  -0.17623045   1.80860872   0.81900259   0.24270111   1.57160135  -1.95654379
  0.97907916   0.19736917  -1.10312784  -0.17703179   1.80808142   0.81812885   0.24330097   1.57454864  -1.96032815
  0.98203187   0.20038749  -1.10204826  -0.17763372   1.80728461   0.81748839   0.24406713   1.57757065  -1.96276337
  0.98574750   0.20401221  -1.10053579  -0.17857276   1.80683919   0.81654513   0.24479299   1.58076058  -1.96626588
  0.98904969   0.20764064  -1.09925727  -0.17949079   1.80630359   0.81567210   0.24564233   1.58412668  -1.96905084
  0.99208895   0.21079719  -1.09811640  -0.18014434   1.80566931   0.81497659   0.24630475   1.58713483  -1.97166664
  0.99564249   0.21490190  -1.09670671  -0.18126901   1.80503295   0.81395408   0.24740114   1.59095203  -1.97465529
  0.99857541   0.21832542  -1.09561182  -0.18204301   1.80438383   0.81319621   0.24824777   1.59424553  -1.97694982
  1.00207085   0.22275024  -1.09423838  -0.18328629   1.80385276   0.81211528   0.24937248   1.59833004  -1.97978014
  1.00524870   0.22710650  -1.09298967  -0.18452609   1.80344597   0.81104352   0.25052252   1.60230187  -1.98209875
  1.00811657   0.23085726  -1.09194122  -0.18541447   1.80280869   0.81019937   0.25142099   1.60584025  -1.98431257
  1.01155557   0.23579379  -1.09050378  -0.18690308   1.80237292   0.80897525   0.25289191   1.61039541  -1.98673064
  1.01449345   0.24020541  -1.08936277  -0.18806304   1.80177795   0.80803106   0.25415244   1.61470753  -1.98861754
  1.01760965   0.24508825  -1.08807546  -0.18955436   1.80158686   0.80672799   0.25544224   1.61887474  -1.99080155
  1.02059754   0.24962674  -1.08690096  -0.19074265   1.80093295   0.80572988   0.25669984   1.62324001  -1.99289582
  1.02331127   0.25883232  -1.08534780  -0.19482625   1.80401006   0.80257603   0.25919752   1.62909557  -1.99257321
  1.02619726   0.26203328  -1.08425829  -0.19526848   1.80259215   0.80206702   0.26010494   1.63269405  -1.99515211
  1.02922211   0.26604609  -1.08307541  -0.19601854   1.80121830   0.80138755   0.26135538   1.63709775  -1.99750977
  1.03205822   0.27099923  -1.08186372  -0.19732473   1.80046976   0.80029150   0.26295495   1.64187193  -1.99919058
  1.03477365   0.27614961  -1.08067158  -0.19874859   1.79998619   0.79910928   0.26453351   1.64664623  -2.00068362
  1.03744679   0.28151320  -1.07944782  -0.20028122   1.79961076   0.79783879   0.26620480   1.65151453  -2.00206261
  1.04011185   0.29056514  -1.07773556  -0.20396880   1.80220102   0.79492922   0.26865199   1.65749267  -2.00221907
  1.04231562   0.29408607  -1.07688957  -0.20446264   1.80065502   0.79441369   0.26992746   1.66152818  -2.00358934
  1.04504081   0.29914086  -1.07561767  -0.20565555   1.79961047   0.79341245   0.27166570   1.66663595  -2.00519265
  1.04745710   0.30819785  -1.07387812  -0.20919627   1.80199648   0.79058000   0.27429153   1.67272034  -2.00505116
  1.04948482   0.31184334  -1.07308316  -0.20967922   1.80024669   0.79009726   0.27566755   1.67701810  -2.00627816
  1.05201044   0.31696292  -1.07181859  -0.21082174   1.79919287   0.78912336   0.27745971   1.68220182  -2.00759904
  1.05422975   0.32557191  -1.07008949  -0.21395161   1.80093503   0.78656573   0.28018515   1.68829548  -2.00739891
  1.05611140   0.33015399  -1.06917937  -0.21485360   1.79972463   0.78577651   0.28180527   1.69306451  -2.00818838
  1.05818158   0.33887045  -1.06738779  -0.21799263   1.80168827   0.78318580   0.28450636   1.69906966  -2.00788522
  1.05997087   0.34268345  -1.06658934  -0.21842815   1.79974541   0.78275283   0.28604150   1.70368406  -2.00879811
  1.06180888   0.34735010  -1.06557713  -0.21925722   1.79841332   0.78200217   0.28782961   1.70864615  -2.00937507
  1.06364221   0.35793628  -1.06341545  -0.22325766   1.80148788   0.77869691   0.29114070   1.71537043  -2.00844677
  1.06525202   0.36184691  -1.06260965  -0.22366345   1.79950727   0.77827659   0.29276693   1.72009965  -2.00908380
  1.06693243   0.36673046  -1.06155402  -0.22451457   1.79812790   0.77750995   0.29467490   1.72528050  -2.00950112
  1.06811128   0.37725290  -1.05941821  -0.22843151   1.80142589   0.77416327   0.29820099   1.73162364  -2.00769247
  1.06961211   0.38133647  -1.05859738  -0.22881323   1.79942010   0.77378253   0.29981698   1.73657841  -2.00824181
  1.07098777   0.38944144  -1.05683345  -0.23127255   1.80028958   0.77169837   0.30273008   1.74278216  -2.00761540
  1.07210986   0.39424473  -1.05596644  -0.23198469   1.79872718   0.77097132   0.30469695   1.74784593  -2.00746439
  1.07304987   0.40387836  -1.05392627  -0.23517582   1.80117652   0.76824885   0.30792857   1.75418959  -2.00586146
  1.07416526   0.40787564  -1.05308986  -0.23552445   1.79918944   0.76785468   0.30974304   1.75898138  -2.00588432
  1.07478894   0.41724246  -1.05113965  -0.23843058   1.80117439   0.76533411   0.31306863   1.76538517  -2.00398460
  1.07555298   0.42109035  -1.05039977  -0.23890040   1.79950615   0.76482894   0.31481944   1.76968847  -2.00387284
  1.07593800   0.43096876  -1.04828733  -0.24189037   1.80171000   0.76211315   0.31843843   1.77616834  -2.00149444
  1.07674809   0.43541626  -1.04742180  -0.24229624   1.79971511   0.76172435   0.32038079   1.78143013  -2.00121329
  1.07743573   0.44015938  -1.04646239  -0.24287611   1.79814033   0.76107192   0.32247044   1.78642644  -2.00062184
  1.07701868   0.45150346  -1.04402443  -0.24664907   1.80200015   0.75766372   0.32655233   1.79279467  -1.99721926
  1.07759947   0.45553443  -1.04326096  -0.24684082   1.79965542   0.75742716   0.32846911   1.79787902  -1.99683228
  1.07734074   0.46437028  -1.04144662  -0.24923256   1.80139270   0.75523297   0.33166313   1.80384829  -1.99432385
  1.07755935   0.46839949  -1.04062863  -0.24944949   1.79904478   0.75499956   0.33390318   1.80895689  -1.99335669
  1.07683739   0.47776414  -1.03865054  -0.25213604   1.80140227   0.75250730   0.33739893   1.81476207  -1.99032710
  1.07701615   0.48257233  -1.03764803  -0.25257988   1.79960845   0.75195450   0.33970370   1.81992892  -1.98922955
  1.07606535   0.49093338  -1.03589382  -0.25474968   1.80116355   0.74994453   0.34305961   1.82555518  -1.98614133
  1.07628310   0.49547837  -1.03494373  -0.25504214   1.79922638   0.74946551   0.34517303   1.83051845  -1.98525824
  1.07469462   0.50472218  -1.03304075  -0.25749293   1.80156564   0.74720719   0.34886439   1.83630782  -1.98118078
  1.07453551   0.50843999  -1.03228401  -0.25748446   1.79907706   0.74714004   0.35103141   1.84121809  -1.97989865
  1.07311614   0.51802101  -1.03009802  -0.26003304   1.80169320   0.74460889   0.35474428   1.84674400  -1.97626743
  1.07287233   0.52185682  -1.02951874  -0.25997058   1.79955324   0.74450869   0.35650288   1.85141133  -1.97493682
  1.07127088   0.53005787  -1.02767415  -0.26169049   1.80025391   0.74288599   0.36024495   1.85753317  -1.97124787
  1.07021900   0.53607717  -1.02634000  -0.26281057   1.80047190   0.74167081   0.36291884   1.86198250  -1.96877480
  1.06880841   0.54268729  -1.02498290  -0.26385274   1.80040202   0.74057408   0.36589807   1.86727298  -1.96561544
  1.06759022   0.55031325  -1.02320526  -0.26529363   1.80110507   0.73906923   0.36896265   1.87275958  -1.96282781
  1.06641588   0.55461147  -1.02237283  -0.26553673   1.79922589   0.73886829   0.37146819   1.87770628  -1.96052020
  1.06410240   0.56290105  -1.02052508  -0.26733241   1.80120037   0.73691509   0.37499576   1.88247134  -1.95612135
  1.06301131   0.56647499  -1.01995954  -0.26727342   1.79926243   0.73685922   0.37704688   1.88671107  -1.95389956
  1.06083264   0.57583382  -1.01768155  -0.26917408   1.80131284   0.73478486   0.38078126   1.89237143  -1.94973237
  1.05941684   0.57886610  -1.01728424  -0.26916322   1.79962770   0.73475728   0.38272651   1.89596237  -1.94736619
  1.05704341   0.58746437  -1.01522448  -0.27063034   1.80083090   0.73313752   0.38641406   1.90173565  -1.94303566
  1.05532584   0.59124058  -1.01464287  -0.27086672   1.79973798   0.73288622   0.38853086   1.90547929  -1.94032328
  1.05259017   0.60086828  -1.01221540  -0.27288641   1.80256115   0.73064441   0.39229943   1.91061633  -1.93574650
  1.05092765   0.60351053  -1.01194361  -0.27267012   1.80061500   0.73081240   0.39422068   1.91406926  -1.93309913
  1.04805433   0.61176918  -1.00994141  -0.27397035   1.80190030   0.72933472   0.39788455   1.91942779  -1.92835185
  1.04615624   0.61514229  -1.00950674  -0.27403077   1.80061043   0.72926160   0.39986664   1.92297675  -1.92555731
  1.04358558   0.62300921  -1.00751461  -0.27527765   1.80187125   0.72778331   0.40321022   1.92792204  -1.92153095
  1.04157151   0.62564808  -1.00729620  -0.27518235   1.80058590   0.72781263   0.40503010   1.93075624  -1.91855177
  1.03795672   0.63450597  -1.00505306  -0.27669869   1.80277723   0.72612653   0.40893574   1.93584189  -1.91310673
  1.03586700   0.63747792  -1.00475562  -0.27665057   1.80149508   0.72616387   0.41078877   1.93901940  -1.91017177
  1.03257197   0.64488499  -1.00295893  -0.27769754   1.80284692   0.72492885   0.41415413   1.94354986  -1.90528895
  1.03037039   0.64732084  -1.00283190  -0.27763450   1.80153272   0.72507333   0.41588565   1.94636689  -1.90241859
  1.02708680   0.65516962  -1.00088736  -0.27868472   1.80304100   0.72374765   0.41922251   1.95105096  -1.89761451
  1.02449255   0.65792697  -1.00069262  -0.27867483   1.80216643   0.72378390   0.42111198   1.95369267  -1.89411436
  1.02175488   0.66175690  -1.00009229  -0.27879567   1.80147064   0.72364329   0.42338570   1.95707037  -1.89036671
  1.01775786   0.67008867  -0.99791960  -0.28018367   1.80424345   0.72197376   0.42695646   1.96104073  -1.88483287
  1.01529398   0.67208648  -0.99799421  -0.28004842   1.80302769   0.72222780   0.42853968   1.96340440  -1.88173726
  1.01147839   0.67914141  -0.99630233  -0.28096763   1.80466810   0.72114178   0.43172164   1.96738648  -1.87655355
  1.00894743   0.68104277  -0.99639726  -0.28085961   1.80361196   0.72137438   0.43326848   1.96952283  -1.87342328
  1.00495868   0.68792529  -0.99477917  -0.28172689   1.80535470   0.72032237   0.43639299   1.97322768  -1.86806590
  1.00235772   0.68963608  -0.99494810  -0.28160744   1.80435536   0.72059051   0.43787836   1.97516798  -1.86489011
  0.99828361   0.69599273  -0.99352267  -0.28237094   1.80596850   0.71969361   0.44085436   1.97857424  -1.85952750
  0.99560008   0.69757748  -0.99376068  -0.28223943   1.80502983   0.71998899   0.44228768   1.98035907  -1.85627373
  0.99249210   0.69991074  -0.99377398  -0.28212498   1.80418749   0.72027077   0.44408515   1.98272548  -1.85235796
  0.98796505   0.70712609  -0.99204293  -0.28321186   1.80696043   0.71899449   0.44720936   1.98580740  -1.84656245
  0.98522316   0.70847272  -0.99240364  -0.28315904   1.80621047   0.71929285   0.44848951   1.98729371  -1.84342444
  0.98188288   0.71101121  -0.99237306  -0.28305247   1.80575357   0.71947737   0.45032615   1.98939249  -1.83911308
  0.97867295   0.71307809  -0.99245882  -0.28309423   1.80540105   0.71967829   0.45197641   1.99117501  -1.83528873
  0.97408155   0.72033036  -0.99074967  -0.28433509   1.80878362   0.71826320   0.45484083   1.99378562  -1.82969712
  0.97072500   0.72133765  -0.99134393  -0.28415234   1.80816757   0.71874174   0.45621482   1.99488716  -1.82557421
  0.96763254   0.72263063  -0.99172793  -0.28410043   1.80760799   0.71910822   0.45759257   1.99623829  -1.82197877
  0.96414812   0.72418256  -0.99212557  -0.28398801   1.80718817   0.71950090   0.45911067   1.99764485  -1.81770427
  0.96069564   0.72590023  -0.99243435  -0.28401693   1.80709427   0.71975347   0.46060629   1.99891639  -1.81358476
  0.95713707   0.72763432  -0.99276694  -0.28407404   1.80716900   0.71998211   0.46209234   2.00005911  -1.80932581
  0.95355801   0.72933436  -0.99311865  -0.28417968   1.80739202   0.72017829   0.46353580   2.00106148  -1.80508450
  0.94994582   0.73094368  -0.99352045  -0.28430731   1.80770792   0.72037385   0.46493100   2.00192742  -1.80082515
  0.94631910   0.73242978  -0.99398114  -0.28445265   1.80809178   0.72057695   0.46626880   2.00265452  -1.79657460
  0.94268308   0.73376625  -0.99451140  -0.28460807   1.80852147   0.72079770   0.46754448   2.00324143  -1.79233490
  0.93904442   0.73493423  -0.99511803  -0.28476935   1.80898240   0.72104194   0.46875405   2.00368597  -1.78811208
  0.93540757   0.73591897  -0.99580617  -0.28493104   1.80946337   0.72131330   0.46989440   2.00398774  -1.78391146
  0.93177751   0.73670918  -0.99658044  -0.28509371   1.80995862   0.72161528   0.47096262   2.00414155  -1.77973542
  0.92815809   0.73729626  -0.99744433  -0.28525581   1.81046198   0.72195028   0.47195650   2.00414603  -1.77558704
  0.92455241   0.73767410  -0.99840024  -0.28541637   1.81096877   0.72231998   0.47287461   2.00400054  -1.77146889
  0.92096207   0.73783991  -0.99944947  -0.28557447   1.81147464   0.72272570   0.47371691   2.00370650  -1.76738160
  0.91738819   0.73779284  -1.00059252  -0.28572954   1.81197654   0.72316819   0.47448376   2.00326567  -1.76332545
  0.91383170   0.73753329  -1.00182935  -0.28588134   1.81247251   0.72364778   0.47517567   2.00267986  -1.75930062
  0.91029332   0.73706252  -1.00315954  -0.28602982   1.81296141   0.72416448   0.47579325   2.00195086  -1.75530729
  0.90677366   0.73638245  -1.00458236  -0.28617507   1.81344270   0.72471814   0.47633714   2.00108045  -1.75134563
  0.90327325   0.73549548  -1.00609681  -0.28631729   1.81391628   0.72530845   0.47680801   2.00007046  -1.74741588
  0.89979257   0.73440446  -1.00770167  -0.28645673   1.81438244   0.72593497   0.47720655   1.99892270  -1.74351833
  0.89633211   0.73311261  -1.00939549  -0.28659373   1.81484179   0.72659717   0.47753343   1.99763903  -1.73965346
  0.89232992   0.73140284  -1.01146330  -0.28666181   1.81538539   0.72745744   0.47781916   1.99600723  -1.73499691
  0.88927002   0.72988568  -1.01311949  -0.28684642   1.81577285   0.72807209   0.47801624   1.99460423  -1.73173190
  0.88545771   0.72775050  -1.01534083  -0.28690661   1.81625063   0.72898928   0.47811488   1.99271279  -1.72733971
  0.88245152   0.72589049  -1.01714013  -0.28708912   1.81662520   0.72966689   0.47818603   1.99108619  -1.72415676
  0.87866904   0.72331077  -1.01956896  -0.28712985   1.81706515   0.73067534   0.47812761   1.98890184  -1.71980753
  0.87572061   0.72113506  -1.02149306  -0.28731929   1.81744820   0.73140548   0.47807966   1.98705625  -1.71671725
  0.87195773   0.71814369  -1.02411786  -0.28734327   1.81786790   0.73249662   0.47787222   1.98458263  -1.71239689
  0.86906796   0.71567494  -1.02615333  -0.28754429   1.81827305   0.73327493   0.47770959   1.98252813  -1.70940333
  0.86531569   0.71229954  -1.02896421  -0.28755293   1.81868526   0.73444212   0.47736006   1.97976876  -1.70510037
  0.86206672   0.70905663  -1.03150698  -0.28764491   1.81905264   0.73547294   0.47699401   1.97715156  -1.70155533
  0.85880314   0.70568703  -1.03412083  -0.28773423   1.81943514   0.73653887   0.47657165   1.97444230  -1.69799404
  0.85555023   0.70218304  -1.03679290  -0.28782868   1.81984400   0.73762612   0.47609302   1.97161535  -1.69445555
  0.85230761   0.69854624  -1.03952235  -0.28792709   1.82027749   0.73873575   0.47555839   1.96867312  -1.69093930
  0.84907525   0.69477938  -1.04230735  -0.28802901   1.82073570   0.73986774   0.47496836   1.96561709  -1.68744551
  0.84581176   0.69134682  -1.04491841  -0.28815793   1.82125083   0.74089096   0.47453619   1.96270086  -1.68388571
  0.84249690   0.68755062  -1.04772796  -0.28833660   1.82194399   0.74198860   0.47391838   1.95945261  -1.68031206
  0.83923768   0.68358409  -1.05060905  -0.28850614   1.82263570   0.74311254   0.47321190   1.95606350  -1.67681663
  0.83598578   0.67946555  -1.05355098  -0.28866687   1.82332263   0.74427871   0.47245008   1.95257603  -1.67333645
  0.83275656   0.67521218  -1.05654598  -0.28882344   1.82401834   0.74547108   0.47162799   1.94897685  -1.66989521
  0.82953821   0.67083582  -1.05958884  -0.28897774   1.82472985   0.74669075   0.47075286   1.94527553  -1.66647785
  0.82667159   0.66545117  -1.06302148  -0.28905889   1.82529458   0.74811832   0.46939530   1.94092236  -1.66361074
  0.82330806   0.66134266  -1.06593142  -0.28913691   1.82580507   0.74938057   0.46873934   1.93759941  -1.65993257
  0.82039246   0.65588469  -1.06940038  -0.28927058   1.82659308   0.75078623   0.46730801   1.93300108  -1.65704004
  0.81700229   0.65168271  -1.07234715  -0.28938002   1.82723927   0.75204632   0.46659467   1.92950043  -1.65334730
  0.81409580   0.64609069  -1.07585894  -0.28953996   1.82816987   0.75346135   0.46506521   1.92468155  -1.65050789
  0.81100554   0.64092470  -1.07917630  -0.28960768   1.82882539   0.75491164   0.46384667   1.92043784  -1.64732889
  0.80757968   0.63661004  -1.08216110  -0.28977529   1.82970897   0.75614138   0.46305182   1.91663934  -1.64362457
  0.80465097   0.63089648  -1.08570548  -0.28998066   1.83087990   0.75755601   0.46140648   1.91153044  -1.64081402
  0.80153894   0.62559527  -1.08905830  -0.29008010   1.83172965   0.75901429   0.46008732   1.90702010  -1.63765166
  0.79809863   0.62116194  -1.09207119  -0.29028267   1.83278496   0.76024127   0.45921149   1.90298780  -1.63395908
  0.79516128   0.61532687  -1.09563593  -0.29051505   1.83415056   0.76166462   0.45745628   1.89761438  -1.63119378
  0.79202539   0.60991424  -1.09900898  -0.29063898   1.83518108   0.76313170   0.45604545   1.89286350  -1.62804383
  0.78858022   0.60537290  -1.10203674  -0.29087624   1.83641280   0.76435328   0.45508644   1.88860142  -1.62437745
  0.78562405   0.59947051  -1.10559218  -0.29113342   1.83796696   0.76577417   0.45324783   1.88300275  -1.62164025
  0.78245682   0.59399570  -1.10896184  -0.29128533   1.83918893   0.76723566   0.45176113   1.87803519  -1.61849142
  0.77901050   0.58936410  -1.11199139  -0.29156058   1.84061386   0.76844648   0.45071634   1.87354582  -1.61485712
  0.77602692   0.58345691  -1.11550380  -0.29184511   1.84235534   0.76984747   0.44882565   1.86776508  -1.61213100
  0.77276133   0.57830897  -1.11870192  -0.29204616   1.84371113   0.77119045   0.44748514   1.86288610  -1.60884866
  0.76951037   0.57291121  -1.12201452  -0.29231733   1.84541548   0.77254884   0.44590487   1.85758459  -1.60565608
  0.76631678   0.56758234  -1.12523795  -0.29260810   1.84713505   0.77383943   0.44437418   1.85225065  -1.60255279
  0.76303791   0.56220966  -1.12851741  -0.29289280   1.84893749   0.77517964   0.44277741   1.84686929  -1.59934111
  0.75982891   0.55688276  -1.13171161  -0.29320797   1.85079609   0.77645228   0.44120609   1.84141845  -1.59624155
  0.75659802   0.55160651  -1.13486117  -0.29353939   1.85273316   0.77771868   0.43964857   1.83597802  -1.59309807
  0.75328944   0.54633499  -1.13805176  -0.29387620   1.85474779   0.77898865   0.43804467   1.83047363  -1.58987115
  0.75002101   0.54109302  -1.14117849  -0.29423868   1.85683771   0.78021606   0.43644851   1.82490787  -1.58670843
  0.74673438   0.53589419  -1.14428248  -0.29461623   1.85899276   0.78142375   0.43484553   1.81931851  -1.58352842
  0.74343393   0.53072560  -1.14736416  -0.29501130   1.86122118   0.78260881   0.43323264   1.81368387  -1.58033828
  0.74017795   0.52563453  -1.15035529  -0.29543980   1.86352645   0.78374188   0.43165257   1.80804155  -1.57720070
  0.73685562   0.52060616  -1.15334187  -0.29588371   1.86589998   0.78485873   0.43007543   1.80239643  -1.57396948
  0.73353086   0.51562137  -1.15629706  -0.29635371   1.86836275   0.78594202   0.42848723   1.79670508  -1.57074244
  0.73020024   0.51069473  -1.15921485  -0.29684612   1.87089553   0.78699207   0.42690242   1.79099501  -1.56750888
  0.72686038   0.50582658  -1.16209580  -0.29736252   1.87349883   0.78800642   0.42532433   1.78526339  -1.56426208
  0.72348422   0.50102262  -1.16494547  -0.29789359   1.87617526   0.78900480   0.42375732   1.77954643  -1.56095108
  0.72015523   0.49629794  -1.16772453  -0.29846780   1.87892955   0.78993069   0.42220415   1.77378758  -1.55771454
  0.71672304   0.49163048  -1.17051885  -0.29904904   1.88173339   0.79084643   0.42066550   1.76803317  -1.55432440
  0.71378626   0.48761148  -1.17284399  -0.29977466   1.88458317   0.79150592   0.41927437   1.76281109  -1.55161025
  0.70995562   0.48277918  -1.17580893  -0.30038681   1.88770120   0.79245194   0.41769940   1.75669428  -1.54759813
  0.70663794   0.47832192  -1.17839988  -0.30107518   1.89074636   0.79320403   0.41619904   1.75087745  -1.54434712
  0.70348587   0.47449387  -1.18071619  -0.30182462   1.89367673   0.79381934   0.41489080   1.74574471  -1.54126788
  0.70011456   0.47043663  -1.18314429  -0.30263365   1.89687656   0.79437910   0.41355684   1.74009667  -1.53789395
  0.69637314   0.46595403  -1.18589881  -0.30339239   1.90035833   0.79513211   0.41196996   1.73398636  -1.53396964
  0.69302892   0.46186967  -1.18830208  -0.30420486   1.90367004   0.79570739   0.41056146   1.72826879  -1.53060054
  0.68978874   0.45821257  -1.19042893  -0.30503536   1.90686475   0.79623931   0.40942487   1.72317238  -1.52718230
  0.68619898   0.45447027  -1.19289019  -0.30595687   1.91031013   0.79662578   0.40807541   1.71746876  -1.52348738
  0.68280240   0.45062599  -1.19521063  -0.30693951   1.91403263   0.79702411   0.40663588   1.71162872  -1.52002591
  0.67952369   0.44729034  -1.19728737  -0.30787537   1.91731391   0.79735100   0.40553754   1.70655640  -1.51659348
  0.67596070   0.44364777  -1.19959949  -0.30893262   1.92121131   0.79765218   0.40415900   1.70073898  -1.51281831
  0.67285194   0.44051016  -1.20150096  -0.30998621   1.92473512   0.79782881   0.40305744   1.69564651  -1.50959367
  0.66915846   0.43717515  -1.20376151  -0.31110344   1.92862770   0.79802597   0.40183069   1.69006911  -1.50554237
  0.66579320   0.43412715  -1.20573350  -0.31228796   1.93249104   0.79807788   0.40073215   1.68474473  -1.50190006
  0.66254270   0.43130684  -1.20757160  -0.31339875   1.93601721   0.79816319   0.39979775   1.67993498  -1.49833767
  0.65899499   0.42841970  -1.20960014  -0.31472523   1.94022067   0.79807816   0.39865032   1.67445131  -1.49441340
  0.65562519   0.42580971  -1.21141595  -0.31606606   1.94426712   0.79792321   0.39768994   1.66935690  -1.49063782
  0.65224052   0.42334605  -1.21319713  -0.31744088   1.94831880   0.79771688   0.39678062   1.66438257  -1.48680053
  0.64910944   0.42102733  -1.21482847  -0.31875169   1.95207655   0.79750932   0.39593981   1.65973927  -1.48333483
  0.64550621   0.41870396  -1.21664870  -0.32025698   1.95643229   0.79719738   0.39505961   1.65467588  -1.47907803
  0.64214128   0.41669283  -1.21826758  -0.32182611   1.96072865   0.79674413   0.39428217   1.64988269  -1.47513259
  0.63878258   0.41483227  -1.21983637  -0.32342659   1.96500482   0.79624228   0.39357311   1.64524096  -1.47114516
  0.63543103   0.41310424  -1.22135879  -0.32507116   1.96931115   0.79568247   0.39291341   1.64069323  -1.46711999
  0.63207202   0.41153523  -1.22284629  -0.32677920   1.97367403   0.79503612   0.39229668   1.63621218  -1.46304788
  0.62876748   0.41011318  -1.22424463  -0.32854724   1.97809207   0.79431458   0.39174607   1.63183055  -1.45899005
  0.62543293   0.40884284  -1.22562961  -0.33034824   1.98249064   0.79354338   0.39124717   1.62758360  -1.45485014
  0.62210980   0.40773584  -1.22695639  -0.33222908   1.98698457   0.79267481   0.39080024   1.62339394  -1.45067256
  0.61879227   0.40678435  -1.22823310  -0.33415213   1.99148815   0.79175941   0.39041682   1.61935953  -1.44643901
  0.61556088   0.40597175  -1.22940805  -0.33613097   1.99600879   0.79075071   0.39011156   1.61540316  -1.44228358
  0.61221225   0.40528674  -1.23065231  -0.33810351   2.00045092   0.78975594   0.38982336   1.61163241  -1.43792937
  0.60899149   0.40479542  -1.23173499  -0.34021354   2.00508980   0.78858892   0.38961648   1.60785598  -1.43369126
  0.60503370   0.40759004  -1.23212731  -0.34429947   2.01273193   0.78535634   0.39036868   1.60452389  -1.42745359
  0.60206751   0.40656518  -1.23333554  -0.34576336   2.01598085   0.78480430   0.39010919   1.60139289  -1.42376292
  0.59940330   0.40556942  -1.23434531  -0.34738974   2.01969805   0.78409478   0.38973258   1.59796950  -1.42049544
  0.59585311   0.40525347  -1.23556759  -0.34953841   2.02425514   0.78287548   0.38964581   1.59433501  -1.41565862
  0.59268937   0.40528284  -1.23650601  -0.35167595   2.02854487   0.78159270   0.38971090   1.59124757  -1.41133280
  0.58880712   0.41057973  -1.23600161  -0.35696128   2.03742347   0.77693737   0.39145285   1.58901150  -1.40449543
  0.58588674   0.40957524  -1.23727212  -0.35825278   2.04026988   0.77655722   0.39114505   1.58625919  -1.40085155
  0.58281652   0.40909077  -1.23835521  -0.36003855   2.04399098   0.77563641   0.39104147   1.58317130  -1.39678448
  0.57977249   0.40924338  -1.23922898  -0.36211669   2.04803059   0.77436958   0.39115251   1.58036382  -1.39260548
  0.57589298   0.41457330  -1.23866016  -0.36728658   2.05651623   0.76977470   0.39304533   1.57841954  -1.38571618
  0.57322423   0.41387491  -1.23977236  -0.36845417   2.05880767   0.76941765   0.39291590   1.57631541  -1.38239226
  0.56946510   0.41875866  -1.23943778  -0.37328955   2.06683504   0.76518693   0.39439758   1.57429795  -1.37601153
  0.56660381   0.41825887  -1.24049660  -0.37462441   2.06939392   0.76468620   0.39443830   1.57220049  -1.37223169
  0.56395849   0.41785146  -1.24131643  -0.37599174   2.07179429   0.76393024   0.39475428   1.56999310  -1.36874130
  0.56017605   0.42517275  -1.24021448  -0.38216323   2.08190857   0.75833117   0.39671091   1.56860636  -1.36180915
  0.55740832   0.42467651  -1.24119166  -0.38319348   2.08351893   0.75802871   0.39705895   1.56717255  -1.35815283
  0.55340556   0.43036604  -1.24060563  -0.38820305   2.09150115   0.75356477   0.39898856   1.56590792  -1.35123780
  0.55108978   0.43012149  -1.24144587  -0.38924127   2.09312188   0.75319250   0.39912665   1.56464463  -1.34837235
  0.55056581   0.43833636  -1.23370002  -0.40551555   2.09439510   0.75051025   0.39411112   1.56206885  -1.33620270
  0.54844213   0.43705341  -1.23423024  -0.40704201   2.09439510   0.75102045   0.39336566   1.56027723  -1.33273370
  0.54941399   0.44456224  -1.22401670  -0.42723393   2.09439510   0.74935146   0.38473375   1.55500589  -1.31970390
  0.54719533   0.44452450  -1.22459602  -0.42827924   2.09439510   0.74953426   0.38479493   1.55490174  -1.31651750
  0.54786529   0.45415785  -1.21297508  -0.45026217   2.09439510   0.74751863   0.37566764   1.55064447  -1.30191869
  0.54596496   0.45400021  -1.21332479  -0.45126075   2.09431713   0.74749824   0.37589531   1.55028000  -1.29934890
  0.54697079   0.46575727  -1.19964868  -0.47532916   2.09439510   0.74500225   0.36600502   1.54630227  -1.28399434
  0.54423087   0.46534682  -1.20046413  -0.47636356   2.09439510   0.74533821   0.36594551   1.54575708  -1.27990331
  0.54475160   0.47723264  -1.18650579  -0.49961868   2.09439510   0.74303854   0.35628274   1.54237501  -1.26489790
  0.54288762   0.47702525  -1.18708286  -0.50042844   2.09439510   0.74309917   0.35616440   1.54183853  -1.26247869
  0.54321313   0.49002026  -1.17158922  -0.52478303   2.09439510   0.74091566   0.34544248   1.53869355  -1.24694898
  0.54088018   0.48966918  -1.17203885  -0.52571663   2.09439510   0.74104166   0.34564559   1.53820396  -1.24358038
  0.53785226   0.49062892  -1.17230354  -0.52735441   2.09439510   0.74094558   0.34565700   1.53837789  -1.23874513
  0.53990887   0.51188973  -1.14475596  -0.56669274   2.09439510   0.73793748   0.32632132   1.53234295  -1.21642122
  0.53726837   0.51186367  -1.14556335  -0.56716835   2.09439510   0.73793357   0.32682714   1.53234541  -1.21296303
  0.53486281   0.51288307  -1.14570658  -0.56805761   2.09439510   0.73746889   0.32751775   1.53289835  -1.20970145
  0.53510230   0.53664830  -1.11345871  -0.60947534   2.09439510   0.73540007   0.30493226   1.52689438  -1.18533463
  0.53248671   0.53680073  -1.11426361  -0.60987059   2.09439510   0.73538949   0.30539122   1.52709889  -1.18199841
  0.52973500   0.53993546  -1.11298372  -0.61162149   2.09439510   0.73425583   0.30646884   1.52905443  -1.17795400
  0.52813113   0.56368835  -1.07475396  -0.65438764   2.09439510   0.73415068   0.27789641   1.52007015  -1.15293600
  0.52544730   0.56447568  -1.07539311  -0.65469145   2.09439510   0.73387674   0.27868993   1.52089715  -1.14966561
  0.52256719   0.56716292  -1.07459189  -0.65566422   2.09439510   0.73270761   0.28021498   1.52288058  -1.14602138
  0.51698782   0.59316455  -1.02809143  -0.69768931   2.09439510   0.73390602   0.24618501   1.51370511  -1.12052860
  0.51434292   0.59458541  -1.02819898  -0.69810208   2.09439510   0.73331773   0.24719188   1.51491700  -1.11737284
  0.51141136   0.59743696  -1.02733943  -0.69891267   2.09439510   0.73219851   0.24856342   1.51707609  -1.11389522
  0.50824065   0.60151568  -1.02517839  -0.70045472   2.09439510   0.73091255   0.24950967   1.51979245  -1.11006729
  0.49343143   0.63451607  -0.94828048  -0.75122337   2.09439510   0.73663498   0.19063267   1.50354370  -1.07814963
  0.49051721   0.63649917  -0.94816954  -0.75158502   2.09439510   0.73573132   0.19210766   1.50524495  -1.07478228
  0.48775795   0.63901994  -0.94763035  -0.75201528   2.09439510   0.73457998   0.19375483   1.50727731  -1.07168334
  0.48439297   0.64354781  -0.94573734  -0.75285950   2.09439510   0.73311119   0.19528877   1.51082145  -1.06822313
  0.45256362   0.67408125  -0.85094803  -0.78288668   2.09439510   0.73905340   0.12509659   1.49628686  -1.04246951
  0.45003585   0.67645904  -0.85066364  -0.78330324   2.09422124   0.73814486   0.12664804   1.49837266  -1.03974229
  0.44702061   0.68025843  -0.84951725  -0.78386055   2.09439510   0.73667099   0.12864207   1.50138354  -1.03662008
  0.44412097   0.68341163  -0.84865410  -0.78429547   2.09439510   0.73555681   0.13021596   1.50396041  -1.03353754
  0.44068908   0.68834152  -0.84591378  -0.78500674   2.09439510   0.73388492   0.13176444   1.50762426  -1.03051768
  0.39083880   0.71676474  -0.73512902  -0.78968535   2.09439510   0.73495531   0.05383820   1.49731956  -1.01328699
  0.38853367   0.71956287  -0.73473677  -0.79022471   2.09404844   0.73418166   0.05554721   1.49987075  -1.01081000
  0.38566990   0.72377715  -0.73350193  -0.79087187   2.09439510   0.73268206   0.05776744   1.50307117  -1.00781572
  0.38329257   0.72781649  -0.73208585  -0.79146321   2.09439510   0.73147846   0.05948588   1.50625610  -1.00567013
  0.37983032   0.73230874  -0.72985217  -0.79194462   2.09439510   0.73006678   0.06103754   1.50962575  -1.00244741
  0.33065818   0.75614236  -0.63484971  -0.78116926   2.09439510   0.72428862  -0.00132579   1.50660846  -0.99408881
  0.32873749   0.75942720  -0.63424732  -0.78182141   2.09410416   0.72356028   0.00051711   1.50947103  -0.99200211
  0.32621772   0.76390051  -0.63298253  -0.78255908   2.09439510   0.72226125   0.00275447   1.51285127  -0.98932815
  0.32416132   0.76818619  -0.63156641  -0.78321986   2.09439510   0.72117955   0.00454683   1.51613979  -0.98744412
  0.32163463   0.77255472  -0.62979377  -0.78382239   2.09439510   0.71996429   0.00636601   1.51940617  -0.98504258
  0.27527664   0.79658081  -0.54325997  -0.76941546   2.09439510   0.71160988  -0.04735393   1.51926658  -0.97991564
  0.27342245   0.79996873  -0.54271608  -0.77014685   2.09389304   0.71111050  -0.04538142   1.52236998  -0.97776564
  0.27166956   0.80382851  -0.54188807  -0.77091204   2.09369146   0.71031564  -0.04326044   1.52551037  -0.97572133
  0.26943105   0.80909617  -0.54027537  -0.77165228   2.09439510   0.70902595  -0.04125482   1.52917587  -0.97349594
  0.26759718   0.81373234  -0.53847053  -0.77236768   2.09439510   0.70796425  -0.03941989   1.53256255  -0.97186898
  0.22831479   0.83620106  -0.46463574  -0.75908519   2.09439510   0.69896205  -0.08376610   1.53397646  -0.96869103
  0.22690703   0.83969815  -0.46408881  -0.75981248   2.09380846   0.69861089  -0.08191069   1.53710562  -0.96699580
  0.22531426   0.84442193  -0.46290878  -0.76063908   2.09439510   0.69756077  -0.07976350   1.54039227  -0.96514558
  0.22375454   0.84900462  -0.46193408  -0.76139310   2.09439510   0.69690204  -0.07771441   1.54405165  -0.96327609
  0.22185514   0.85396224  -0.45994406  -0.76213686   2.09439510   0.69589103  -0.07580352   1.54762705  -0.96148287
  0.22033689   0.85876764  -0.45798395  -0.76280005   2.09439510   0.69505405  -0.07426575   1.55110926  -0.96031649
  0.21844968   0.86373935  -0.45580856  -0.76333615   2.09439510   0.69421243  -0.07281177   1.55475172  -0.95869058
  0.17573636   0.88989160  -0.37314260  -0.74760504   2.09439510   0.68324353  -0.12190428   1.55604481  -0.95707124
  0.17481039   0.89355396  -0.37253479  -0.74834450   2.09364571   0.68310204  -0.12007655   1.55936137  -0.95585000
  0.17387136   0.89758762  -0.37186431  -0.74906248   2.09310473   0.68289205  -0.11822946   1.56286894  -0.95456153
  0.17286697   0.90301883  -0.37023481  -0.74992221   2.09439510   0.68157907  -0.11607039   1.56606856  -0.95329360
  0.17196352   0.90764513  -0.36883662  -0.75071675   2.09439510   0.68090036  -0.11409273   1.56946905  -0.95224365
  0.17059114   0.91291911  -0.36702148  -0.75138222   2.09439510   0.68025313  -0.11229396   1.57344423  -0.95079127
  0.16931157   0.91788838  -0.36480363  -0.75193926   2.09439510   0.67952442  -0.11095781   1.57693979  -0.94982399
  0.16823119   0.92305615  -0.36350295  -0.75256514   2.09439510   0.67900153  -0.10868751   1.58109318  -0.94798001
  0.13588766   0.94567901  -0.29708709  -0.74029895   2.09439510   0.66942030  -0.14783236   1.58279781  -0.94895835
  0.13546288   0.94899159  -0.29671232  -0.74091357   2.09297997   0.66972987  -0.14626122   1.58620382  -0.94822737
  0.13506862   0.95327964  -0.29570565  -0.74164846   2.09280376   0.66934682  -0.14440069   1.58949469  -0.94751452
  0.13461071   0.95959652  -0.29367403  -0.74252007   2.09439510   0.66808278  -0.14215552   1.59324576  -0.94672624
  0.13429184   0.96338766  -0.29268696  -0.74317457   2.09413190   0.66773281  -0.14060417   1.59609278  -0.94630235
  0.13406114   0.96863043  -0.29118501  -0.74386005   2.09424358   0.66726036  -0.13863684   1.60002219  -0.94569087
  0.13383168   0.97304755  -0.28987881  -0.74452301   2.09422243   0.66676625  -0.13690176   1.60320779  -0.94526704
  0.13374914   0.97842902  -0.28814291  -0.74518566   2.09439510   0.66623965  -0.13505464   1.60711152  -0.94498435
  0.13386183   0.98265586  -0.28717664  -0.74596432   2.09306109   0.66648010  -0.13315180   1.61115051  -0.94501396
  0.13379352   0.98805807  -0.28511511  -0.74639651   2.09439510   0.66530154  -0.13158381   1.61411375  -0.94458889
  0.13370361   0.99243961  -0.28371301  -0.74701863   2.09439181   0.66481128  -0.12993049   1.61722819  -0.94441312
  0.13405931   0.99763874  -0.28193704  -0.74760285   2.09439510   0.66439208  -0.12822562   1.62104726  -0.94465235
  0.13431170   1.00279320  -0.28006065  -0.74822690   2.09439510   0.66390300  -0.12653109   1.62474089  -0.94494117
  0.13465809   1.00701925  -0.27896655  -0.74870691   2.09397200   0.66378541  -0.12501883   1.62815148  -0.94501839
  0.13518829   1.01176345  -0.27733053  -0.74930824   2.09399221   0.66323856  -0.12320324   1.63146454  -0.94535818
  0.13575422   1.01655113  -0.27575404  -0.74988029   2.09387348   0.66284139  -0.12145779   1.63498223  -0.94575977
  0.13635650   1.02049806  -0.27464201  -0.75039607   2.09281278   0.66292208  -0.11986646   1.63847679  -0.94615867
  0.13721275   1.02499936  -0.27327893  -0.75091066   2.09222284   0.66283409  -0.11830098   1.64211312  -0.94689139
  0.13780435   1.02861004  -0.27232188  -0.75129467   2.09124986   0.66290057  -0.11694443   1.64526255  -0.94720319
  0.13895522   1.03288816  -0.27092416  -0.75188190   2.08992163   0.66309296  -0.11524497   1.64916225  -0.94831237
  0.13999893   1.03684654  -0.26969545  -0.75238791   2.08860572   0.66329622  -0.11370624   1.65279537  -0.94925915
  0.14089221   1.04018855  -0.26881657  -0.75278391   2.08698545   0.66367829  -0.11238983   1.65615602  -0.94995720
  0.14215082   1.04386119  -0.26770732  -0.75323285   2.08532964   0.66408090  -0.11099803   1.65979789  -0.95112240
  0.14336965   1.04730285  -0.26669430  -0.75366091   2.08352578   0.66454283  -0.10965174   1.66334361  -0.95222997
  0.14424725   1.05008354  -0.26598756  -0.75396866   2.08176886   0.66494048  -0.10850987   1.66626798  -0.95285732
  0.14591999   1.05353268  -0.26491653  -0.75444236   2.07938704   0.66570892  -0.10713765   1.67023920  -0.95452056
  0.14735039   1.05656213  -0.26413255  -0.75480216   2.07712615   0.66646337  -0.10602176   1.67380276  -0.95586393
  0.14879263   1.05936141  -0.26336841  -0.75516045   2.07471178   0.66723012  -0.10489008   1.67723430  -0.95719602
  0.15019064   1.06203965  -0.26268548  -0.75549820   2.07228181   0.66801513  -0.10382836   1.68057961  -0.95848372
  0.15192970   1.06464523  -0.26194920  -0.75585147   2.06947449   0.66898573  -0.10275703   1.68413484  -0.96014544
  0.15344122   1.06709325  -0.26134962  -0.75616487   2.06684061   0.66987693  -0.10179053   1.68743241  -0.96155571
  0.15532240   1.06939701  -0.26071514  -0.75650119   2.06371431   0.67100414  -0.10080879   1.69096341  -0.96336972
  0.15693912   1.07160355  -0.26019279  -0.75679566   2.06087994   0.67199012  -0.09992733   1.69419624  -0.96489355
  0.15879116   1.07370875  -0.25959646  -0.75707697   2.05766644   0.67318939  -0.09894685   1.69772271  -0.96654738
  0.16102222   1.07555100  -0.25914095  -0.75743964   2.05399510   0.67455551  -0.09818995   1.70116728  -0.96888582
  0.16284719   1.07707959  -0.25892522  -0.75768118   2.05047107   0.67591101  -0.09753067   1.70436129  -0.97059922
  0.16466427   1.07885300  -0.25855988  -0.75793375   2.04732238   0.67706872  -0.09684579   1.70746941  -0.97234214
  0.16679686   1.08053764  -0.25809955  -0.75820088   2.04375053   0.67845181  -0.09607173   1.71089202  -0.97435840
  0.16903021   1.08167401  -0.25795361  -0.75847735   2.03970736   0.68002266  -0.09555130   1.71406407  -0.97661743
  0.17106513   1.08291850  -0.25771570  -0.75868893   2.03591262   0.68154310  -0.09489961   1.71733835  -0.97845746
  0.17343711   1.08379523  -0.25767749  -0.75896433   2.03169362   0.68318885  -0.09453091   1.72037960  -0.98092871
  0.17595149   1.07991794  -0.26017876  -0.75910889   2.02171681   0.68769719  -0.09494167   1.72375853  -0.98322723
  0.17818817   1.08200372  -0.25946568  -0.75932025   2.01920846   0.68863892  -0.09437810   1.72680492  -0.98542685
  0.18055208   1.08374544  -0.25882351  -0.75960098   2.01624617   0.68966593  -0.09381648   1.72972339  -0.98786462
  0.18288496   1.08506915  -0.25840274  -0.75982019   2.01291817   0.69093738  -0.09334705   1.73266833  -0.99015912
  0.18540697   1.08197173  -0.26032392  -0.75998555   2.00426564   0.69472656  -0.09363957   1.73571249  -0.99252711
  0.18805574   1.08380325  -0.25966396  -0.76020319   2.00172868   0.69571874  -0.09339988   1.73853056  -0.99534036
  0.19050024   1.08506484  -0.25916001  -0.76042657   1.99855924   0.69688621  -0.09298571   1.74128937  -0.99778419
  0.19301827   1.08190829  -0.26100928  -0.76056921   1.99016695   0.70054838  -0.09331543   1.74414969  -1.00013022
  0.19583391   1.08347322  -0.26035311  -0.76077750   1.98759675   0.70155634  -0.09319094   1.74678076  -1.00313417
  0.19836331   1.08438720  -0.25998282  -0.76096540   1.98431573   0.70283887  -0.09295436   1.74940845  -1.00566650
  0.20096158   1.08057847  -0.26210831  -0.76108951   1.97542903   0.70673366  -0.09348403   1.75209583  -1.00812501
  0.20390336   1.08155526  -0.26169329  -0.76126485   1.97248791   0.70795345  -0.09359120   1.75453503  -1.01127118
  0.20655790   1.07869802  -0.26321405  -0.76139834   1.96496000   0.71121266  -0.09400415   1.75707364  -1.01384475
  0.20958821   1.07945916  -0.26280082  -0.76158292   1.96192076   0.71248186  -0.09414870   1.75943591  -1.01709313
  0.21221503   1.07625519  -0.26448538  -0.76166553   1.95430836   0.71582870  -0.09471633   1.76181490  -1.01961583
  0.21526094   1.07690270  -0.26406774  -0.76185106   1.95140051   0.71701804  -0.09493649   1.76395996  -1.02291583
  0.21800183   1.07674308  -0.26404119  -0.76200210   1.94770383   0.71850992  -0.09512528   1.76599477  -1.02575227
  0.22130559   1.07197368  -0.26644703  -0.76209567   1.93834874   0.72280160  -0.09630640   1.76838838  -1.02922434
  0.22382457   1.07215259  -0.26625433  -0.76216847   1.93558940   0.72390937  -0.09653908   1.77010205  -1.03175479
  0.22709783   1.06786842  -0.26830942  -0.76226193   1.92711636   0.72777553  -0.09766844   1.77227389  -1.03522960
  0.22977327   1.06797745  -0.26802361  -0.76236209   1.92447026   0.72881969  -0.09795813   1.77383134  -1.03799596
  0.23299482   1.06412972  -0.26977602  -0.76244234   1.91684502   0.73229061  -0.09905920   1.77577209  -1.04143024
  0.23567799   1.06381209  -0.26967999  -0.76250633   1.91402987   0.73346512  -0.09952601   1.77714491  -1.04421548
  0.23903014   1.05885452  -0.27199426  -0.76253024   1.90544430   0.73748735  -0.10102580   1.77893989  -1.04786171
  0.24155577   1.05885568  -0.27174615  -0.76254081   1.90336543   0.73835860  -0.10150947   1.78009217  -1.05042830
  0.24458311   1.05308877  -0.27432734  -0.76254030   1.89415646   0.74250807  -0.10292760   1.78156487  -1.05363725
  0.24737911   1.05289761  -0.27399294  -0.76257968   1.89215974   0.74338432  -0.10354461   1.78253309  -1.05659616
  0.25073109   1.04699679  -0.27660936  -0.76253768   1.88318251   0.74762683  -0.10533676   1.78388659  -1.06031633
  0.25381874   1.04627446  -0.27640170  -0.76265586   1.88057072   0.74873365  -0.10609230   1.78475246  -1.06375250
  0.25723850   1.04056286  -0.27888489  -0.76260308   1.87207118   0.75272490  -0.10800158   1.78581632  -1.06762908
  0.25987887   1.03924860  -0.27893120  -0.76259839   1.86945569   0.75393087  -0.10878927   1.78640415  -1.07041843
  0.26333680   1.03299888  -0.28160546  -0.76250316   1.86070457   0.75808739  -0.11090903   1.78723852  -1.07440531
  0.26595883   1.03145386  -0.28171286  -0.76247578   1.85812106   0.75929072  -0.11179925   1.78760713  -1.07719539
  0.26936419   1.02460960  -0.28463563  -0.76230897   1.84907574   0.76364819  -0.11412826   1.78822517  -1.08116449
  0.27204769   1.02295274  -0.28469867  -0.76228844   1.84663294   0.76479128  -0.11509667   1.78838095  -1.08407859
  0.27543874   1.01596590  -0.28760923  -0.76208247   1.83778059   0.76909660  -0.11754206   1.78876304  -1.08808891
  0.27810043   1.01406504  -0.28773743  -0.76203585   1.83533704   0.77025586  -0.11860862   1.78871561  -1.09099654
  0.28147211   1.00659465  -0.29077566  -0.76178778   1.82622026   0.77465778  -0.12117321   1.78883841  -1.09502739
  0.28407901   1.00454947  -0.29097898  -0.76169385   1.82394537   0.77585437  -0.12238820   1.78865663  -1.09790887
  0.28749455   0.99696691  -0.29398754  -0.76141334   1.81502659   0.78022516  -0.12509970   1.78857409  -1.10208324
  0.29004056   0.99174616  -0.29573415  -0.76116314   1.80947881   0.78293201  -0.12699489   1.78805538  -1.10504804
  0.29304626   0.98963309  -0.29585341  -0.76108226   1.80714901   0.78418399  -0.12841271   1.78779497  -1.10844596
  0.29639734   0.98141160  -0.29906220  -0.76071234   1.79795357   0.78873670  -0.13135192   1.78740519  -1.11264449
  0.29890230   0.97620000  -0.30071634  -0.76040074   1.79286553   0.79128025  -0.13337204   1.78656316  -1.11560354
  0.30195434   0.97384228  -0.30082740  -0.76032751   1.79056854   0.79255708  -0.13489959   1.78608279  -1.11915100
  0.30523627   0.96522630  -0.30411343  -0.75987024   1.78132916   0.79716332  -0.13801474   1.78538262  -1.12335557
  0.30767367   0.95988519  -0.30574646  -0.75949345   1.77651039   0.79965014  -0.14016369   1.78427107  -1.12628926
  0.31062987   0.95433280  -0.30729482  -0.75923220   1.77087228   0.80245536  -0.14230198   1.78349867  -1.12990063
  0.31366204   0.95140352  -0.30762004  -0.75906455   1.76855894   0.80381166  -0.14418936   1.78249589  -1.13353415
  0.31681685   0.94280078  -0.31079891  -0.75849060   1.75977950   0.80825838  -0.14745513   1.78143912  -1.13766864
  0.31956311   0.93804616  -0.31190085  -0.75822127   1.75581387   0.81044332  -0.14961189   1.78022608  -1.14115190
  0.32239692   0.93080538  -0.31432160  -0.75768160   1.74880583   0.81402465  -0.15242796   1.77905203  -1.14477595
  0.32486800   0.92526428  -0.31573772  -0.75728622   1.74416290   0.81645006  -0.15462522   1.77762295  -1.14786839
  0.32801683   0.91928444  -0.31750510  -0.75682515   1.73870410   0.81940375  -0.15748399   1.77630727  -1.15195069
  0.33071360   0.91348228  -0.31896342  -0.75643200   1.73389110   0.82198989  -0.15992504   1.77476598  -1.15548083
  0.33350987   0.90726853  -0.32075299  -0.75590159   1.72838274   0.82487627  -0.16263246   1.77325885  -1.15907162
  0.33619458   0.90130426  -0.32230008  -0.75545041   1.72351082   0.82758012  -0.16523785   1.77166423  -1.16267325
  0.33856920   0.89538314  -0.32376686  -0.75494003   1.71880397   0.83005820  -0.16761145   1.76989829  -1.16571911
  0.34145704   0.89203015  -0.32401793  -0.75468354   1.71684106   0.83133027  -0.16974297   1.76820831  -1.16933499
  0.34414665   0.88293584  -0.32703094  -0.75385789   1.70839531   0.83567703  -0.17316902   1.76643893  -1.17316491
  0.34643259   0.87797264  -0.32803270  -0.75335998   1.70529169   0.83752739  -0.17555811   1.76432177  -1.17616647
  0.34909859   0.87082520  -0.33005354  -0.75270530   1.69908346   0.84084989  -0.17852575   1.76258113  -1.17985926
  0.35162969   0.86498124  -0.33139164  -0.75216158   1.69465362   0.84332076  -0.18115973   1.76062642  -1.18329284
  0.35417956   0.85887472  -0.33285964  -0.75155871   1.68994563   0.84594312  -0.18392816   1.75863018  -1.18678322
  0.35664921   0.85301756  -0.33415254  -0.75099753   1.68561823   0.84838558  -0.18658250   1.75658093  -1.19019771
  0.35914117   0.84696470  -0.33555146  -0.75037161   1.68105595   0.85094534  -0.18935419   1.75449988  -1.19364153
  0.36154981   0.84115648  -0.33678149  -0.74979078   1.67686872   0.85333188  -0.19201203   1.75237176  -1.19701156
  0.36397448   0.83518095  -0.33810362  -0.74914831   1.67247146   0.85582066  -0.19477289   1.75021769  -1.20039966
  0.36628009   0.83068785  -0.33867879  -0.74869229   1.66999494   0.85739302  -0.19710473   1.74793199  -1.20353368
  0.36859991   0.82440299  -0.34011616  -0.74795756   1.66547394   0.85995101  -0.20000147   1.74556346  -1.20684198
  0.37117968   0.81796255  -0.34154603  -0.74735406   1.66018269   0.86289883  -0.20284353   1.74368412  -1.21066597
  0.37339206   0.81472266  -0.34162328  -0.74693992   1.65902366   0.86383880  -0.20488194   1.74150075  -1.21345175
  0.37570257   0.80666097  -0.34379094  -0.74601913   1.65240197   0.86744944  -0.20825430   1.73916170  -1.21714151
  0.37780379   0.80337379  -0.34382580  -0.74561920   1.65121330   0.86834124  -0.21019202   1.73690817  -1.21978813
  0.38003960   0.79556939  -0.34584641  -0.74470767   1.64488980   0.87181933  -0.21349574   1.73456190  -1.22341794
  0.38208506   0.79235188  -0.34584098  -0.74430734   1.64380196   0.87267139  -0.21541406   1.73229027  -1.22601306
  0.38423520   0.78478500  -0.34773216  -0.74339541   1.63774931   0.87601205  -0.21864574   1.72992373  -1.22954343
  0.38621399   0.78164027  -0.34769659  -0.74299420   1.63673841   0.87682851  -0.22053409   1.72765238  -1.23206843
  0.38827610   0.77432120  -0.34946310  -0.74208590   1.63095004   0.88003274  -0.22368479   1.72528272  -1.23549154
  0.39018573   0.77126250  -0.34939830  -0.74168654   1.63001499   0.88081181  -0.22553542   1.72302502  -1.23794123
  0.39215394   0.76705298  -0.34977966  -0.74116171   1.62785138   0.88220876  -0.22776072   1.72064368  -1.24072001
  0.39406423   0.75941805  -0.35171128  -0.74016853   1.62160635   0.88565092  -0.23099809   1.71833830  -1.24410161
  0.39561635   0.75691509  -0.35155813  -0.73974716   1.62096154   0.88617525  -0.23246077   1.71638000  -1.24584164
  0.39788324   0.75263124  -0.35175841  -0.73935258   1.61893685   0.88757683  -0.23489409   1.71370885  -1.24931426
  0.39928328   0.74565848  -0.35361718  -0.73823742   1.61320906   0.89069175  -0.23776411   1.71167507  -1.25174573
  0.40111285   0.74268782  -0.35350411  -0.73790834   1.61221330   0.89150923  -0.23956356   1.70950261  -1.25428073
  0.40284911   0.73713726  -0.35444545  -0.73722052   1.60835314   0.89371489  -0.24208536   1.70716389  -1.25719636
  0.40444820   0.73411862  -0.35454199  -0.73673637   1.60708963   0.89463225  -0.24387765   1.70517540  -1.25931143
  0.40606010   0.72856926  -0.35554641  -0.73601010   1.60309859   0.89690085  -0.24637254   1.70295506  -1.26209692
  0.40760792   0.72570335  -0.35554427  -0.73560557   1.60195562   0.89773758  -0.24803725   1.70100458  -1.26419788
  0.40908855   0.72081112  -0.35642606  -0.73486623   1.59856051   0.89973797  -0.25039450   1.69895482  -1.26667797
  0.41034152   0.71853421  -0.35633521  -0.73447803   1.59777971   0.90030107  -0.25168779   1.69729624  -1.26817369
  0.41189623   0.71514197  -0.35651921  -0.73405438   1.59609004   0.90146046  -0.25356909   1.69527533  -1.27058504
  0.41323476   0.70965198  -0.35760501  -0.73329756   1.59177728   0.90378363  -0.25588891   1.69329956  -1.27305125
  0.41479796   0.70836925  -0.35713889  -0.73312983   1.59180118   0.90404454  -0.25708295   1.69188651  -1.27497846
  0.41579755   0.70284685  -0.35833208  -0.73227099   1.58766426   0.90629717  -0.25937997   1.68981787  -1.27701004
  0.41686258   0.70117472  -0.35816723  -0.73193991   1.58722906   0.90665890  -0.26043351   1.68844834  -1.27820371
  0.41814578   0.69840107  -0.35824002  -0.73161174   1.58601349   0.90758969  -0.26203295   1.68668141  -1.28029727
  0.41926226   0.69609415  -0.35832310  -0.73117391   1.58484146   0.90828111  -0.26334428   1.68519112  -1.28169537
  0.42036027   0.69271616  -0.35867194  -0.73078213   1.58278906   0.90957873  -0.26496828   1.68354255  -1.28371987
  0.42152602   0.69004847  -0.35884943  -0.73036498   1.58119933   0.91054466  -0.26640494   1.68209036  -1.28542842
  0.42254485   0.68726023  -0.35909750  -0.72995227   1.57949403   0.91154826  -0.26779814   1.68062877  -1.28702813
  0.42361887   0.68538457  -0.35907559  -0.72965246   1.57875124   0.91216866  -0.26904647   1.67931769  -1.28859609
  0.42449199   0.68299974  -0.35923701  -0.72927282   1.57744981   0.91296720  -0.27025770   1.67796506  -1.28991706
  0.42532566   0.68069929  -0.35942665  -0.72889713   1.57605350   0.91378690  -0.27140253   1.67676264  -1.29116553
  0.42603320   0.67844738  -0.35963066  -0.72850915   1.57460094   0.91455931  -0.27240071   1.67564927  -1.29214734
  0.42673235   0.67627555  -0.35981398  -0.72823580   1.57340944   0.91536580  -0.27349725   1.67449627  -1.29346623
  0.42781914   0.67459770  -0.35972650  -0.72802022   1.57261166   0.91596570  -0.27460362   1.67337198  -1.29506538
  0.42840833   0.67244123  -0.35999460  -0.72762786   1.57130814   0.91676192  -0.27565284   1.67231649  -1.29603925
  0.42928649   0.67024762  -0.36016764  -0.72731521   1.56982068   0.91759333  -0.27677925   1.67119016  -1.29743763
  0.42968166   0.66881288  -0.36028168  -0.72705558   1.56894746   0.91807658  -0.27738147   1.67049501  -1.29797627
  0.43112944   0.66759592  -0.35988993  -0.72702087   1.56873215   0.91847369  -0.27856560   1.66924128  -1.30014867
  0.43135535   0.66568781  -0.36015710  -0.72661986   1.56803271   0.91907143  -0.27949997   1.66814070  -1.30069970
  0.43168751   0.66565765  -0.36002447  -0.72649332   1.56779097   0.91892129  -0.27948393   1.66798751  -1.30057169
  0.43279608   0.66429105  -0.35971843  -0.72657567   1.56735993   0.91935542  -0.28042356   1.66680376  -1.30253256
  0.43294572   0.66012580  -0.36094485  -0.72569614   1.56363830   0.92130245  -0.28197872   1.66584124  -1.30329731
  0.43294572   0.66012580  -0.36094485  -0.72569614   1.56363830   0.92130245  -0.28197872   1.66584124  -1.30329731
  0.43403252   0.65844799  -0.36074502  -0.72546288   1.56304184   0.92174635  -0.28306039   1.66448843  -1.30478182
  0.43403252   0.65844799  -0.36074502  -0.72546288   1.56304184   0.92174635  -0.28306039   1.66448843  -1.30478182
  0.43483782   0.65676861  -0.36068396  -0.72514893   1.56234484   0.92221141  -0.28401335   1.66331327  -1.30582040
  0.43483782   0.65676861  -0.36068396  -0.72514893   1.56234484   0.92221141  -0.28401335   1.66331327  -1.30582040
  0.43574066   0.65452482  -0.36076429  -0.72487134   1.56108966   0.92302716  -0.28522668   1.66201125  -1.30740308
  0.43574066   0.65452482  -0.36076429  -0.72487134   1.56108966   0.92302716  -0.28522668   1.66201125  -1.30740308
  0.43655959   0.65310452  -0.36073068  -0.72460927   1.56048724   0.92351379  -0.28621203   1.66100943  -1.30859875
  0.43655959   0.65310452  -0.36073068  -0.72460927   1.56048724   0.92351379  -0.28621203   1.66100943  -1.30859875
  0.43748161   0.65169341  -0.36065478  -0.72437238   1.55986416   0.92394754  -0.28723044   1.65989261  -1.30991705
  0.43748161   0.65169341  -0.36065478  -0.72437238   1.55986416   0.92394754  -0.28723044   1.65989261  -1.30991705
  0.43759272   0.65140118  -0.36041957  -0.72436591   1.55991728   0.92405457  -0.28709450   1.65995396  -1.30987689
  0.43789242   0.65065349  -0.36050938  -0.72432020   1.55947496   0.92421333  -0.28760748   1.65922313  -1.31055608
  0.43789242   0.65065349  -0.36050938  -0.72432020   1.55947496   0.92421333  -0.28760748   1.65922313  -1.31055608
  0.43809690   0.64865379  -0.36095315  -0.72383565   1.55792811   0.92505792  -0.28841447   1.65860055  -1.31092637
  0.43809690   0.64865379  -0.36095315  -0.72383565   1.55792811   0.92505792  -0.28841447   1.65860055  -1.31092637
  0.43900043   0.64770063  -0.36077048  -0.72382784   1.55750717   0.92543928  -0.28921501   1.65780619  -1.31243452
  0.43900043   0.64770063  -0.36077048  -0.72382784   1.55750717   0.92543928  -0.28921501   1.65780619  -1.31243452
  0.43900043   0.64770063  -0.36077048  -0.72382784   1.55750717   0.92543928  -0.28921501   1.65780619  -1.31243452
  0.43900043   0.64770063  -0.36077048  -0.72382784   1.55750717   0.92543928  -0.28921501   1.65780619  -1.31243452
  0.43900043   0.64770063  -0.36077048  -0.72382784   1.55750717   0.92543928  -0.28921501   1.65780619  -1.31243452
  0.43934649   0.64630132  -0.36072797  -0.72368499   1.55699521   0.92571316  -0.28976476   1.65677140  -1.31303947
  0.43934649   0.64630132  -0.36072797  -0.72368499   1.55699521   0.92571316  -0.28976476   1.65677140  -1.31303947
  0.43934649   0.64630132  -0.36072797  -0.72368499   1.55699521   0.92571316  -0.28976476   1.65677140  -1.31303947
  0.43955025   0.64630729  -0.36072737  -0.72347492   1.55692797   0.92571629  -0.28990359   1.65679321  -1.31290128
  0.43955025   0.64630729  -0.36072737  -0.72347492   1.55692797   0.92571629  -0.28990359   1.65679321  -1.31290128
  0.43955025   0.64630729  -0.36072737  -0.72347492   1.55692797   0.92571629  -0.28990359   1.65679321  -1.31290128
  0.43955025   0.64630729  -0.36072737  -0.72347492   1.55692797   0.92571629  -0.28990359   1.65679321  -1.31290128
  0.43955025   0.64630729  -0.36072737  -0.72347492   1.55692797   0.92571629  -0.28990359   1.65679321  -1.31290128
  0.43955025   0.64630729  -0.36072737  -0.72347492   1.55692797   0.92571629  -0.28990359   1.65679321  -1.31290128
  0.43955025   0.64630729  -0.36072737  -0.72347492   1.55692797   0.92571629  -0.28990359   1.65679321  -1.31290128
  0.43955025   0.64630729  -0.36072737  -0.72347492   1.55692797   0.92571629  -0.28990359   1.65679321  -1.31290128
  0.43955025   0.64630729  -0.36072737  -0.72347492   1.55692797   0.92571629  -0.28990359   1.65679321  -1.31290128
  0.43955025   0.64630729  -0.36072737  -0.72347492   1.55692797   0.92571629  -0.28990359   1.65679321  -1.31290128
  0.43955025   0.64630729  -0.36072737  -0.72347492   1.55692797   0.92571629  -0.28990359   1.65679321  -1.31290128
  0.43955025   0.64630729  -0.36072737  -0.72347492   1.55692797   0.92571629  -0.28990359   1.65679321  -1.31290128
  0.43955025   0.64630729  -0.36072737  -0.72347492   1.55692797   0.92571629  -0.28990359   1.65679321  -1.31290128
  0.43955025   0.64630729  -0.36072737  -0.72347492   1.55692797   0.92571629  -0.28990359   1.65679321  -1.31290128
