  0.41770000   0.46580000  -1.27410000  -0.43300000   2.09290000   0.69140000   0.43860000   1.64320000  -1.13520000
  0.41770000   0.46580000  -1.27410000  -0.43300000   2.09290000   0.69140000   0.43860000   1.64320000  -1.13520000
  0.41770000   0.46580000  -1.27410000  -0.43300000   2.09290000   0.69140000   0.43860000   1.64320000  -1.13520000
  0.41770000   0.46580000  -1.27410000  -0.43300000   2.09290000   0.69140000   0.43860000   1.64320000  -1.13520000
  0.41770000   0.46580000  -1.27410000  -0.43300000   2.09290000   0.69140000   0.43860000   1.64320000  -1.13520000
  0.41770000   0.46580000  -1.27410000  -0.43300000   2.09290000   0.69140000   0.43860000   1.64320000  -1.13520000
  0.41770000   0.46580000  -1.27410000  -0.43300000   2.09290000   0.69140000   0.43860000   1.64320000  -1.13520000
  0.41770000   0.46580000  -1.27410000  -0.43300000   2.09290000   0.69140000   0.43860000   1.64320000  -1.13520000
  0.41770000   0.46580000  -1.27410000  -0.43300000   2.09290000   0.69140000   0.43860000   1.64320000  -1.13520000
  0.41770000   0.46580000  -1.27410000  -0.43300000   2.09290000   0.69140000   0.43860000   1.64320000  -1.13520000
  0.41770000   0.46580000  -1.27410000  -0.43300000   2.09290000   0.69140000   0.43860000   1.64320000  -1.13520000
  0.41770000   0.46580000  -1.27410000  -0.43300000   2.09290000   0.69140000   0.43860000   1.64320000  -1.13520000
  0.41770000   0.46580000  -1.27410000  -0.43300000   2.09290000   0.69140000   0.43860000   1.64320000  -1.13520000
  0.41770000   0.46580000  -1.27410000  -0.43300000   2.09290000   0.69140000   0.43860000   1.64320000  -1.13520000
  0.41770000   0.46580000  -1.27410000  -0.43300000   2.09290000   0.69140000   0.43860000   1.64320000  -1.13520000
  0.41770000   0.46580000  -1.27410000  -0.43300000   2.09290000   0.69140000   0.43860000   1.64320000  -1.13520000
  0.41891767   0.46585052  -1.27356901  -0.43285070   2.09266682   0.69134256   0.43848469   1.64343216  -1.13695746
  0.41891767   0.46585052  -1.27356901  -0.43285070   2.09266682   0.69134256   0.43848469   1.64343216  -1.13695746
  0.41891767   0.46585052  -1.27356901  -0.43285070   2.09266682   0.69134256   0.43848469   1.64343216  -1.13695746
  0.41913627   0.46593069  -1.27358460  -0.43262070   2.09267101   0.69140867   0.43835287   1.64341543  -1.13681386
  0.41913627   0.46593069  -1.27358460  -0.43262070   2.09267101   0.69140867   0.43835287   1.64341543  -1.13681386
  0.41913627   0.46593069  -1.27358460  -0.43262070   2.09267101   0.69140867   0.43835287   1.64341543  -1.13681386
  0.42017848   0.46558874  -1.27331035  -0.43232914   2.09187743   0.69158713   0.43816764   1.64371980  -1.13862725
  0.42037939   0.46552995  -1.27326784  -0.43214425   2.09196288   0.69176582   0.43807398   1.64378870  -1.13846042
  0.42037939   0.46552995  -1.27326784  -0.43214425   2.09196288   0.69176582   0.43807398   1.64378870  -1.13846042
  0.42037939   0.46552995  -1.27326784  -0.43214425   2.09196288   0.69176582   0.43807398   1.64378870  -1.13846042
  0.42298148   0.45686602  -1.27605017  -0.42784556   2.08434590   0.69690057   0.43501454   1.64291387  -1.14309606
  0.42298148   0.45686602  -1.27605017  -0.42784556   2.08434590   0.69690057   0.43501454   1.64291387  -1.14309606
  0.42406054   0.45678359  -1.27563939  -0.42772755   2.08427058   0.69686535   0.43481186   1.64289763  -1.14466894
  0.42406054   0.45678359  -1.27563939  -0.42772755   2.08427058   0.69686535   0.43481186   1.64289763  -1.14466894
  0.42474428   0.45581234  -1.27587928  -0.42692478   2.08312293   0.69762913   0.43435802   1.64305120  -1.14538766
  0.42474428   0.45581234  -1.27587928  -0.42692478   2.08312293   0.69762913   0.43435802   1.64305120  -1.14538766
  0.42702645   0.44952313  -1.27761596  -0.42367811   2.07759460   0.70138153   0.43213634   1.64241571  -1.14924773
  0.42702645   0.44952313  -1.27761596  -0.42367811   2.07759460   0.70138153   0.43213634   1.64241571  -1.14924773
  0.42848502   0.44967120  -1.27717088  -0.42344216   2.07753183   0.70131948   0.43170234   1.64247164  -1.15123655
  0.42848502   0.44967120  -1.27717088  -0.42344216   2.07753183   0.70131948   0.43170234   1.64247164  -1.15123655
  0.43052609   0.44354063  -1.27887113  -0.42009778   2.07192285   0.70515185   0.42964036   1.64209683  -1.15454967
  0.43170037   0.44361230  -1.27849077  -0.41991622   2.07193181   0.70500930   0.42933661   1.64190048  -1.15610696
  0.43170037   0.44361230  -1.27849077  -0.41991622   2.07193181   0.70500930   0.42933661   1.64190048  -1.15610696
  0.43319390   0.44345042  -1.27805026  -0.41947392   2.07143838   0.70522912   0.42895570   1.64220099  -1.15808176
  0.43319390   0.44345042  -1.27805026  -0.41947392   2.07143838   0.70522912   0.42895570   1.64220099  -1.15808176
  0.43642602   0.43391504  -1.28064146  -0.41451418   2.06308718   0.71107979   0.42552641   1.64133132  -1.16398580
  0.43674876   0.43390659  -1.28049624  -0.41429884   2.06314868   0.71114949   0.42551227   1.64130127  -1.16389672
  0.43815682   0.43382143  -1.27993404  -0.41406760   2.06274321   0.71106162   0.42534529   1.64131768  -1.16601648
  0.43815682   0.43382143  -1.27993404  -0.41406760   2.06274321   0.71106162   0.42534529   1.64131768  -1.16601648
  0.44171724   0.42400067  -1.28259918  -0.40868855   2.05401263   0.71727538   0.42152389   1.64043530  -1.17249428
  0.44286072   0.42387891  -1.28210713  -0.40847729   2.05380164   0.71717924   0.42142775   1.64026659  -1.17403464
  0.44384637   0.42292841  -1.28221664  -0.40764856   2.05256425   0.71798541   0.42083939   1.64053803  -1.17546783
  0.44573279   0.41637893  -1.28402775  -0.40406645   2.04697005   0.72211561   0.41846653   1.63970787  -1.17894775
  0.44739734   0.41644804  -1.28332454  -0.40389086   2.04686836   0.72194478   0.41819339   1.63963793  -1.18134513
  0.44905932   0.41067136  -1.28492021  -0.40056379   2.04161002   0.72575903   0.41609196   1.63921115  -1.18446610
  0.45058904   0.41069288  -1.28429483  -0.40036311   2.04155366   0.72566102   0.41579556   1.63912937  -1.18658849
  0.45189448   0.40842569  -1.28479577  -0.39872292   2.03898968   0.72731450   0.41474092   1.63923740  -1.18873267
  0.45419339   0.40192728  -1.28618112  -0.39514764   2.03351059   0.73124608   0.41245523   1.63810014  -1.19303067
  0.45555236   0.40118597  -1.28603460  -0.39441268   2.03261271   0.73185072   0.41179785   1.63817670  -1.19501045
  0.45794970   0.39593623  -1.28702412  -0.39131194   2.02790000   0.73521541   0.40965784   1.63752137  -1.19945868
  0.45908482   0.39526780  -1.28682214  -0.39061877   2.02702069   0.73572835   0.40926483   1.63760326  -1.20094358
  0.46173765   0.38947899  -1.28786080  -0.38716026   2.02179349   0.73944028   0.40691015   1.63683164  -1.20593751
  0.46291212   0.38874790  -1.28767697  -0.38639681   2.02083019   0.73999885   0.40647350   1.63688248  -1.20748166
  0.46568579   0.38266852  -1.28870956  -0.38273419   2.01533849   0.74391268   0.40400443   1.63603465  -1.21279424
  0.46690994   0.38188178  -1.28851477  -0.38191845   2.01431715   0.74452016   0.40353879   1.63608406  -1.21441507
  0.46978380   0.37552608  -1.28955231  -0.37804065   2.00856842   0.74864107   0.40094332   1.63515438  -1.22001131
  0.47107655   0.37473439  -1.28932203  -0.37719280   2.00751417   0.74925660   0.40046407   1.63519879  -1.22173245
  0.47404262   0.36818208  -1.29032319  -0.37313844   2.00155704   0.75353509   0.39778435   1.63421149  -1.22759581
  0.47539020   0.36735224  -1.29007071  -0.37224509   2.00045565   0.75418655   0.39728147   1.63425188  -1.22940222
  0.47844541   0.36055434  -1.29105337  -0.36798053   1.99425773   0.75865892   0.39448938   1.63318267  -1.23554666
  0.47985931   0.35972027  -1.29076257  -0.36705551   1.99312603   0.75931942   0.39397366   1.63321740  -1.23745137
  0.48299632   0.35274575  -1.29169408  -0.36261368   1.98673096   0.76394366   0.39110196   1.63208534  -1.24386055
  0.48446922   0.35188766  -1.29137146  -0.36164882   1.98556014   0.76462988   0.39056754   1.63211480  -1.24585726
  0.48768369   0.34470033  -1.29226162  -0.35700341   1.97894102   0.76943250   0.38759950   1.63090113  -1.25254021
  0.48922002   0.34383874  -1.29189858  -0.35600738   1.97774215   0.77012863   0.38705298   1.63092413  -1.25463202
  0.49250652   0.33648473  -1.29272569  -0.35117938   1.97092837   0.77508266   0.38400843   1.62963998  -1.26157889
  0.49410467   0.33561514  -1.29232175  -0.35015113   1.96970077   0.77579294   0.38344908   1.62965700  -1.26376534
  0.49745765   0.32808362  -1.29308568  -0.34512869   1.96268112   0.78090786   0.38032471   1.62829327  -1.27097663
  0.49911827   0.32721694  -1.29263669  -0.34407346   1.96143175   0.78162422   0.37975627   1.62830376  -1.27325622
  0.50233796   0.31802670  -1.29376453  -0.33800308   1.95297897   0.78778922   0.37629343   1.62641244  -1.28073604
  0.50453883   0.31789949  -1.29289761  -0.33737666   1.95241641   0.78801632   0.37567230   1.62649181  -1.28384273
  0.50758709   0.30983034  -1.29375931  -0.33170574   1.94445472   0.79370717   0.37257378   1.62525695  -1.29079795
  0.50950487   0.30927014  -1.29304950  -0.33087920   1.94366748   0.79412859   0.37201647   1.62506650  -1.29342742
  0.51287070   0.30092254  -1.29380183  -0.32504241   1.93578499   0.80001233   0.36849630   1.62342520  -1.30128590
  0.51520896   0.30009707  -1.29291635  -0.32394928   1.93445526   0.80064634   0.36787230   1.62335200  -1.30472149
  0.51848465   0.29331643  -1.29318039  -0.31896880   1.92775503   0.80552381   0.36493264   1.62211651  -1.31199887
  0.52110399   0.28787926  -1.29329365  -0.31486420   1.92233676   0.80936403   0.36276413   1.62094425  -1.31752749
  0.52322441   0.28738312  -1.29245314  -0.31395700   1.92138318   0.80986169   0.36216968   1.62097157  -1.32048986
  0.52688085   0.27982105  -1.29252104  -0.30835945   1.91384660   0.81527980   0.35900787   1.61946640  -1.32883938
  0.52964123   0.27508243  -1.29233477  -0.30462074   1.90909082   0.81865159   0.35690825   1.61823631  -1.33453825
  0.53247067   0.27082013  -1.29199528  -0.30108383   1.90453887   0.82184219   0.35492806   1.61740347  -1.34021498
  0.53541480   0.26610271  -1.29159510  -0.29726081   1.89955206   0.82528181   0.35292244   1.61638869  -1.34624990
  0.53824530   0.26200581  -1.29117057  -0.29372491   1.89494666   0.82845596   0.35101685   1.61575147  -1.35191692
  0.54130419   0.25741323  -1.29060602  -0.29001344   1.89027028   0.83175112   0.34896294   1.61448497  -1.35820841
  0.54421364   0.25303054  -1.29012752  -0.28627036   1.88548984   0.83508615   0.34693878   1.61357021  -1.36418781
  0.54727768   0.24841474  -1.28951144  -0.28237839   1.88045729   0.83850984   0.34496460   1.61251356  -1.37049258
  0.55022284   0.24404528  -1.28894257  -0.27853720   1.87546622   0.84191689   0.34301411   1.61175412  -1.37654094
  0.55335643   0.23981767  -1.28816440  -0.27494398   1.87104598   0.84504169   0.34099225   1.61051134  -1.38295131
  0.55646705   0.23537614  -1.28743345  -0.27101890   1.86597581   0.84842828   0.33905043   1.60952006  -1.38933590
  0.55954830   0.23106213  -1.28667048  -0.26720859   1.86118446   0.85175185   0.33704562   1.60848455  -1.39570598
  0.56275028   0.22662559  -1.28580043  -0.26326471   1.85611610   0.85512990   0.33512390   1.60741390  -1.40228846
  0.56585967   0.22226736  -1.28497303  -0.25935963   1.85122083   0.85852242   0.33309988   1.60634511  -1.40877814
  0.56914720   0.21805184  -1.28396136  -0.25550754   1.84626905   0.86176462   0.33125168   1.60530342  -1.41544286
  0.57231866   0.21373726  -1.28303487  -0.25156677   1.84132673   0.86515139   0.32925217   1.60422017  -1.42205048
  0.57566438   0.20957348  -1.28192698  -0.24769604   1.83635712   0.86838216   0.32742325   1.60316158  -1.42882546
  0.57890345   0.20532981  -1.28089328  -0.24374759   1.83139926   0.87173952   0.32545996   1.60206958  -1.43554419
  0.58230594   0.20122300  -1.27969276  -0.23986358   1.82641477   0.87495549   0.32365214   1.60099795  -1.44242013
  0.58561582   0.19705801  -1.27855170  -0.23591678   1.82144773   0.87827575   0.32173009   1.59989979  -1.44924488
  0.58907478   0.19301313  -1.27726099  -0.23202639   1.81645382   0.88147275   0.31994536   1.59881770  -1.45621418
  0.59245775   0.18893088  -1.27601391  -0.22808818   1.81148108   0.88475124   0.31806799   1.59771534  -1.46314014
  0.59597355   0.18495704  -1.27463495  -0.22420158   1.80648726   0.88792187   0.31630938   1.59662655  -1.47019395
  0.59943177   0.18096096  -1.27328378  -0.22027851   1.80151182   0.89115449   0.31447968   1.59552200  -1.47721621
  0.60300476   0.17706588  -1.27181891  -0.21640526   1.79652676   0.89429212   0.31274982   1.59442993  -1.48434598
  0.60653997   0.17315965  -1.27036614  -0.21250428   1.79155256   0.89747479   0.31097024   1.59332536  -1.49145898
  0.61017082   0.16934951  -1.26881788  -0.20865302   1.78658343   0.90057363   0.30927167   1.59223300  -1.49865694
  0.61378403   0.16553818  -1.26726666  -0.20478229   1.78161678   0.90370158   0.30754404   1.59113110  -1.50585363
  0.61747406   0.16181753  -1.26563735  -0.20096060   1.77666867   0.90675666   0.30587951   1.59004101  -1.51311337
  0.62116521   0.15810786  -1.26399172  -0.19712974   1.77171898   0.90982424   0.30420478   1.58894499  -1.52038465
  0.62491668   0.15448089  -1.26228327  -0.19334494   1.76679583   0.91283046   0.30257764   1.58785970  -1.52770090
  0.62868452   0.15087985  -1.26054822  -0.18956388   1.76187411   0.91583216   0.30095568   1.58677285  -1.53503621
  0.63250038   0.14735202  -1.25876220  -0.18582428   1.75698080   0.91878328   0.29936979   1.58569528  -1.54240383
  0.63634283   0.14386462  -1.25694340  -0.18210152   1.75209681   0.92171508   0.29779957   1.58462041  -1.54979257
  0.64022579   0.14044270  -1.25508166  -0.17841660   1.74724023   0.92460395   0.29625853   1.58355386  -1.55720559
  0.64414070   0.13707180  -1.25318485  -0.17475896   1.74240141   0.92746323   0.29473881   1.58249321  -1.56463813
  0.64809237   0.13376245  -1.25125008  -0.17113827   1.73758969   0.93028307   0.29324511   1.58144088  -1.57208956
  0.65207799   0.13051021  -1.24928060  -0.16755192   1.73280231   0.93306741   0.29177507   1.58039655  -1.57955719
  0.65609869   0.12731885  -1.24727642  -0.16400412   1.72804360   0.93581264   0.29032993   1.57936126  -1.58703928
  0.65975698   0.12676856  -1.24533184  -0.16266061   1.72621072   0.93650820   0.28965900   1.57923641  -1.59231753
  0.66441840   0.12145221  -1.24308399  -0.15724756   1.71874354   0.94099325   0.28760113   1.57765166  -1.60215576
  0.66810961   0.11817293  -1.24127347  -0.15357866   1.71366640   0.94386284   0.28639571   1.57678643  -1.60892838
  0.67228377   0.11780800  -1.23896736  -0.15244103   1.71229256   0.94427806   0.28552104   1.57615529  -1.61505055
  0.67667973   0.11256655  -1.23688367  -0.14700276   1.70477017   0.94887113   0.28347042   1.57479886  -1.62441874
  0.68076923   0.10934884  -1.23474155  -0.14346943   1.69976430   0.95159433   0.28235089   1.57371147  -1.63177263
  0.68497113   0.10914053  -1.23242237  -0.14243478   1.69847893   0.95190074   0.28153039   1.57312149  -1.63778877
  0.68942704   0.10427415  -1.23026648  -0.13726925   1.69118707   0.95624854   0.27964876   1.57192200  -1.64697112
  0.69345380   0.10393985  -1.22801849  -0.13619470   1.68972834   0.95660854   0.27904559   1.57135844  -1.65258901
  0.69830109   0.09946507  -1.22557913  -0.13136411   1.68277935   0.96057490   0.27727633   1.57005641  -1.66214425
  0.70226427   0.09681185  -1.22352919  -0.12821480   1.67816524   0.96297951   0.27633964   1.56932316  -1.66886466
  0.70664340   0.09662096  -1.22108607  -0.12721793   1.67688846   0.96328058   0.27547787   1.56866871  -1.67513989
  0.71144724   0.09230825  -1.21867114  -0.12249783   1.67001729   0.96718665   0.27376280   1.56747152  -1.68448954
  0.71556981   0.08982943  -1.21649876  -0.11952574   1.66555400   0.96943274   0.27290520   1.56670886  -1.69131125
  0.72001821   0.08973366  -1.21401235  -0.11861477   1.66434511   0.96965910   0.27206838   1.56605397  -1.69760319
  0.72487102   0.08574763  -1.21156205  -0.11415844   1.65772355   0.97334259   0.27046478   1.56497620  -1.70677532
  0.72910800   0.08345541  -1.20931592  -0.11135393   1.65340780   0.97545092   0.26965608   1.56424008  -1.71363459
  0.73360547   0.08345863  -1.20679994  -0.11053567   1.65228893   0.97559625   0.26884166   1.56357873  -1.71990638
  0.73849815   0.07981626  -1.20432606  -0.10636723   1.64595509   0.97903744   0.26734776   1.56262701  -1.72887337
  0.74284051   0.07770961  -1.20201648  -0.10373354   1.64179459   0.98100843   0.26658075   1.56192124  -1.73575809
  0.74737439   0.07781290  -1.19948066  -0.10301107   1.64077296   0.98107061   0.26578858   1.56125553  -1.74198943
  0.75229115   0.07451610  -1.19699815  -0.09914017   1.63474889   0.98426356   0.26439841   1.56043483  -1.75072536
  0.75638204   0.07484464  -1.19472080  -0.09864585   1.63406516   0.98413570   0.26381609   1.55993646  -1.75596636
  0.76165558   0.07173042  -1.19207082  -0.09493701   1.62762868   0.98718555   0.26292359   1.55952129  -1.76480507
  0.76558553   0.07190772  -1.18981217  -0.09443619   1.62718642   0.98715482   0.26212940   1.55880597  -1.77005644
  0.77096391   0.06849233  -1.18707457  -0.09048117   1.62081061   0.99043502   0.26072013   1.55783087  -1.77951323
  0.77499792   0.06887980  -1.18485674  -0.09002177   1.62017757   0.99025826   0.26014072   1.55729647  -1.78457362
  0.78036311   0.06633478  -1.18216343  -0.08681970   1.61438365   0.99286321   0.25931552   1.55698786  -1.79318964
  0.78450489   0.06627652  -1.17983107  -0.08607559   1.61343920   0.99305965   0.25847958   1.55623852  -1.79885104
  0.78969164   0.06298612  -1.17715203  -0.08239096   1.60735546   0.99614905   0.25728606   1.55518387  -1.80776069
  0.79368875   0.06355759  -1.17497928  -0.08207341   1.60691807   0.99587433   0.25667497   1.55476735  -1.81267913
  0.79913137   0.06145424  -1.17221960  -0.07929315   1.60186139   0.99812868   0.25568818   1.55437562  -1.82129025
  0.80313420   0.06193907  -1.17000361  -0.07898532   1.60144364   0.99788715   0.25505969   1.55386100  -1.82629731
  0.80849403   0.06035804  -1.16732670  -0.07663919   1.59685166   0.99971429   0.25432523   1.55373093  -1.83432568
  0.81274104   0.06042186  -1.16496366  -0.07601473   1.59589042   0.99981516   0.25358634   1.55305361  -1.83997822
  0.81728331   0.06034848  -1.16261065  -0.07507242   1.59398863   1.00027599   0.25291847   1.55297404  -1.84606087
  0.82254702   0.05722579  -1.15991396  -0.07162392   1.58806012   1.00322488   0.25176467   1.55190448  -1.85488786
  0.82652344   0.05787597  -1.15772828  -0.07146430   1.58782712   1.00285529   0.25115783   1.55143818  -1.85972951
  0.83176253   0.05716685  -1.15512401  -0.06988477   1.58439818   1.00397043   0.25049003   1.55149218  -1.86709392
  0.83568597   0.05749430  -1.15303352  -0.06941043   1.58359552   1.00394104   0.24985572   1.55112020  -1.87200053
  0.84111872   0.05563208  -1.15026031  -0.06701550   1.57903390   1.00592852   0.24887279   1.55057191  -1.88039053
  0.84505947   0.05624796  -1.14807388  -0.06690172   1.57883213   1.00555463   0.24828568   1.55005240  -1.88520300
  0.84933511   0.05679299  -1.14583582  -0.06658529   1.57790943   1.00548981   0.24770578   1.55013239  -1.89055844
  0.85492462   0.05492126  -1.14308460  -0.06411972   1.57291785   1.00754261   0.24684787   1.54976885  -1.89902776
  0.85871364   0.05551785  -1.14102021  -0.06395467   1.57268598   1.00717953   0.24625936   1.54920501  -1.90356967
  0.86293396   0.05608351  -1.13878256  -0.06374082   1.57188669   1.00704968   0.24573609   1.54923283  -1.90881475
  0.86840546   0.05451768  -1.13612536  -0.06150871   1.56733014   1.00882772   0.24484712   1.54882061  -1.91694442
  0.87228299   0.05521048  -1.13397892  -0.06149075   1.56726138   1.00840973   0.24424051   1.54835876  -1.92163696
  0.87643287   0.05588922  -1.13181118  -0.06133685   1.56658551   1.00821690   0.24367592   1.54843479  -1.92673443
  0.88179318   0.05476283  -1.12920047  -0.05955243   1.56258726   1.00964597   0.24294978   1.54829272  -1.93441345
  0.88546821   0.05544703  -1.12721934  -0.05948072   1.56245114   1.00922466   0.24238741   1.54780674  -1.93873904
  0.88953358   0.05612497  -1.12505460  -0.05944213   1.56188404   1.00896394   0.24193776   1.54783194  -1.94367379
  0.89434816   0.05668269  -1.12265618  -0.05903735   1.56045937   1.00893895   0.24130539   1.54789426  -1.94977409
  0.89862577   0.05705032  -1.12046057  -0.05862934   1.55930827   1.00896683   0.24067926   1.54775805  -1.95520499
  0.90299514   0.05743358  -1.11821312  -0.05825520   1.55812530   1.00895517   0.24010722   1.54759152  -1.96072722
  0.90673235   0.05788078  -1.11640625  -0.05779602   1.55705322   1.00901795   0.23947558   1.54769568  -1.96527082
  0.91121903   0.05830978  -1.11400971  -0.05760266   1.55608898   1.00891481   0.23893054   1.54748247  -1.97101118
  0.91497562   0.05878852  -1.11203335  -0.05744287   1.55538413   1.00877121   0.23852676   1.54740232  -1.97551205
  0.91946440   0.05926258  -1.10981267  -0.05703984   1.55404857   1.00880722   0.23784907   1.54745025  -1.98123318
  0.92374323   0.05976028  -1.10758331  -0.05683241   1.55317371   1.00863831   0.23726038   1.54716355  -1.98662997
  0.92767930   0.06014892  -1.10560974  -0.05648331   1.55206990   1.00867214   0.23671734   1.54718033  -1.99150636
  0.93174218   0.06074872  -1.10349977  -0.05636239   1.55140198   1.00843972   0.23614004   1.54698492  -1.99653900
  0.93554795   0.06130530  -1.10159628  -0.05614925   1.55055954   1.00834162   0.23560122   1.54705375  -2.00117048
  0.93910685   0.06199288  -1.09969691  -0.05621423   1.55031324   1.00800769   0.23514186   1.54695811  -2.00541212
  0.94327894   0.06280161  -1.09761503  -0.05615654   1.54958861   1.00771289   0.23456782   1.54702388  -2.01050341
  0.94673350   0.06350431  -1.09580956  -0.05620406   1.54927810   1.00736608   0.23418067   1.54696048  -2.01450980
  0.95088642   0.06437720  -1.09372541  -0.05622072   1.54869120   1.00701627   0.23356347   1.54701658  -2.01962574
  0.95422734   0.06507558  -1.09197366  -0.05630047   1.54841608   1.00666951   0.23322047   1.54699495  -2.02346649
  0.95809345   0.06618675  -1.09000646  -0.05647259   1.54849232   1.00611844   0.23235490   1.54691346  -2.02826817
  0.96167265   0.06705699  -1.08820784  -0.05659230   1.54806169   1.00568287   0.23207358   1.54701831  -2.03231541
  0.96515678   0.06790835  -1.08640729  -0.05674246   1.54788082   1.00531135   0.23155821   1.54714575  -2.03649570
  0.96894261   0.06878789  -1.08450897  -0.05685238   1.54738763   1.00488886   0.23117723   1.54722662  -2.04093759
  0.97213042   0.06958324  -1.08284593  -0.05700542   1.54730608   1.00448970   0.23075763   1.54724780  -2.04463211
  0.97584198   0.07056340  -1.08098574  -0.05717986   1.54701154   1.00400638   0.23028381   1.54733743  -2.04902598
  0.97890056   0.07138676  -1.07938648  -0.05737839   1.54700388   1.00356012   0.22992841   1.54735259  -2.05249370
  0.98231735   0.07241832  -1.07762788  -0.05766303   1.54704769   1.00299175   0.22947046   1.54739356  -2.05646880
  0.98559878   0.07343023  -1.07594811  -0.05794041   1.54708518   1.00244929   0.22903716   1.54748409  -2.06026180
  0.98883714   0.07448598  -1.07430551  -0.05821504   1.54719606   1.00188739   0.22852838   1.54756014  -2.06403137
  0.99188123   0.07549011  -1.07277089  -0.05846891   1.54726950   1.00135293   0.22811569   1.54766666  -2.06747037
  0.99524399   0.07658379  -1.07106174  -0.05882441   1.54726826   1.00075127   0.22776291   1.54782945  -2.07134426
  0.99804983   0.07750972  -1.06959785  -0.05911554   1.54747712   1.00023868   0.22738976   1.54790427  -2.07450362
  1.00096024   0.07850196  -1.06809828  -0.05945256   1.54759348   0.99970611   0.22711728   1.54811815  -2.07771473
  1.00433980   0.07976672  -1.06638689  -0.05989095   1.54785336   0.99894722   0.22662457   1.54813725  -2.08167889
  1.00680208   0.08070994  -1.06520379  -0.06009623   1.54787733   0.99844048   0.22642849   1.54832308  -2.08415023
  1.00984691   0.08181275  -1.06352481  -0.06061618   1.54849734   0.99773380   0.22590046   1.54822484  -2.08783542
  1.01280709   0.08302288  -1.06204912  -0.06103812   1.54872747   0.99707625   0.22555464   1.54849557  -2.09113275
  1.01518823   0.08400803  -1.06088007  -0.06131779   1.54890669   0.99653931   0.22532997   1.54869928  -2.09356429
  1.01792777   0.08514295  -1.05943084  -0.06173563   1.54961241   0.99592981   0.22456206   1.54874009  -2.09699047
  1.02059009   0.08621617  -1.05804123  -0.06220554   1.54988915   0.99521156   0.22450205   1.54879682  -2.09973382
  1.02309168   0.08729136  -1.05674531  -0.06262681   1.55033539   0.99461786   0.22412436   1.54899261  -2.10254999
  1.02575833   0.08850290  -1.05538928  -0.06313406   1.55070656   0.99388815   0.22391859   1.54919988  -2.10541028
  1.02798930   0.08947053  -1.05421666  -0.06352450   1.55115673   0.99331692   0.22364520   1.54931509  -2.10781092
  1.03027530   0.09051705  -1.05303665  -0.06395892   1.55154880   0.99272180   0.22345551   1.54956667  -2.11020154
  1.03252636   0.09161792  -1.05192667  -0.06431322   1.55202552   0.99208491   0.22304862   1.54965214  -2.11264605
  1.03486893   0.09268980  -1.05068593  -0.06480427   1.55254428   0.99141018   0.22280142   1.54973760  -2.11521081
  1.03750105   0.09399888  -1.04930755  -0.06543379   1.55317307   0.99059676   0.22249833   1.54989824  -2.11818400
  1.03987231   0.09492427  -1.04793102  -0.06597844   1.55390938   0.98989919   0.22218035   1.54965751  -2.12097761
  1.04131066   0.09587228  -1.04736515  -0.06610362   1.55410243   0.98956143   0.22193176   1.55024017  -2.12214068
  1.04340921   0.09693454  -1.04626252  -0.06661668   1.55461018   0.98888543   0.22176757   1.55036522  -2.12439539
  1.04574112   0.09819429  -1.04504794  -0.06721062   1.55528488   0.98810337   0.22147041   1.55051040  -2.12698742
  1.04753732   0.09911367  -1.04409951  -0.06761064   1.55582022   0.98755177   0.22124091   1.55062700  -2.12888054
  1.04937784   0.10009681  -1.04313326  -0.06806184   1.55633659   0.98697161   0.22108057   1.55083480  -2.13077840
  1.05155175   0.10133226  -1.04200399  -0.06864803   1.55702928   0.98618293   0.22080502   1.55093058  -2.13317817
  1.05347743   0.10214415  -1.04089173  -0.06910948   1.55769779   0.98558847   0.22052749   1.55075548  -2.13542007
  1.05496642   0.10305135  -1.04019709  -0.06940944   1.55800604   0.98509641   0.22042923   1.55102841  -2.13676435
  1.05625459   0.10390860  -1.03957609  -0.06971146   1.55845012   0.98469628   0.22022467   1.55140349  -2.13798867
  1.05798686   0.10496133  -1.03870691  -0.07019468   1.55894817   0.98400179   0.22009957   1.55147395  -2.13979042
  1.05986572   0.10587022  -1.03763523  -0.07070308   1.55964701   0.98338295   0.21988040   1.55144546  -2.14188332
  1.06138014   0.10692084  -1.03688914  -0.07113387   1.56026166   0.98282795   0.21960082   1.55176026  -2.14346796
  1.06276980   0.10772967  -1.03615315  -0.07149684   1.56080093   0.98234363   0.21939566   1.55186367  -2.14492622
  1.06428827   0.10870857  -1.03536242  -0.07196972   1.56137741   0.98173840   0.21927062   1.55202904  -2.14646822
  1.06594887   0.10961801  -1.03448968  -0.07235582   1.56206283   0.98117982   0.21880381   1.55198161  -2.14849380
  1.06717909   0.11031808  -1.03383756  -0.07269524   1.56245500   0.98074237   0.21872845   1.55208489  -2.14974047
  1.06849735   0.11110963  -1.03316412  -0.07302141   1.56294646   0.98028770   0.21848671   1.55219905  -2.15116155
  1.06969673   0.11180255  -1.03251518  -0.07337775   1.56336403   0.97984073   0.21843469   1.55228509  -2.15236501
  1.07090602   0.11256433  -1.03189674  -0.07370011   1.56384477   0.97940242   0.21822649   1.55240923  -2.15364633
  1.07154309   0.11274963  -1.03154758  -0.07370248   1.56385497   0.97917627   0.21852668   1.55224013  -2.15368636
  1.07272726   0.11365274  -1.03091005  -0.07423957   1.56446226   0.97872987   0.21828293   1.55266556  -2.15522579
  1.07436457   0.11445184  -1.02995118  -0.07474406   1.56514917   0.97813193   0.21806892   1.55251676  -2.15718014
  1.07436457   0.11445184  -1.02995118  -0.07474406   1.56514917   0.97813193   0.21806892   1.55251676  -2.15718014
  1.07592670   0.11549695  -1.02919865  -0.07511746   1.56568325   0.97756411   0.21787669   1.55277819  -2.15863882
  1.07592670   0.11549695  -1.02919865  -0.07511746   1.56568325   0.97756411   0.21787669   1.55277819  -2.15863882
  1.07778389   0.11684639  -1.02824370  -0.07575660   1.56652314   0.97677625   0.21767747   1.55308637  -2.16051193
  1.07778389   0.11684639  -1.02824370  -0.07575660   1.56652314   0.97677625   0.21767747   1.55308637  -2.16051193
  1.07922406   0.11778311  -1.02746629  -0.07620769   1.56718062   0.97620733   0.21754159   1.55323501  -2.16192010
  1.08045866   0.11858062  -1.02682191  -0.07662176   1.56773683   0.97564070   0.21727360   1.55311565  -2.16347867
  1.08045866   0.11858062  -1.02682191  -0.07662176   1.56773683   0.97564070   0.21727360   1.55311565  -2.16347867
  1.08066187   0.11855233  -1.02666747  -0.07654025   1.56785262   0.97570978   0.21727494   1.55317119  -2.16340618
  1.08183172   0.11955789  -1.02610793  -0.07701271   1.56832520   0.97514473   0.21727702   1.55353179  -2.16445954
  1.08283502   0.12018531  -1.02562180  -0.07720280   1.56879575   0.97474395   0.21693179   1.55340828  -2.16560844
  1.08283502   0.12018531  -1.02562180  -0.07720280   1.56879575   0.97474395   0.21693179   1.55340828  -2.16560844
  1.08402246   0.12090234  -1.02495881  -0.07758895   1.56935465   0.97430605   0.21674802   1.55349198  -2.16694858
  1.08402246   0.12090234  -1.02495881  -0.07758895   1.56935465   0.97430605   0.21674802   1.55349198  -2.16694858
  1.08402246   0.12090234  -1.02495881  -0.07758895   1.56935465   0.97430605   0.21674802   1.55349198  -2.16694858
  1.08496887   0.12130979  -1.02430753  -0.07805803   1.56968448   0.97390743   0.21701728   1.55345539  -2.16793614
  1.08515249   0.12147598  -1.02432780  -0.07786564   1.56971323   0.97388428   0.21680704   1.55344949  -2.16788998
  1.08515249   0.12147598  -1.02432780  -0.07786564   1.56971323   0.97388428   0.21680704   1.55344949  -2.16788998
  1.08515249   0.12147598  -1.02432780  -0.07786564   1.56971323   0.97388428   0.21680704   1.55344949  -2.16788998
  1.08658808   0.12228507  -1.02356353  -0.07822398   1.57033762   0.97341017   0.21643018   1.55347247  -2.16961346
  1.08658808   0.12228507  -1.02356353  -0.07822398   1.57033762   0.97341017   0.21643018   1.55347247  -2.16961346
  1.08658808   0.12228507  -1.02356353  -0.07822398   1.57033762   0.97341017   0.21643018   1.55347247  -2.16961346
  1.08658808   0.12228507  -1.02356353  -0.07822398   1.57033762   0.97341017   0.21643018   1.55347247  -2.16961346
  1.08658808   0.12228507  -1.02356353  -0.07822398   1.57033762   0.97341017   0.21643018   1.55347247  -2.16961346
  1.08658808   0.12228507  -1.02356353  -0.07822398   1.57033762   0.97341017   0.21643018   1.55347247  -2.16961346
  1.08658808   0.12228507  -1.02356353  -0.07822398   1.57033762   0.97341017   0.21643018   1.55347247  -2.16961346
  1.08773992   0.12330394  -1.02295298  -0.07880645   1.57091898   0.97285897   0.21647318   1.55394683  -2.17071405
  1.08773992   0.12330394  -1.02295298  -0.07880645   1.57091898   0.97285897   0.21647318   1.55394683  -2.17071405
  1.08773992   0.12330394  -1.02295298  -0.07880645   1.57091898   0.97285897   0.21647318   1.55394683  -2.17071405
  1.08773992   0.12330394  -1.02295298  -0.07880645   1.57091898   0.97285897   0.21647318   1.55394683  -2.17071405
  1.08773992   0.12330394  -1.02295298  -0.07880645   1.57091898   0.97285897   0.21647318   1.55394683  -2.17071405
  1.08773992   0.12330394  -1.02295298  -0.07880645   1.57091898   0.97285897   0.21647318   1.55394683  -2.17071405
  1.08773992   0.12330394  -1.02295298  -0.07880645   1.57091898   0.97285897   0.21647318   1.55394683  -2.17071405
  1.08773992   0.12330394  -1.02295298  -0.07880645   1.57091898   0.97285897   0.21647318   1.55394683  -2.17071405
  1.08773992   0.12330394  -1.02295298  -0.07880645   1.57091898   0.97285897   0.21647318   1.55394683  -2.17071405
  1.08773992   0.12330394  -1.02295298  -0.07880645   1.57091898   0.97285897   0.21647318   1.55394683  -2.17071405
  1.08773992   0.12330394  -1.02295298  -0.07880645   1.57091898   0.97285897   0.21647318   1.55394683  -2.17071405
  1.08773992   0.12330394  -1.02295298  -0.07880645   1.57091898   0.97285897   0.21647318   1.55394683  -2.17071405
  1.08773992   0.12330394  -1.02295298  -0.07880645   1.57091898   0.97285897   0.21647318   1.55394683  -2.17071405
