  0.41770000   0.46580000  -1.27410000  -0.43300000   2.09290000   0.69140000   0.43860000   1.64320000  -1.13520000
  0.41770000   0.46580000  -1.27410000  -0.43300000   2.09290000   0.69140000   0.43860000   1.64320000  -1.13520000
  0.41770000   0.46580000  -1.27410000  -0.43300000   2.09290000   0.69140000   0.43860000   1.64320000  -1.13520000
  0.41770000   0.46580000  -1.27410000  -0.43300000   2.09290000   0.69140000   0.43860000   1.64320000  -1.13520000
  0.41770000   0.46580000  -1.27410000  -0.43300000   2.09290000   0.69140000   0.43860000   1.64320000  -1.13520000
  0.41770000   0.46580000  -1.27410000  -0.43300000   2.09290000   0.69140000   0.43860000   1.64320000  -1.13520000
  0.41770000   0.46580000  -1.27410000  -0.43300000   2.09290000   0.69140000   0.43860000   1.64320000  -1.13520000
  0.41770000   0.46580000  -1.27410000  -0.43300000   2.09290000   0.69140000   0.43860000   1.64320000  -1.13520000
  0.41770000   0.46580000  -1.27410000  -0.43300000   2.09290000   0.69140000   0.43860000   1.64320000  -1.13520000
  0.41770000   0.46580000  -1.27410000  -0.43300000   2.09290000   0.69140000   0.43860000   1.64320000  -1.13520000
  0.41770000   0.46580000  -1.27410000  -0.43300000   2.09290000   0.69140000   0.43860000   1.64320000  -1.13520000
  0.41770000   0.46580000  -1.27410000  -0.43300000   2.09290000   0.69140000   0.43860000   1.64320000  -1.13520000
  0.41770000   0.46580000  -1.27410000  -0.43300000   2.09290000   0.69140000   0.43860000   1.64320000  -1.13520000
  0.41770000   0.46580000  -1.27410000  -0.43300000   2.09290000   0.69140000   0.43860000   1.64320000  -1.13520000
  0.41770000   0.46580000  -1.27410000  -0.43300000   2.09290000   0.69140000   0.43860000   1.64320000  -1.13520000
  0.41770000   0.46580000  -1.27410000  -0.43300000   2.09290000   0.69140000   0.43860000   1.64320000  -1.13520000
  0.41770000   0.46580000  -1.27410000  -0.43300000   2.09290000   0.69140000   0.43860000   1.64320000  -1.13520000
  0.41770000   0.46580000  -1.27410000  -0.43300000   2.09290000   0.69140000   0.43860000   1.64320000  -1.13520000
  0.41770000   0.46580000  -1.27410000  -0.43300000   2.09290000   0.69140000   0.43860000   1.64320000  -1.13520000
  0.41770000   0.46580000  -1.27410000  -0.43300000   2.09290000   0.69140000   0.43860000   1.64320000  -1.13520000
  0.41770000   0.46580000  -1.27410000  -0.43300000   2.09290000   0.69140000   0.43860000   1.64320000  -1.13520000
  0.41770000   0.46580000  -1.27410000  -0.43300000   2.09290000   0.69140000   0.43860000   1.64320000  -1.13520000
  0.41770000   0.46580000  -1.27410000  -0.43300000   2.09290000   0.69140000   0.43860000   1.64320000  -1.13520000
  0.41770000   0.46580000  -1.27410000  -0.43300000   2.09290000   0.69140000   0.43860000   1.64320000  -1.13520000
  0.41770000   0.46580000  -1.27410000  -0.43300000   2.09290000   0.69140000   0.43860000   1.64320000  -1.13520000
  0.41770000   0.46580000  -1.27410000  -0.43300000   2.09290000   0.69140000   0.43860000   1.64320000  -1.13520000
  0.41770000   0.46580000  -1.27410000  -0.43300000   2.09290000   0.69140000   0.43860000   1.64320000  -1.13520000
  0.41770000   0.46580000  -1.27410000  -0.43300000   2.09290000   0.69140000   0.43860000   1.64320000  -1.13520000
  0.41770000   0.46580000  -1.27410000  -0.43300000   2.09290000   0.69140000   0.43860000   1.64320000  -1.13520000
  0.41891289   0.46585032  -1.27357109  -0.43285128   2.09266773   0.69134278   0.43848514   1.64343125  -1.13695057
  0.41891289   0.46585032  -1.27357109  -0.43285128   2.09266773   0.69134278   0.43848514   1.64343125  -1.13695057
  0.41891289   0.46585032  -1.27357109  -0.43285128   2.09266773   0.69134278   0.43848514   1.64343125  -1.13695057
  0.41891289   0.46585032  -1.27357109  -0.43285128   2.09266773   0.69134278   0.43848514   1.64343125  -1.13695057
  0.41891289   0.46585032  -1.27357109  -0.43285128   2.09266773   0.69134278   0.43848514   1.64343125  -1.13695057
  0.41911271   0.46592901  -1.27359436  -0.43263218   2.09266837   0.69140517   0.43835557   1.64341378  -1.13680753
  0.41911271   0.46592901  -1.27359436  -0.43263218   2.09266837   0.69140517   0.43835557   1.64341378  -1.13680753
  0.41911271   0.46592901  -1.27359436  -0.43263218   2.09266837   0.69140517   0.43835557   1.64341378  -1.13680753
  0.41911271   0.46592901  -1.27359436  -0.43263218   2.09266837   0.69140517   0.43835557   1.64341378  -1.13680753
  0.41911271   0.46592901  -1.27359436  -0.43263218   2.09266837   0.69140517   0.43835557   1.64341378  -1.13680753
  0.42031026   0.46546960  -1.27334756  -0.43223578   2.09160304   0.69165667   0.43809907   1.64377299  -1.13893895
  0.41983307   0.46477665  -1.27394318  -0.43190077   2.09124556   0.69232650   0.43775317   1.64383008  -1.13810734
  0.42013638   0.46461052  -1.27368106  -0.43171042   2.09108843   0.69226534   0.43800038   1.64362617  -1.13811436
  0.41999086   0.46462350  -1.27383921  -0.43182730   2.09099954   0.69224329   0.43788671   1.64365974  -1.13835237
  0.41999086   0.46462350  -1.27383921  -0.43182730   2.09099954   0.69224329   0.43788671   1.64365974  -1.13835237
  0.42175170   0.45963012  -1.27525366  -0.42931196   2.08683318   0.69518244   0.43614208   1.64305127  -1.14109921
  0.42175170   0.45963012  -1.27525366  -0.42931196   2.08683318   0.69518244   0.43614208   1.64305127  -1.14109921
  0.42175170   0.45963012  -1.27525366  -0.42931196   2.08683318   0.69518244   0.43614208   1.64305127  -1.14109921
  0.42175170   0.45963012  -1.27525366  -0.42931196   2.08683318   0.69518244   0.43614208   1.64305127  -1.14109921
  0.42175170   0.45963012  -1.27525366  -0.42931196   2.08683318   0.69518244   0.43614208   1.64305127  -1.14109921
  0.42255649   0.45896645  -1.27535704  -0.42873059   2.08607134   0.69571744   0.43566650   1.64315930  -1.14211119
  0.42255649   0.45896645  -1.27535704  -0.42873059   2.08607134   0.69571744   0.43566650   1.64315930  -1.14211119
  0.42368416   0.45868591  -1.27486957  -0.42854673   2.08571273   0.69569536   0.43562349   1.64311856  -1.14379284
  0.42376504   0.45876475  -1.27511447  -0.42837608   2.08578445   0.69593364   0.43520957   1.64328376  -1.14371625
  0.42376504   0.45876475  -1.27511447  -0.42837608   2.08578445   0.69593364   0.43520957   1.64328376  -1.14371625
  0.42460090   0.45708426  -1.27544865  -0.42746048   2.08401020   0.69697278   0.43468151   1.64339304  -1.14518063
  0.42460090   0.45708426  -1.27544865  -0.42746048   2.08401020   0.69697278   0.43468151   1.64339304  -1.14518063
  0.42460090   0.45708426  -1.27544865  -0.42746048   2.08401020   0.69697278   0.43468151   1.64339304  -1.14518063
  0.42460090   0.45708426  -1.27544865  -0.42746048   2.08401020   0.69697278   0.43468151   1.64339304  -1.14518063
  0.42671578   0.45006995  -1.27753122  -0.42393506   2.07810231   0.70111350   0.43228929   1.64248423  -1.14873202
  0.42671578   0.45006995  -1.27753122  -0.42393506   2.07810231   0.70111350   0.43228929   1.64248423  -1.14873202
  0.42776404   0.45018860  -1.27716886  -0.42374258   2.07797790   0.70090120   0.43211067   1.64228960  -1.15010470
  0.42776404   0.45018860  -1.27716886  -0.42374258   2.07797790   0.70090120   0.43211067   1.64228960  -1.15010470
  0.42783909   0.45008201  -1.27708174  -0.42375009   2.07809697   0.70103797   0.43210952   1.64241088  -1.15011514
  0.42855007   0.44906523  -1.27726188  -0.42302797   2.07685949   0.70173729   0.43171308   1.64254407  -1.15115419
  0.42967568   0.44871205  -1.27719497  -0.42264843   2.07636152   0.70200804   0.43112286   1.64258327  -1.15294604
  0.42967568   0.44871205  -1.27719497  -0.42264843   2.07636152   0.70200804   0.43112286   1.64258327  -1.15294604
  0.42967568   0.44871205  -1.27719497  -0.42264843   2.07636152   0.70200804   0.43112286   1.64258327  -1.15294604
  0.43146059   0.44190393  -1.27910095  -0.41922795   2.07057013   0.70608619   0.42903263   1.64185038  -1.15607019
  0.43146059   0.44190393  -1.27910095  -0.41922795   2.07057013   0.70608619   0.42903263   1.64185038  -1.15607019
  0.43146059   0.44190393  -1.27910095  -0.41922795   2.07057013   0.70608619   0.42903263   1.64185038  -1.15607019
  0.43302333   0.44202289  -1.27863964  -0.41900917   2.07049164   0.70608978   0.42850501   1.64200458  -1.15834911
  0.43302333   0.44202289  -1.27863964  -0.41900917   2.07049164   0.70608978   0.42850501   1.64200458  -1.15834911
  0.43332391   0.44197195  -1.27848720  -0.41878892   2.07047694   0.70615535   0.42854076   1.64196937  -1.15826161
  0.43332391   0.44197195  -1.27848720  -0.41878892   2.07047694   0.70615535   0.42854076   1.64196937  -1.15826161
  0.43587837   0.43545328  -1.28021903  -0.41520560   2.06422294   0.71021932   0.42612396   1.64162991  -1.16296198
  0.43587837   0.43545328  -1.28021903  -0.41520560   2.06422294   0.71021932   0.42612396   1.64162991  -1.16296198
  0.43694599   0.43506035  -1.27984531  -0.41496248   2.06393866   0.71027806   0.42594507   1.64141098  -1.16450191
  0.43714688   0.43508816  -1.27986121  -0.41476938   2.06400232   0.71041525   0.42577709   1.64146432  -1.16439505
  0.43714688   0.43508816  -1.27986121  -0.41476938   2.06400232   0.71041525   0.42577709   1.64146432  -1.16439505
  0.43913823   0.43017026  -1.28116396  -0.41201253   2.05933634   0.71357382   0.42382341   1.64123910  -1.16808166
  0.43913823   0.43017026  -1.28116396  -0.41201253   2.05933634   0.71357382   0.42382341   1.64123910  -1.16808166
  0.44021435   0.42912150  -1.28113984  -0.41132685   2.05839516   0.71419170   0.42332678   1.64109772  -1.16964052
  0.44021435   0.42912150  -1.28113984  -0.41132685   2.05839516   0.71419170   0.42332678   1.64109772  -1.16964052
  0.44244877   0.42258685  -1.28275931  -0.40779837   2.05269011   0.71812551   0.42107606   1.64019135  -1.17365117
  0.44244877   0.42258685  -1.28275931  -0.40779837   2.05269011   0.71812551   0.42107606   1.64019135  -1.17365117
  0.44323742   0.42204481  -1.28280637  -0.40722957   2.05207496   0.71860218   0.42059103   1.64022599  -1.17462014
  0.44411886   0.42132240  -1.28272068  -0.40674814   2.05133226   0.71907276   0.42021714   1.64027137  -1.17601709
  0.44533314   0.42095530  -1.28228250  -0.40641822   2.05082168   0.71918546   0.42003826   1.64023993  -1.17780158
  0.44533314   0.42095530  -1.28228250  -0.40641822   2.05082168   0.71918546   0.42003826   1.64023993  -1.17780158
  0.44719316   0.41422899  -1.28434125  -0.40260843   2.04484818   0.72360081   0.41739239   1.63958434  -1.18141209
  0.44809532   0.41401492  -1.28384097  -0.40254339   2.04479428   0.72352739   0.41741018   1.63940541  -1.18270831
  0.44831162   0.41420818  -1.28394522  -0.40230306   2.04472335   0.72350856   0.41718655   1.63933236  -1.18268324
  0.44941697   0.41336128  -1.28381560  -0.40167994   2.04365654   0.72416076   0.41673148   1.63962666  -1.18451224
  0.44941697   0.41336128  -1.28381560  -0.40167994   2.04365654   0.72416076   0.41673148   1.63962666  -1.18451224
  0.45197215   0.40704485  -1.28514775  -0.39810677   2.03798497   0.72811645   0.41437853   1.63890913  -1.18926273
  0.45197215   0.40704485  -1.28514775  -0.39810677   2.03798497   0.72811645   0.41437853   1.63890913  -1.18926273
  0.45293836   0.40582883  -1.28524390  -0.39716669   2.03679749   0.72896793   0.41382049   1.63881858  -1.19048735
  0.45444517   0.40563954  -1.28478026  -0.39685335   2.03633276   0.72900237   0.41340091   1.63876426  -1.19289919
  0.45444517   0.40563954  -1.28478026  -0.39685335   2.03633276   0.72900237   0.41340091   1.63876426  -1.19289919
  0.45680271   0.39725801  -1.28689446  -0.39209258   2.02894670   0.73439062   0.41046529   1.63777252  -1.19752974
  0.45680271   0.39725801  -1.28689446  -0.39209258   2.02894670   0.73439062   0.41046529   1.63777252  -1.19752974
  0.45839637   0.39689246  -1.28635545  -0.39160959   2.02845051   0.73454548   0.41010555   1.63764600  -1.19970378
  0.45863833   0.39691792  -1.28633771  -0.39143892   2.02853509   0.73469130   0.40991964   1.63773288  -1.19971615
  0.46076255   0.39039367  -1.28792440  -0.38773417   2.02267363   0.73886741   0.40737281   1.63686016  -1.20435103
  0.46192078   0.39023788  -1.28734131  -0.38758169   2.02245696   0.73878604   0.40732804   1.63673561  -1.20603793
  0.46222595   0.39032608  -1.28733763  -0.38730895   2.02253347   0.73892550   0.40710757   1.63678779  -1.20592566
  0.46359767   0.39001911  -1.28686581  -0.38704884   2.02178788   0.73917113   0.40674214   1.63718034  -1.20853116
  0.46517264   0.38303627  -1.28872720  -0.38282693   2.01533051   0.74375109   0.40439567   1.63630020  -1.21182946
  0.46517264   0.38303627  -1.28872720  -0.38282693   2.01533051   0.74375109   0.40439567   1.63630020  -1.21182946
  0.46689886   0.38257742  -1.28822341  -0.38228386   2.01484294   0.74403097   0.40381156   1.63614779  -1.21432023
  0.46860262   0.37641506  -1.28965434  -0.37872109   2.00951973   0.74797822   0.40155848   1.63509311  -1.21807505
  0.46927565   0.37600137  -1.28954336  -0.37830457   2.00908128   0.74826750   0.40127752   1.63500569  -1.21895248
  0.47063711   0.37599737  -1.28907429  -0.37805609   2.00884655   0.74836901   0.40082589   1.63517253  -1.22105728
  0.47146953   0.37429775  -1.28933942  -0.37676855   2.00685297   0.74964117   0.40020325   1.63529288  -1.22245907
  0.47298984   0.36835890  -1.29065653  -0.37338790   2.00196110   0.75337876   0.39808270   1.63403073  -1.22592851
  0.47436632   0.36844750  -1.29002454  -0.37322894   2.00183771   0.75321533   0.39788757   1.63393074  -1.22790017
  0.47528872   0.36802904  -1.28987282  -0.37267797   2.00100725   0.75364723   0.39749975   1.63418015  -1.22933711
  0.47640031   0.36266510  -1.29117034  -0.36943109   1.99618720   0.75734154   0.39563079   1.63363499  -1.23206931
  0.47785392   0.36262420  -1.29044151  -0.36927164   1.99613020   0.75711341   0.39551869   1.63326686  -1.23407037
  0.47897045   0.35843125  -1.29152121  -0.36656145   1.99231526   0.76013041   0.39369919   1.63281058  -1.23666275
  0.47987414   0.35795272  -1.29128930  -0.36607283   1.99175065   0.76042633   0.39340673   1.63267933  -1.23791879
  0.48155461   0.35785885  -1.29057306  -0.36575790   1.99133204   0.76043737   0.39309501   1.63269780  -1.24045989
  0.48296514   0.35114024  -1.29218857  -0.36165281   1.98543396   0.76501001   0.39057660   1.63165311  -1.24415955
  0.48435770   0.35108005  -1.29142062  -0.36153548   1.98527012   0.76483217   0.39055044   1.63147158  -1.24619029
  0.48472852   0.35121272  -1.29141661  -0.36119438   1.98535047   0.76497899   0.39027684   1.63152183  -1.24605483
  0.48690152   0.34604169  -1.29213379  -0.35776221   1.97996774   0.76860590   0.38825825   1.63122628  -1.25093449
  0.48690152   0.34604169  -1.29213379  -0.35776221   1.97996774   0.76860590   0.38825825   1.63122628  -1.25093449
  0.48862405   0.34520260  -1.29170906  -0.35681659   1.97886924   0.76923672   0.38760756   1.63112781  -1.25342301
  0.49038986   0.33942518  -1.29265940  -0.35314763   1.97341330   0.77316747   0.38555361   1.63037895  -1.25764463
  0.49193883   0.33939129  -1.29206099  -0.35288016   1.97341246   0.77309543   0.38507451   1.63000525  -1.25985973
  0.49322245   0.33325912  -1.29324526  -0.34895047   1.96770194   0.77729045   0.38311964   1.62914852  -1.26318830
  0.49423182   0.33291024  -1.29295886  -0.34863003   1.96757111   0.77753185   0.38259703   1.62889798  -1.26479307
  0.49549567   0.33208220  -1.29277904  -0.34769306   1.96629646   0.77821810   0.38198615   1.62891151  -1.26681044
  0.49708018   0.33181845  -1.29201140  -0.34734970   1.96589533   0.77830981   0.38177659   1.62884659  -1.26911259
  0.49859907   0.32484510  -1.29351188  -0.34278460   1.95950785   0.78324557   0.37903641   1.62776116  -1.27344292
  0.49971979   0.32436091  -1.29313138  -0.34227214   1.95900085   0.78353185   0.37868644   1.62752976  -1.27504557
  0.50107409   0.32336476  -1.29281656  -0.34134127   1.95770531   0.78433239   0.37811149   1.62761133  -1.27729830
  0.50288800   0.31725386  -1.29373751  -0.33728347   1.95202795   0.78847325   0.37583800   1.62635707  -1.28182918
  0.50385366   0.31683366  -1.29345628  -0.33675726   1.95157941   0.78878093   0.37546214   1.62616007  -1.28311653
  0.50579916   0.31682388  -1.29252690  -0.33649629   1.95125934   0.78876017   0.37509256   1.62618130  -1.28613363
  0.50737981   0.31006793  -1.29367943  -0.33201781   1.94505887   0.79345294   0.37259872   1.62489690  -1.29060291
  0.50847978   0.30991398  -1.29336429  -0.33157872   1.94474317   0.79375643   0.37205194   1.62498318  -1.29220602
  0.51005045   0.30962156  -1.29262980  -0.33109112   1.94402551   0.79391590   0.37187036   1.62500622  -1.29448595
  0.51167214   0.30280284  -1.29371193  -0.32646605   1.93767306   0.79864561   0.36941999   1.62362328  -1.29899848
  0.51286813   0.30266893  -1.29329328  -0.32609484   1.93744030   0.79887322   0.36890474   1.62362887  -1.30078834
  0.51434762   0.29881338  -1.29358642  -0.32320694   1.93333886   0.80161478   0.36759386   1.62307406  -1.30406067
  0.51602209   0.29884881  -1.29274554  -0.32299687   1.93329564   0.80149003   0.36730369   1.62282398  -1.30641474
  0.51735162   0.29380777  -1.29348832  -0.31941009   1.92839966   0.80524775   0.36529103   1.62214382  -1.31017147
  0.51854926   0.29336252  -1.29303514  -0.31884457   1.92782651   0.80554212   0.36494292   1.62193291  -1.31187209
  0.52052272   0.28865879  -1.29321945  -0.31545691   1.92312773   0.80883071   0.36318548   1.62101190  -1.31648450
  0.52152066   0.28818707  -1.29290741  -0.31485042   1.92255969   0.80922742   0.36277949   1.62087268  -1.31787256
  0.52340940   0.28466087  -1.29284196  -0.31216881   1.91883858   0.81177150   0.36137083   1.62030098  -1.32197019
  0.52470084   0.28419993  -1.29242787  -0.31152056   1.91821792   0.81218843   0.36080479   1.62015652  -1.32394464
  0.52670474   0.27935256  -1.29264259  -0.30801317   1.91358846   0.81569163   0.35872617   1.61912899  -1.32888320
  0.52818009   0.27925069  -1.29192651  -0.30767015   1.91325627   0.81575506   0.35845308   1.61905011  -1.33098750
  0.52969778   0.27395313  -1.29241697  -0.30371699   1.90786531   0.81958100   0.35662677   1.61806061  -1.33501718
  0.53115827   0.27375417  -1.29172507  -0.30332169   1.90751489   0.81966523   0.35632525   1.61782793  -1.33710334
  0.53249582   0.27293160  -1.29135733  -0.30230669   1.90620084   0.82048841   0.35571310   1.61799935  -1.33929415
  0.53442511   0.26648420  -1.29181285  -0.29770786   1.90016994   0.82500864   0.35329790   1.61631597  -1.34469205
  0.53565466   0.26625386  -1.29135254  -0.29717854   1.89968785   0.82532845   0.35282317   1.61634343  -1.34647968
  0.53722743   0.26565988  -1.29078638  -0.29628964   1.89852208   0.82591073   0.35230581   1.61642933  -1.34893137
  0.53938003   0.25954695  -1.29095029  -0.29187500   1.89267254   0.83023298   0.35001030   1.61490486  -1.35470283
  0.54106215   0.25962678  -1.29013023  -0.29156394   1.89238341   0.83012723   0.34971476   1.61470353  -1.35707926
  0.54252757   0.25497258  -1.29037924  -0.28800380   1.88765941   0.83364016   0.34794208   1.61388721  -1.36113297
  0.54366771   0.25428472  -1.28991048  -0.28723859   1.88682587   0.83425578   0.34757350   1.61389942  -1.36277820
  0.54589144   0.25442597  -1.28888978  -0.28679379   1.88631991   0.83416749   0.34707425   1.61373950  -1.36608408
  0.54744648   0.24739437  -1.28947826  -0.28160782   1.87946952   0.83931546   0.34460692   1.61218605  -1.37130116
  0.54882649   0.24721801  -1.28889916  -0.28109418   1.87906256   0.83959112   0.34411568   1.61216582  -1.37327729
  0.55026919   0.24634083  -1.28838722  -0.27999242   1.87757854   0.84039914   0.34364038   1.61226007  -1.37555758
  0.55253521   0.24074598  -1.28826036  -0.27574656   1.87207445   0.84443684   0.34142650   1.61073281  -1.38149448
  0.55371215   0.24018903  -1.28780161  -0.27497421   1.87121361   0.84493606   0.34104514   1.61064677  -1.38318597
  0.55562121   0.23566234  -1.28761866  -0.27134105   1.86627934   0.84827900   0.33946711   1.60968807  -1.38794291
  0.55727379   0.23509965  -1.28696740  -0.27055206   1.86557039   0.84878874   0.33871846   1.60937689  -1.39063882
  0.55922261   0.23210212  -1.28650507  -0.26794732   1.86207571   0.85106948   0.33750530   1.60877032  -1.39482714
  0.56085637   0.22922077  -1.28620208  -0.26550079   1.85906375   0.85325197   0.33620695   1.60795714  -1.39848410
  0.56210844   0.22851626  -1.28567084  -0.26464852   1.85803742   0.85388671   0.33581959   1.60794350  -1.40039793
  0.56426103   0.22345316  -1.28541146  -0.26052098   1.85256376   0.85766366   0.33392151   1.60670224  -1.40593699
  0.56583990   0.22337298  -1.28469662  -0.26008031   1.85233323   0.85783847   0.33332622   1.60652116  -1.40829148
  0.56742462   0.22257498  -1.28403943  -0.25900768   1.85087558   0.85858504   0.33288724   1.60659016  -1.41078238
  0.56970718   0.21710687  -1.28367735  -0.25466753   1.84526100   0.86261051   0.33079398   1.60503139  -1.41685179
  0.57092130   0.21653604  -1.28316978  -0.25385184   1.84435993   0.86313561   0.33041401   1.60492642  -1.41858992
  0.57302096   0.21192884  -1.28277046  -0.24998779   1.83917360   0.86661949   0.32874681   1.60384073  -1.42389853
  0.57470906   0.21179282  -1.28191600  -0.24954497   1.83885136   0.86672174   0.32832257   1.60354150  -1.42633162
  0.57646114   0.21040996  -1.28133319  -0.24791714   1.83671151   0.86804831   0.32744588   1.60355613  -1.42956247
  0.57857402   0.20595049  -1.28080108  -0.24424682   1.83192297   0.87132443   0.32585077   1.60223314  -1.43481693
  0.57973904   0.20515080  -1.28034175  -0.24329850   1.83094347   0.87212704   0.32525436   1.60218153  -1.43673362
  0.58224145   0.20111966  -1.27958986  -0.23978535   1.82635734   0.87511119   0.32360157   1.60085112  -1.44253229
  0.58368157   0.20021984  -1.27896320  -0.23871583   1.82507622   0.87590689   0.32309083   1.60070276  -1.44487089
  0.58556427   0.19911952  -1.27819231  -0.23732530   1.82325035   0.87687699   0.32242085   1.60051041  -1.44807054
  0.58758491   0.19384367  -1.27780433  -0.23296804   1.81776467   0.88090849   0.32034991   1.59894941  -1.45380422
  0.58907178   0.19352467  -1.27704922  -0.23235272   1.81708352   0.88121632   0.32004864   1.59885147  -1.45588829
  0.59122414   0.18961431  -1.27639232  -0.22883584   1.81225916   0.88427294   0.31871391   1.59801591  -1.46097222
  0.59299105   0.18910271  -1.27557194  -0.22802345   1.81152206   0.88475196   0.31801103   1.59763840  -1.46380384
  0.59481008   0.18791706  -1.27479540  -0.22658024   1.80957348   0.88582260   0.31739327   1.59753519  -1.46693367
  0.59708177   0.18298817  -1.27409203  -0.22245155   1.80430036   0.88953243   0.31554312   1.59592837  -1.47292604
  0.59839620   0.18254011  -1.27348123  -0.22168893   1.80348800   0.89005855   0.31511800   1.59594945  -1.47482738
  0.60060188   0.18165125  -1.27246633  -0.22039820   1.80169292   0.89084585   0.31452678   1.59574510  -1.47845553
  0.60267476   0.17654253  -1.27191970  -0.21602232   1.79613538   0.89482974   0.31254884   1.59422432  -1.48429509
  0.60424635   0.17624040  -1.27109592  -0.21540748   1.79545334   0.89511822   0.31225132   1.59408319  -1.48648812
  0.60648806   0.17246133  -1.27028710  -0.21190529   1.79060819   0.89811865   0.31099820   1.59324744  -1.49170223
  0.60832158   0.17198063  -1.26939633  -0.21109410   1.78986915   0.89858041   0.31030062   1.59284590  -1.49462081
  0.61022698   0.17087398  -1.26853229  -0.20967695   1.78793672   0.89960793   0.30970745   1.59273844  -1.49785303
  0.61256566   0.16612909  -1.26765940  -0.20558517   1.78266617   0.90322994   0.30797326   1.59114253  -1.50391998
  0.61394407   0.16569216  -1.26697250  -0.20483930   1.78184230   0.90372671   0.30760512   1.59113863  -1.50588084
  0.61653450   0.16341986  -1.26586978  -0.20236725   1.77844198   0.90563790   0.30648492   1.59053582  -1.51102440
  0.61842385   0.16117094  -1.26504856  -0.20015554   1.77567112   0.90741788   0.30552771   1.58972066  -1.51488245
  0.62016161   0.16015815  -1.26420392  -0.19891112   1.77406162   0.90835136   0.30498109   1.58955970  -1.51780222
  0.62254022   0.15620108  -1.26322307  -0.19531586   1.76941743   0.91146244   0.30343715   1.58823623  -1.52353521
  0.62396942   0.15578180  -1.26249722  -0.19455704   1.76852721   0.91190414   0.30315511   1.58817421  -1.52547657
  0.62654998   0.15321830  -1.26133830  -0.19190121   1.76485309   0.91406257   0.30203892   1.58755174  -1.53074745
  0.62837994   0.15243974  -1.26045394  -0.19078932   1.76352066   0.91474914   0.30144655   1.58714702  -1.53371590
  0.63068888   0.14840402  -1.25949616  -0.18707963   1.75868091   0.91798522   0.29991163   1.58588517  -1.53940166
  0.63225067   0.14805740  -1.25864680  -0.18643801   1.75792931   0.91834927   0.29962764   1.58579896  -1.54158554
  0.63476798   0.14572186  -1.25752150  -0.18388345   1.75439600   0.92038567   0.29856679   1.58526956  -1.54658809
  0.63663383   0.14488304  -1.25658076  -0.18274920   1.75298833   0.92110478   0.29803241   1.58486060  -1.54960100
  0.63906364   0.14091645  -1.25548972  -0.17908935   1.74814996   0.92426124   0.29658467   1.58354245  -1.55543724
  0.64083652   0.14044512  -1.25456848  -0.17825684   1.74713742   0.92474591   0.29616343   1.58336199  -1.55807162
  0.64299901   0.13962628  -1.25350684  -0.17699292   1.74535589   0.92556938   0.29562043   1.58322755  -1.56155022
  0.64528571   0.13543628  -1.25252074  -0.17310463   1.74027609   0.92898242   0.29404956   1.58190026  -1.56733019
  0.64721667   0.13534746  -1.25147275  -0.17258602   1.73968344   0.92910135   0.29372325   1.58165527  -1.56997677
  0.64933206   0.13436438  -1.25042735  -0.17120529   1.73765073   0.93009734   0.29321997   1.58164436  -1.57345004
  0.65187315   0.13024953  -1.24921558  -0.16741459   1.73262809   0.93336325   0.29175225   1.58016201  -1.57956930
  0.65369034   0.12981256  -1.24826568  -0.16658987   1.73161081   0.93382231   0.29134304   1.57996065  -1.58222855
  0.65590267   0.12905146  -1.24716024  -0.16536697   1.72985735   0.93460978   0.29081958   1.57982782  -1.58574349
  0.65827747   0.12510755  -1.24606689  -0.16163164   1.72490636   0.93786049   0.28935364   1.57855745  -1.59152497
  0.66024246   0.12503721  -1.24499151  -0.16112971   1.72432465   0.93796910   0.28902917   1.57830403  -1.59420149
  0.66241341   0.12412182  -1.24390176  -0.15979535   1.72232352   0.93892022   0.28855135   1.57829453  -1.59770635
  0.66501361   0.12020633  -1.24260980  -0.15612450   1.71738827   0.94206546   0.28717542   1.57686510  -1.60379785
  0.66685055   0.12006993  -1.24165931  -0.15550006   1.71666240   0.94230420   0.28677953   1.57669701  -1.60632164
  0.66908160   0.11923674  -1.24051379  -0.15425137   1.71479289   0.94317146   0.28630836   1.57663699  -1.60987391
  0.67170945   0.11543841  -1.23919056  -0.15065116   1.70990201   0.94624839   0.28498646   1.57526111  -1.61592951
  0.67357537   0.11532428  -1.23821466  -0.15005350   1.70920834   0.94646761   0.28459196   1.57508531  -1.61848487
  0.67582954   0.11453062  -1.23705288  -0.14883331   1.70735899   0.94730764   0.28413615   1.57503008  -1.62203764
  0.67848425   0.11084859  -1.23569873  -0.14531148   1.70253416   0.95031118   0.28286004   1.57369144  -1.62805918
  0.68037779   0.11075990  -1.23470045  -0.14474028   1.70186923   0.95050663   0.28247145   1.57350649  -1.63063666
  0.68265445   0.11000367  -1.23352398  -0.14354766   1.70003753   0.95132251   0.28202903   1.57345936  -1.63419159
  0.68533673   0.10642253  -1.23213973  -0.14009675   1.69526679   0.95426077   0.28079851   1.57215059  -1.64018423
  0.68746934   0.10666483  -1.23085772  -0.14000210   1.69522833   0.95399795   0.28061486   1.57174991  -1.64289394
  0.68938593   0.10618012  -1.23001374  -0.13883673   1.69347497   0.95478603   0.28015933   1.57208739  -1.64566339
  0.69202802   0.10300512  -1.22875010  -0.13553897   1.68873674   0.95760846   0.27896743   1.57130151  -1.65139984
  0.69393458   0.10265264  -1.22763497  -0.13493860   1.68804418   0.95789718   0.27864029   1.57088469  -1.65410418
  0.69683536   0.09941379  -1.22615868  -0.13165078   1.68314210   0.96063979   0.27767049   1.56992296  -1.66010210
  0.69887577   0.09952548  -1.22502589  -0.13130283   1.68299378   0.96064668   0.27708237   1.56952252  -1.66295697
  0.70124866   0.09886596  -1.22379684  -0.13017564   1.68115690   0.96136389   0.27673167   1.56944687  -1.66651634
  0.70392493   0.09558313  -1.22241273  -0.12691738   1.67657200   0.96414767   0.27556548   1.56829045  -1.67231494
  0.70616017   0.09586515  -1.22111662  -0.12677897   1.67653644   0.96394836   0.27517368   1.56792695  -1.67529264
  0.70809541   0.09527176  -1.22016390  -0.12570193   1.67474410   0.96473372   0.27495289   1.56824536  -1.67800479
  0.71105822   0.09185306  -1.21866479  -0.12224035   1.66955847   0.96763280   0.27391611   1.56713479  -1.68422805
  0.71311387   0.09159854  -1.21750539  -0.12163022   1.66892401   0.96788442   0.27342319   1.56663095  -1.68718413
  0.71548559   0.09111377  -1.21627199  -0.12065639   1.66738921   0.96848193   0.27298512   1.56652348  -1.69071001
  0.71817435   0.08823516  -1.21487756  -0.11770783   1.66314303   0.97098694   0.27193490   1.56553851  -1.69625310
  0.72047322   0.08855080  -1.21353416  -0.11761492   1.66314674   0.97075025   0.27154860   1.56515179  -1.69930117
  0.72242281   0.08802365  -1.21257824  -0.11659593   1.66140650   0.97148845   0.27135378   1.56548493  -1.70196202
  0.72546532   0.08503376  -1.21102804  -0.11347757   1.65660697   0.97407730   0.27041111   1.56450776  -1.70804235
  0.72717877   0.08476757  -1.21002041  -0.11297155   1.65605851   0.97434481   0.27011375   1.56419863  -1.71034605
  0.72977515   0.08488289  -1.20867861  -0.11241998   1.65523292   0.97443565   0.26959229   1.56398571  -1.71393748
  0.73270694   0.08176367  -1.20717069  -0.10923517   1.65040239   0.97720243   0.26855711   1.56308514  -1.71997496
  0.73500441   0.08206946  -1.20581993  -0.10915356   1.65043040   0.97695032   0.26817263   1.56262719  -1.72300276
  0.73693697   0.08154513  -1.20487072  -0.10816098   1.64871068   0.97768246   0.26800060   1.56294780  -1.72559726
  0.73998862   0.07961909  -1.20327967  -0.10595193   1.64520226   0.97941844   0.26725365   1.56223842  -1.73102050
  0.74210087   0.07962400  -1.20215340  -0.10545693   1.64468912   0.97956777   0.26665154   1.56190166  -1.73402847
  0.74426222   0.07915042  -1.20101685  -0.10458390   1.64320070   0.98015308   0.26639294   1.56190760  -1.73706414
  0.74728567   0.07579072  -1.19944696  -0.10125076   1.63787886   0.98303166   0.26561918   1.56089837  -1.74312334
  0.74951257   0.07593803  -1.19812231  -0.10107195   1.63778868   0.98285127   0.26527727   1.56028692  -1.74602950
  0.75190354   0.07562397  -1.19694875  -0.10014546   1.63634347   0.98346045   0.26464964   1.56034419  -1.74959448
  0.75433256   0.07503480  -1.19567257  -0.09914174   1.63467666   0.98413014   0.26423651   1.56015027  -1.75319456
  0.75690696   0.07435126  -1.19430087  -0.09807414   1.63290400   0.98483940   0.26378982   1.55981694  -1.75708924
  0.75928176   0.07419375  -1.19304303  -0.09742135   1.63196688   0.98518460   0.26320351   1.55961995  -1.76054372
  0.76219910   0.07141262  -1.19152872  -0.09460334   1.62730592   0.98759580   0.26263060   1.55881382  -1.76599553
  0.76435957   0.07171403  -1.19026391  -0.09450412   1.62748931   0.98740166   0.26206789   1.55832439  -1.76888241
  0.76704120   0.07009571  -1.18895832  -0.09253173   1.62405434   0.98901489   0.26161459   1.55813179  -1.77334010
  0.76933999   0.07035203  -1.18757470  -0.09248565   1.62408805   0.98876843   0.26128593   1.55761920  -1.77632044
  0.77162769   0.06953623  -1.18652351  -0.09112653   1.62172941   0.98984078   0.26084633   1.55784537  -1.77975843
  0.77419908   0.06895857  -1.18513731  -0.09018457   1.62018336   0.99042798   0.26037528   1.55739492  -1.78360089
  0.77680725   0.06739400  -1.18379898  -0.08834558   1.61727525   0.99195429   0.25966335   1.55690809  -1.78810428
  0.77906508   0.06731807  -1.18255256  -0.08788203   1.61656454   0.99208792   0.25931126   1.55653529  -1.79113570
  0.78153463   0.06676113  -1.18125636  -0.08695234   1.61486599   0.99275275   0.25895935   1.55642865  -1.79473563
  0.78409030   0.06622028  -1.17990658  -0.08601840   1.61326142   0.99335588   0.25852471   1.55610972  -1.79848242
  0.78650190   0.06555271  -1.17864033  -0.08499887   1.61153604   0.99409406   0.25808764   1.55586169  -1.80208049
  0.78899317   0.06501450  -1.17732649  -0.08407495   1.60998270   0.99470199   0.25762600   1.55553897  -1.80574523
  0.79147973   0.06443176  -1.17601190  -0.08313415   1.60835764   0.99535333   0.25719195   1.55525670  -1.80941551
  0.79394080   0.06386330  -1.17471659  -0.08219928   1.60675728   0.99599557   0.25675098   1.55497154  -1.81303446
  0.79642292   0.06332417  -1.17340741  -0.08129383   1.60519122   0.99660898   0.25631341   1.55468012  -1.81667025
  0.79889329   0.06278963  -1.17210612  -0.08039611   1.60362845   0.99722175   0.25588216   1.55440169  -1.82028027
  0.80136352   0.06227762  -1.17080583  -0.07951828   1.60209373   0.99781531   0.25545229   1.55412350  -1.82387551
  0.80383338   0.06178274  -1.16950608  -0.07865824   1.60057842   0.99839493   0.25502707   1.55385102  -1.82745804
  0.80629874   0.06130525  -1.16820986  -0.07781497   1.59908387   0.99896101   0.25460530   1.55358443  -1.83102124
  0.80876285   0.06084723  -1.16691501  -0.07699042   1.59761245   0.99951101   0.25418705   1.55332219  -1.83456943
  0.81122345   0.06040694  -1.16562290  -0.07618333   1.59616216   1.00004688   0.25377261   1.55306589  -1.83809995
  0.81368091   0.05998530  -1.16433334  -0.07539422   1.59473442   1.00056762   0.25336163   1.55281473  -1.84161312
  0.81613505   0.05958195  -1.16304638  -0.07462294   1.59332885   1.00107350   0.25295424   1.55256897  -1.84510894
  0.81858530   0.05919676  -1.16176238  -0.07386932   1.59194552   1.00156468   0.25255035   1.55232869  -1.84858670
  0.82103166   0.05882978  -1.16048129  -0.07313340   1.59058462   1.00204100   0.25214989   1.55209372  -1.85204656
  0.82347372   0.05848075  -1.15920337  -0.07241499   1.58924604   1.00250269   0.25175286   1.55186417  -1.85548809
  0.82591127   0.05814964  -1.15792869  -0.07171404   1.58792990   1.00294973   0.25135919   1.55163997  -1.85891116
  0.82834405   0.05783628  -1.15665740  -0.07103041   1.58663617   1.00338221   0.25096884   1.55142112  -1.86231557
  0.83077178   0.05754056  -1.15538964  -0.07036400   1.58536487   1.00380023   0.25058176   1.55120760  -1.86570110
  0.83319422   0.05726234  -1.15412552  -0.06971469   1.58411599   1.00420384   0.25019792   1.55099938  -1.86906758
  0.83561111   0.05700147  -1.15286518  -0.06908235   1.58288953   1.00459314   0.24981728   1.55079645  -1.87241479
  0.83802220   0.05675783  -1.15160873  -0.06846687   1.58168548   1.00496822   0.24943980   1.55059877  -1.87574259
  0.84042722   0.05653125  -1.15035631  -0.06786809   1.58050381   1.00532916   0.24906544   1.55040633  -1.87905077
  0.84282594   0.05632160  -1.14910802  -0.06728590   1.57934450   1.00567607   0.24869416   1.55021909  -1.88233917
  0.84521810   0.05612872  -1.14786399  -0.06672015   1.57820750   1.00600904   0.24832593   1.55003702  -1.88560762
  0.84760346   0.05595246  -1.14662434  -0.06617071   1.57709279   1.00632817   0.24796072   1.54986009  -1.88885595
  0.84998176   0.05579265  -1.14538917  -0.06563741   1.57600032   1.00663357   0.24759849   1.54968828  -1.89208401
  0.85235278   0.05564914  -1.14415860  -0.06512013   1.57493003   1.00692535   0.24723921   1.54952153  -1.89529163
  0.85471626   0.05552177  -1.14293273  -0.06461870   1.57388186   1.00720362   0.24688285   1.54935983  -1.89847868
  0.85707196   0.05541036  -1.14171168  -0.06413298   1.57285575   1.00746849   0.24652939   1.54920314  -1.90164500
  0.85941966   0.05531475  -1.14049556  -0.06366280   1.57185162   1.00772008   0.24617879   1.54905140  -1.90479045
  0.86175912   0.05523476  -1.13928446  -0.06320800   1.57086940   1.00795852   0.24583103   1.54890460  -1.90791490
  0.86409010   0.05517022  -1.13807848  -0.06276842   1.56990900   1.00818393   0.24548609   1.54876268  -1.91101821
  0.86641238   0.05512095  -1.13687774  -0.06234390   1.56897034   1.00839643   0.24514393   1.54862560  -1.91410025
  0.86872574   0.05508677  -1.13568232  -0.06193427   1.56805331   1.00859616   0.24480455   1.54849333  -1.91716091
  0.87102994   0.05506750  -1.13449232  -0.06153935   1.56715781   1.00878325   0.24446791   1.54836581  -1.92020005
  0.87332478   0.05506295  -1.13330784  -0.06115898   1.56628374   1.00895783   0.24413399   1.54824300  -1.92321758
  0.87514359   0.05502775  -1.13235635  -0.06084106   1.56556404   1.00915204   0.24395887   1.54827833  -1.92544561
  0.87748908   0.05538813  -1.13117804  -0.06063760   1.56514740   1.00907287   0.24342002   1.54814373  -1.92850408
  0.88008573   0.05543460  -1.12983117  -0.06031815   1.56414842   1.00918568   0.24317392   1.54803035  -1.93189765
  0.88244469   0.05539313  -1.12861147  -0.05992937   1.56319775   1.00937292   0.24286273   1.54787437  -1.93501459
  0.88447974   0.05563462  -1.12756395  -0.05971588   1.56286044   1.00940467   0.24232129   1.54781719  -1.93771650
  0.88672895   0.05581237  -1.12641226  -0.05950571   1.56214063   1.00937654   0.24217821   1.54771927  -1.94042369
  0.88902023   0.05575273  -1.12523938  -0.05912192   1.56112564   1.00961457   0.24191164   1.54770317  -1.94343875
  0.89136750   0.05576464  -1.12401966  -0.05879098   1.56027832   1.00973802   0.24160073   1.54750938  -1.94651518
  0.89361656   0.05619938  -1.12273380  -0.05890525   1.56039006   1.00944211   0.24119102   1.54719533  -1.94941031
  0.89527687   0.05617562  -1.12205277  -0.05837552   1.55922899   1.00976034   0.24107203   1.54751054  -1.95122605
  0.89752504   0.05640970  -1.12087420  -0.05823370   1.55874185   1.00972180   0.24071276   1.54739588  -1.95414871
  0.90006669   0.05649809  -1.11955556  -0.05796891   1.55787294   1.00981238   0.24039131   1.54728399  -1.95751636
  0.90231358   0.05691961  -1.11826673  -0.05809614   1.55796692   1.00951664   0.24000883   1.54696886  -1.96040821
  0.90420995   0.05717016  -1.11743655  -0.05775054   1.55724009   1.00965473   0.23957616   1.54722214  -1.96276174
  0.90634631   0.05731745  -1.11633557  -0.05757095   1.55655173   1.00964846   0.23945526   1.54715778  -1.96532943
  0.90849950   0.05728501  -1.11524972  -0.05722267   1.55560896   1.00985318   0.23920766   1.54714188  -1.96811195
  0.91073894   0.05735944  -1.11408763  -0.05697138   1.55489300   1.00991381   0.23891192   1.54695965  -1.97100825
  0.91286316   0.05780295  -1.11287721  -0.05710706   1.55504200   1.00960668   0.23852554   1.54666422  -1.97371004
  0.91445534   0.05786498  -1.11221131  -0.05669445   1.55408344   1.00984503   0.23839830   1.54699205  -1.97543276
  0.91696235   0.05809901  -1.11090222  -0.05657052   1.55345822   1.00978603   0.23805645   1.54682533  -1.97873778
  0.91905729   0.05854492  -1.10970592  -0.05672470   1.55361512   1.00947826   0.23767967   1.54655165  -1.98141359
  0.92060808   0.05864002  -1.10906843  -0.05633608   1.55269794   1.00967716   0.23757000   1.54686271  -1.98304765
  0.92268164   0.05895798  -1.10799368  -0.05627688   1.55236491   1.00957331   0.23722780   1.54679898  -1.98568130
  0.92470499   0.05922438  -1.10693116  -0.05623050   1.55196341   1.00947969   0.23703009   1.54676184  -1.98815264
  0.92688212   0.05967544  -1.10581738  -0.05620613   1.55178693   1.00931206   0.23653107   1.54669705  -1.99097347
  0.92887013   0.05995527  -1.10481874  -0.05611808   1.55128126   1.00922244   0.23637684   1.54670008  -1.99331913
  0.93092359   0.06012064  -1.10377462  -0.05596015   1.55066047   1.00925575   0.23613618   1.54672058  -1.99590518
  0.93271090   0.06036557  -1.10283912  -0.05589787   1.55035796   1.00917275   0.23592289   1.54666469  -1.99804236
  0.93473689   0.06087286  -1.10184037  -0.05584330   1.55030139   1.00902576   0.23526219   1.54665667  -2.00073106
  0.93671127   0.06116541  -1.10079541  -0.05588406   1.54987320   1.00883138   0.23531060   1.54659676  -2.00293789
  0.93866981   0.06139810  -1.09981690  -0.05576689   1.54932840   1.00881392   0.23509053   1.54665056  -2.00534399
  0.94040474   0.06168378  -1.09890948  -0.05574313   1.54909506   1.00869959   0.23487898   1.54661421  -2.00740296
  0.94275050   0.06237064  -1.09764693  -0.05598914   1.54927434   1.00814641   0.23452579   1.54618967  -2.01029932
  0.94402572   0.06243496  -1.09705899  -0.05571892   1.54869609   1.00838842   0.23445242   1.54665651  -2.01150455
  0.94603607   0.06293752  -1.09603557  -0.05583241   1.54852937   1.00810146   0.23412854   1.54656978  -2.01410745
  0.94788541   0.06338652  -1.09511090  -0.05582210   1.54844178   1.00798668   0.23361533   1.54666380  -2.01651459
  0.94976729   0.06374005  -1.09413954  -0.05586690   1.54810774   1.00777415   0.23358000   1.54662585  -2.01862037
  0.95164420   0.06403205  -1.09319389  -0.05582259   1.54769593   1.00769877   0.23336928   1.54668798  -2.02090525
  0.95328668   0.06435353  -1.09233626  -0.05583836   1.54754013   1.00755337   0.23316528   1.54666828  -2.02283278
  0.95550118   0.06502934  -1.09114256  -0.05610277   1.54774238   1.00699958   0.23285853   1.54626568  -2.02553312
  0.95683024   0.06526037  -1.09052501  -0.05596793   1.54737293   1.00710900   0.23265423   1.54669088  -2.02698661
  0.95848494   0.06560866  -1.08970097  -0.05599138   1.54707349   1.00697567   0.23250026   1.54679074  -2.02894628
  0.96078195   0.06632709  -1.08845857  -0.05628337   1.54732995   1.00636965   0.23216749   1.54632210  -2.03176033
  0.96203953   0.06654224  -1.08789038  -0.05614470   1.54691110   1.00649479   0.23200122   1.54678416  -2.03311947
  0.96343779   0.06683704  -1.08720318  -0.05610264   1.54671353   1.00645102   0.23175333   1.54694426  -2.03476273
  0.96537737   0.06734214  -1.08618413  -0.05626156   1.54666090   1.00611809   0.23154932   1.54682967  -2.03708354
  0.96704166   0.06775411  -1.08531923  -0.05635061   1.54657963   1.00590749   0.23135360   1.54684912  -2.03902939
  0.96916969   0.06844917  -1.08418277  -0.05663564   1.54679175   1.00532895   0.23108885   1.54645610  -2.04158574
  0.96935286   0.06838902  -1.08402159  -0.05655755   1.54692710   1.00544557   0.23105050   1.54655676  -2.04156219
  0.97200996   0.06930733  -1.08280493  -0.05670251   1.54665535   1.00512755   0.23050372   1.54700112  -2.04490946
  0.97367466   0.06970651  -1.08193545  -0.05682322   1.54650187   1.00487353   0.23046101   1.54698574  -2.04675540
  0.97532182   0.07009404  -1.08110832  -0.05687745   1.54630121   1.00470852   0.23027627   1.54706994  -2.04869873
  0.97715900   0.07070261  -1.08015160  -0.05704023   1.54654757   1.00435758   0.22977175   1.54693262  -2.05106580
  0.97863064   0.07115210  -1.07940283  -0.05716227   1.54652963   1.00411745   0.22960269   1.54698817  -2.05275270
  0.98018218   0.07164554  -1.07861751  -0.05728259   1.54655949   1.00386171   0.22936078   1.54703420  -2.05455981
  0.98168331   0.07210312  -1.07784270  -0.05742353   1.54656358   1.00360267   0.22921077   1.54707228  -2.05626352
  0.98319692   0.07259240  -1.07707923  -0.05754296   1.54659415   1.00335195   0.22897750   1.54713009  -2.05801621
  0.98467534   0.07305100  -1.07631533  -0.05768808   1.54661129   1.00309094   0.22882874   1.54716844  -2.05969113
  0.98615503   0.07353663  -1.07556768  -0.05781283   1.54665133   1.00283890   0.22860637   1.54722660  -2.06139743
  0.98760355   0.07399674  -1.07481981  -0.05796072   1.54668222   1.00257687   0.22845637   1.54726699  -2.06303617
  0.98904956   0.07448011  -1.07408769  -0.05809177   1.54673387   1.00232216   0.22824432   1.54732465  -2.06469684
  0.99046676   0.07494223  -1.07335666  -0.05824279   1.54677900   1.00205872   0.22809351   1.54736744  -2.06629738
  0.99187902   0.07542416  -1.07264031  -0.05838019   1.54684289   1.00180107   0.22789101   1.54742497  -2.06791261
  0.99326439   0.07588827  -1.07192627  -0.05853461   1.54690223   1.00153602   0.22774015   1.54747020  -2.06947402
  0.99464285   0.07636907  -1.07122591  -0.05867807   1.54697841   1.00127556   0.22754649   1.54752791  -2.07104415
  0.99599609   0.07683483  -1.07052888  -0.05883594   1.54705155   1.00100895   0.22739629   1.54757549  -2.07256588
  0.99734079   0.07731446  -1.06984465  -0.05898501   1.54713973   1.00074603   0.22721085   1.54763359  -2.07409136
  0.99866168   0.07778131  -1.06916462  -0.05914620   1.54722602   1.00047807   0.22706193   1.54768334  -2.07557311
  0.99997269   0.07825954  -1.06849661  -0.05930034   1.54732566   1.00021313   0.22688414   1.54774191  -2.07705448
  1.00126110   0.07872680  -1.06783353  -0.05946462   1.54742432   0.99994416   0.22673701   1.54779362  -2.07849611
  1.00253848   0.07920323  -1.06718183  -0.05962324   1.54753477   0.99967771   0.22656640   1.54785268  -2.07993395
  1.00379431   0.07967016  -1.06653566  -0.05979028   1.54764492   0.99940812   0.22642150   1.54790612  -2.08133545
  1.00503819   0.08014431  -1.06590031  -0.05995277   1.54776545   0.99914071   0.22625762   1.54796564  -2.08273033
  1.00626139   0.08061015  -1.06527098  -0.06012221   1.54788618   0.99887093   0.22611532   1.54802055  -2.08409177
  1.00747186   0.08108151  -1.06465201  -0.06028798   1.54801601   0.99860310   0.22595779   1.54808049  -2.08544429
  1.00866241   0.08154547  -1.06403947  -0.06045942   1.54814637   0.99833360   0.22581839   1.54813664  -2.08676582
  1.00899538   0.08152020  -1.06380765  -0.06036487   1.54823750   0.99837391   0.22590734   1.54814767  -2.08667712
  1.01054623   0.08224646  -1.06308906  -0.06067577   1.54817067   0.99792359   0.22588515   1.54832500  -2.08843761
  1.01233291   0.08292094  -1.06209647  -0.06104961   1.54853489   0.99740530   0.22566731   1.54813582  -2.09060527
  1.01233291   0.08292094  -1.06209647  -0.06104961   1.54853489   0.99740530   0.22566731   1.54813582  -2.09060527
  1.01414041   0.08366993  -1.06113717  -0.06128845   1.54909499   0.99706263   0.22499208   1.54820578  -2.09296499
  1.01450276   0.08375342  -1.06097611  -0.06117229   1.54906133   0.99698803   0.22510768   1.54811860  -2.09286425
  1.01638703   0.08465843  -1.06005936  -0.06164921   1.54906715   0.99651840   0.22504628   1.54860166  -2.09514009
  1.01638703   0.08465843  -1.06005936  -0.06164921   1.54906715   0.99651840   0.22504628   1.54860166  -2.09514009
  1.01834247   0.08546280  -1.05903909  -0.06195128   1.54940417   0.99605404   0.22477938   1.54869303  -2.09727975
  1.01972637   0.08592906  -1.05821550  -0.06227070   1.54972820   0.99568182   0.22472329   1.54859027  -2.09883875
  1.01991530   0.08613471  -1.05826630  -0.06210829   1.54965344   0.99557604   0.22457302   1.54849670  -2.09884559
  1.02189562   0.08689984  -1.05717063  -0.06247212   1.55012921   0.99507470   0.22425812   1.54842795  -2.10115659
  1.02189562   0.08689984  -1.05717063  -0.06247212   1.55012921   0.99507470   0.22425812   1.54842795  -2.10115659
  1.02351230   0.08755041  -1.05627420  -0.06285325   1.55042963   0.99467261   0.22411492   1.54854354  -2.10307506
  1.02351230   0.08755041  -1.05627420  -0.06285325   1.55042963   0.99467261   0.22411492   1.54854354  -2.10307506
  1.02532289   0.08844817  -1.05541873  -0.06314278   1.55061716   0.99425008   0.22387673   1.54892187  -2.10501563
  1.02532289   0.08844817  -1.05541873  -0.06314278   1.55061716   0.99425008   0.22387673   1.54892187  -2.10501563
  1.02709286   0.08929149  -1.05453487  -0.06345090   1.55091967   0.99380043   0.22363855   1.54914415  -2.10692260
  1.02826876   0.08974773  -1.05385649  -0.06379123   1.55110138   0.99336865   0.22377076   1.54899702  -2.10815994
  1.02846243   0.08979398  -1.05377483  -0.06363174   1.55122649   0.99345336   0.22358314   1.54908270  -2.10814436
  1.02951009   0.09049657  -1.05333427  -0.06390284   1.55136867   0.99313440   0.22332498   1.54942592  -2.10951178
  1.02951009   0.09049657  -1.05333427  -0.06390284   1.55136867   0.99313440   0.22332498   1.54942592  -2.10951178
  1.03138127   0.09132971  -1.05234018  -0.06428238   1.55176060   0.99257794   0.22317447   1.54942843  -2.11150106
  1.03138127   0.09132971  -1.05234018  -0.06428238   1.55176060   0.99257794   0.22317447   1.54942843  -2.11150106
  1.03295114   0.09206810  -1.05150984  -0.06461797   1.55213152   0.99214782   0.22297933   1.54956398  -2.11323328
  1.03379587   0.09246527  -1.05110852  -0.06471931   1.55223972   0.99181929   0.22295885   1.54939057  -2.11397543
  1.03379587   0.09246527  -1.05110852  -0.06471931   1.55223972   0.99181929   0.22295885   1.54939057  -2.11397543
  1.03490795   0.09307400  -1.05051120  -0.06504505   1.55256449   0.99161876   0.22274849   1.54990582  -2.11532948
  1.03628534   0.09355438  -1.04968179  -0.06539858   1.55290567   0.99111554   0.22282976   1.54957566  -2.11675173
  1.03628534   0.09355438  -1.04968179  -0.06539858   1.55290567   0.99111554   0.22282976   1.54957566  -2.11675173
  1.03735879   0.09424067  -1.04924577  -0.06550887   1.55326185   0.99081326   0.22219908   1.54964479  -2.11826405
  1.03768194   0.09416017  -1.04897006  -0.06543857   1.55340340   0.99090063   0.22232362   1.54970970  -2.11814670
  1.03897446   0.09500019  -1.04843309  -0.06573094   1.55352017   0.99039884   0.22218751   1.54987050  -2.11956610
  1.03897446   0.09500019  -1.04843309  -0.06573094   1.55352017   0.99039884   0.22218751   1.54987050  -2.11956610
  1.04001378   0.09558025  -1.04786489  -0.06611617   1.55377807   0.99004522   0.22217226   1.55008404  -2.12079729
  1.04001378   0.09558025  -1.04786489  -0.06611617   1.55377807   0.99004522   0.22217226   1.55008404  -2.12079729
  1.04113411   0.09617036  -1.04729141  -0.06635775   1.55402561   0.98968727   0.22215623   1.55021257  -2.12180768
  1.04200602   0.09670864  -1.04691676  -0.06642482   1.55443591   0.98943085   0.22154645   1.55014221  -2.12307269
  1.04278405   0.09700441  -1.04645426  -0.06662682   1.55456548   0.98917337   0.22173919   1.55013378  -2.12365508
  1.04278405   0.09700441  -1.04645426  -0.06662682   1.55456548   0.98917337   0.22173919   1.55013378  -2.12365508
  1.04278405   0.09700441  -1.04645426  -0.06662682   1.55456548   0.98917337   0.22173919   1.55013378  -2.12365508
  1.04445585   0.09765001  -1.04544949  -0.06712985   1.55502678   0.98862193   0.22169939   1.54995952  -2.12564832
  1.04445585   0.09765001  -1.04544949  -0.06712985   1.55502678   0.98862193   0.22169939   1.54995952  -2.12564832
  1.04469690   0.09771790  -1.04534843  -0.06697598   1.55513600   0.98867582   0.22154795   1.55002236  -2.12563608
  1.04589830   0.09843441  -1.04472046  -0.06746057   1.55550699   0.98823896   0.22119881   1.55013991  -2.12760791
  1.04622086   0.09849173  -1.04457955  -0.06727323   1.55552850   0.98823894   0.22123777   1.55011743  -2.12739258
  1.04622086   0.09849173  -1.04457955  -0.06727323   1.55552850   0.98823894   0.22123777   1.55011743  -2.12739258
  1.04622086   0.09849173  -1.04457955  -0.06727323   1.55552850   0.98823894   0.22123777   1.55011743  -2.12739258
  1.04768384   0.09920924  -1.04376314  -0.06780801   1.55584508   0.98767966   0.22120985   1.55008960  -2.12928602
  1.04768384   0.09920924  -1.04376314  -0.06780801   1.55584508   0.98767966   0.22120985   1.55008960  -2.12928602
  1.04800868   0.09927391  -1.04361172  -0.06761274   1.55596487   0.98773977   0.22109434   1.55014763  -2.12920040
  1.04911852   0.10008041  -1.04309052  -0.06809515   1.55615026   0.98726681   0.22107343   1.55048554  -2.13061393
  1.04911852   0.10008041  -1.04309052  -0.06809515   1.55615026   0.98726681   0.22107343   1.55048554  -2.13061393
  1.04911852   0.10008041  -1.04309052  -0.06809515   1.55615026   0.98726681   0.22107343   1.55048554  -2.13061393
  1.05067421   0.10095997  -1.04230413  -0.06845361   1.55673193   0.98676025   0.22057822   1.55051646  -2.13260913
  1.05067421   0.10095997  -1.04230413  -0.06845361   1.55673193   0.98676025   0.22057822   1.55051646  -2.13260913
  1.05089347   0.10090917  -1.04212542  -0.06838633   1.55680956   0.98681547   0.22069157   1.55055966  -2.13245350
  1.05089347   0.10090917  -1.04212542  -0.06838633   1.55680956   0.98681547   0.22069157   1.55055966  -2.13245350
  1.05089347   0.10090917  -1.04212542  -0.06838633   1.55680956   0.98681547   0.22069157   1.55055966  -2.13245350
  1.05210213   0.10158574  -1.04145207  -0.06893685   1.55706590   0.98625677   0.22077278   1.55054221  -2.13403765
  1.05230087   0.10168603  -1.04142929  -0.06871038   1.55711514   0.98629355   0.22060471   1.55057348  -2.13388505
  1.05230087   0.10168603  -1.04142929  -0.06871038   1.55711514   0.98629355   0.22060471   1.55057348  -2.13388505
  1.05230087   0.10168603  -1.04142929  -0.06871038   1.55711514   0.98629355   0.22060471   1.55057348  -2.13388505
  1.05290876   0.10203449  -1.04105111  -0.06902606   1.55741646   0.98610458   0.22045245   1.55072989  -2.13489649
  1.05311832   0.10221853  -1.04107113  -0.06888025   1.55731574   0.98597492   0.22042712   1.55060733  -2.13480049
  1.05311832   0.10221853  -1.04107113  -0.06888025   1.55731574   0.98597492   0.22042712   1.55060733  -2.13480049
  1.05311832   0.10221853  -1.04107113  -0.06888025   1.55731574   0.98597492   0.22042712   1.55060733  -2.13480049
  1.05311832   0.10221853  -1.04107113  -0.06888025   1.55731574   0.98597492   0.22042712   1.55060733  -2.13480049
  1.05463081   0.10284859  -1.04016288  -0.06935637   1.55771997   0.98545725   0.22053081   1.55054800  -2.13639277
  1.05446199   0.10283124  -1.04023278  -0.06934984   1.55791268   0.98564547   0.22020714   1.55083541  -2.13653221
  1.05446199   0.10283124  -1.04023278  -0.06934984   1.55791268   0.98564547   0.22020714   1.55083541  -2.13653221
  1.05463651   0.10305551  -1.04030050  -0.06924074   1.55774604   0.98545102   0.22021261   1.55066076  -2.13647136
  1.05467970   0.10294779  -1.04016910  -0.06929156   1.55787317   0.98555145   0.22026160   1.55077155  -2.13649333
  1.05467970   0.10294779  -1.04016910  -0.06929156   1.55787317   0.98555145   0.22026160   1.55077155  -2.13649333
  1.05467970   0.10294779  -1.04016910  -0.06929156   1.55787317   0.98555145   0.22026160   1.55077155  -2.13649333
  1.05467970   0.10294779  -1.04016910  -0.06929156   1.55787317   0.98555145   0.22026160   1.55077155  -2.13649333
  1.05592535   0.10363994  -1.03950271  -0.06972932   1.55818305   0.98503494   0.22023615   1.55076143  -2.13797943
  1.05592535   0.10363994  -1.03950271  -0.06972932   1.55818305   0.98503494   0.22023615   1.55076143  -2.13797943
  1.05592535   0.10363994  -1.03950271  -0.06972932   1.55818305   0.98503494   0.22023615   1.55076143  -2.13797943
  1.05592535   0.10363994  -1.03950271  -0.06972932   1.55818305   0.98503494   0.22023615   1.55076143  -2.13797943
  1.05592535   0.10363994  -1.03950271  -0.06972932   1.55818305   0.98503494   0.22023615   1.55076143  -2.13797943
  1.05592535   0.10363994  -1.03950271  -0.06972932   1.55818305   0.98503494   0.22023615   1.55076143  -2.13797943
  1.05592535   0.10363994  -1.03950271  -0.06972932   1.55818305   0.98503494   0.22023615   1.55076143  -2.13797943
  1.05617262   0.10367228  -1.03936823  -0.06958608   1.55831357   0.98510729   0.22013456   1.55083807  -2.13792050
  1.05617262   0.10367228  -1.03936823  -0.06958608   1.55831357   0.98510729   0.22013456   1.55083807  -2.13792050
  1.05617262   0.10367228  -1.03936823  -0.06958608   1.55831357   0.98510729   0.22013456   1.55083807  -2.13792050
  1.05700438   0.10438353  -1.03897032  -0.07005597   1.55849011   0.98463376   0.22027891   1.55109434  -2.13885880
  1.05700438   0.10438353  -1.03897032  -0.07005597   1.55849011   0.98463376   0.22027891   1.55109434  -2.13885880
  1.05700438   0.10438353  -1.03897032  -0.07005597   1.55849011   0.98463376   0.22027891   1.55109434  -2.13885880
  1.05700438   0.10438353  -1.03897032  -0.07005597   1.55849011   0.98463376   0.22027891   1.55109434  -2.13885880
  1.05700438   0.10438353  -1.03897032  -0.07005597   1.55849011   0.98463376   0.22027891   1.55109434  -2.13885880
  1.05700438   0.10438353  -1.03897032  -0.07005597   1.55849011   0.98463376   0.22027891   1.55109434  -2.13885880
  1.05700438   0.10438353  -1.03897032  -0.07005597   1.55849011   0.98463376   0.22027891   1.55109434  -2.13885880
  1.05700438   0.10438353  -1.03897032  -0.07005597   1.55849011   0.98463376   0.22027891   1.55109434  -2.13885880
  1.05700438   0.10438353  -1.03897032  -0.07005597   1.55849011   0.98463376   0.22027891   1.55109434  -2.13885880
  1.05700438   0.10438353  -1.03897032  -0.07005597   1.55849011   0.98463376   0.22027891   1.55109434  -2.13885880
  1.05700438   0.10438353  -1.03897032  -0.07005597   1.55849011   0.98463376   0.22027891   1.55109434  -2.13885880
  1.05700438   0.10438353  -1.03897032  -0.07005597   1.55849011   0.98463376   0.22027891   1.55109434  -2.13885880
  1.05700438   0.10438353  -1.03897032  -0.07005597   1.55849011   0.98463376   0.22027891   1.55109434  -2.13885880
  1.05700438   0.10438353  -1.03897032  -0.07005597   1.55849011   0.98463376   0.22027891   1.55109434  -2.13885880
  1.05700438   0.10438353  -1.03897032  -0.07005597   1.55849011   0.98463376   0.22027891   1.55109434  -2.13885880
  1.05700438   0.10438353  -1.03897032  -0.07005597   1.55849011   0.98463376   0.22027891   1.55109434  -2.13885880
  1.05720402   0.10448960  -1.03891105  -0.06988118   1.55868065   0.98472278   0.21995807   1.55121650  -2.13892585
  1.05720402   0.10448960  -1.03891105  -0.06988118   1.55868065   0.98472278   0.21995807   1.55121650  -2.13892585
  1.05720402   0.10448960  -1.03891105  -0.06988118   1.55868065   0.98472278   0.21995807   1.55121650  -2.13892585
  1.05720402   0.10448960  -1.03891105  -0.06988118   1.55868065   0.98472278   0.21995807   1.55121650  -2.13892585
  1.05720402   0.10448960  -1.03891105  -0.06988118   1.55868065   0.98472278   0.21995807   1.55121650  -2.13892585
  1.05720402   0.10448960  -1.03891105  -0.06988118   1.55868065   0.98472278   0.21995807   1.55121650  -2.13892585
  1.05720402   0.10448960  -1.03891105  -0.06988118   1.55868065   0.98472278   0.21995807   1.55121650  -2.13892585
  1.05720402   0.10448960  -1.03891105  -0.06988118   1.55868065   0.98472278   0.21995807   1.55121650  -2.13892585
