  0.56543409   0.03862034  -0.45118282   0.57096207   0.70151475   1.04719755   0.59045293   1.84932439  -2.00267012
  0.56543409   0.03862034  -0.45118282   0.57096207   0.70151475   1.04719755   0.59045293   1.84932439  -2.00267012
  0.56543409   0.03862034  -0.45118282   0.57096207   0.70151475   1.04719755   0.59045293   1.84932439  -2.00267012
  0.56543409   0.03862034  -0.45118282   0.57096207   0.70151475   1.04719755   0.59045293   1.84932439  -2.00267012
  0.56543409   0.03862034  -0.45118282   0.57096207   0.70151475   1.04719755   0.59045293   1.84932439  -2.00267012
  0.56543409   0.03862034  -0.45118282   0.57096207   0.70151475   1.04719755   0.59045293   1.84932439  -2.00267012
  0.56543409   0.03862034  -0.45118282   0.57096207   0.70151475   1.04719755   0.59045293   1.84932439  -2.00267012
  0.56543409   0.03862034  -0.45118282   0.57096207   0.70151475   1.04719755   0.59045293   1.84932439  -2.00267012
  0.56543409   0.03862034  -0.45118282   0.57096207   0.70151475   1.04719755   0.59045293   1.84932439  -2.00267012
  0.56543409   0.03862034  -0.45118282   0.57096207   0.70151475   1.04719755   0.59045293   1.84932439  -2.00267012
  0.56543409   0.03862034  -0.45118282   0.57096207   0.70151475   1.04719755   0.59045293   1.84932439  -2.00267012
  0.56543409   0.03862034  -0.45118282   0.57096207   0.70151475   1.04719755   0.59045293   1.84932439  -2.00267012
  0.56543409   0.03862034  -0.45118282   0.57096207   0.70151475   1.04719755   0.59045293   1.84932439  -2.00267012
  0.56543409   0.03862034  -0.45118282   0.57096207   0.70151475   1.04719755   0.59045293   1.84932439  -2.00267012
  0.56543409   0.03862034  -0.45118282   0.57096207   0.70151475   1.04719755   0.59045293   1.84932439  -2.00267012
  0.56543409   0.03862034  -0.45118282   0.57096207   0.70151475   1.04719755   0.59045293   1.84932439  -2.00267012
  0.56543409   0.03862034  -0.45118282   0.57096207   0.70151475   1.04719755   0.59045293   1.84932439  -2.00267012
  0.56543409   0.03862034  -0.45118282   0.57096207   0.70151475   1.04719755   0.59045293   1.84932439  -2.00267012
  0.56543409   0.03862034  -0.45118282   0.57096207   0.70151475   1.04719755   0.59045293   1.84932439  -2.00267012
  0.56543409   0.03862034  -0.45118282   0.57096207   0.70151475   1.04719755   0.59045293   1.84932439  -2.00267012
  0.56543409   0.03862034  -0.45118282   0.57096207   0.70151475   1.04719755   0.59045293   1.84932439  -2.00267012
  0.56543409   0.03862034  -0.45118282   0.57096207   0.70151475   1.04719755   0.59045293   1.84932439  -2.00267012
  0.56543409   0.03862034  -0.45118282   0.57096207   0.70151475   1.04719755   0.59045293   1.84932439  -2.00267012
  0.56543409   0.03862034  -0.45118282   0.57096207   0.70151475   1.04719755   0.59045293   1.84932439  -2.00267012
  0.56543409   0.03862034  -0.45118282   0.57096207   0.70151475   1.04719755   0.59045293   1.84932439  -2.00267012
  0.56543409   0.03862034  -0.45118282   0.57096207   0.70151475   1.04719755   0.59045293   1.84932439  -2.00267012
  0.56543409   0.03862034  -0.45118282   0.57096207   0.70151475   1.04719755   0.59045293   1.84932439  -2.00267012
  0.56543409   0.03862034  -0.45118282   0.57096207   0.70151475   1.04719755   0.59045293   1.84932439  -2.00267012
  0.56543409   0.03862034  -0.45118282   0.57096207   0.70151475   1.04719755   0.59045293   1.84932439  -2.00267012
  0.56543409   0.03862034  -0.45118282   0.57096207   0.70151475   1.04719755   0.59045293   1.84932439  -2.00267012
  0.56543409   0.03862034  -0.45118282   0.57096207   0.70151475   1.04719755   0.59045293   1.84932439  -2.00267012
  0.56629907   0.03862925  -0.45068169   0.57056994   0.70204778   1.04675734   0.59000993   1.84876527  -2.00397071
  0.56629907   0.03862925  -0.45068169   0.57056994   0.70204778   1.04675734   0.59000993   1.84876527  -2.00397071
  0.56629907   0.03862925  -0.45068169   0.57056994   0.70204778   1.04675734   0.59000993   1.84876527  -2.00397071
  0.56629907   0.03862925  -0.45068169   0.57056994   0.70204778   1.04675734   0.59000993   1.84876527  -2.00397071
  0.56629907   0.03862925  -0.45068169   0.57056994   0.70204778   1.04675734   0.59000993   1.84876527  -2.00397071
  0.56629907   0.03862925  -0.45068169   0.57056994   0.70204778   1.04675734   0.59000993   1.84876527  -2.00397071
  0.56629907   0.03862925  -0.45068169   0.57056994   0.70204778   1.04675734   0.59000993   1.84876527  -2.00397071
  0.56629907   0.03862925  -0.45068169   0.57056994   0.70204778   1.04675734   0.59000993   1.84876527  -2.00397071
  0.56629907   0.03862925  -0.45068169   0.57056994   0.70204778   1.04675734   0.59000993   1.84876527  -2.00397071
  0.56678136   0.03781993  -0.45017097   0.57024518   0.70261063   1.04700653   0.58970871   1.84709261  -2.00527406
  0.56692204   0.03784465  -0.45016819   0.57042999   0.70262166   1.04703041   0.58951897   1.84704124  -2.00508791
  0.56692204   0.03784465  -0.45016819   0.57042999   0.70262166   1.04703041   0.58951897   1.84704124  -2.00508791
  0.56692204   0.03784465  -0.45016819   0.57042999   0.70262166   1.04703041   0.58951897   1.84704124  -2.00508791
  0.56692204   0.03784465  -0.45016819   0.57042999   0.70262166   1.04703041   0.58951897   1.84704124  -2.00508791
  0.56692204   0.03784465  -0.45016819   0.57042999   0.70262166   1.04703041   0.58951897   1.84704124  -2.00508791
  0.56692204   0.03784465  -0.45016819   0.57042999   0.70262166   1.04703041   0.58951897   1.84704124  -2.00508791
  0.56692204   0.03784465  -0.45016819   0.57042999   0.70262166   1.04703041   0.58951897   1.84704124  -2.00508791
  0.56692204   0.03784465  -0.45016819   0.57042999   0.70262166   1.04703041   0.58951897   1.84704124  -2.00508791
  0.56728438   0.03601631  -0.44985864   0.57002221   0.70308302   1.04719755   0.58879164   1.84449129  -2.00604990
  0.56728438   0.03601631  -0.44985864   0.57002221   0.70308302   1.04719755   0.58879164   1.84449129  -2.00604990
  0.56728438   0.03601631  -0.44985864   0.57002221   0.70308302   1.04719755   0.58879164   1.84449129  -2.00604990
  0.56728438   0.03601631  -0.44985864   0.57002221   0.70308302   1.04719755   0.58879164   1.84449129  -2.00604990
  0.56728438   0.03601631  -0.44985864   0.57002221   0.70308302   1.04719755   0.58879164   1.84449129  -2.00604990
  0.57027052   0.02452731  -0.45310845   0.56254697   0.70167618   1.04719755   0.58085537   1.83602290  -2.00590932
  0.57027052   0.02452731  -0.45310845   0.56254697   0.70167618   1.04719755   0.58085537   1.83602290  -2.00590932
  0.57027052   0.02452731  -0.45310845   0.56254697   0.70167618   1.04719755   0.58085537   1.83602290  -2.00590932
  0.57100752   0.02470350  -0.45294941   0.56218954   0.70187906   1.04710741   0.58064593   1.83572651  -2.00622785
  0.57088490   0.02448078  -0.45284122   0.56215082   0.70198082   1.04711868   0.58060346   1.83590606  -2.00639521
  0.57088490   0.02448078  -0.45284122   0.56215082   0.70198082   1.04711868   0.58060346   1.83590606  -2.00639521
  0.57088490   0.02448078  -0.45284122   0.56215082   0.70198082   1.04711868   0.58060346   1.83590606  -2.00639521
  0.57173627   0.02384568  -0.45236769   0.56172083   0.70252787   1.04719755   0.57994630   1.83404207  -2.00791402
  0.57173627   0.02384568  -0.45236769   0.56172083   0.70252787   1.04719755   0.57994630   1.83404207  -2.00791402
  0.57173627   0.02384568  -0.45236769   0.56172083   0.70252787   1.04719755   0.57994630   1.83404207  -2.00791402
  0.57224947   0.02261353  -0.45178538   0.56134687   0.70318165   1.04714173   0.57919120   1.83186910  -2.00971304
  0.57252233   0.02252733  -0.45163738   0.56149351   0.70334151   1.04714871   0.57902851   1.83186501  -2.00942469
  0.57252233   0.02252733  -0.45163738   0.56149351   0.70334151   1.04714871   0.57902851   1.83186501  -2.00942469
  0.57252233   0.02252733  -0.45163738   0.56149351   0.70334151   1.04714871   0.57902851   1.83186501  -2.00942469
  0.57618601   0.00763648  -0.45662896   0.55094186   0.70042918   1.04719755   0.56818446   1.82230718  -2.00789744
  0.57618601   0.00763648  -0.45662896   0.55094186   0.70042918   1.04719755   0.56818446   1.82230718  -2.00789744
  0.57618601   0.00763648  -0.45662896   0.55094186   0.70042918   1.04719755   0.56818446   1.82230718  -2.00789744
  0.57723660   0.00743045  -0.45561373   0.55058233   0.70144704   1.04636813   0.56781854   1.82109618  -2.00986847
  0.57723660   0.00743045  -0.45561373   0.55058233   0.70144704   1.04636813   0.56781854   1.82109618  -2.00986847
  0.57735751   0.00736259  -0.45550317   0.55065911   0.70155929   1.04641997   0.56773875   1.82110300  -2.00978700
  0.57735751   0.00736259  -0.45550317   0.55065911   0.70155929   1.04641997   0.56773875   1.82110300  -2.00978700
  0.57758445   0.00568055  -0.45515780   0.55046937   0.70198217   1.04719755   0.56706951   1.81792663  -2.01085887
  0.57758445   0.00568055  -0.45515780   0.55046937   0.70198217   1.04719755   0.56706951   1.81792663  -2.01085887
  0.57864719   0.00506114  -0.45429462   0.55011475   0.70288271   1.04667896   0.56644386   1.81602326  -2.01260946
  0.57864719   0.00506114  -0.45429462   0.55011475   0.70288271   1.04667896   0.56644386   1.81602326  -2.01260946
  0.57881015   0.00253326  -0.45432207   0.54926384   0.70301034   1.04719755   0.56529424   1.81327096  -2.01308452
  0.57881015   0.00253326  -0.45432207   0.54926384   0.70301034   1.04719755   0.56529424   1.81327096  -2.01308452
  0.57881015   0.00253326  -0.45432207   0.54926384   0.70301034   1.04719755   0.56529424   1.81327096  -2.01308452
  0.58336850  -0.01413376  -0.45900008   0.53744843   0.69986382   1.04719755   0.55254092   1.80191745  -2.01227796
  0.58336850  -0.01413376  -0.45900008   0.53744843   0.69986382   1.04719755   0.55254092   1.80191745  -2.01227796
  0.58427381  -0.01423696  -0.45827669   0.53705105   0.70059473   1.04664032   0.55193208   1.80116087  -2.01405476
  0.58441890  -0.01428924  -0.45816641   0.53705277   0.70070678   1.04667515   0.55193163   1.80116577  -2.01394265
  0.58441890  -0.01428924  -0.45816641   0.53705277   0.70070678   1.04667515   0.55193163   1.80116577  -2.01394265
  0.58498697  -0.01544093  -0.45757896   0.53673560   0.70132501   1.04719755   0.55130046   1.79842915  -2.01536004
  0.58498697  -0.01544093  -0.45757896   0.53673560   0.70132501   1.04719755   0.55130046   1.79842915  -2.01536004
  0.58572733  -0.01698491  -0.45709167   0.53608695   0.70186366   1.04719755   0.55044459   1.79577474  -2.01637503
  0.58572733  -0.01698491  -0.45709167   0.53608695   0.70186366   1.04719755   0.55044459   1.79577474  -2.01637503
  0.58914249  -0.03101164  -0.46046748   0.52638685   0.69908873   1.04719755   0.53986775   1.78611723  -2.01559183
  0.58914249  -0.03101164  -0.46046748   0.52638685   0.69908873   1.04719755   0.53986775   1.78611723  -2.01559183
  0.59023840  -0.03102505  -0.45963045   0.52582698   0.69992736   1.04651218   0.53957636   1.78530219  -2.01714818
  0.59032752  -0.03115113  -0.45948714   0.52597436   0.70007065   1.04659785   0.53937901   1.78534536  -2.01714674
  0.59032752  -0.03115113  -0.45948714   0.52597436   0.70007065   1.04659785   0.53937901   1.78534536  -2.01714674
  0.59111237  -0.03242934  -0.45873659   0.52547185   0.70082721   1.04703535   0.53845275   1.78218722  -2.01905397
  0.59171143  -0.03313851  -0.45830602   0.52496776   0.70126154   1.04719755   0.53759286   1.78019760  -2.02081471
  0.59184690  -0.03326317  -0.45815344   0.52495586   0.70141430   1.04719755   0.53758260   1.78024515  -2.02071267
  0.59518740  -0.04770090  -0.46180204   0.51460611   0.69778734   1.04719755   0.52648917   1.77092985  -2.01903747
  0.59518740  -0.04770090  -0.46180204   0.51460611   0.69778734   1.04719755   0.52648917   1.77092985  -2.01903747
  0.59625898  -0.04800300  -0.46105050   0.51405397   0.69852420   1.04692900   0.52578717   1.76963802  -2.02068896
  0.59625898  -0.04800300  -0.46105050   0.51405397   0.69852420   1.04692900   0.52578717   1.76963802  -2.02068896
  0.59705608  -0.04908795  -0.46037629   0.51345437   0.69916852   1.04719755   0.52488938   1.76720422  -2.02223775
  0.59705608  -0.04908795  -0.46037629   0.51345437   0.69916852   1.04719755   0.52488938   1.76720422  -2.02223775
  0.59800153  -0.05067928  -0.45971285   0.51251656   0.69978161   1.04719755   0.52365408   1.76446733  -2.02376252
  0.59800153  -0.05067928  -0.45971285   0.51251656   0.69978161   1.04719755   0.52365408   1.76446733  -2.02376252
  0.60162306  -0.06372336  -0.46223336   0.50284849   0.69661472   1.04719755   0.51294958   1.75539531  -2.02338132
  0.60162306  -0.06372336  -0.46223336   0.50284849   0.69661472   1.04719755   0.51294958   1.75539531  -2.02338132
  0.60299851  -0.06370137  -0.46112297   0.50220457   0.69771140   1.04629042   0.51252186   1.75415222  -2.02546906
  0.60308166  -0.06380320  -0.46099840   0.50227977   0.69783539   1.04634712   0.51242873   1.75421475  -2.02541439
  0.60308166  -0.06380320  -0.46099840   0.50227977   0.69783539   1.04634712   0.51242873   1.75421475  -2.02541439
  0.60397422  -0.06491043  -0.46031475   0.50162254   0.69843953   1.04695854   0.51138331   1.75123170  -2.02710180
  0.60397422  -0.06491043  -0.46031475   0.50162254   0.69843953   1.04695854   0.51138331   1.75123170  -2.02710180
  0.60738915  -0.07691514  -0.46206932   0.49259369   0.69555947   1.04719755   0.50132762   1.74236742  -2.02756154
  0.60738915  -0.07691514  -0.46206932   0.49259369   0.69555947   1.04719755   0.50132762   1.74236742  -2.02756154
  0.60845791  -0.07702806  -0.46140850   0.49212222   0.69617269   1.04687793   0.50059576   1.74150363  -2.02890937
  0.60845791  -0.07702806  -0.46140850   0.49212222   0.69617269   1.04687793   0.50059576   1.74150363  -2.02890937
  0.60969018  -0.07723178  -0.46033703   0.49144759   0.69720992   1.04634795   0.50011433   1.73995318  -2.03094474
  0.60987018  -0.07729574  -0.46020238   0.49156115   0.69733888   1.04645415   0.49993467   1.73990006  -2.03089851
  0.61082532  -0.07880407  -0.45986856   0.49020980   0.69746429   1.04719755   0.49833008   1.73684450  -2.03264316
  0.61082532  -0.07880407  -0.45986856   0.49020980   0.69746429   1.04719755   0.49833008   1.73684450  -2.03264316
  0.61461714  -0.09035175  -0.46147040   0.48093531   0.69417497   1.04719755   0.48801757   1.72864441  -2.03303552
  0.61461714  -0.09035175  -0.46147040   0.48093531   0.69417497   1.04719755   0.48801757   1.72864441  -2.03303552
  0.61578353  -0.09031895  -0.46067148   0.48024242   0.69492599   1.04667301   0.48751681   1.72777893  -2.03472400
  0.61591207  -0.09040762  -0.46053003   0.48030017   0.69506411   1.04670579   0.48743162   1.72783376  -2.03465732
  0.61707092  -0.09049716  -0.45977068   0.47963179   0.69574837   1.04679396   0.48663678   1.72629081  -2.03664376
  0.61707092  -0.09049716  -0.45977068   0.47963179   0.69574837   1.04679396   0.48663678   1.72629081  -2.03664376
  0.61826640  -0.09183516  -0.45943532   0.47823485   0.69578703   1.04719755   0.48491000   1.72413036  -2.03796403
  0.61826640  -0.09183516  -0.45943532   0.47823485   0.69578703   1.04719755   0.48491000   1.72413036  -2.03796403
  0.62191040  -0.10313808  -0.46115413   0.46877812   0.69180606   1.04719755   0.47477653   1.71708688  -2.03751789
  0.62191040  -0.10313808  -0.46115413   0.46877812   0.69180606   1.04719755   0.47477653   1.71708688  -2.03751789
  0.62320759  -0.10315403  -0.46038634   0.46810629   0.69247276   1.04688405   0.47384344   1.71617413  -2.03930299
  0.62407103  -0.10325076  -0.45991454   0.46757540   0.69284498   1.04705597   0.47288622   1.71520078  -2.04093021
  0.62433046  -0.10327610  -0.45976348   0.46743482   0.69297897   1.04707367   0.47296384   1.71513590  -2.04086118
  0.62572237  -0.10371541  -0.45927772   0.46612159   0.69320970   1.04719755   0.47162196   1.71355935  -2.04277048
  0.62572237  -0.10371541  -0.45927772   0.46612159   0.69320970   1.04719755   0.47162196   1.71355935  -2.04277048
  0.62734320  -0.10448008  -0.45873307   0.46459523   0.69341643   1.04719755   0.46996159   1.71204632  -2.04452478
  0.62734320  -0.10448008  -0.45873307   0.46459523   0.69341643   1.04719755   0.46996159   1.71204632  -2.04452478
  0.62912105  -0.10542650  -0.45824805   0.46277951   0.69348136   1.04719755   0.46803227   1.71050167  -2.04632264
  0.62912105  -0.10542650  -0.45824805   0.46277951   0.69348136   1.04719755   0.46803227   1.71050167  -2.04632264
  0.63101248  -0.10652974  -0.45784455   0.46073504   0.69338611   1.04719755   0.46586662   1.70899478  -2.04808285
  0.63101248  -0.10652974  -0.45784455   0.46073504   0.69338611   1.04719755   0.46586662   1.70899478  -2.04808285
  0.63587555  -0.11870292  -0.45966243   0.44938700   0.68787514   1.04719755   0.45341363   1.70260560  -2.04824677
  0.63587555  -0.11870292  -0.45966243   0.44938700   0.68787514   1.04719755   0.45341363   1.70260560  -2.04824677
  0.63728998  -0.11842239  -0.45864770   0.44880448   0.68884345   1.04646341   0.45275637   1.70172073  -2.05031259
  0.63728998  -0.11842239  -0.45864770   0.44880448   0.68884345   1.04646341   0.45275637   1.70172073  -2.05031259
  0.63877028  -0.11802756  -0.45809653   0.44794703   0.68925036   1.04631959   0.45190245   1.70126683  -2.05198463
  0.63901484  -0.11807513  -0.45794148   0.44786455   0.68938444   1.04642933   0.45190321   1.70129911  -2.05189879
  0.64049316  -0.11772134  -0.45809239   0.44645063   0.68889672   1.04708331   0.45072780   1.70100342  -2.05313126
  0.64049316  -0.11772134  -0.45809239   0.44645063   0.68889672   1.04708331   0.45072780   1.70100342  -2.05313126
  0.64258645  -0.11767252  -0.45753133   0.44475377   0.68907205   1.04688539   0.44884281   1.70069244  -2.05559870
  0.64376234  -0.11754846  -0.45725000   0.44360596   0.68913989   1.04704421   0.44810818   1.70025126  -2.05700835
  0.64402225  -0.11752312  -0.45715201   0.44372659   0.68921412   1.04706338   0.44788870   1.70023963  -2.05689925
  0.64576143  -0.11708711  -0.45677678   0.44236737   0.68932444   1.04707267   0.44660481   1.69997964  -2.05902521
  0.64576143  -0.11708711  -0.45677678   0.44236737   0.68932444   1.04707267   0.44660481   1.69997964  -2.05902521
  0.64802457  -0.11691048  -0.45676458   0.44026641   0.68879279   1.04719755   0.44457503   1.70041337  -2.06079742
  0.64802457  -0.11691048  -0.45676458   0.44026641   0.68879279   1.04719755   0.44457503   1.70041337  -2.06079742
  0.65015718  -0.11681846  -0.45660251   0.43833840   0.68844743   1.04719755   0.44273518   1.70051727  -2.06256140
  0.65015718  -0.11681846  -0.45660251   0.43833840   0.68844743   1.04719755   0.44273518   1.70051727  -2.06256140
  0.65244150  -0.11664850  -0.45646874   0.43627856   0.68803448   1.04719755   0.44078097   1.70079318  -2.06442012
  0.65244150  -0.11664850  -0.45646874   0.43627856   0.68803448   1.04719755   0.44078097   1.70079318  -2.06442012
  0.65480209  -0.11642746  -0.45637729   0.43413374   0.68754832   1.04719755   0.43875984   1.70122992  -2.06630477
  0.65480209  -0.11642746  -0.45637729   0.43413374   0.68754832   1.04719755   0.43875984   1.70122992  -2.06630477
  0.65720576  -0.11615048  -0.45632767   0.43194464   0.68699930   1.04719755   0.43671338   1.70181590  -2.06817477
  0.65720576  -0.11615048  -0.45632767   0.43194464   0.68699930   1.04719755   0.43671338   1.70181590  -2.06817477
  0.65963184  -0.11580902  -0.45632427   0.42973789   0.68638963   1.04719755   0.43466744   1.70255513  -2.07000006
  0.65963184  -0.11580902  -0.45632427   0.42973789   0.68638963   1.04719755   0.43466744   1.70255513  -2.07000006
  0.66206090  -0.11539102  -0.45636409   0.42754131   0.68573191   1.04719755   0.43264937   1.70344001  -2.07177046
  0.66206090  -0.11539102  -0.45636409   0.42754131   0.68573191   1.04719755   0.43264937   1.70344001  -2.07177046
  0.66447078  -0.11488460  -0.45644230   0.42538234   0.68504281   1.04719755   0.43069015   1.70446412  -2.07348075
  0.66611907  -0.11468414  -0.45638624   0.42362758   0.68465158   1.04715377   0.42923354   1.70505516  -2.07520219
  0.66645304  -0.11456496  -0.45635084   0.42370410   0.68464246   1.04715924   0.42909625   1.70497991  -2.07495512
  0.66893137  -0.11373609  -0.45639699   0.42169496   0.68405006   1.04698192   0.42706131   1.70639016  -2.07697541
  0.66900084  -0.11376153  -0.45644015   0.42125149   0.68396012   1.04703583   0.42735750   1.70643239  -2.07695367
  0.67068234  -0.11336947  -0.45691186   0.41967976   0.68292309   1.04719561   0.42550727   1.70782823  -2.07784142
  0.67068234  -0.11336947  -0.45691186   0.41967976   0.68292309   1.04719561   0.42550727   1.70782823  -2.07784142
  0.67302474  -0.11244604  -0.45687039   0.41781414   0.68249645   1.04719755   0.42395687   1.70905658  -2.07966569
  0.67302474  -0.11244604  -0.45687039   0.41781414   0.68249645   1.04719755   0.42395687   1.70905658  -2.07966569
  0.67551868  -0.11122253  -0.45710196   0.41579084   0.68174579   1.04719755   0.42229648   1.71091687  -2.08136875
  0.67551868  -0.11122253  -0.45710196   0.41579084   0.68174579   1.04719755   0.42229648   1.71091687  -2.08136875
  0.67781808  -0.11001953  -0.45730927   0.41399656   0.68108087   1.04719755   0.42078381   1.71281234  -2.08291294
  0.67937688  -0.10919253  -0.45726676   0.41260892   0.68085544   1.04711553   0.41982491   1.71386423  -2.08459341
  0.67966536  -0.10907288  -0.45723352   0.41270667   0.68085352   1.04712579   0.41968276   1.71384648  -2.08438838
  0.68214509  -0.10751497  -0.45744603   0.41084090   0.68022928   1.04700114   0.41826053   1.71624747  -2.08608604
  0.68214509  -0.10751497  -0.45744603   0.41084090   0.68022928   1.04700114   0.41826053   1.71624747  -2.08608604
  0.68385344  -0.10622638  -0.45786846   0.40933242   0.67948768   1.04689268   0.41719121   1.71858689  -2.08730578
  0.68385344  -0.10622638  -0.45786846   0.40933242   0.67948768   1.04689268   0.41719121   1.71858689  -2.08730578
  0.68601610  -0.10467541  -0.45804635   0.40795160   0.67900930   1.04651881   0.41604303   1.72082535  -2.08861799
  0.68601610  -0.10467541  -0.45804635   0.40795160   0.67900930   1.04651881   0.41604303   1.72082535  -2.08861799
  0.68835700  -0.10285474  -0.45827627   0.40630251   0.67848447   1.04597343   0.41487803   1.72369645  -2.09022207
  0.68835700  -0.10285474  -0.45827627   0.40630251   0.67848447   1.04597343   0.41487803   1.72369645  -2.09022207
  0.69052478  -0.10106039  -0.45851600   0.40488173   0.67800191   1.04536713   0.41389242   1.72658489  -2.09150208
  0.69052478  -0.10106039  -0.45851600   0.40488173   0.67800191   1.04536713   0.41389242   1.72658489  -2.09150208
  0.69274274  -0.09912546  -0.45872021   0.40344000   0.67759321   1.04458219   0.41293646   1.72968285  -2.09294904
  0.69274274  -0.09912546  -0.45872021   0.40344000   0.67759321   1.04458219   0.41293646   1.72968285  -2.09294904
  0.69509378  -0.09711587  -0.45879429   0.40202433   0.67733628   1.04370230   0.41178238   1.73292949  -2.09473959
  0.69551094  -0.09637640  -0.45915762   0.40171842   0.67695844   1.04340544   0.41175217   1.73456877  -2.09456646
  0.69573063  -0.09613390  -0.45923665   0.40161406   0.67684764   1.04324308   0.41182341   1.73445070  -2.09449446
  0.69786419  -0.09432143  -0.45913867   0.40022935   0.67682551   1.04228835   0.41100911   1.73723710  -2.09632057
  0.69786419  -0.09432143  -0.45913867   0.40022935   0.67682551   1.04228835   0.41100911   1.73723710  -2.09632057
  0.69988495  -0.09198769  -0.45968702   0.39910171   0.67617416   1.04127087   0.41038835   1.74164240  -2.09683338
  0.69988495  -0.09198769  -0.45968702   0.39910171   0.67617416   1.04127087   0.41038835   1.74164240  -2.09683338
  0.70164073  -0.08987477  -0.45988517   0.39827889   0.67601049   1.03997896   0.41005919   1.74507857  -2.09762830
  0.70164073  -0.08987477  -0.45988517   0.39827889   0.67601049   1.03997896   0.41005919   1.74507857  -2.09762830
  0.70164073  -0.08987477  -0.45988517   0.39827889   0.67601049   1.03997896   0.41005919   1.74507857  -2.09762830
  0.70447991  -0.08643613  -0.46031906   0.39670938   0.67558446   1.03800232   0.40942537   1.75101098  -2.09904585
  0.70447991  -0.08643613  -0.46031906   0.39670938   0.67558446   1.03800232   0.40942537   1.75101098  -2.09904585
  0.70656073  -0.08388988  -0.46053278   0.39576192   0.67542661   1.03647155   0.40882020   1.75542869  -2.10020796
  0.70656073  -0.08388988  -0.46053278   0.39576192   0.67542661   1.03647155   0.40882020   1.75542869  -2.10020796
  0.70733405  -0.08266521  -0.46080037   0.39527269   0.67521222   1.03573646   0.40898883   1.75776349  -2.10020983
  0.70863740  -0.08024254  -0.46095245   0.39504889   0.67539638   1.03375363   0.40927374   1.76164754  -2.10067636
  0.70863740  -0.08024254  -0.46095245   0.39504889   0.67539638   1.03375363   0.40927374   1.76164754  -2.10067636
  0.71001385  -0.07784925  -0.46118922   0.39463960   0.67541971   1.03197106   0.40949605   1.76571539  -2.10102664
  0.71001385  -0.07784925  -0.46118922   0.39463960   0.67541971   1.03197106   0.40949605   1.76571539  -2.10102664
  0.71001385  -0.07784925  -0.46118922   0.39463960   0.67541971   1.03197106   0.40949605   1.76571539  -2.10102664
  0.71214746  -0.07451412  -0.46179380   0.39356768   0.67496929   1.02991594   0.40932405   1.77178315  -2.10168543
  0.71214746  -0.07451412  -0.46179380   0.39356768   0.67496929   1.02991594   0.40932405   1.77178315  -2.10168543
  0.71214746  -0.07451412  -0.46179380   0.39356768   0.67496929   1.02991594   0.40932405   1.77178315  -2.10168543
  0.71319105  -0.06823493  -0.46100689   0.39603434   0.67805487   1.02238245   0.41335192   1.78138826  -2.10137407
  0.71319105  -0.06823493  -0.46100689   0.39603434   0.67805487   1.02238245   0.41335192   1.78138826  -2.10137407
  0.71402042  -0.06678211  -0.46204843   0.39526329   0.67680643   1.02229704   0.41281997   1.78530604  -2.10066106
  0.71402042  -0.06678211  -0.46204843   0.39526329   0.67680643   1.02229704   0.41281997   1.78530604  -2.10066106
  0.71569514  -0.06442285  -0.46226046   0.39432142   0.67667899   1.02074603   0.41266837   1.78905225  -2.10159874
  0.71569514  -0.06442285  -0.46226046   0.39432142   0.67667899   1.02074603   0.41266837   1.78905225  -2.10159874
  0.71569514  -0.06442285  -0.46226046   0.39432142   0.67667899   1.02074603   0.41266837   1.78905225  -2.10159874
  0.71718298  -0.06115657  -0.46303719   0.39372226   0.67617694   1.01864047   0.41303452   1.79522782  -2.10132121
  0.71718298  -0.06115657  -0.46303719   0.39372226   0.67617694   1.01864047   0.41303452   1.79522782  -2.10132121
  0.71718298  -0.06115657  -0.46303719   0.39372226   0.67617694   1.01864047   0.41303452   1.79522782  -2.10132121
  0.71842225  -0.05784784  -0.46407205   0.39320081   0.67541754   1.01661776   0.41353218   1.80189602  -2.10051152
  0.71842225  -0.05784784  -0.46407205   0.39320081   0.67541754   1.01661776   0.41353218   1.80189602  -2.10051152
  0.71842225  -0.05784784  -0.46407205   0.39320081   0.67541754   1.01661776   0.41353218   1.80189602  -2.10051152
  0.71875597  -0.05104640  -0.46315492   0.39669963   0.67904638   1.00821432   0.41843743   1.81235167  -2.09953945
  0.71875597  -0.05104640  -0.46315492   0.39669963   0.67904638   1.00821432   0.41843743   1.81235167  -2.09953945
  0.71847135  -0.05022641  -0.46424307   0.39638778   0.67790878   1.00819586   0.41896077   1.81511271  -2.09786403
  0.71847135  -0.05022641  -0.46424307   0.39638778   0.67790878   1.00819586   0.41896077   1.81511271  -2.09786403
  0.71961720  -0.04728667  -0.46446275   0.39630654   0.67815256   1.00581497   0.41944297   1.82016531  -2.09818335
  0.71961720  -0.04728667  -0.46446275   0.39630654   0.67815256   1.00581497   0.41944297   1.82016531  -2.09818335
  0.71961720  -0.04728667  -0.46446275   0.39630654   0.67815256   1.00581497   0.41944297   1.82016531  -2.09818335
  0.71973900  -0.04195672  -0.46441326   0.39856861   0.67998605   0.99997813   0.42287238   1.82920184  -2.09677564
  0.71973900  -0.04195672  -0.46441326   0.39856861   0.67998605   0.99997813   0.42287238   1.82920184  -2.09677564
  0.71918019  -0.04139530  -0.46531459   0.39858443   0.67911985   0.99993943   0.42346520   1.83141879  -2.09516642
  0.71918019  -0.04139530  -0.46531459   0.39858443   0.67911985   0.99993943   0.42346520   1.83141879  -2.09516642
  0.71994064  -0.03889177  -0.46586738   0.39844776   0.67886679   0.99816429   0.42414609   1.83591575  -2.09451238
  0.71994064  -0.03889177  -0.46586738   0.39844776   0.67886679   0.99816429   0.42414609   1.83591575  -2.09451238
  0.71977241  -0.03388303  -0.46555147   0.40087874   0.68098726   0.99238391   0.42793781   1.84422532  -2.09301396
  0.71977241  -0.03388303  -0.46555147   0.40087874   0.68098726   0.99238391   0.42793781   1.84422532  -2.09301396
  0.71909451  -0.03346300  -0.46635829   0.40124142   0.68025275   0.99232604   0.42848869   1.84584535  -2.09133075
  0.71892283  -0.03337258  -0.46650214   0.40114711   0.68012834   0.99218599   0.42860428   1.84590430  -2.09145274
  0.71892283  -0.03337258  -0.46650214   0.40114711   0.68012834   0.99218599   0.42860428   1.84590430  -2.09145274
  0.71852711  -0.02680967  -0.46584142   0.40473346   0.68323262   0.98445010   0.43401523   1.85674048  -2.08904794
  0.71852711  -0.02680967  -0.46584142   0.40473346   0.68323262   0.98445010   0.43401523   1.85674048  -2.08904794
  0.71750428  -0.02651672  -0.46699559   0.40491557   0.68208421   0.98472244   0.43449644   1.85893389  -2.08709255
  0.71750428  -0.02651672  -0.46699559   0.40491557   0.68208421   0.98472244   0.43449644   1.85893389  -2.08709255
  0.71790972  -0.02435486  -0.46744046   0.40503183   0.68195082   0.98309572   0.43520389   1.86280060  -2.08639659
  0.71790972  -0.02435486  -0.46744046   0.40503183   0.68195082   0.98309572   0.43520389   1.86280060  -2.08639659
  0.71723857  -0.01976128  -0.46692843   0.40794516   0.68423161   0.97747005   0.43936353   1.87005272  -2.08440566
  0.71723857  -0.01976128  -0.46692843   0.40794516   0.68423161   0.97747005   0.43936353   1.87005272  -2.08440566
  0.71624632  -0.01961361  -0.46784754   0.40841976   0.68335879   0.97766744   0.43973587   1.87152136  -2.08267120
  0.71610635  -0.01953270  -0.46797958   0.40823310   0.68323208   0.97755324   0.43996333   1.87155243  -2.08271433
  0.71593468  -0.01547782  -0.46771420   0.41017969   0.68477656   0.97314837   0.44317249   1.87841175  -2.08084818
  0.71593468  -0.01547782  -0.46771420   0.41017969   0.68477656   0.97314837   0.44317249   1.87841175  -2.08084818
  0.71488419  -0.01508686  -0.46839600   0.41079381   0.68429991   0.97283704   0.44406156   1.88004931  -2.07922237
  0.71488419  -0.01508686  -0.46839600   0.41079381   0.68429991   0.97283704   0.44406156   1.88004931  -2.07922237
  0.71376382  -0.01104571  -0.46824999   0.41348477   0.68593995   0.96803090   0.44810716   1.88696840  -2.07660964
  0.71376382  -0.01104571  -0.46824999   0.41348477   0.68593995   0.96803090   0.44810716   1.88696840  -2.07660964
  0.71288262  -0.01060704  -0.46891218   0.41409158   0.68544330   0.96775080   0.44884360   1.88851087  -2.07499336
  0.71288262  -0.01060704  -0.46891218   0.41409158   0.68544330   0.96775080   0.44884360   1.88851087  -2.07499336
  0.71220711  -0.00960841  -0.46951481   0.41464957   0.68509477   0.96694270   0.44984827   1.89079298  -2.07345373
  0.71129074  -0.00629197  -0.46875347   0.41739481   0.68725005   0.96244346   0.45326151   1.89599023  -2.07210207
  0.71129074  -0.00629197  -0.46875347   0.41739481   0.68725005   0.96244346   0.45326151   1.89599023  -2.07210207
  0.71024455  -0.00593042  -0.46964523   0.41776429   0.68645765   0.96241181   0.45439003   1.89764855  -2.06978199
  0.70955162  -0.00518314  -0.46989781   0.41849611   0.68651091   0.96156638   0.45533548   1.89944674  -2.06872236
  0.70955162  -0.00518314  -0.46989781   0.41849611   0.68651091   0.96156638   0.45533548   1.89944674  -2.06872236
  0.70828817  -0.00168029  -0.46932874   0.42162763   0.68849932   0.95688663   0.45906524   1.90496372  -2.06668621
  0.70743125  -0.00140902  -0.46970235   0.42216537   0.68831279   0.95655132   0.46013035   1.90597638  -2.06522513
  0.70743125  -0.00140902  -0.46970235   0.42216537   0.68831279   0.95655132   0.46013035   1.90597638  -2.06522513
  0.70623638  -0.00119878  -0.47064388   0.42254781   0.68745370   0.95667875   0.46112828   1.90767264  -2.06293606
  0.70623638  -0.00119878  -0.47064388   0.42254781   0.68745370   0.95667875   0.46112828   1.90767264  -2.06293606
  0.70501287  -0.00070901  -0.47150134   0.42336864   0.68679031   0.95639183   0.46208763   1.90960743  -2.06074904
  0.70501287  -0.00070901  -0.47150134   0.42336864   0.68679031   0.95639183   0.46208763   1.90960743  -2.06074904
  0.70282002   0.00461806  -0.46965806   0.42895073   0.69105677   0.94821147   0.46887271   1.91706199  -2.05820106
  0.70282002   0.00461806  -0.46965806   0.42895073   0.69105677   0.94821147   0.46887271   1.91706199  -2.05820106
  0.70154789   0.00452225  -0.47072956   0.42951193   0.68999072   0.94872994   0.46945950   1.91827464  -2.05571561
  0.70127784   0.00448594  -0.47083102   0.42934094   0.68990844   0.94866676   0.46969180   1.91834100  -2.05585111
  0.69988407   0.00439544  -0.47158311   0.43007594   0.68928680   0.94886170   0.47050364   1.91973854  -2.05380371
  0.69988407   0.00439544  -0.47158311   0.43007594   0.68928680   0.94886170   0.47050364   1.91973854  -2.05380371
  0.69988407   0.00439544  -0.47158311   0.43007594   0.68928680   0.94886170   0.47050364   1.91973854  -2.05380371
  0.69699279   0.00746754  -0.47084622   0.43470894   0.69164741   0.94369309   0.47644665   1.92450019  -2.04955336
  0.69699279   0.00746754  -0.47084622   0.43470894   0.69164741   0.94369309   0.47644665   1.92450019  -2.04955336
  0.69577562   0.00746140  -0.47165938   0.43525570   0.69090847   0.94392203   0.47720169   1.92575918  -2.04749957
  0.69577562   0.00746140  -0.47165938   0.43525570   0.69090847   0.94392203   0.47720169   1.92575918  -2.04749957
  0.69431121   0.00763460  -0.47203823   0.43649807   0.69082978   0.94334065   0.47841361   1.92676980  -2.04588746
  0.69431121   0.00763460  -0.47203823   0.43649807   0.69082978   0.94334065   0.47841361   1.92676980  -2.04588746
  0.69268578   0.00778147  -0.47245571   0.43785674   0.69073304   0.94278355   0.47998381   1.92783958  -2.04372281
  0.69268578   0.00778147  -0.47245571   0.43785674   0.69073304   0.94278355   0.47998381   1.92783958  -2.04372281
  0.68998117   0.00958929  -0.47135965   0.44228650   0.69314496   0.93855339   0.48458155   1.93038567  -2.04111469
  0.68998117   0.00958929  -0.47135965   0.44228650   0.69314496   0.93855339   0.48458155   1.93038567  -2.04111469
  0.68869857   0.00965661  -0.47200092   0.44299711   0.69264194   0.93849232   0.48566118   1.93148975  -2.03909911
  0.68754819   0.00948225  -0.47250140   0.44382402   0.69225430   0.93860772   0.48618419   1.93224544  -2.03760350
  0.68738569   0.00952370  -0.47260717   0.44369020   0.69215633   0.93850703   0.48642551   1.93218686  -2.03761568
  0.68738569   0.00952370  -0.47260717   0.44369020   0.69215633   0.93850703   0.48642551   1.93218686  -2.03761568
  0.68413878   0.00953459  -0.47207021   0.44770754   0.69359787   0.93636736   0.49037762   1.93263164  -2.03407801
  0.68413878   0.00953459  -0.47207021   0.44770754   0.69359787   0.93636736   0.49037762   1.93263164  -2.03407801
  0.68262881   0.00929616  -0.47288133   0.44833910   0.69287209   0.93666351   0.49136686   1.93356950  -2.03188608
  0.68262881   0.00929616  -0.47288133   0.44833910   0.69287209   0.93666351   0.49136686   1.93356950  -2.03188608
  0.68058800   0.00880835  -0.47309907   0.45010264   0.69297259   0.93630014   0.49307833   1.93355387  -2.02973823
  0.68058800   0.00880835  -0.47309907   0.45010264   0.69297259   0.93630014   0.49307833   1.93355387  -2.02973823
  0.67845491   0.00825821  -0.47327886   0.45199288   0.69312423   0.93591060   0.49488036   1.93342056  -2.02751788
  0.67845491   0.00825821  -0.47327886   0.45199288   0.69312423   0.93591060   0.49488036   1.93342056  -2.02751788
  0.67627056   0.00764230  -0.47339999   0.45396841   0.69334136   0.93549548   0.49673481   1.93313835  -2.02531931
  0.67627056   0.00764230  -0.47339999   0.45396841   0.69334136   0.93549548   0.49673481   1.93313835  -2.02531931
  0.67404450   0.00694948  -0.47348899   0.45599538   0.69358651   0.93509776   0.49860214   1.93271463  -2.02313531
  0.67404450   0.00694948  -0.47348899   0.45599538   0.69358651   0.93509776   0.49860214   1.93271463  -2.02313531
  0.67177947   0.00616564  -0.47355070   0.45805950   0.69385051   0.93473763   0.50046643   1.93213310  -2.02097420
  0.67177947   0.00616564  -0.47355070   0.45805950   0.69385051   0.93473763   0.50046643   1.93213310  -2.02097420
  0.66953362   0.00529612  -0.47358415   0.46010420   0.69412351   0.93444670   0.50227513   1.93140865  -2.01887305
  0.66953362   0.00529612  -0.47358415   0.46010420   0.69412351   0.93444670   0.50227513   1.93140865  -2.01887305
  0.66719641   0.00429787  -0.47362397   0.46219599   0.69437888   0.93423543   0.50408975   1.93050410  -2.01673196
  0.66719641   0.00429787  -0.47362397   0.46219599   0.69437888   0.93423543   0.50408975   1.93050410  -2.01673196
  0.66479832   0.00318270  -0.47364181   0.46433776   0.69464694   0.93408005   0.50590988   1.92939500  -2.01458834
  0.66479832   0.00318270  -0.47364181   0.46433776   0.69464694   0.93408005   0.50590988   1.92939500  -2.01458834
  0.66236193   0.00196439  -0.47364068   0.46650294   0.69492124   0.93398295   0.50771335   1.92810809  -2.01246707
  0.66236193   0.00196439  -0.47364068   0.46650294   0.69492124   0.93398295   0.50771335   1.92810809  -2.01246707
  0.65989122   0.00064425  -0.47362435   0.46868205   0.69519658   0.93395020   0.50949226   1.92665289  -2.01037082
  0.65989122   0.00064425  -0.47362435   0.46868205   0.69519658   0.93395020   0.50949226   1.92665289  -2.01037082
  0.65734392  -0.00081602  -0.47359447   0.47089460   0.69547245   0.93401338   0.51125868   1.92504741  -2.00825807
  0.65734392  -0.00081602  -0.47359447   0.47089460   0.69547245   0.93401338   0.51125868   1.92504741  -2.00825807
  0.65484043  -0.00230970  -0.47357710   0.47307296   0.69571498   0.93412934   0.51296992   1.92326901  -2.00616148
  0.65484043  -0.00230970  -0.47357710   0.47307296   0.69571498   0.93412934   0.51296992   1.92326901  -2.00616148
  0.65229618  -0.00392192  -0.47350923   0.47525397   0.69599725   0.93429168   0.51464889   1.92132437  -2.00419211
  0.65084337  -0.00483091  -0.47334690   0.47664543   0.69629935   0.93424656   0.51568869   1.92011241  -2.00312604
  0.65084337  -0.00483091  -0.47334690   0.47664543   0.69629935   0.93424656   0.51568869   1.92011241  -2.00312604
  0.64845832  -0.00641594  -0.47336363   0.47856471   0.69644745   0.93456262   0.51716271   1.91827681  -2.00124512
  0.64781450  -0.00670015  -0.47351326   0.47906824   0.69633454   0.93459384   0.51712805   1.91820471  -2.00110402
  0.64603161  -0.00820496  -0.47314324   0.48076765   0.69684885   0.93482664   0.51863872   1.91590761  -1.99955040
  0.64603161  -0.00820496  -0.47314324   0.48076765   0.69684885   0.93482664   0.51863872   1.91590761  -1.99955040
  0.64326931  -0.01012147  -0.47327031   0.48282963   0.69687009   0.93538233   0.52026039   1.91368781  -1.99730425
  0.64191575  -0.01118447  -0.47307645   0.48427098   0.69716148   0.93550487   0.52092975   1.91210226  -1.99646024
  0.64046348  -0.01228208  -0.47300390   0.48526907   0.69731177   0.93575285   0.52185268   1.91078363  -1.99557243
  0.63930632  -0.01323187  -0.47288554   0.48641728   0.69749832   0.93596385   0.52249734   1.90935986  -1.99467161
  0.63766829  -0.01420954  -0.47333779   0.48737127   0.69708955   0.93654599   0.52319655   1.90878686  -1.99301507
  0.63766829  -0.01420954  -0.47333779   0.48737127   0.69708955   0.93654599   0.52319655   1.90878686  -1.99301507
  0.63488709  -0.01660231  -0.47293347   0.48976370   0.69764743   0.93701921   0.52503062   1.90504603  -1.99122741
  0.63488709  -0.01660231  -0.47293347   0.48976370   0.69764743   0.93701921   0.52503062   1.90504603  -1.99122741
  0.63217468  -0.01872353  -0.47295670   0.49181875   0.69773081   0.93773821   0.52645002   1.90243309  -1.98918507
  0.63061188  -0.02000277  -0.47294736   0.49297889   0.69779700   0.93817356   0.52742254   1.90059806  -1.98790270
  0.63061188  -0.02000277  -0.47294736   0.49297889   0.69779700   0.93817356   0.52742254   1.90059806  -1.98790270
  0.62797839  -0.02222746  -0.47274853   0.49516385   0.69809977   0.93882595   0.52867499   1.89767873  -1.98626964
  0.62797839  -0.02222746  -0.47274853   0.49516385   0.69809977   0.93882595   0.52867499   1.89767873  -1.98626964
  0.62520073  -0.02455167  -0.47261446   0.49733200   0.69832835   0.93956210   0.53010189   1.89456577  -1.98440658
  0.62360751  -0.02590990  -0.47262599   0.49854248   0.69835911   0.94010101   0.53102374   1.89257940  -1.98300880
  0.62312079  -0.02629509  -0.47256227   0.49873883   0.69843970   0.94022088   0.53096003   1.89275693  -1.98326001
  0.62113260  -0.02814822  -0.47224540   0.50059731   0.69882320   0.94063309   0.53215699   1.88928990  -1.98197743
  0.62113260  -0.02814822  -0.47224540   0.50059731   0.69882320   0.94063309   0.53215699   1.88928990  -1.98197743
  0.61833741  -0.03043448  -0.47228997   0.50263337   0.69884353   0.94156871   0.53351653   1.88656264  -1.97977070
  0.61672466  -0.03194383  -0.47208572   0.50392941   0.69908676   0.94203614   0.53427744   1.88430865  -1.97891521
  0.61535099  -0.03318999  -0.47201695   0.50495043   0.69918161   0.94251804   0.53489395   1.88258865  -1.97804146
  0.61387283  -0.03428266  -0.47220764   0.50601545   0.69901411   0.94301590   0.53550876   1.88120722  -1.97675987
  0.61373501  -0.03455015  -0.47205507   0.50601996   0.69917089   0.94317767   0.53559288   1.88130131  -1.97678455
  0.61113444  -0.03681624  -0.47173696   0.50821334   0.69954950   0.94370058   0.53702559   1.87749527  -1.97525815
  0.60945899  -0.03818848  -0.47183302   0.50933013   0.69947546   0.94433773   0.53791328   1.87574787  -1.97377232
  0.60909149  -0.03853570  -0.47173139   0.50961119   0.69958547   0.94446458   0.53778339   1.87584387  -1.97392129
  0.60663206  -0.04082659  -0.47133592   0.51170536   0.70002290   0.94505631   0.53917808   1.87188644  -1.97245059
  0.60534822  -0.04198865  -0.47126887   0.51262735   0.70010365   0.94551341   0.53975324   1.87026801  -1.97164124
  0.60375491  -0.04316741  -0.47145651   0.51372621   0.69993060   0.94604957   0.54048002   1.86875900  -1.97023170
  0.60363122  -0.04343001  -0.47129628   0.51377352   0.70009330   0.94621006   0.54051808   1.86885527  -1.97025369
  0.60087948  -0.04589819  -0.47084059   0.51612507   0.70058396   0.94675952   0.54197919   1.86469212  -1.96878182
  0.60087948  -0.04589819  -0.47084059   0.51612507   0.70058396   0.94675952   0.54197919   1.86469212  -1.96878182
  0.59806728  -0.04823087  -0.47069860   0.51821066   0.70074834   0.94755246   0.54339816   1.86158540  -1.96681026
  0.59656037  -0.04964401  -0.47043994   0.51943467   0.70101619   0.94795975   0.54412183   1.85940852  -1.96602905
  0.59656037  -0.04964401  -0.47043994   0.51943467   0.70101619   0.94795975   0.54412183   1.85940852  -1.96602905
  0.59370876  -0.05201804  -0.47022489   0.52159330   0.70124345   0.94870256   0.54557314   1.85616795  -1.96410901
  0.59370876  -0.05201804  -0.47022489   0.52159330   0.70124345   0.94870256   0.54557314   1.85616795  -1.96410901
  0.59074656  -0.05457207  -0.46984683   0.52394926   0.70162850   0.94942748   0.54713379   1.85252644  -1.96219407
  0.59074656  -0.05457207  -0.46984683   0.52394926   0.70162850   0.94942748   0.54713379   1.85252644  -1.96219407
  0.58782122  -0.05706141  -0.46948096   0.52625086   0.70199197   0.95010598   0.54865638   1.84896615  -1.96036194
  0.58627505  -0.05841134  -0.46934472   0.52739753   0.70212437   0.95057746   0.54962567   1.84690807  -1.95907936
  0.58502526  -0.05958152  -0.46905975   0.52844930   0.70240308   0.95087042   0.55028901   1.84512054  -1.95839702
  0.58434963  -0.05985964  -0.46918914   0.52873899   0.70226994   0.95082605   0.55016121   1.84519602  -1.95870378
  0.58247717  -0.06175581  -0.46855554   0.53072559   0.70288821   0.95126179   0.55129249   1.84195014  -1.95732765
  0.58077877  -0.06313348  -0.46838981   0.53180619   0.70303772   0.95161053   0.55223714   1.84007899  -1.95643400
  0.58077877  -0.06313348  -0.46838981   0.53180619   0.70303772   0.95161053   0.55223714   1.84007899  -1.95643400
  0.57827838  -0.06531649  -0.46793669   0.53391807   0.70346225   0.95217733   0.55367960   1.83693547  -1.95463022
  0.57636644  -0.06677877  -0.46786933   0.53527680   0.70350581   0.95262053   0.55469548   1.83502236  -1.95321417
  0.57472881  -0.06814379  -0.46774101   0.53657197   0.70361222   0.95314475   0.55560419   1.83338756  -1.95168819
  0.57454720  -0.06812134  -0.46785431   0.53659136   0.70349699   0.95303660   0.55562797   1.83330211  -1.95179868
  0.57187784  -0.07044348  -0.46717943   0.53890846   0.70411575   0.95339723   0.55721206   1.82976909  -1.95026175
  0.57187784  -0.07044348  -0.46717943   0.53890846   0.70411575   0.95339723   0.55721206   1.82976909  -1.95026175
  0.56906926  -0.07269061  -0.46673720   0.54115108   0.70449398   0.95381909   0.55879832   1.82662373  -1.94846847
  0.56759930  -0.07390799  -0.46639157   0.54241625   0.70479694   0.95397137   0.55966090   1.82482934  -1.94761048
  0.56601488  -0.07499315  -0.46643376   0.54355015   0.70472069   0.95429341   0.56054502   1.82346064  -1.94620652
  0.56601488  -0.07499315  -0.46643376   0.54355015   0.70472069   0.95429341   0.56054502   1.82346064  -1.94620652
  0.56304421  -0.07734908  -0.46598626   0.54596746   0.70508360   0.95478552   0.56225617   1.82031404  -1.94404186
  0.56181999  -0.07846594  -0.46530726   0.54722642   0.70569617   0.95459065   0.56313109   1.81831311  -1.94380690
  0.56051851  -0.07939074  -0.46529868   0.54819357   0.70566735   0.95490675   0.56384432   1.81740718  -1.94255496
  0.56025035  -0.07942671  -0.46540251   0.54825070   0.70555677   0.95480274   0.56389424   1.81730703  -1.94266664
  0.55788870  -0.08151171  -0.46453392   0.55053261   0.70631414   0.95493552   0.56555276   1.81410914  -1.94112426
  0.55788870  -0.08151171  -0.46453392   0.55053261   0.70631414   0.95493552   0.56555276   1.81410914  -1.94112426
  0.55496776  -0.08361423  -0.46416899   0.55284039   0.70655634   0.95519055   0.56731603   1.81132370  -1.93901137
  0.55341946  -0.08476789  -0.46370871   0.55427545   0.70692308   0.95508378   0.56836551   1.80964222  -1.93810339
  0.55175065  -0.08586358  -0.46363620   0.55546023   0.70692167   0.95525338   0.56956007   1.80831668  -1.93654886
  0.55175065  -0.08586358  -0.46363620   0.55546023   0.70692167   0.95525338   0.56956007   1.80831668  -1.93654886
  0.54922455  -0.08781384  -0.46286622   0.55786926   0.70752953   0.95516891   0.57112517   1.80551288  -1.93508511
  0.54780236  -0.08861148  -0.46284702   0.55908614   0.70747075   0.95513672   0.57197549   1.80435838  -1.93384214
  0.54775776  -0.08880684  -0.46269344   0.55908492   0.70761862   0.95527108   0.57202742   1.80447888  -1.93383218
  0.54512035  -0.09071318  -0.46199480   0.56143963   0.70813200   0.95509340   0.57390327   1.80162929  -1.93211882
  0.54512035  -0.09071318  -0.46199480   0.56143963   0.70813200   0.95509340   0.57390327   1.80162929  -1.93211882
  0.54258381  -0.09248206  -0.46140837   0.56365029   0.70852873   0.95496573   0.57565534   1.79933955  -1.93034040
  0.54258381  -0.09248206  -0.46140837   0.56365029   0.70852873   0.95496573   0.57565534   1.79933955  -1.93034040
  0.53998466  -0.09423981  -0.46081021   0.56595743   0.70891485   0.95475519   0.57748310   1.79702934  -1.92847904
  0.53795585  -0.09551667  -0.46056588   0.56758762   0.70900105   0.95476503   0.57913826   1.79569331  -1.92635278
  0.53738994  -0.09588389  -0.46017132   0.56829661   0.70930805   0.95437338   0.57945810   1.79513378  -1.92651486
  0.53585654  -0.09681381  -0.45965114   0.56999289   0.70964660   0.95392191   0.58076815   1.79373822  -1.92521234
  0.53585654  -0.09681381  -0.45965114   0.56999289   0.70964660   0.95392191   0.58076815   1.79373822  -1.92521234
  0.53328342  -0.09842218  -0.45921000   0.57218911   0.70985075   0.95371848   0.58262730   1.79188598  -1.92308929
  0.53328342  -0.09842218  -0.45921000   0.57218911   0.70985075   0.95371848   0.58262730   1.79188598  -1.92308929
  0.53066542  -0.10007646  -0.45855757   0.57460458   0.71021917   0.95330432   0.58462321   1.78985208  -1.92105073
  0.53066542  -0.10007646  -0.45855757   0.57460458   0.71021917   0.95330432   0.58462321   1.78985208  -1.92105073
  0.52834412  -0.10149392  -0.45784373   0.57682486   0.71063446   0.95271157   0.58651703   1.78817990  -1.91935388
  0.52834412  -0.10149392  -0.45784373   0.57682486   0.71063446   0.95271157   0.58651703   1.78817990  -1.91935388
  0.52582821  -0.10291241  -0.45729373   0.57921374   0.71086856   0.95216098   0.58854818   1.78654093  -1.91712668
  0.52582821  -0.10291241  -0.45729373   0.57921374   0.71086856   0.95216098   0.58854818   1.78654093  -1.91712668
  0.52335001  -0.10432973  -0.45660867   0.58162448   0.71120117   0.95150635   0.59060301   1.78510427  -1.91503911
  0.52335001  -0.10432973  -0.45660867   0.58162448   0.71120117   0.95150635   0.59060301   1.78510427  -1.91503911
  0.52095070  -0.10558621  -0.45601183   0.58397693   0.71143447   0.95076752   0.59269680   1.78380991  -1.91285147
  0.51945062  -0.10626727  -0.45556898   0.58550395   0.71160223   0.95010033   0.59432784   1.78329050  -1.91122025
  0.51922279  -0.10626297  -0.45565269   0.58568897   0.71149590   0.94996129   0.59425016   1.78327578  -1.91132542
  0.51727602  -0.10728370  -0.45477188   0.58796940   0.71196847   0.94895066   0.59633292   1.78225550  -1.90945815
  0.51727602  -0.10728370  -0.45477188   0.58796940   0.71196847   0.94895066   0.59633292   1.78225550  -1.90945815
  0.51512689  -0.10825430  -0.45421710   0.59015848   0.71212070   0.94805025   0.59833357   1.78155366  -1.90738960
  0.51512689  -0.10825430  -0.45421710   0.59015848   0.71212070   0.94805025   0.59833357   1.78155366  -1.90738960
  0.51288843  -0.10924521  -0.45358310   0.59250525   0.71230247   0.94701798   0.60049758   1.78083472  -1.90520042
  0.51288843  -0.10924521  -0.45358310   0.59250525   0.71230247   0.94701798   0.60049758   1.78083472  -1.90520042
  0.51006781  -0.10908580  -0.45045730   0.59829196   0.71388792   0.94108955   0.60628045   1.78220491  -1.90207139
  0.51006781  -0.10908580  -0.45045730   0.59829196   0.71388792   0.94108955   0.60628045   1.78220491  -1.90207139
  0.50835605  -0.10971977  -0.45113066   0.59907010   0.71309538   0.94148482   0.60731825   1.78263186  -1.89960115
  0.50835605  -0.10971977  -0.45113066   0.59907010   0.71309538   0.94148482   0.60731825   1.78263186  -1.89960115
  0.50636673  -0.11070028  -0.45052158   0.60119257   0.71326751   0.94063773   0.60909050   1.78169736  -1.89783069
  0.50636673  -0.11070028  -0.45052158   0.60119257   0.71326751   0.94063773   0.60909050   1.78169736  -1.89783069
  0.50408134  -0.11106057  -0.44867767   0.60505480   0.71404650   0.93728597   0.61281349   1.78199348  -1.89538187
  0.50408134  -0.11106057  -0.44867767   0.60505480   0.71404650   0.93728597   0.61281349   1.78199348  -1.89538187
  0.50240112  -0.11144415  -0.44876696   0.60650883   0.71359251   0.93667190   0.61436234   1.78271198  -1.89306783
  0.50240112  -0.11144415  -0.44876696   0.60650883   0.71359251   0.93667190   0.61436234   1.78271198  -1.89306783
  0.50063501  -0.11203422  -0.44853897   0.60818057   0.71339568   0.93589617   0.61609316   1.78282599  -1.89099116
  0.50063501  -0.11203422  -0.44853897   0.60818057   0.71339568   0.93589617   0.61609316   1.78282599  -1.89099116
  0.49822917  -0.11171485  -0.44598236   0.61330231   0.71430940   0.93066928   0.62123501   1.78454776  -1.88769301
  0.49822917  -0.11171485  -0.44598236   0.61330231   0.71430940   0.93066928   0.62123501   1.78454776  -1.88769301
  0.49690795  -0.11178816  -0.44625648   0.61432399   0.71370836   0.93010450   0.62256297   1.78580931  -1.88556701
  0.49690795  -0.11178816  -0.44625648   0.61432399   0.71370836   0.93010450   0.62256297   1.78580931  -1.88556701
  0.49550291  -0.11206309  -0.44612462   0.61573418   0.71342316   0.92926027   0.62406885   1.78631809  -1.88373042
  0.49550291  -0.11206309  -0.44612462   0.61573418   0.71342316   0.92926027   0.62406885   1.78631809  -1.88373042
  0.49312228  -0.11109567  -0.44317546   0.62154804   0.71422734   0.92270355   0.63028860   1.78965522  -1.87968081
  0.49312228  -0.11109567  -0.44317546   0.62154804   0.71422734   0.92270355   0.63028860   1.78965522  -1.87968081
  0.49166513  -0.11134999  -0.44413513   0.62210717   0.71316654   0.92311004   0.63082019   1.79105651  -1.87735574
  0.49166513  -0.11134999  -0.44413513   0.62210717   0.71316654   0.92311004   0.63082019   1.79105651  -1.87735574
  0.49013770  -0.10992888  -0.44185366   0.62664372   0.71354644   0.91733758   0.63619390   1.79476785  -1.87373190
  0.49013770  -0.10992888  -0.44185366   0.62664372   0.71354644   0.91733758   0.63619390   1.79476785  -1.87373190
  0.48902302  -0.11009474  -0.44248237   0.62729939   0.71278961   0.91748237   0.63660552   1.79572954  -1.87196932
  0.48879948  -0.11006594  -0.44261735   0.62710042   0.71263518   0.91732953   0.63688451   1.79571080  -1.87207131
  0.48757706  -0.11027637  -0.44296547   0.62793164   0.71201547   0.91717038   0.63800986   1.79678896  -1.86985975
  0.48757706  -0.11027637  -0.44296547   0.62793164   0.71201547   0.91717038   0.63800986   1.79678896  -1.86985975
  0.48660231  -0.10778749  -0.43922540   0.63397499   0.71297756   0.90862150   0.64488054   1.80223987  -1.86644042
  0.48660231  -0.10778749  -0.43922540   0.63397499   0.71297756   0.90862150   0.64488054   1.80223987  -1.86644042
  0.48515086  -0.10791269  -0.44042295   0.63455005   0.71170649   0.90916670   0.64540841   1.80375950  -1.86354022
  0.48494905  -0.10790539  -0.44051506   0.63439555   0.71158944   0.90902916   0.64562611   1.80378966  -1.86367317
  0.48494905  -0.10790539  -0.44051506   0.63439555   0.71158944   0.90902916   0.64562611   1.80378966  -1.86367317
  0.48378814  -0.10513940  -0.43767244   0.63996272   0.71163522   0.90113619   0.65247707   1.81099345  -1.85885042
  0.48378814  -0.10513940  -0.43767244   0.63996272   0.71163522   0.90113619   0.65247707   1.81099345  -1.85885042
  0.48282631  -0.10511788  -0.43843714   0.64041649   0.71077261   0.90129669   0.65300958   1.81194031  -1.85684780
  0.48258835  -0.10510186  -0.43856124   0.64035030   0.71061897   0.90115135   0.65314042   1.81198898  -1.85697082
  0.48258835  -0.10510186  -0.43856124   0.64035030   0.71061897   0.90115135   0.65314042   1.81198898  -1.85697082
  0.48163127  -0.10235676  -0.43645345   0.64499182   0.71019553   0.89436363   0.65924995   1.81926387  -1.85207174
  0.48163127  -0.10235676  -0.43645345   0.64499182   0.71019553   0.89436363   0.65924995   1.81926387  -1.85207174
  0.48059445  -0.10227114  -0.43717253   0.64558767   0.70929478   0.89434297   0.65988666   1.82057617  -1.84997454
  0.48059445  -0.10227114  -0.43717253   0.64558767   0.70929478   0.89434297   0.65988666   1.82057617  -1.84997454
  0.48064594  -0.09880505  -0.43436923   0.65009780   0.70932902   0.88643156   0.66604979   1.82791263  -1.84670181
  0.48064594  -0.09880505  -0.43436923   0.65009780   0.70932902   0.88643156   0.66604979   1.82791263  -1.84670181
  0.47923734  -0.09896341  -0.43540876   0.65062723   0.70818750   0.88686991   0.66655752   1.82925444  -1.84418033
  0.47923734  -0.09896341  -0.43540876   0.65062723   0.70818750   0.88686991   0.66655752   1.82925444  -1.84418033
  0.47972700  -0.09640531  -0.43419183   0.65264538   0.70790845   0.88237187   0.66980887   1.83429100  -1.84236783
  0.47972700  -0.09640531  -0.43419183   0.65264538   0.70790845   0.88237187   0.66980887   1.83429100  -1.84236783
  0.47840602  -0.09646816  -0.43511048   0.65312545   0.70682627   0.88262168   0.67060272   1.83576317  -1.83979699
  0.47840602  -0.09646816  -0.43511048   0.65312545   0.70682627   0.88262168   0.67060272   1.83576317  -1.83979699
  0.47877306  -0.09245890  -0.43229857   0.65768874   0.70662110   0.87432510   0.67703401   1.84412450  -1.83621125
  0.47877306  -0.09245890  -0.43229857   0.65768874   0.70662110   0.87432510   0.67703401   1.84412450  -1.83621125
  0.47794696  -0.09223785  -0.43321127   0.65781833   0.70564670   0.87454934   0.67773229   1.84535502  -1.83390698
  0.47794696  -0.09223785  -0.43321127   0.65781833   0.70564670   0.87454934   0.67773229   1.84535502  -1.83390698
  0.47862038  -0.08854223  -0.43088936   0.66135951   0.70542394   0.86750857   0.68282977   1.85287859  -1.83141391
  0.47862038  -0.08854223  -0.43088936   0.66135951   0.70542394   0.86750857   0.68282977   1.85287859  -1.83141391
  0.47774171  -0.08830082  -0.43168285   0.66163541   0.70448458   0.86751886   0.68337833   1.85449878  -1.82949581
  0.47774171  -0.08830082  -0.43168285   0.66163541   0.70448458   0.86751886   0.68337833   1.85449878  -1.82949581
  0.47824500  -0.08493588  -0.43067186   0.66382314   0.70362875   0.86245228   0.68756915   1.86154991  -1.82615441
  0.47824500  -0.08493588  -0.43067186   0.66382314   0.70362875   0.86245228   0.68756915   1.86154991  -1.82615441
  0.47783018  -0.08434900  -0.43109645   0.66411266   0.70294152   0.86190871   0.68833020   1.86328351  -1.82469228
  0.47783018  -0.08434900  -0.43109645   0.66411266   0.70294152   0.86190871   0.68833020   1.86328351  -1.82469228
  0.47743635  -0.08351393  -0.43191786   0.66401670   0.70195154   0.86154695   0.68897372   1.86586744  -1.82290206
  0.47746012  -0.08328832  -0.43205415   0.66413360   0.70180468   0.86135091   0.68889686   1.86584696  -1.82287913
  0.47746012  -0.08328832  -0.43205415   0.66413360   0.70180468   0.86135091   0.68889686   1.86584696  -1.82287913
  0.47870229  -0.07720084  -0.42868402   0.66931078   0.70115660   0.85076066   0.69749660   1.87803469  -1.81768944
  0.47870229  -0.07720084  -0.42868402   0.66931078   0.70115660   0.85076066   0.69749660   1.87803469  -1.81768944
  0.47882227  -0.07621308  -0.42912507   0.66930931   0.70053725   0.85014761   0.69782210   1.88032403  -1.81666895
  0.47882227  -0.07621308  -0.42912507   0.66930931   0.70053725   0.85014761   0.69782210   1.88032403  -1.81666895
  0.47991914  -0.07212724  -0.42755143   0.67174429   0.69989137   0.84412211   0.70251293   1.88806947  -1.81369530
  0.47991914  -0.07212724  -0.42755143   0.67174429   0.69989137   0.84412211   0.70251293   1.88806947  -1.81369530
  0.47990935  -0.07136546  -0.42789734   0.67173748   0.69937643   0.84356032   0.70284663   1.88984808  -1.81299255
  0.47990935  -0.07136546  -0.42789734   0.67173748   0.69937643   0.84356032   0.70284663   1.88984808  -1.81299255
  0.47958261  -0.07043622  -0.42919545   0.67117011   0.69816413   0.84379754   0.70321984   1.89242387  -1.81062946
  0.48087187  -0.06809520  -0.42885809   0.67118526   0.69788688   0.84141745   0.70415968   1.89670490  -1.81054704
  0.48087187  -0.06809520  -0.42885809   0.67118526   0.69788688   0.84141745   0.70415968   1.89670490  -1.81054704
  0.48196534  -0.06346054  -0.42632964   0.67482423   0.69745278   0.83380537   0.71049504   1.90513611  -1.80694854
  0.48196534  -0.06346054  -0.42632964   0.67482423   0.69745278   0.83380537   0.71049504   1.90513611  -1.80694854
  0.48196534  -0.06346054  -0.42632964   0.67482423   0.69745278   0.83380537   0.71049504   1.90513611  -1.80694854
  0.48250546  -0.06167904  -0.42722845   0.67416585   0.69650370   0.83308036   0.71059810   1.90875753  -1.80581280
  0.48250546  -0.06167904  -0.42722845   0.67416585   0.69650370   0.83308036   0.71059810   1.90875753  -1.80581280
  0.48380202  -0.05855466  -0.42745351   0.67387984   0.69563589   0.83058009   0.71198459   1.91467555  -1.80433923
  0.48380202  -0.05855466  -0.42745351   0.67387984   0.69563589   0.83058009   0.71198459   1.91467555  -1.80433923
  0.48380202  -0.05855466  -0.42745351   0.67387984   0.69563589   0.83058009   0.71198459   1.91467555  -1.80433923
  0.48515355  -0.05341188  -0.42538022   0.67678975   0.69497820   0.82326629   0.71781682   1.92405581  -1.80099486
  0.48515355  -0.05341188  -0.42538022   0.67678975   0.69497820   0.82326629   0.71781682   1.92405581  -1.80099486
  0.48570108  -0.05202228  -0.42613903   0.67605702   0.69429371   0.82293315   0.71782805   1.92662594  -1.80000066
  0.48570108  -0.05202228  -0.42613903   0.67605702   0.69429371   0.82293315   0.71782805   1.92662594  -1.80000066
  0.48690717  -0.04984454  -0.42663306   0.67516214   0.69372597   0.82176566   0.71794861   1.93029163  -1.79964640
  0.48765585  -0.04817511  -0.42651847   0.67511624   0.69343022   0.82028479   0.71882142   1.93334987  -1.79902002
  0.48765585  -0.04817511  -0.42651847   0.67511624   0.69343022   0.82028479   0.71882142   1.93334987  -1.79902002
  0.48872773  -0.04600275  -0.42690828   0.67443387   0.69285530   0.81900156   0.71926041   1.93717922  -1.79828937
  0.48872773  -0.04600275  -0.42690828   0.67443387   0.69285530   0.81900156   0.71926041   1.93717922  -1.79828937
  0.49010917  -0.04332509  -0.42691438   0.67398088   0.69241078   0.81692100   0.72021720   1.94162900  -1.79767474
  0.49010917  -0.04332509  -0.42691438   0.67398088   0.69241078   0.81692100   0.72021720   1.94162900  -1.79767474
  0.49140117  -0.04084137  -0.42708062   0.67337029   0.69194067   0.81519268   0.72083488   1.94587766  -1.79717748
  0.49140117  -0.04084137  -0.42708062   0.67337029   0.69194067   0.81519268   0.72083488   1.94587766  -1.79717748
  0.49140117  -0.04084137  -0.42708062   0.67337029   0.69194067   0.81519268   0.72083488   1.94587766  -1.79717748
  0.49345886  -0.03749783  -0.42754525   0.67198619   0.69135892   0.81334423   0.72109238   1.95121417  -1.79683384
  0.49345886  -0.03749783  -0.42754525   0.67198619   0.69135892   0.81334423   0.72109238   1.95121417  -1.79683384
  0.49345886  -0.03749783  -0.42754525   0.67198619   0.69135892   0.81334423   0.72109238   1.95121417  -1.79683384
  0.49580514  -0.03345797  -0.42774338   0.67070384   0.69079765   0.81068465   0.72187354   1.95784375  -1.79643534
  0.49580514  -0.03345797  -0.42774338   0.67070384   0.69079765   0.81068465   0.72187354   1.95784375  -1.79643534
  0.49580514  -0.03345797  -0.42774338   0.67070384   0.69079765   0.81068465   0.72187354   1.95784375  -1.79643534
  0.49809028  -0.02986131  -0.42807085   0.66917330   0.69033652   0.80861104   0.72213311   1.96353727  -1.79641223
  0.49809028  -0.02986131  -0.42807085   0.66917330   0.69033652   0.80861104   0.72213311   1.96353727  -1.79641223
  0.49980579  -0.02697611  -0.42797234   0.66844922   0.69010168   0.80652741   0.72287633   1.96798329  -1.79621006
  0.49980579  -0.02697611  -0.42797234   0.66844922   0.69010168   0.80652741   0.72287633   1.96798329  -1.79621006
  0.50128469  -0.02447858  -0.42788491   0.66778895   0.68991049   0.80475355   0.72357426   1.97177685  -1.79597324
  0.50128469  -0.02447858  -0.42788491   0.66778895   0.68991049   0.80475355   0.72357426   1.97177685  -1.79597324
  0.50273053  -0.02208636  -0.42796269   0.66694130   0.68967335   0.80322635   0.72387320   1.97553234  -1.79600346
  0.50273053  -0.02208636  -0.42796269   0.66694130   0.68967335   0.80322635   0.72387320   1.97553234  -1.79600346
  0.50480129  -0.01934406  -0.42800621   0.66561407   0.68960937   0.80166996   0.72373938   1.97955041  -1.79665366
  0.50480129  -0.01934406  -0.42800621   0.66561407   0.68960937   0.80166996   0.72373938   1.97955041  -1.79665366
  0.50691676  -0.01684633  -0.42799593   0.66413030   0.68968657   0.80032987   0.72330142   1.98326608  -1.79779162
  0.50695983  -0.01661497  -0.42815412   0.66405657   0.68954783   0.80018672   0.72334996   1.98317035  -1.79773466
  0.50865418  -0.01413266  -0.42855439   0.66240528   0.68925822   0.79919783   0.72308263   1.98749449  -1.79793335
  0.50865418  -0.01413266  -0.42855439   0.66240528   0.68925822   0.79919783   0.72308263   1.98749449  -1.79793335
  0.51022916  -0.01217359  -0.42842627   0.66160629   0.68934578   0.79799982   0.72304549   1.99002504  -1.79844406
  0.51133010  -0.01051398  -0.42834670   0.66100439   0.68932164   0.79692389   0.72327865   1.99244641  -1.79858830
  0.51133010  -0.01051398  -0.42834670   0.66100439   0.68932164   0.79692389   0.72327865   1.99244641  -1.79858830
  0.51358620  -0.00811584  -0.42831175   0.65942693   0.68951607   0.79569396   0.72250748   1.99558910  -1.80018749
  0.51358620  -0.00811584  -0.42831175   0.65942693   0.68951607   0.79569396   0.72250748   1.99558910  -1.80018749
  0.51401525  -0.00776872  -0.42835068   0.65906021   0.68956028   0.79569342   0.72262690   1.99559853  -1.79996904
  0.51617366  -0.00499962  -0.42896321   0.65672990   0.68928247   0.79485073   0.72181485   1.99983141  -1.80077853
  0.51617366  -0.00499962  -0.42896321   0.65672990   0.68928247   0.79485073   0.72181485   1.99983141  -1.80077853
  0.51761096  -0.00318752  -0.42916779   0.65558998   0.68920463   0.79410214   0.72116627   2.00269371  -1.80147454
  0.51761096  -0.00318752  -0.42916779   0.65558998   0.68920463   0.79410214   0.72116627   2.00269371  -1.80147454
  0.51958877  -0.00111649  -0.42930387   0.65396842   0.68930334   0.79327593   0.72038978   2.00529692  -1.80270956
  0.52076919   0.00018923  -0.42932834   0.65301231   0.68937865   0.79268172   0.71996196   2.00718650  -1.80350501
  0.52076919   0.00018923  -0.42932834   0.65301231   0.68937865   0.79268172   0.71996196   2.00718650  -1.80350501
  0.52266713   0.00168851  -0.42910931   0.65150833   0.68981129   0.79201995   0.71926302   2.00890277  -1.80521108
  0.52370407   0.00315571  -0.42968573   0.65043124   0.68946629   0.79170837   0.71853137   2.01082899  -1.80540418
  0.52370407   0.00315571  -0.42968573   0.65043124   0.68946629   0.79170837   0.71853137   2.01082899  -1.80540418
  0.52573316   0.00504283  -0.42990082   0.64846995   0.68959668   0.79122309   0.71738950   2.01347592  -1.80692427
  0.52573316   0.00504283  -0.42990082   0.64846995   0.68959668   0.79122309   0.71738950   2.01347592  -1.80692427
  0.52760884   0.00666043  -0.43006486   0.64677358   0.68975878   0.79080916   0.71625355   2.01547544  -1.80842970
  0.52760884   0.00666043  -0.43006486   0.64677358   0.68975878   0.79080916   0.71625355   2.01547544  -1.80842970
  0.52964116   0.00837270  -0.43031579   0.64482566   0.68989968   0.79046341   0.71492613   2.01756576  -1.81009757
  0.52964116   0.00837270  -0.43031579   0.64482566   0.68989968   0.79046341   0.71492613   2.01756576  -1.81009757
  0.53155811   0.00989583  -0.43057572   0.64293019   0.69003789   0.79025151   0.71356152   2.01944605  -1.81173685
  0.53155811   0.00989583  -0.43057572   0.64293019   0.69003789   0.79025151   0.71356152   2.01944605  -1.81173685
  0.53350305   0.01134310  -0.43083963   0.64099354   0.69019467   0.79011652   0.71209999   2.02116136  -1.81347202
  0.53350305   0.01134310  -0.43083963   0.64099354   0.69019467   0.79011652   0.71209999   2.02116136  -1.81347202
  0.53545015   0.01269573  -0.43111336   0.63902196   0.69036162   0.79006735   0.71054363   2.02271684  -1.81529832
  0.53545015   0.01269573  -0.43111336   0.63902196   0.69036162   0.79006735   0.71054363   2.02271684  -1.81529832
  0.53745432   0.01397451  -0.43140555   0.63695719   0.69054498   0.79012770   0.70883731   2.02415501  -1.81725219
  0.53745432   0.01397451  -0.43140555   0.63695719   0.69054498   0.79012770   0.70883731   2.02415501  -1.81725219
  0.53932353   0.01506458  -0.43170788   0.63497614   0.69071215   0.79028262   0.70712683   2.02531039  -1.81918820
  0.53932353   0.01506458  -0.43170788   0.63497614   0.69071215   0.79028262   0.70712683   2.02531039  -1.81918820
  0.54130410   0.01609573  -0.43201486   0.63287134   0.69091438   0.79054245   0.70522819   2.02634955  -1.82131736
  0.54130410   0.01609573  -0.43201486   0.63287134   0.69091438   0.79054245   0.70522819   2.02634955  -1.82131736
  0.54321416   0.01695980  -0.43235660   0.63076275   0.69109824   0.79093993   0.70324429   2.02715979  -1.82347459
  0.54321416   0.01695980  -0.43235660   0.63076275   0.69109824   0.79093993   0.70324429   2.02715979  -1.82347459
  0.54520207   0.01746661  -0.43346106   0.62762860   0.69088088   0.79245803   0.70016900   2.02776833  -1.82571143
  0.54520207   0.01746661  -0.43346106   0.62762860   0.69088088   0.79245803   0.70016900   2.02776833  -1.82571143
  0.54683521   0.01783180  -0.43337058   0.62623495   0.69133107   0.79267475   0.69854128   2.02754113  -1.82801937
  0.54683521   0.01783180  -0.43337058   0.62623495   0.69133107   0.79267475   0.69854128   2.02754113  -1.82801937
  0.54909889   0.01662914  -0.43602942   0.62067297   0.69046260   0.79724058   0.69218505   2.02616897  -1.83174253
  0.54909889   0.01662914  -0.43602942   0.62067297   0.69046260   0.79724058   0.69218505   2.02616897  -1.83174253
  0.55050734   0.01690420  -0.43527333   0.62028061   0.69128717   0.79674273   0.69138085   2.02544664  -1.83403338
  0.55050734   0.01690420  -0.43527333   0.62028061   0.69128717   0.79674273   0.69138085   2.02544664  -1.83403338
  0.55231692   0.01718376  -0.43607543   0.61761032   0.69118170   0.79809440   0.68869278   2.02561639  -1.83614879
  0.55231692   0.01718376  -0.43607543   0.61761032   0.69118170   0.79809440   0.68869278   2.02561639  -1.83614879
  0.55370699   0.01726389  -0.43599168   0.61639355   0.69158137   0.79847920   0.68711375   2.02508927  -1.83825666
  0.55370699   0.01726389  -0.43599168   0.61639355   0.69158137   0.79847920   0.68711375   2.02508927  -1.83825666
  0.55550070   0.01721969  -0.43633618   0.61419015   0.69181188   0.79956159   0.68458926   2.02442002  -1.84094913
  0.55550070   0.01721969  -0.43633618   0.61419015   0.69181188   0.79956159   0.68458926   2.02442002  -1.84094913
  0.55759311   0.01391140  -0.43982264   0.60752095   0.69048114   0.80662171   0.67599232   2.02001586  -1.84567031
  0.55759311   0.01391140  -0.43982264   0.60752095   0.69048114   0.80662171   0.67599232   2.02001586  -1.84567031
  0.55893550   0.01394881  -0.43881164   0.60741576   0.69150173   0.80601473   0.67519376   2.01882725  -1.84833785
  0.55893550   0.01394881  -0.43881164   0.60741576   0.69150173   0.80601473   0.67519376   2.01882725  -1.84833785
  0.56023094   0.01387157  -0.43885151   0.60604446   0.69178881   0.80669290   0.67363666   2.01812657  -1.85014379
  0.56023094   0.01387157  -0.43885151   0.60604446   0.69178881   0.80669290   0.67363666   2.01812657  -1.85014379
  0.56200032   0.01034780  -0.44200175   0.59985094   0.69048667   0.81358440   0.66566663   2.01336174  -1.85456516
  0.56200032   0.01034780  -0.44200175   0.59985094   0.69048667   0.81358440   0.66566663   2.01336174  -1.85456516
  0.56319025   0.01037212  -0.44110390   0.59980702   0.69139346   0.81309361   0.66500048   2.01219749  -1.85674118
  0.56319025   0.01037212  -0.44110390   0.59980702   0.69139346   0.81309361   0.66500048   2.01219749  -1.85674118
  0.56434867   0.01011247  -0.44086096   0.59885882   0.69186013   0.81356280   0.66364263   2.01107855  -1.85872745
  0.56434867   0.01011247  -0.44086096   0.59885882   0.69186013   0.81356280   0.66364263   2.01107855  -1.85872745
  0.56598762   0.00571902  -0.44421172   0.59236407   0.69037416   0.82146759   0.65501983   2.00483526  -1.86332094
  0.56598762   0.00571902  -0.44421172   0.59236407   0.69037416   0.82146759   0.65501983   2.00483526  -1.86332094
  0.56692096   0.00547767  -0.44357994   0.59214386   0.69106949   0.82141464   0.65420169   2.00357296  -1.86520273
  0.56692096   0.00547767  -0.44357994   0.59214386   0.69106949   0.82141464   0.65420169   2.00357296  -1.86520273
  0.56829772   0.00200529  -0.44558988   0.58755084   0.69028950   0.82712098   0.64782797   1.99811133  -1.86930791
  0.56829772   0.00200529  -0.44558988   0.58755084   0.69028950   0.82712098   0.64782797   1.99811133  -1.86930791
  0.56970973   0.00209600  -0.44454104   0.58748112   0.69134778   0.82650914   0.64698863   1.99675778  -1.87192337
  0.56970973   0.00209600  -0.44454104   0.58748112   0.69134778   0.82650914   0.64698863   1.99675778  -1.87192337
  0.57086353  -0.00132290  -0.44626977   0.58349852   0.69066244   0.83185925   0.64104072   1.99141572  -1.87576204
  0.57086353  -0.00132290  -0.44626977   0.58349852   0.69066244   0.83185925   0.64104072   1.99141572  -1.87576204
  0.57183341  -0.00152415  -0.44553343   0.58304141   0.69144704   0.83175222   0.64048465   1.99027837  -1.87772491
  0.57211239  -0.00151916  -0.44541877   0.58309985   0.69157953   0.83188394   0.64034175   1.99019327  -1.87755837
  0.57211239  -0.00151916  -0.44541877   0.58309985   0.69157953   0.83188394   0.64034175   1.99019327  -1.87755837
  0.57329219  -0.00684093  -0.44824766   0.57734513   0.69020406   0.84007709   0.63189254   1.98152751  -1.88249679
  0.57329219  -0.00684093  -0.44824766   0.57734513   0.69020406   0.84007709   0.63189254   1.98152751  -1.88249679
  0.57411520  -0.00712529  -0.44779200   0.57683674   0.69074047   0.84029596   0.63105006   1.98052157  -1.88414139
  0.57411520  -0.00712529  -0.44779200   0.57683674   0.69074047   0.84029596   0.63105006   1.98052157  -1.88414139
  0.57513105  -0.00772901  -0.44717890   0.57629846   0.69147114   0.84069824   0.62974864   1.97864319  -1.88649087
  0.57513105  -0.00772901  -0.44717890   0.57629846   0.69147114   0.84069824   0.62974864   1.97864319  -1.88649087
  0.57631253  -0.01360319  -0.45000789   0.57020433   0.69000611   0.84963022   0.62073472   1.96917207  -1.89186483
  0.57631253  -0.01360319  -0.45000789   0.57020433   0.69000611   0.84963022   0.62073472   1.96917207  -1.89186483
  0.57737349  -0.01371038  -0.44921141   0.56990124   0.69083404   0.84945193   0.62010896   1.96796624  -1.89377003
  0.57737349  -0.01371038  -0.44921141   0.56990124   0.69083404   0.84945193   0.62010896   1.96796624  -1.89377003
  0.57765236  -0.01726611  -0.45075465   0.56691079   0.68995199   0.85468502   0.61545953   1.96224403  -1.89589984
  0.57765236  -0.01726611  -0.45075465   0.56691079   0.68995199   0.85468502   0.61545953   1.96224403  -1.89589984
  0.57881672  -0.01746512  -0.44972031   0.56651208   0.69100837   0.85435393   0.61462453   1.96086559  -1.89872331
  0.57912767  -0.01746622  -0.44958253   0.56652218   0.69116122   0.85449795   0.61452906   1.96074355  -1.89854804
  0.57933352  -0.02244587  -0.45204734   0.56188359   0.68958769   0.86197142   0.60787101   1.95265801  -1.90186721
  0.57933352  -0.02244587  -0.45204734   0.56188359   0.68958769   0.86197142   0.60787101   1.95265801  -1.90186721
  0.58046378  -0.02275927  -0.45143924   0.56123565   0.69027664   0.86225172   0.60670346   1.95115774  -1.90403447
  0.58046378  -0.02275927  -0.45143924   0.56123565   0.69027664   0.86225172   0.60670346   1.95115774  -1.90403447
  0.58103412  -0.02368409  -0.45103028   0.56073646   0.69078267   0.86306973   0.60550318   1.94900661  -1.90579372
  0.58103412  -0.02368409  -0.45103028   0.56073646   0.69078267   0.86306973   0.60550318   1.94900661  -1.90579372
  0.58155280  -0.02933773  -0.45326797   0.55579665   0.68939823   0.87138817   0.59805534   1.93945006  -1.90980828
  0.58155280  -0.02933773  -0.45326797   0.55579665   0.68939823   0.87138817   0.59805534   1.93945006  -1.90980828
  0.58256426  -0.02931143  -0.45253529   0.55531155   0.69015027   0.87116453   0.59766189   1.93854446  -1.91152155
  0.58273960  -0.02935581  -0.45241396   0.55547060   0.69027488   0.87126471   0.59744142   1.93851743  -1.91148127
  0.58325559  -0.03330635  -0.45389951   0.55186933   0.68931772   0.87710079   0.59188673   1.93141052  -1.91496094
  0.58325559  -0.03330635  -0.45389951   0.55186933   0.68931772   0.87710079   0.59188673   1.93141052  -1.91496094
  0.58377348  -0.03374869  -0.45355925   0.55142692   0.68970300   0.87754478   0.59121483   1.93026274  -1.91609857
  0.58377348  -0.03374869  -0.45355925   0.55142692   0.68970300   0.87754478   0.59121483   1.93026274  -1.91609857
  0.58443625  -0.03484331  -0.45307126   0.55079884   0.69028141   0.87854874   0.58987197   1.92743165  -1.91810329
  0.58443625  -0.03484331  -0.45307126   0.55079884   0.69028141   0.87854874   0.58987197   1.92743165  -1.91810329
  0.58491865  -0.03938881  -0.45454505   0.54691962   0.68930343   0.88517803   0.58386974   1.91949561  -1.92174743
  0.58491865  -0.03938881  -0.45454505   0.54691962   0.68930343   0.88517803   0.58386974   1.91949561  -1.92174743
  0.58575745  -0.03959064  -0.45394910   0.54650002   0.68992602   0.88526200   0.58325637   1.91826409  -1.92328918
  0.58575745  -0.03959064  -0.45394910   0.54650002   0.68992602   0.88526200   0.58325637   1.91826409  -1.92328918
  0.58578847  -0.04310368  -0.45519113   0.54373443   0.68899516   0.89043238   0.57929198   1.91219208  -1.92498929
  0.58578847  -0.04310368  -0.45519113   0.54373443   0.68899516   0.89043238   0.57929198   1.91219208  -1.92498929
  0.58640605  -0.04355888  -0.45484533   0.54336279   0.68937985   0.89095745   0.57822775   1.91093022  -1.92636478
  0.58727227  -0.04372537  -0.45424706   0.54290643   0.69000161   0.89096918   0.57774279   1.90934668  -1.92790606
  0.58718381  -0.04395275  -0.45412636   0.54291902   0.69012053   0.89112969   0.57768498   1.90946781  -1.92801326
  0.58718381  -0.04395275  -0.45412636   0.54291902   0.69012053   0.89112969   0.57768498   1.90946781  -1.92801326
  0.58737254  -0.04920318  -0.45591361   0.53870608   0.68873318   0.89882809   0.57109714   1.90005705  -1.93160242
  0.58737254  -0.04920318  -0.45591361   0.53870608   0.68873318   0.89882809   0.57109714   1.90005705  -1.93160242
  0.58737254  -0.04920318  -0.45591361   0.53870608   0.68873318   0.89882809   0.57109714   1.90005705  -1.93160242
  0.58823852  -0.04959572  -0.45530800   0.53821134   0.68936547   0.89916914   0.57026617   1.89841153  -1.93324530
  0.58823852  -0.04959572  -0.45530800   0.53821134   0.68936547   0.89916914   0.57026617   1.89841153  -1.93324530
  0.58823852  -0.04959572  -0.45530800   0.53821134   0.68936547   0.89916914   0.57026617   1.89841153  -1.93324530
  0.58855713  -0.05407784  -0.45639779   0.53464254   0.68852204   0.90555824   0.56500362   1.89017992  -1.93652229
  0.58855713  -0.05407784  -0.45639779   0.53464254   0.68852204   0.90555824   0.56500362   1.89017992  -1.93652229
  0.58855713  -0.05407784  -0.45639779   0.53464254   0.68852204   0.90555824   0.56500362   1.89017992  -1.93652229
  0.58931473  -0.05441018  -0.45595191   0.53419687   0.68898793   0.90595890   0.56413251   1.88885932  -1.93788090
  0.58931473  -0.05441018  -0.45595191   0.53419687   0.68898793   0.90595890   0.56413251   1.88885932  -1.93788090
  0.58970131  -0.05545790  -0.45578323   0.53345979   0.68919513   0.90721751   0.56288936   1.88640336  -1.93922143
  0.58970131  -0.05545790  -0.45578323   0.53345979   0.68919513   0.90721751   0.56288936   1.88640336  -1.93922143
  0.58970131  -0.05545790  -0.45578323   0.53345979   0.68919513   0.90721751   0.56288936   1.88640336  -1.93922143
  0.58970131  -0.05545790  -0.45578323   0.53345979   0.68919513   0.90721751   0.56288936   1.88640336  -1.93922143
  0.58977961  -0.05965443  -0.45674856   0.53039606   0.68837694   0.91312565   0.55835442   1.87871029  -1.94176227
  0.58977961  -0.05965443  -0.45674856   0.53039606   0.68837694   0.91312565   0.55835442   1.87871029  -1.94176227
  0.58977961  -0.05965443  -0.45674856   0.53039606   0.68837694   0.91312565   0.55835442   1.87871029  -1.94176227
  0.59098278  -0.05960810  -0.45588425   0.52983342   0.68924745   0.91288108   0.55761464   1.87750769  -1.94403456
  0.59098278  -0.05960810  -0.45588425   0.52983342   0.68924745   0.91288108   0.55761464   1.87750769  -1.94403456
  0.59098278  -0.05960810  -0.45588425   0.52983342   0.68924745   0.91288108   0.55761464   1.87750769  -1.94403456
  0.59098278  -0.05960810  -0.45588425   0.52983342   0.68924745   0.91288108   0.55761464   1.87750769  -1.94403456
  0.59112289  -0.05968281  -0.45574874   0.52989319   0.68938352   0.91299625   0.55752214   1.87750186  -1.94398311
  0.59125047  -0.06399628  -0.45722752   0.52630822   0.68800762   0.91960875   0.55205589   1.86959963  -1.94680923
  0.59125047  -0.06399628  -0.45722752   0.52630822   0.68800762   0.91960875   0.55205589   1.86959963  -1.94680923
  0.59125047  -0.06399628  -0.45722752   0.52630822   0.68800762   0.91960875   0.55205589   1.86959963  -1.94680923
  0.59125047  -0.06399628  -0.45722752   0.52630822   0.68800762   0.91960875   0.55205589   1.86959963  -1.94680923
  0.59195179  -0.06419896  -0.45690100   0.52576106   0.68833858   0.91997252   0.55147405   1.86854288  -1.94778079
  0.59195179  -0.06419896  -0.45690100   0.52576106   0.68833858   0.91997252   0.55147405   1.86854288  -1.94778079
  0.59195179  -0.06419896  -0.45690100   0.52576106   0.68833858   0.91997252   0.55147405   1.86854288  -1.94778079
  0.59195179  -0.06419896  -0.45690100   0.52576106   0.68833858   0.91997252   0.55147405   1.86854288  -1.94778079
  0.59261671  -0.06444879  -0.45621503   0.52540273   0.68902587   0.91995368   0.55116581   1.86714317  -1.94923111
  0.59261671  -0.06444879  -0.45621503   0.52540273   0.68902587   0.91995368   0.55116581   1.86714317  -1.94923111
  0.59261671  -0.06444879  -0.45621503   0.52540273   0.68902587   0.91995368   0.55116581   1.86714317  -1.94923111
  0.59261671  -0.06444879  -0.45621503   0.52540273   0.68902587   0.91995368   0.55116581   1.86714317  -1.94923111
  0.59272930  -0.06458506  -0.45604763   0.52554256   0.68919334   0.92011031   0.55097556   1.86714088  -1.94922489
  0.59259326  -0.06790247  -0.45713696   0.52303293   0.68812007   0.92502133   0.54717286   1.86084069  -1.95109340
  0.59259326  -0.06790247  -0.45713696   0.52303293   0.68812007   0.92502133   0.54717286   1.86084069  -1.95109340
  0.59259326  -0.06790247  -0.45713696   0.52303293   0.68812007   0.92502133   0.54717286   1.86084069  -1.95109340
  0.59259326  -0.06790247  -0.45713696   0.52303293   0.68812007   0.92502133   0.54717286   1.86084069  -1.95109340
  0.59259326  -0.06790247  -0.45713696   0.52303293   0.68812007   0.92502133   0.54717286   1.86084069  -1.95109340
  0.59259326  -0.06790247  -0.45713696   0.52303293   0.68812007   0.92502133   0.54717286   1.86084069  -1.95109340
  0.59259326  -0.06790247  -0.45713696   0.52303293   0.68812007   0.92502133   0.54717286   1.86084069  -1.95109340
  0.59259326  -0.06790247  -0.45713696   0.52303293   0.68812007   0.92502133   0.54717286   1.86084069  -1.95109340
  0.59259326  -0.06790247  -0.45713696   0.52303293   0.68812007   0.92502133   0.54717286   1.86084069  -1.95109340
  0.59371180  -0.06802330  -0.45625517   0.52256671   0.68900109   0.92493953   0.54646980   1.85923515  -1.95313096
  0.59371180  -0.06802330  -0.45625517   0.52256671   0.68900109   0.92493953   0.54646980   1.85923515  -1.95313096
  0.59371180  -0.06802330  -0.45625517   0.52256671   0.68900109   0.92493953   0.54646980   1.85923515  -1.95313096
  0.59371180  -0.06802330  -0.45625517   0.52256671   0.68900109   0.92493953   0.54646980   1.85923515  -1.95313096
  0.59371180  -0.06802330  -0.45625517   0.52256671   0.68900109   0.92493953   0.54646980   1.85923515  -1.95313096
  0.59371180  -0.06802330  -0.45625517   0.52256671   0.68900109   0.92493953   0.54646980   1.85923515  -1.95313096
  0.59371180  -0.06802330  -0.45625517   0.52256671   0.68900109   0.92493953   0.54646980   1.85923515  -1.95313096
  0.59371180  -0.06802330  -0.45625517   0.52256671   0.68900109   0.92493953   0.54646980   1.85923515  -1.95313096
  0.59371180  -0.06802330  -0.45625517   0.52256671   0.68900109   0.92493953   0.54646980   1.85923515  -1.95313096
  0.59371180  -0.06802330  -0.45625517   0.52256671   0.68900109   0.92493953   0.54646980   1.85923515  -1.95313096
  0.59371180  -0.06802330  -0.45625517   0.52256671   0.68900109   0.92493953   0.54646980   1.85923515  -1.95313096
  0.59371180  -0.06802330  -0.45625517   0.52256671   0.68900109   0.92493953   0.54646980   1.85923515  -1.95313096
  0.59371180  -0.06802330  -0.45625517   0.52256671   0.68900109   0.92493953   0.54646980   1.85923515  -1.95313096
  0.59371180  -0.06802330  -0.45625517   0.52256671   0.68900109   0.92493953   0.54646980   1.85923515  -1.95313096
  0.59371180  -0.06802330  -0.45625517   0.52256671   0.68900109   0.92493953   0.54646980   1.85923515  -1.95313096
  0.59371180  -0.06802330  -0.45625517   0.52256671   0.68900109   0.92493953   0.54646980   1.85923515  -1.95313096
  0.59355304  -0.07220027  -0.45769533   0.51922085   0.68753436   0.93140076   0.54167286   1.85212131  -1.95513819
  0.59355304  -0.07220027  -0.45769533   0.51922085   0.68753436   0.93140076   0.54167286   1.85212131  -1.95513819
  0.59355304  -0.07220027  -0.45769533   0.51922085   0.68753436   0.93140076   0.54167286   1.85212131  -1.95513819
  0.59355304  -0.07220027  -0.45769533   0.51922085   0.68753436   0.93140076   0.54167286   1.85212131  -1.95513819
  0.59355304  -0.07220027  -0.45769533   0.51922085   0.68753436   0.93140076   0.54167286   1.85212131  -1.95513819
  0.59355304  -0.07220027  -0.45769533   0.51922085   0.68753436   0.93140076   0.54167286   1.85212131  -1.95513819
  0.59355304  -0.07220027  -0.45769533   0.51922085   0.68753436   0.93140076   0.54167286   1.85212131  -1.95513819
  0.59355304  -0.07220027  -0.45769533   0.51922085   0.68753436   0.93140076   0.54167286   1.85212131  -1.95513819
  0.59355304  -0.07220027  -0.45769533   0.51922085   0.68753436   0.93140076   0.54167286   1.85212131  -1.95513819
  0.59355304  -0.07220027  -0.45769533   0.51922085   0.68753436   0.93140076   0.54167286   1.85212131  -1.95513819
  0.59355304  -0.07220027  -0.45769533   0.51922085   0.68753436   0.93140076   0.54167286   1.85212131  -1.95513819
  0.59355304  -0.07220027  -0.45769533   0.51922085   0.68753436   0.93140076   0.54167286   1.85212131  -1.95513819
  0.59355304  -0.07220027  -0.45769533   0.51922085   0.68753436   0.93140076   0.54167286   1.85212131  -1.95513819
  0.59355304  -0.07220027  -0.45769533   0.51922085   0.68753436   0.93140076   0.54167286   1.85212131  -1.95513819
  0.59355304  -0.07220027  -0.45769533   0.51922085   0.68753436   0.93140076   0.54167286   1.85212131  -1.95513819
  0.59355304  -0.07220027  -0.45769533   0.51922085   0.68753436   0.93140076   0.54167286   1.85212131  -1.95513819
  0.59355304  -0.07220027  -0.45769533   0.51922085   0.68753436   0.93140076   0.54167286   1.85212131  -1.95513819
  0.59355304  -0.07220027  -0.45769533   0.51922085   0.68753436   0.93140076   0.54167286   1.85212131  -1.95513819
  0.59355304  -0.07220027  -0.45769533   0.51922085   0.68753436   0.93140076   0.54167286   1.85212131  -1.95513819
  0.59355304  -0.07220027  -0.45769533   0.51922085   0.68753436   0.93140076   0.54167286   1.85212131  -1.95513819
  0.59355304  -0.07220027  -0.45769533   0.51922085   0.68753436   0.93140076   0.54167286   1.85212131  -1.95513819
  0.59355304  -0.07220027  -0.45769533   0.51922085   0.68753436   0.93140076   0.54167286   1.85212131  -1.95513819
