  0.41770000   0.46580000  -1.27410000  -0.43300000   2.09290000   0.69140000   0.43860000   1.64320000  -1.13520000
  0.41770000   0.46580000  -1.27410000  -0.43300000   2.09290000   0.69140000   0.43860000   1.64320000  -1.13520000
  0.41770000   0.46580000  -1.27410000  -0.43300000   2.09290000   0.69140000   0.43860000   1.64320000  -1.13520000
  0.41770000   0.46580000  -1.27410000  -0.43300000   2.09290000   0.69140000   0.43860000   1.64320000  -1.13520000
  0.41770000   0.46580000  -1.27410000  -0.43300000   2.09290000   0.69140000   0.43860000   1.64320000  -1.13520000
  0.41770000   0.46580000  -1.27410000  -0.43300000   2.09290000   0.69140000   0.43860000   1.64320000  -1.13520000
  0.41770000   0.46580000  -1.27410000  -0.43300000   2.09290000   0.69140000   0.43860000   1.64320000  -1.13520000
  0.41770000   0.46580000  -1.27410000  -0.43300000   2.09290000   0.69140000   0.43860000   1.64320000  -1.13520000
  0.41770000   0.46580000  -1.27410000  -0.43300000   2.09290000   0.69140000   0.43860000   1.64320000  -1.13520000
  0.41770000   0.46580000  -1.27410000  -0.43300000   2.09290000   0.69140000   0.43860000   1.64320000  -1.13520000
  0.41770000   0.46580000  -1.27410000  -0.43300000   2.09290000   0.69140000   0.43860000   1.64320000  -1.13520000
  0.41770000   0.46580000  -1.27410000  -0.43300000   2.09290000   0.69140000   0.43860000   1.64320000  -1.13520000
  0.41770000   0.46580000  -1.27410000  -0.43300000   2.09290000   0.69140000   0.43860000   1.64320000  -1.13520000
  0.41770000   0.46580000  -1.27410000  -0.43300000   2.09290000   0.69140000   0.43860000   1.64320000  -1.13520000
  0.41770000   0.46580000  -1.27410000  -0.43300000   2.09290000   0.69140000   0.43860000   1.64320000  -1.13520000
  0.41770000   0.46580000  -1.27410000  -0.43300000   2.09290000   0.69140000   0.43860000   1.64320000  -1.13520000
  0.41770000   0.46580000  -1.27410000  -0.43300000   2.09290000   0.69140000   0.43860000   1.64320000  -1.13520000
  0.41900473   0.46585414  -1.27353105  -0.43284003   2.09265017   0.69133844   0.43847645   1.64344874  -1.13708311
  0.41900473   0.46585414  -1.27353105  -0.43284003   2.09265017   0.69133844   0.43847645   1.64344874  -1.13708311
  0.41900473   0.46585414  -1.27353105  -0.43284003   2.09265017   0.69133844   0.43847645   1.64344874  -1.13708311
  0.41922531   0.46593916  -1.27355364  -0.43260120   2.09265197   0.69140663   0.43833653   1.64343020  -1.13692925
  0.41922531   0.46593916  -1.27355364  -0.43260120   2.09265197   0.69140663   0.43833653   1.64343020  -1.13692925
  0.41922531   0.46593916  -1.27355364  -0.43260120   2.09265197   0.69140663   0.43833653   1.64343020  -1.13692925
  0.42009146   0.46555713  -1.27331147  -0.43237286   2.09194506   0.69161429   0.43819803   1.64373675  -1.13851237
  0.42032092   0.46558492  -1.27331544  -0.43213496   2.09195878   0.69172270   0.43806726   1.64373594  -1.13835912
  0.42032092   0.46558492  -1.27331544  -0.43213496   2.09195878   0.69172270   0.43806726   1.64373594  -1.13835912
  0.42244073   0.45789615  -1.27580562  -0.42842386   2.08530243   0.69628982   0.43540631   1.64299986  -1.14229320
  0.42244073   0.45789615  -1.27580562  -0.42842386   2.08530243   0.69628982   0.43540631   1.64299986  -1.14229320
  0.42244073   0.45789615  -1.27580562  -0.42842386   2.08530243   0.69628982   0.43540631   1.64299986  -1.14229320
  0.42323847   0.45727072  -1.27576102  -0.42787043   2.08461649   0.69668735   0.43513935   1.64297139  -1.14313750
  0.42427235   0.45630715  -1.27584155  -0.42730950   2.08368432   0.69729392   0.43455547   1.64300369  -1.14485412
  0.42427235   0.45630715  -1.27584155  -0.42730950   2.08368432   0.69729392   0.43455547   1.64300369  -1.14485412
  0.42524787   0.45519736  -1.27598217  -0.42649746   2.08242627   0.69804911   0.43405411   1.64309513  -1.14616456
  0.42524787   0.45519736  -1.27598217  -0.42649746   2.08242627   0.69804911   0.43405411   1.64309513  -1.14616456
  0.42789905   0.44888181  -1.27759561  -0.42328531   2.07705888   0.70178042   0.43167110   1.64237270  -1.15065435
  0.42789905   0.44888181  -1.27759561  -0.42328531   2.07705888   0.70178042   0.43167110   1.64237270  -1.15065435
  0.42881175   0.44819840  -1.27756888  -0.42265221   2.07621822   0.70228327   0.43130746   1.64246298  -1.15173342
  0.42998970   0.44786641  -1.27718919  -0.42233727   2.07576020   0.70241436   0.43109481   1.64250122  -1.15341933
  0.42998970   0.44786641  -1.27718919  -0.42233727   2.07576020   0.70241436   0.43109481   1.64250122  -1.15341933
  0.43241797   0.44143955  -1.27900672  -0.41880625   2.06987399   0.70645776   0.42864330   1.64207177  -1.15755254
  0.43241797   0.44143955  -1.27900672  -0.41880625   2.06987399   0.70645776   0.42864330   1.64207177  -1.15755254
  0.43386574   0.43996162  -1.27912064  -0.41774272   2.06840728   0.70739338   0.42788449   1.64194323  -1.15953127
  0.43512312   0.43959131  -1.27878201  -0.41735134   2.06787557   0.70757282   0.42757359   1.64195751  -1.16132792
  0.43706887   0.43213123  -1.28107115  -0.41352264   2.06156838   0.71217744   0.42488144   1.64107679  -1.16507595
  0.43814087   0.43203498  -1.28063795  -0.41332496   2.06137478   0.71210994   0.42475095   1.64097014  -1.16653758
  0.43847093   0.43205061  -1.28055930  -0.41308406   2.06148873   0.71227853   0.42460502   1.64104895  -1.16643709
  0.44098497   0.42470237  -1.28255505  -0.40919001   2.05489500   0.71677555   0.42185642   1.64023986  -1.17140318
  0.44229023   0.42472749  -1.28197971  -0.40903184   2.05472070   0.71669149   0.42169463   1.64031361  -1.17327851
  0.44266037   0.42478982  -1.28190863  -0.40872721   2.05478452   0.71681866   0.42154765   1.64033582  -1.17313483
  0.44498510   0.41964833  -1.28306638  -0.40574734   2.04955614   0.72015970   0.41955625   1.64030201  -1.17762417
  0.44621606   0.41925526  -1.28261098  -0.40540405   2.04914082   0.72018582   0.41940655   1.64002366  -1.17930675
  0.44784536   0.41332054  -1.28443632  -0.40204379   2.04400980   0.72419144   0.41698119   1.63954315  -1.18243437
  0.44904321   0.41274674  -1.28418461  -0.40149018   2.04332506   0.72450276   0.41661646   1.63942336  -1.18406737
  0.45079735   0.41251604  -1.28350345  -0.40105685   2.04270288   0.72452758   0.41638886   1.63943745  -1.18654554
  0.45298917   0.40365815  -1.28601353  -0.39614969   2.03495912   0.73028801   0.41317928   1.63853659  -1.19110899
  0.45460860   0.40373152  -1.28539621  -0.39594347   2.03495473   0.73016760   0.41278038   1.63840138  -1.19338605
  0.45631261   0.39802114  -1.28686240  -0.39256391   2.02969929   0.73397372   0.41069310   1.63794200  -1.19668615
  0.45809280   0.39802603  -1.28605412  -0.39231767   2.02949045   0.73374376   0.41051614   1.63771260  -1.19915092
  0.45989731   0.39247969  -1.28750629  -0.38876888   2.02394431   0.73766542   0.40835422   1.63762351  -1.20262184
  0.46173909   0.39238113  -1.28678437  -0.38850255   2.02394199   0.73758035   0.40791184   1.63731543  -1.20519427
  0.46407303   0.38403341  -1.28884393  -0.38373473   2.01674217   0.74298656   0.40478396   1.63610282  -1.21020286
  0.46543283   0.38372053  -1.28845857  -0.38322200   2.01623410   0.74325686   0.40434919   1.63613496  -1.21203632
  0.46811821   0.37829256  -1.28922411  -0.37987163   2.01119326   0.74677787   0.40216681   1.63545712  -1.21712169
  0.46926038   0.37738869  -1.28907633  -0.37900017   2.01010982   0.74748568   0.40169836   1.63551951  -1.21860575
  0.47197318   0.37050179  -1.29029591  -0.37471438   2.00364290   0.75195734   0.39912113   1.63455111  -1.22400661
  0.47374890   0.36971735  -1.28992037  -0.37391822   2.00282007   0.75254377   0.39833114   1.63442708  -1.22666286
  0.47649866   0.36368583  -1.29079590  -0.37011767   1.99728117   0.75652971   0.39585946   1.63354658  -1.23210118
  0.47784972   0.36286795  -1.29050718  -0.36924343   1.99621186   0.75718759   0.39537555   1.63362321  -1.23391420
  0.48052470   0.35604067  -1.29152251  -0.36486424   1.98967561   0.76168295   0.39293780   1.63268604  -1.23933357
  0.48273405   0.35631752  -1.29083459  -0.36449512   1.98968792   0.76169573   0.39198965   1.63269143  -1.24258387
  0.48529029   0.34684225  -1.29254583  -0.35873007   1.98127662   0.76788643   0.38884953   1.63107969  -1.24844842
  0.48702076   0.34627100  -1.29196981  -0.35799802   1.98041774   0.76836218   0.38834315   1.63116905  -1.25092794
  0.49009516   0.33914480  -1.29290322  -0.35319300   1.97355861   0.77320484   0.38544751   1.63003384  -1.25731452
  0.49209440   0.33830934  -1.29230257  -0.35227112   1.97252967   0.77378930   0.38475711   1.62985706  -1.26027231
  0.49485870   0.33100343  -1.29333702  -0.34732945   1.96554262   0.77887270   0.38184772   1.62879242  -1.26631766
  0.49690941   0.33017589  -1.29268720  -0.34639381   1.96452422   0.77945618   0.38115161   1.62859617  -1.26934475
  0.50002901   0.32308299  -1.29331817  -0.34161121   1.95785072   0.78427892   0.37831441   1.62731016  -1.27606039
  0.50190278   0.32276282  -1.29277000  -0.34082493   1.95710799   0.78478265   0.37752419   1.62750767  -1.27875048
  0.50476709   0.31447637  -1.29372895  -0.33511003   1.94898335   0.79048293   0.37463429   1.62617123  -1.28522888
  0.50721563   0.31353850  -1.29286608  -0.33410071   1.94791705   0.79109247   0.37380800   1.62580380  -1.28900005
  0.51009628   0.30526021  -1.29387354  -0.32837370   1.94019720   0.79692068   0.37043796   1.62419898  -1.29588638
  0.51244764   0.30450556  -1.29298200  -0.32733173   1.93893054   0.79750387   0.36981656   1.62414510  -1.29933921
  0.51569639   0.29777267  -1.29327789  -0.32243650   1.93230451   0.80231297   0.36692447   1.62293498  -1.30650067
  0.51832583   0.29234602  -1.29339929  -0.31843500   1.92707873   0.80605143   0.36474123   1.62160216  -1.31203077
  0.52037740   0.29186659  -1.29260944  -0.31750620   1.92602973   0.80660763   0.36416643   1.62180749  -1.31488302
  0.52385392   0.28314093  -1.29310952  -0.31128262   1.91777438   0.81274480   0.36060665   1.61982087  -1.32326858
  0.52619676   0.28240700  -1.29222472  -0.31009307   1.91629171   0.81343788   0.35996840   1.61991893  -1.32665712
  0.52962388   0.27556765  -1.29219679  -0.30491155   1.90937075   0.81838585   0.35708156   1.61855350  -1.33437274
  0.53239122   0.27086106  -1.29197940  -0.30114684   1.90460024   0.82178083   0.35497009   1.61736297  -1.34010384
  0.53529543   0.26652497  -1.29155891  -0.29754916   1.89994957   0.82501092   0.35300720   1.61649461  -1.34595026
  0.53823426   0.26201304  -1.29111432  -0.29382213   1.89514282   0.82835056   0.35100208   1.61552138  -1.35195242
  0.54117593   0.25764551  -1.29062178  -0.29015378   1.89044857   0.83162332   0.34900583   1.61457885  -1.35794631
  0.54418695   0.25305835  -1.29008254  -0.28630442   1.88548609   0.83503664   0.34699838   1.61355850  -1.36413907
  0.54716457   0.24871262  -1.28951113  -0.28258914   1.88077692   0.83833492   0.34497936   1.61259082  -1.37025139
  0.55026398   0.24411047  -1.28885090  -0.27865830   1.87569961   0.84177321   0.34300089   1.61153604  -1.37663222
  0.55323209   0.23936704  -1.28827677  -0.27454955   1.87034534   0.84543210   0.34100069   1.61065258  -1.38286816
  0.55612776   0.23841127  -1.28701239  -0.27318178   1.86876907   0.84623620   0.34015222   1.61038564  -1.38732086
  0.55945067   0.23000255  -1.28683319  -0.26654494   1.86030160   0.85247159   0.33680683   1.60818971  -1.39596704
  0.56212101   0.22974504  -1.28560660  -0.26556174   1.85922217   0.85290597   0.33616926   1.60831445  -1.39968371
  0.56601246   0.22174900  -1.28496844  -0.25893437   1.85044002   0.85896473   0.33302435   1.60652507  -1.40918613
  0.56882179   0.22083772  -1.28371246  -0.25753713   1.84889090   0.85976264   0.33220210   1.60621368  -1.41340746
  0.57246987   0.21239558  -1.28310600  -0.25069602   1.84020223   0.86603706   0.32887875   1.60377802  -1.42283448
  0.57528184   0.21225007  -1.28178125  -0.24972586   1.83913704   0.86644071   0.32821539   1.60395908  -1.42672734
  0.57917786   0.20398681  -1.28091099  -0.24283314   1.83019335   0.87265199   0.32506544   1.60168942  -1.43651355
  0.58220806   0.20338507  -1.27949340  -0.24149156   1.82854386   0.87334688   0.32434595   1.60170842  -1.44092544
  0.58618770   0.19660215  -1.27831888  -0.23552470   1.82073072   0.87859793   0.32162031   1.59998781  -1.45022497
  0.58944555   0.19206822  -1.27722787  -0.23123184   1.81526428   0.88219202   0.31970535   1.59879644  -1.45704310
  0.59274704   0.19122759  -1.27561857  -0.22978263   1.81357144   0.88298954   0.31883356   1.59849502  -1.46207552
  0.59641124   0.18404229  -1.27463391  -0.22334527   1.80529237   0.88875392   0.31587286   1.59675864  -1.47119808
  0.60021656   0.18003254  -1.27298760  -0.21951444   1.80044523   0.89176557   0.31415578   1.59524285  -1.47870785
  0.60364634   0.17517988  -1.27168456  -0.21492095   1.79459245   0.89564504   0.31216806   1.59389812  -1.48607617
  0.60722283   0.17468566  -1.26988105  -0.21360695   1.79292664   0.89624576   0.31140801   1.59379480  -1.49133371
  0.61094163   0.16732362  -1.26866361  -0.20693694   1.78424377   0.90215136   0.30863390   1.59191785  -1.50063237
  0.61451383   0.16689167  -1.26682322  -0.20571598   1.78282242   0.90265205   0.30784856   1.59162600  -1.50583573
  0.61882176   0.16041933  -1.26509036  -0.19965037   1.77474491   0.90782859   0.30538127   1.58985904  -1.51566604
  0.62228683   0.15957712  -1.26333948  -0.19808688   1.77284865   0.90866731   0.30454854   1.58950455  -1.52084463
  0.62622061   0.15192850  -1.26183352  -0.19113532   1.76380161   0.91477178   0.30176985   1.58727472  -1.53072127
  0.62963901   0.15193647  -1.26002689  -0.19026205   1.76287569   0.91498647   0.30111050   1.58715232  -1.53536790
  0.63440214   0.14583830  -1.25794405  -0.18426608   1.75470478   0.92004369   0.29869187   1.58559599  -1.54584636
  0.63831255   0.14213006  -1.25607611  -0.18039130   1.74977370   0.92302710   0.29702883   1.58409696  -1.55342181
  0.64231245   0.13857078  -1.25417710  -0.17651442   1.74466028   0.92607344   0.29541989   1.58304527  -1.56104900
  0.64643898   0.13518197  -1.25215270  -0.17280267   1.73972847   0.92895132   0.29388013   1.58195834  -1.56879764
  0.65056169   0.13175868  -1.25012789  -0.16904033   1.73471903   0.93187967   0.29233172   1.58087035  -1.57655512
  0.65474651   0.12842521  -1.24804679  -0.16534023   1.72976257   0.93474164   0.29082058   1.57979146  -1.58434988
  0.65896754   0.12513154  -1.24593242  -0.16165919   1.72480958   0.93758445   0.28932644   1.57871807  -1.59217147
  0.66323640   0.12190576  -1.24377623  -0.15802216   1.71988854   0.94038239   0.28785894   1.57765401  -1.60001957
  0.66754856   0.11873906  -1.24158314  -0.15442231   1.71499105   0.94314364   0.28641453   1.57659922  -1.60789110
  0.67149181   0.11827317  -1.23947149  -0.15309585   1.71315214   0.94378905   0.28572461   1.57645478  -1.61350707
  0.67649505   0.11293356  -1.23699917  -0.14757068   1.70540217   0.94834370   0.28369397   1.57485556  -1.62382248
  0.68052611   0.10968469  -1.23497760  -0.14385761   1.70018684   0.95123216   0.28247647   1.57397872  -1.63105691
  0.68501625   0.10940758  -1.23248419  -0.14273983   1.69880710   0.95158469   0.28158451   1.57329984  -1.63754543
  0.68971669   0.10406269  -1.23021078  -0.13712802   1.69090167   0.95632753   0.27955922   1.57195679  -1.64734609
  0.69441369   0.10116624  -1.22764782  -0.13385042   1.68639654   0.95871981   0.27826585   1.57047171  -1.65555778
  0.69855334   0.10093227  -1.22542620  -0.13268142   1.68470763   0.95922438   0.27758090   1.57036304  -1.66128168
  0.70378074   0.09582749  -1.22275255  -0.12731010   1.67687186   0.96365525   0.27579420   1.56881574  -1.67164103
  0.70770709   0.09598626  -1.22058833  -0.12657229   1.67607528   0.96377729   0.27505300   1.56851917  -1.67684766
  0.71303065   0.08991010  -1.21782617  -0.12046938   1.66717328   0.96890104   0.27318722   1.56645771  -1.68779959
  0.71712273   0.09036835  -1.21558336  -0.11994193   1.66649972   0.96878383   0.27259896   1.56629869  -1.69298432
  0.72279001   0.08656147  -1.21273386  -0.11543338   1.65951828   0.97242303   0.27097656   1.56545670  -1.70329050
  0.72718967   0.08639731  -1.21031140  -0.11439915   1.65804370   0.97270928   0.27032788   1.56488587  -1.70923513
  0.73267330   0.08219845  -1.20748408  -0.10972833   1.65094498   0.97653018   0.26872136   1.56362016  -1.71937863
  0.73724951   0.07995130  -1.20508750  -0.10684466   1.64648387   0.97869541   0.26781107   1.56295878  -1.72668224
  0.74214932   0.08004275  -1.20234871  -0.10603303   1.64535407   0.97877795   0.26695267   1.56224061  -1.73342928
  0.74745556   0.07634403  -1.19967540  -0.10171793   1.63869968   0.98234208   0.26540448   1.56133910  -1.74295622
  0.75232160   0.07413318  -1.19707559  -0.09893856   1.63423039   0.98441904   0.26457477   1.56054751  -1.75060712
  0.75729326   0.07434484  -1.19429928  -0.09823655   1.63321095   0.98440151   0.26373690   1.55982012  -1.75734504
  0.76276009   0.07112096  -1.19158900  -0.09429069   1.62661022   0.98764960   0.26257983   1.55938643  -1.76655948
  0.76758078   0.07116168  -1.18885559  -0.09353595   1.62562808   0.98769232   0.26173125   1.55841715  -1.77310864
  0.77290648   0.06814623  -1.18622894  -0.08978819   1.61936262   0.99083285   0.26053017   1.55810721  -1.78201826
  0.77767107   0.06821989  -1.18353144  -0.08907808   1.61839576   0.99086323   0.25973422   1.55721207  -1.78840357
  0.78334757   0.06422702  -1.18058776  -0.08472147   1.61128027   0.99455000   0.25841466   1.55598292  -1.79834583
  0.78780661   0.06492316  -1.17810447  -0.08448705   1.61104436   0.99420532   0.25766512   1.55556152  -1.80392792
  0.79402173   0.06277232  -1.17498379  -0.08145313   1.60544329   0.99656619   0.25660813   1.55518914  -1.81362448
  0.79846036   0.06325755  -1.17257338  -0.08097902   1.60479849   0.99636223   0.25590952   1.55462103  -1.81913646
  0.80457552   0.06017628  -1.16945749  -0.07734422   1.59826925   0.99941216   0.25483818   1.55391782  -1.82907676
  0.80895676   0.06071824  -1.16708357  -0.07693059   1.59771423   0.99917519   0.25414309   1.55338965  -1.83445193
  0.81461440   0.06096264  -1.16407807  -0.07616417   1.59589148   0.99939839   0.25336804   1.55328139  -1.84204655
  0.82053168   0.05782916  -1.16108606  -0.07250868   1.58956381   1.00248211   0.25207873   1.55233978  -1.85177606
  0.82513867   0.05852321  -1.15853546  -0.07231244   1.58924454   1.00208794   0.25140096   1.55179295  -1.85743040
  0.83117052   0.05736748  -1.15555321  -0.07021944   1.58479050   1.00364419   0.25068746   1.55182725  -1.86601271
  0.83594316   0.05743352  -1.15299794  -0.06942109   1.58343344   1.00388401   0.24984213   1.55130379  -1.87227469
  0.84195430   0.05561972  -1.14991630  -0.06694127   1.57880154   1.00584994   0.24872382   1.55061702  -1.88138608
  0.84659354   0.05638656  -1.14735793  -0.06682770   1.57855114   1.00539844   0.24805050   1.55008304  -1.88702748
  0.85261046   0.05573979  -1.14438713  -0.06520657   1.57479582   1.00652822   0.24736312   1.55018856  -1.89528529
  0.85745351   0.05597154  -1.14181125  -0.06456863   1.57356185   1.00664356   0.24656890   1.54975334  -1.90150924
  0.86307039   0.05643000  -1.13883588  -0.06407995   1.57214989   1.00658556   0.24584174   1.54939568  -1.90875417
  0.86857843   0.05521890  -1.13617172  -0.06202985   1.56802987   1.00826049   0.24487012   1.54943898  -1.91665640
  0.87328609   0.05593995  -1.13361247  -0.06185773   1.56766778   1.00780807   0.24419117   1.54874550  -1.92232565
  0.87955778   0.05475627  -1.13047275  -0.05993819   1.56344745   1.00934363   0.24324491   1.54850845  -1.93133660
  0.88414783   0.05564693  -1.12795511  -0.05995714   1.56339816   1.00878847   0.24254588   1.54796511  -1.93682311
  0.89001210   0.05588443  -1.12503928  -0.05915467   1.56101973   1.00915359   0.24184708   1.54813272  -1.94442216
  0.89464519   0.05665035  -1.12262087  -0.05895094   1.56042238   1.00883456   0.24117866   1.54787689  -1.94994231
  0.90051999   0.05744296  -1.11953392  -0.05878011   1.55925934   1.00854714   0.24047872   1.54769925  -1.95738199
  0.90586963   0.05698059  -1.11696741  -0.05741392   1.55616568   1.00958465   0.23960243   1.54791483  -1.96459852
  0.91052112   0.05788158  -1.11447526  -0.05739989   1.55596882   1.00901420   0.23895230   1.54734496  -1.97005467
  0.91600751   0.05879974  -1.11161569  -0.05733864   1.55510172   1.00869320   0.23821466   1.54737021  -1.97690092
  0.92081310   0.05967621  -1.10911084  -0.05728236   1.55450305   1.00834608   0.23759895   1.54735708  -1.98262924
  0.92645335   0.06055301  -1.10628532  -0.05705256   1.55321813   1.00811501   0.23687643   1.54744750  -1.98961343
  0.93198009   0.06137279  -1.10343100  -0.05691480   1.55219124   1.00777216   0.23620103   1.54720801  -1.99645433
  0.93687088   0.06196482  -1.10103614  -0.05648204   1.55082087   1.00781466   0.23549636   1.54742035  -2.00241366
  0.94197794   0.06287870  -1.09835123  -0.05647752   1.55031058   1.00738916   0.23472863   1.54717674  -2.00868028
  0.94666970   0.06390241  -1.09590118  -0.05657074   1.55000252   1.00690600   0.23409615   1.54714546  -2.01420004
  0.95217035   0.06506846  -1.09313938  -0.05661568   1.54918666   1.00641040   0.23341200   1.54724482  -2.02084241
  0.95720954   0.06613506  -1.09057115  -0.05665956   1.54863261   1.00594050   0.23271041   1.54723867  -2.02687988
  0.96183585   0.06725821  -1.08815838  -0.05684058   1.54847994   1.00538219   0.23207255   1.54723610  -2.03228269
  0.96723494   0.06858522  -1.08544488  -0.05703434   1.54792040   1.00474319   0.23142237   1.54735274  -2.03870123
  0.97217036   0.06981482  -1.08292819  -0.05722096   1.54761718   1.00414486   0.23074174   1.54739842  -2.04452488
  0.97670745   0.07106876  -1.08056256  -0.05751011   1.54766745   1.00348538   0.23010745   1.54742807  -2.04976044
  0.98232740   0.07264529  -1.07765612  -0.05802231   1.54746811   1.00256643   0.22956696   1.54746933  -2.05640297
  0.98665277   0.07401443  -1.07544995  -0.05829550   1.54771014   1.00185559   0.22879777   1.54749468  -2.06133971
  0.99117251   0.07546793  -1.07316684  -0.05865657   1.54775400   1.00110514   0.22824575   1.54772476  -2.06639098
  0.99671031   0.07725459  -1.07031206  -0.05932004   1.54781323   1.00005138   0.22769341   1.54786086  -2.07288507
  1.00096121   0.07877159  -1.06815470  -0.05966806   1.54830099   0.99926463   0.22679994   1.54791480  -2.07777267
  1.00549398   0.08039716  -1.06586499  -0.06017861   1.54847775   0.99833697   0.22639305   1.54813074  -2.08267881
  1.00997923   0.08201707  -1.06351725  -0.06078602   1.54894514   0.99744498   0.22580481   1.54838221  -2.08778928
  1.01499104   0.08398284  -1.06099066  -0.06148946   1.54931952   0.99631292   0.22525231   1.54865643  -2.09340830
  1.01912639   0.08556060  -1.05881617  -0.06208186   1.54990883   0.99539243   0.22475387   1.54880517  -2.09793338
  1.02400565   0.08765644  -1.05635107  -0.06286401   1.55056135   0.99417959   0.22410054   1.54907617  -2.10341859
  1.02810445   0.08935624  -1.05420147  -0.06351995   1.55131703   0.99318163   0.22355130   1.54923268  -2.10789896
  1.03287210   0.09155187  -1.05177461  -0.06441528   1.55212279   0.99187313   0.22300286   1.54953083  -2.11315368
  1.03684415   0.09330284  -1.04967888  -0.06513399   1.55298504   0.99083057   0.22251410   1.54971654  -2.11742107
  1.04151209   0.09562165  -1.04730227  -0.06610084   1.55399093   0.98945059   0.22192745   1.55004247  -2.12253754
  1.04541652   0.09746001  -1.04524167  -0.06687267   1.55498464   0.98834993   0.22142504   1.55023553  -2.12670852
  1.04997245   0.09987275  -1.04290709  -0.06792954   1.55614571   0.98689444   0.22089595   1.55058449  -2.13162929
  1.05376593   0.10176373  -1.04089558  -0.06875242   1.55724022   0.98575308   0.22043190   1.55079508  -2.13562466
  1.05821292   0.10427563  -1.03861065  -0.06987506   1.55856979   0.98423879   0.21989469   1.55116823  -2.14039054
  1.06192257   0.10623145  -1.03663943  -0.07074192   1.55977167   0.98305282   0.21943579   1.55138279  -2.14426522
  1.06625646   0.10882594  -1.03439830  -0.07193737   1.56124752   0.98148031   0.21893264   1.55177513  -2.14885587
  1.06986081   0.11082786  -1.03247500  -0.07284444   1.56253745   0.98026037   0.21850363   1.55199841  -2.15257138
  1.07408056   0.11350189  -1.03028290  -0.07409719   1.56415896   0.97864260   0.21800366   1.55241104  -2.15700478
  1.07759442   0.11555285  -1.02840263  -0.07503853   1.56553613   0.97738873   0.21758704   1.55263381  -2.16059229
  1.08169940   0.11829346  -1.02625468  -0.07635049   1.56728823   0.97572866   0.21711192   1.55306148  -2.16486271
  1.08510953   0.12038064  -1.02442301  -0.07732145   1.56873695   0.97444887   0.21672219   1.55328641  -2.16829859
  1.08909828   0.12318112  -1.02232267  -0.07868070   1.57061426   0.97275794   0.21625345   1.55372944  -2.17241775
  1.09241524   0.12530460  -1.02053648  -0.07967565   1.57213070   0.97145354   0.21587844   1.55394961  -2.17572452
  1.09628893   0.12815242  -1.01847888  -0.08108238   1.57411988   0.96973555   0.21543098   1.55440240  -2.17969252
  1.09950194   0.13030167  -1.01674340  -0.08209649   1.57568958   0.96841350   0.21508187   1.55462043  -2.18285055
  1.10316223   0.13275325  -1.01476885  -0.08328096   1.57752764   0.96693298   0.21450578   1.55486510  -2.18676336
  1.10652430   0.13520450  -1.01295573  -0.08448555   1.57928176   0.96545236   0.21420293   1.55523575  -2.19005282
  1.10983685   0.13774224  -1.01119881  -0.08568955   1.58109800   0.96391942   0.21384504   1.55557339  -2.19328320
  1.11334973   0.14067719  -1.00928467  -0.08719563   1.58334923   0.96213480   0.21348479   1.55600457  -2.19674440
  1.11639736   0.14295656  -1.00761301  -0.08830223   1.58517910   0.96077204   0.21306200   1.55627159  -2.19978498
  1.11956715   0.14542954  -1.00585410  -0.08957053   1.58709621   0.95927989   0.21279623   1.55663907  -2.20285385
  1.12298496   0.14958316  -1.00397397  -0.09177721   1.59044222   0.95684485   0.21259322   1.55759078  -2.20574864
  1.12572884   0.15154375  -1.00243161  -0.09274395   1.59209689   0.95561845   0.21226484   1.55767220  -2.20843979
  1.12896179   0.15428047  -1.00069170  -0.09408705   1.59416460   0.95394420   0.21191560   1.55794201  -2.21160617
  1.13169168   0.15630457  -0.99914435  -0.09511460   1.59585360   0.95271273   0.21163677   1.55813233  -2.21426654
  1.13480987   0.15925180  -0.99745633  -0.09656863   1.59814752   0.95098813   0.21128800   1.55859759  -2.21722488
  1.13747738   0.16131943  -0.99594578  -0.09761253   1.59988444   0.94970850   0.21102499   1.55873147  -2.21978522
  1.14044723   0.16370750  -0.99428307  -0.09882485   1.60185758   0.94827449   0.21064866   1.55896198  -2.22278732
  1.14342989   0.16841263  -0.99256608  -0.10137360   1.60584580   0.94559255   0.21055621   1.56010477  -2.22499378
  1.14582382   0.17001662  -0.99121619  -0.10211493   1.60732725   0.94458425   0.21012901   1.56001277  -2.22743342
  1.14847673   0.17201960  -0.98971079  -0.10313291   1.60897021   0.94336764   0.20988189   1.56016734  -2.23005236
  1.15115041   0.17437267  -0.98829546  -0.10422812   1.61068623   0.94192150   0.20962082   1.56029345  -2.23260219
  1.15399373   0.17712707  -0.98660749  -0.10574830   1.61314331   0.94027939   0.20938724   1.56065180  -2.23531628
  1.15634550   0.17966186  -0.98525893  -0.10703600   1.61534728   0.93882632   0.20913548   1.56104235  -2.23740098
  1.15894903   0.18223953  -0.98374660  -0.10840412   1.61758154   0.93726119   0.20891918   1.56127062  -2.23984091
  1.16117922   0.18468148  -0.98246749  -0.10963015   1.61970354   0.93587214   0.20868133   1.56164313  -2.24178900
  1.16368092   0.18717616  -0.98100684  -0.11095447   1.62188179   0.93436114   0.20847182   1.56184956  -2.24413543
  1.16582198   0.18955670  -0.97977121  -0.11215112   1.62396426   0.93300990   0.20824609   1.56219977  -2.24599712
  1.16821644   0.19198939  -0.97836450  -0.11344389   1.62610494   0.93154230   0.20804836   1.56239592  -2.24823186
  1.17026415   0.19431722  -0.97717375  -0.11461726   1.62815753   0.93022483   0.20783638   1.56273041  -2.24999792
  1.17255035   0.19668789  -0.97582240  -0.11587766   1.63026013   0.92880095   0.20764884   1.56291765  -2.25211934
  1.17451077   0.19896258  -0.97467368  -0.11702802   1.63228056   0.92751580   0.20745024   1.56323437  -2.25379839
  1.17668950   0.20127151  -0.97337743  -0.11825677   1.63434345   0.92613516   0.20727439   1.56341452  -2.25580627
  1.17856016   0.20348975  -0.97227265  -0.11938209   1.63632792   0.92488496   0.20708903   1.56371592  -2.25739535
  1.18063307   0.20573206  -0.97103163  -0.12057598   1.63834509   0.92355001   0.20692347   1.56388825  -2.25929340
  1.18241748   0.20788980  -0.96996967  -0.12167400   1.64028788   0.92233615   0.20675074   1.56417310  -2.26079849
  1.18438571   0.21006283  -0.96878385  -0.12283169   1.64225505   0.92104807   0.20659585   1.56433827  -2.26258829
  1.18608363   0.21215579  -0.96776560  -0.12389979   1.64415103   0.91987311   0.20643523   1.56460750  -2.26400997
  1.18794922   0.21425549  -0.96663470  -0.12501886   1.64606291   0.91863369   0.20629025   1.56476508  -2.26569533
  1.18956256   0.21627979  -0.96565996  -0.12605474   1.64790688   0.91749937   0.20614119   1.56501850  -2.26703711
  1.19132705   0.21830321  -0.96458384  -0.12713354   1.64975917   0.91630988   0.20600593   1.56516874  -2.26862047
  1.19285674   0.22025517  -0.96365289  -0.12813496   1.65154645   0.91521810   0.20586786   1.56540676  -2.26988441
  1.19452212   0.22219933  -0.96263119  -0.12917177   1.65333496   0.91407972   0.20574190   1.56554959  -2.27136906
  1.19596954   0.22407571  -0.96174406  -0.13013674   1.65506122   0.91303202   0.20561428   1.56577249  -2.27255767
  1.19753771   0.22593810  -0.96077642  -0.13113014   1.65678230   0.91194569   0.20549726   1.56590802  -2.27394651
  1.19861940   0.22729756  -0.96007818  -0.13183856   1.65801334   0.91117057   0.20556960   1.56608363  -2.27463051
  1.19995497   0.22902551  -0.95937444  -0.13260191   1.65948834   0.91025086   0.20520015   1.56624896  -2.27594322
  1.20146742   0.23050362  -0.95839820  -0.13343448   1.66097370   0.90937699   0.20511477   1.56632971  -2.27732243
  1.20271465   0.23212786  -0.95761443  -0.13430219   1.66245152   0.90845210   0.20506494   1.56649926  -2.27835554
  1.20421123   0.23418661  -0.95666890  -0.13541122   1.66439024   0.90727890   0.20492906   1.56668103  -2.27965542
  1.20561057   0.23598084  -0.95576870  -0.13640335   1.66609752   0.90622109   0.20485862   1.56678394  -2.28086727
  1.20677611   0.23718712  -0.95508312  -0.13698926   1.66724651   0.90554761   0.20464417   1.56684314  -2.28199269
  1.20756912   0.23851145  -0.95457234  -0.13763473   1.66842054   0.90484257   0.20468891   1.56706980  -2.28235402
  1.20882589   0.23986525  -0.95376430  -0.13841444   1.66973161   0.90403098   0.20461115   1.56711742  -2.28357739
  1.21002003   0.24118623  -0.95305659  -0.13907399   1.67095655   0.90327604   0.20442901   1.56716659  -2.28471778
  1.21154903   0.24229607  -0.95213863  -0.13971521   1.67199092   0.90249665   0.20429859   1.56695169  -2.28641615
  1.21182483   0.24236498  -0.95199672  -0.13956458   1.67216889   0.90255012   0.20419636   1.56701783  -2.28631740
  1.21307597   0.24513236  -0.95113510  -0.14116067   1.67457197   0.90105013   0.20424891   1.56752266  -2.28732156
  1.21409417   0.24636633  -0.95048596  -0.14181979   1.67581075   0.90032361   0.20412709   1.56753623  -2.28823215
  1.21409417   0.24636633  -0.95048596  -0.14181979   1.67581075   0.90032361   0.20412709   1.56753623  -2.28823215
  1.21574853   0.24858272  -0.94944396  -0.14296120   1.67786591   0.89909511   0.20400710   1.56774542  -2.28957490
  1.21574853   0.24858272  -0.94944396  -0.14296120   1.67786591   0.89909511   0.20400710   1.56774542  -2.28957490
  1.21733774   0.25072708  -0.94842497  -0.14409430   1.67989637   0.89788830   0.20389343   1.56791173  -2.29089352
  1.21733774   0.25072708  -0.94842497  -0.14409430   1.67989637   0.89788830   0.20389343   1.56791173  -2.29089352
  1.21874186   0.25276299  -0.94751184  -0.14516812   1.68183133   0.89675872   0.20379939   1.56809858  -2.29200257
  1.21874186   0.25276299  -0.94751184  -0.14516812   1.68183133   0.89675872   0.20379939   1.56809858  -2.29200257
  1.22004439   0.25466332  -0.94665783  -0.14618043   1.68364520   0.89569740   0.20371930   1.56825908  -2.29303766
  1.22004439   0.25466332  -0.94665783  -0.14618043   1.68364520   0.89569740   0.20371930   1.56825908  -2.29303766
  1.22087507   0.25596418  -0.94609766  -0.14683699   1.68485621   0.89498809   0.20376334   1.56841497  -2.29347306
  1.22190846   0.25683402  -0.94560091  -0.14717351   1.68569007   0.89449842   0.20325556   1.56829029  -2.29485548
  1.22205715   0.25672826  -0.94536597  -0.14723392   1.68584694   0.89456139   0.20343959   1.56836257  -2.29479576
  1.22293537   0.25766165  -0.94480396  -0.14789394   1.68653693   0.89385762   0.20356153   1.56821251  -2.29588505
  1.22316514   0.25778787  -0.94476097  -0.14768708   1.68664978   0.89388255   0.20338973   1.56824426  -2.29573968
  1.22316514   0.25778787  -0.94476097  -0.14768708   1.68664978   0.89388255   0.20338973   1.56824426  -2.29573968
  1.22399385   0.25860608  -0.94429700  -0.14818239   1.68734114   0.89335997   0.20318901   1.56817168  -2.29695490
  1.22399385   0.25860608  -0.94429700  -0.14818239   1.68734114   0.89335997   0.20318901   1.56817168  -2.29695490
  1.22471278   0.26085192  -0.94367417  -0.14940404   1.68950522   0.89225570   0.20334423   1.56872248  -2.29694038
  1.22471278   0.26085192  -0.94367417  -0.14940404   1.68950522   0.89225570   0.20334423   1.56872248  -2.29694038
  1.22471278   0.26085192  -0.94367417  -0.14940404   1.68950522   0.89225570   0.20334423   1.56872248  -2.29694038
  1.22471278   0.26085192  -0.94367417  -0.14940404   1.68950522   0.89225570   0.20334423   1.56872248  -2.29694038
  1.22570510   0.26234714  -0.94297528  -0.15023918   1.69102743   0.89144085   0.20329696   1.56888364  -2.29770797
  1.22570510   0.26234714  -0.94297528  -0.15023918   1.69102743   0.89144085   0.20329696   1.56888364  -2.29770797
  1.22570510   0.26234714  -0.94297528  -0.15023918   1.69102743   0.89144085   0.20329696   1.56888364  -2.29770797
  1.22570510   0.26234714  -0.94297528  -0.15023918   1.69102743   0.89144085   0.20329696   1.56888364  -2.29770797
  1.22654760   0.26357298  -0.94245512  -0.15084532   1.69214714   0.89073641   0.20322350   1.56890916  -2.29836306
  1.22654760   0.26357298  -0.94245512  -0.15084532   1.69214714   0.89073641   0.20322350   1.56890916  -2.29836306
  1.22654760   0.26357298  -0.94245512  -0.15084532   1.69214714   0.89073641   0.20322350   1.56890916  -2.29836306
  1.22654760   0.26357298  -0.94245512  -0.15084532   1.69214714   0.89073641   0.20322350   1.56890916  -2.29836306
  1.22654760   0.26357298  -0.94245512  -0.15084532   1.69214714   0.89073641   0.20322350   1.56890916  -2.29836306
  1.22654760   0.26357298  -0.94245512  -0.15084532   1.69214714   0.89073641   0.20322350   1.56890916  -2.29836306
  1.22654760   0.26357298  -0.94245512  -0.15084532   1.69214714   0.89073641   0.20322350   1.56890916  -2.29836306
  1.22769751   0.26450122  -0.94173226  -0.15141690   1.69302900   0.89007585   0.20318615   1.56872697  -2.29962705
  1.22769751   0.26450122  -0.94173226  -0.15141690   1.69302900   0.89007585   0.20318615   1.56872697  -2.29962705
  1.22769751   0.26450122  -0.94173226  -0.15141690   1.69302900   0.89007585   0.20318615   1.56872697  -2.29962705
  1.22769751   0.26450122  -0.94173226  -0.15141690   1.69302900   0.89007585   0.20318615   1.56872697  -2.29962705
  1.22769751   0.26450122  -0.94173226  -0.15141690   1.69302900   0.89007585   0.20318615   1.56872697  -2.29962705
  1.22769751   0.26450122  -0.94173226  -0.15141690   1.69302900   0.89007585   0.20318615   1.56872697  -2.29962705
  1.22769751   0.26450122  -0.94173226  -0.15141690   1.69302900   0.89007585   0.20318615   1.56872697  -2.29962705
  1.22769751   0.26450122  -0.94173226  -0.15141690   1.69302900   0.89007585   0.20318615   1.56872697  -2.29962705
  1.22769751   0.26450122  -0.94173226  -0.15141690   1.69302900   0.89007585   0.20318615   1.56872697  -2.29962705
  1.22769751   0.26450122  -0.94173226  -0.15141690   1.69302900   0.89007585   0.20318615   1.56872697  -2.29962705
