  0.49862148   0.47203739   0.01392946   1.21505457   0.78375408   0.57691184   1.31925537   2.09439510  -1.85000852
  0.49862148   0.47203739   0.01392946   1.21505457   0.78375408   0.57691184   1.31925537   2.09439510  -1.85000852
  0.49862148   0.47203739   0.01392946   1.21505457   0.78375408   0.57691184   1.31925537   2.09439510  -1.85000852
  0.49890201   0.47218106   0.01395624   1.21501337   0.78395959   0.57704472   1.31922806   2.09426347  -1.84992246
  0.50045579   0.47240972   0.01427905   1.21494420   0.78430878   0.57629181   1.31895707   2.09421383  -1.85184779
  0.50147685   0.47252733   0.01428838   1.21460600   0.78468897   0.57616430   1.31874423   2.09419260  -1.85296529
  0.50282959   0.47190653   0.01362677   1.21383663   0.78533195   0.57648592   1.31761980   2.09423239  -1.85506614
  0.50524848   0.47192340   0.01418801   1.21338298   0.78523330   0.57611339   1.31737276   2.09395362  -1.85745052
  0.50882516   0.46810538   0.00920523   1.20964142   0.78539816   0.58009916   1.31230531   2.09389100  -1.86319853
  0.51037825   0.46793950   0.00927535   1.20923222   0.78533691   0.58025832   1.31191915   2.09369952  -1.86454438
  0.51294248   0.46799816   0.01001130   1.20896229   0.78506540   0.57971071   1.31166588   2.09349866  -1.86701341
  0.51468985   0.46795534   0.01001088   1.20834335   0.78531989   0.57960055   1.31120264   2.09361447  -1.86903145
  0.51780835   0.46302464   0.00376473   1.20422331   0.78539816   0.58477007   1.30565557   2.09318105  -1.87444959
  0.51935095   0.46314617   0.00439789   1.20406642   0.78531309   0.58437447   1.30574621   2.09289622  -1.87583895
  0.52069536   0.46325950   0.00470733   1.20393070   0.78537025   0.58404555   1.30549465   2.09294119  -1.87718578
  0.52197709   0.46341599   0.00486335   1.20355449   0.78538900   0.58399453   1.30532976   2.09284581  -1.87831278
  0.52326051   0.46307405   0.00443173   1.20295925   0.78521502   0.58447138   1.30453298   2.09303136  -1.87961480
  0.52490385   0.46316598   0.00474161   1.20273222   0.78517731   0.58420686   1.30430544   2.09276128  -1.88114215
  0.52637263   0.46278114   0.00425458   1.20194393   0.78539816   0.58457124   1.30352763   2.09288790  -1.88295104
  0.52820723   0.46164306   0.00314488   1.20096078   0.78539816   0.58537097   1.30200728   2.09289861  -1.88548698
  0.52956639   0.46105087   0.00242541   1.20022893   0.78539816   0.58601990   1.30105670   2.09278313  -1.88702042
  0.53287330   0.45743272  -0.00176252   1.19715776   0.78539816   0.58942658   1.29697144   2.09217631  -1.89218035
  0.53419492   0.45749857  -0.00136976   1.19692050   0.78533136   0.58920692   1.29692330   2.09201699  -1.89340948
  0.53536787   0.45750525  -0.00110118   1.19666436   0.78534768   0.58909297   1.29675166   2.09205545  -1.89453282
  0.53699569   0.45768257  -0.00090194   1.19627950   0.78538160   0.58889968   1.29648601   2.09191538  -1.89608828
  0.53846254   0.45746570  -0.00087036   1.19591541   0.78539816   0.58877469   1.29593356   2.09209796  -1.89786199
  0.53892766   0.45751436  -0.00074907   1.19598072   0.78539816   0.58903143   1.29576809   2.09203413  -1.89769084
  0.54141382   0.45758707  -0.00042199   1.19547739   0.78509576   0.58853638   1.29528989   2.09187682  -1.90043568
  0.54446383   0.45224149  -0.00730251   1.19082181   0.78538063   0.59429192   1.28933330   2.09140296  -1.90620816
  0.54602067   0.45228306  -0.00660297   1.19074994   0.78520615   0.59384058   1.28937343   2.09116286  -1.90766266
  0.54763033   0.45245122  -0.00617111   1.19034523   0.78534909   0.59349204   1.28929558   2.09115061  -1.90935092
  0.54801035   0.45254313  -0.00613362   1.19055726   0.78535522   0.59361392   1.28901595   2.09109425  -1.90919557
  0.54957957   0.45243448  -0.00632648   1.18976578   0.78523383   0.59377608   1.28847111   2.09128977  -1.91102647
  0.55150214   0.45196802  -0.00679093   1.18907380   0.78533346   0.59401270   1.28748232   2.09116506  -1.91332826
  0.55324270   0.45184933  -0.00644423   1.18873629   0.78530076   0.59378704   1.28721648   2.09097408  -1.91514189
  0.55470228   0.45183638  -0.00647637   1.18824077   0.78536620   0.59382960   1.28681685   2.09086535  -1.91661048
  0.55770279   0.44759314  -0.01167081   1.18470043   0.78534528   0.59816724   1.28194556   2.09036413  -1.92175426
  0.55895732   0.44760435  -0.01116388   1.18459681   0.78535818   0.59783878   1.28191102   2.09024975  -1.92297699
  0.56027892   0.44757389  -0.01135393   1.18416064   0.78539816   0.59795306   1.28132790   2.09027049  -1.92431416
  0.56187506   0.44758737  -0.01088232   1.18389888   0.78534437   0.59765432   1.28119960   2.09013176  -1.92589859
  0.56332329   0.44773612  -0.01075628   1.18355011   0.78538051   0.59752469   1.28089203   2.09001467  -1.92727159
  0.56460868   0.44769716  -0.01065620   1.18344994   0.78539816   0.59734935   1.28038512   2.09004725  -1.92857653
  0.56602846   0.44717662  -0.01124707   1.18258398   0.78539816   0.59795072   1.27948382   2.09020304  -1.93028286
  0.56796432   0.44688360  -0.01091323   1.18212082   0.78530481   0.59778568   1.27912999   2.09003399  -1.93242413
  0.56835879   0.44704481  -0.01092205   1.18214214   0.78531648   0.59795946   1.27897789   2.08987500  -1.93230972
  0.57104739   0.44713506  -0.01058568   1.18158630   0.78515417   0.59754575   1.27840436   2.08968743  -1.93513461
  0.57379932   0.44182644  -0.01747737   1.17694467   0.78539816   0.60337180   1.27241112   2.08930778  -1.94070154
  0.57588140   0.44181346  -0.01650595   1.17684584   0.78500220   0.60278400   1.27251472   2.08883969  -1.94265258
  0.57621276   0.44187082  -0.01641547   1.17691383   0.78505169   0.60292768   1.27238793   2.08880420  -1.94254852
  0.57795923   0.44196955  -0.01619197   1.17636566   0.78519891   0.60251774   1.27203011   2.08900181  -1.94475854
  0.57911663   0.44191266  -0.01667035   1.17589721   0.78539816   0.60279320   1.27130636   2.08889722  -1.94592636
  0.58129156   0.44192260  -0.01611356   1.17572323   0.78527679   0.60236003   1.27094281   2.08862490  -1.94802259
  0.58149129   0.44177287  -0.01591228   1.17558042   0.78529196   0.60251512   1.27103442   2.08872725  -1.94810730
  0.58530548   0.43879333  -0.01973690   1.17229675   0.78535290   0.60555854   1.26703192   2.08833953  -1.95385644
  0.58650483   0.43884437  -0.01946729   1.17226359   0.78538331   0.60528377   1.26682212   2.08803743  -1.95497255
  0.58792892   0.43898084  -0.01910317   1.17185820   0.78539816   0.60516917   1.26678765   2.08785692  -1.95623087
  0.58942560   0.43881937  -0.01884080   1.17172043   0.78532626   0.60480916   1.26624804   2.08806070  -1.95805178
  0.59086449   0.43873147  -0.01891419   1.17125194   0.78528031   0.60491286   1.26571665   2.08803950  -1.95951157
  0.59212349   0.43832065  -0.01946326   1.17059830   0.78539816   0.60544175   1.26486879   2.08800718  -1.96089990
  0.59345983   0.43786692  -0.01997231   1.16991153   0.78539816   0.60597225   1.26406110   2.08789571  -1.96237502
  0.59538846   0.43713007  -0.02059736   1.16895928   0.78530597   0.60657246   1.26296578   2.08773654  -1.96472269
  0.59727027   0.43711437  -0.02022281   1.16849541   0.78533988   0.60634164   1.26279139   2.08735774  -1.96664241
  0.59871132   0.43620931  -0.02144298   1.16755780   0.78524357   0.60737218   1.26122022   2.08744628  -1.96848871
  0.60002110   0.43581605  -0.02187884   1.16692088   0.78532628   0.60780262   1.26050946   2.08724925  -1.96994440
  0.60169049   0.43575727  -0.02136155   1.16659605   0.78522573   0.60754872   1.26042078   2.08700575  -1.97160358
  0.60340212   0.43476509  -0.02277854   1.16549339   0.78538351   0.60853708   1.25861340   2.08709797  -1.97403915
  0.60558556   0.43450962  -0.02225744   1.16509342   0.78526221   0.60819408   1.25831614   2.08673326  -1.97643630
  0.60598119   0.43457879  -0.02218030   1.16514170   0.78527921   0.60842161   1.25816399   2.08666110  -1.97626779
  0.60933603   0.43145686  -0.02615474   1.16193349   0.78539816   0.61150646   1.25411574   2.08622900  -1.98179624
  0.61066777   0.43141965  -0.02569098   1.16161008   0.78539816   0.61132045   1.25415933   2.08595981  -1.98310292
  0.61108532   0.43149388  -0.02560471   1.16181372   0.78539816   0.61144211   1.25389833   2.08591044  -1.98297379
  0.61277044   0.43150437  -0.02562786   1.16108996   0.78523967   0.61144194   1.25340338   2.08604035  -1.98490412
  0.61453015   0.43136045  -0.02568522   1.16060276   0.78520748   0.61144620   1.25274761   2.08590546  -1.98680327
  0.61647673   0.43087609  -0.02593687   1.15991566   0.78535925   0.61163204   1.25188415   2.08570533  -1.98913779
  0.61791111   0.43074832  -0.02562468   1.15963188   0.78531953   0.61148439   1.25161916   2.08558435  -1.99062485
  0.61890752   0.43044357  -0.02634202   1.15897957   0.78539816   0.61210381   1.25073923   2.08557528  -1.99169188
  0.62096531   0.42981407  -0.02678873   1.15807294   0.78530084   0.61255255   1.24971126   2.08540703  -1.99415029
  0.62269128   0.42964542  -0.02633481   1.15781016   0.78525765   0.61226196   1.24943727   2.08520461  -1.99600082
  0.62400152   0.42935360  -0.02698890   1.15713265   0.78539816   0.61271652   1.24848913   2.08515982  -1.99752153
  0.62563637   0.42899063  -0.02705812   1.15658284   0.78539816   0.61285506   1.24787470   2.08500575  -1.99937496
  0.62686678   0.42859212  -0.02766956   1.15586569   0.78539816   0.61347902   1.24703076   2.08488053  -2.00067623
  0.62908530   0.42850697  -0.02712831   1.15565434   0.78511461   0.61308904   1.24659707   2.08457127  -2.00287925
  0.63104670   0.42557937  -0.03112505   1.15266363   0.78539816   0.61655963   1.24301086   2.08431208  -2.00650438
  0.63277200   0.42569906  -0.03045437   1.15268795   0.78517814   0.61606916   1.24292663   2.08382699  -2.00799733
  0.63438320   0.42577210  -0.02995348   1.15246341   0.78529152   0.61565488   1.24273743   2.08374105  -2.00969487
  0.63584962   0.42584008  -0.02977092   1.15212762   0.78539138   0.61541993   1.24236056   2.08373027  -2.01130088
  0.63715063   0.42579775  -0.02967327   1.15174564   0.78534237   0.61541126   1.24200608   2.08366854  -2.01261981
  0.63831293   0.42572219  -0.02940568   1.15132238   0.78539816   0.61543383   1.24190584   2.08360670  -2.01375169
  0.63985910   0.42562840  -0.02922951   1.15133561   0.78534065   0.61503492   1.24119778   2.08364286  -2.01553274
  0.64142024   0.42549067  -0.02915244   1.15070098   0.78539816   0.61510931   1.24081127   2.08360972  -2.01723773
  0.64363146   0.42258001  -0.03323037   1.14783545   0.78535033   0.61876390   1.23697960   2.08311627  -2.02069306
  0.64592696   0.42261739  -0.03223152   1.14774263   0.78495266   0.61813776   1.23697265   2.08256973  -2.02281074
  0.64616010   0.42253042  -0.03205271   1.14771338   0.78500835   0.61828874   1.23696787   2.08264595  -2.02279177
  0.64829817   0.42286112  -0.03143901   1.14733055   0.78504369   0.61751198   1.23679922   2.08249694  -2.02526067
  0.64941367   0.42295689  -0.03136380   1.14703578   0.78527632   0.61745612   1.23645778   2.08252696  -2.02634079
  0.65088191   0.42247694  -0.03200286   1.14628186   0.78539816   0.61796606   1.23538228   2.08256842  -2.02815139
  0.65257136   0.42237008  -0.03152978   1.14597588   0.78534261   0.61769167   1.23517256   2.08234679  -2.02992533
  0.65395746   0.42187386  -0.03234285   1.14516840   0.78539816   0.61836535   1.23403395   2.08229891  -2.03156984
  0.65567334   0.42177389  -0.03186297   1.14485214   0.78532290   0.61809483   1.23383216   2.08205238  -2.03335341
  0.65703315   0.42127415  -0.03266887   1.14406575   0.78539816   0.61875053   1.23269390   2.08201549  -2.03498791
  0.65875215   0.42118653  -0.03219100   1.14374373   0.78531348   0.61848820   1.23249761   2.08175657  -2.03675503
  0.66019765   0.42126057  -0.03208091   1.14338752   0.78537038   0.61838520   1.23211884   2.08159126  -2.03817833
  0.66153722   0.42124032  -0.03194784   1.14324108   0.78539816   0.61822888   1.23162174   2.08152159  -2.03951686
  0.66269046   0.42069893  -0.03248653   1.14237000   0.78539816   0.61886807   1.23083075   2.08165127  -2.04099747
  0.66430123   0.42033330  -0.03276306   1.14180655   0.78539816   0.61914006   1.23000997   2.08147307  -2.04277283
  0.66561059   0.41984426  -0.03315726   1.14114927   0.78539816   0.61956569   1.22921410   2.08143597  -2.04436244
  0.66759437   0.41966404  -0.03310187   1.14063227   0.78539816   0.61949748   1.22860144   2.08107690  -2.04651065
  0.66971755   0.41937481  -0.03256114   1.14022642   0.78529917   0.61913607   1.22819782   2.08093494  -2.04897774
  0.67016618   0.41956538  -0.03254837   1.14026871   0.78531155   0.61936001   1.22802972   2.08075181  -2.04876283
  0.67252434   0.41975221  -0.03207694   1.13964742   0.78513229   0.61894922   1.22774172   2.08047460  -2.05124755
  0.67473657   0.41670124  -0.03610537   1.13674068   0.78539816   0.62233502   1.22382430   2.08017238  -2.05526676
  0.67567053   0.41649574  -0.03595851   1.13657947   0.78534559   0.62236498   1.22355176   2.08001441  -2.05616842
  0.67743081   0.41652662  -0.03549271   1.13631711   0.78516729   0.62206166   1.22326085   2.07983991  -2.05790309
  0.67837021   0.41649732  -0.03564206   1.13588022   0.78536840   0.62223833   1.22287509   2.07979708  -2.05884176
  0.68050663   0.41643074  -0.03498139   1.13577424   0.78503391   0.62170834   1.22242121   2.07966226  -2.06106970
  0.68222575   0.41643618  -0.03454376   1.13535498   0.78527364   0.62133218   1.22220429   2.07955337  -2.06305267
  0.68262527   0.41656573  -0.03447819   1.13536246   0.78528920   0.62152766   1.22210368   2.07942270  -2.06290121
  0.68500202   0.41677723  -0.03382697   1.13500779   0.78513518   0.62087442   1.22178273   2.07919675  -2.06543529
  0.68625275   0.41685231  -0.03387093   1.13449550   0.78534064   0.62088998   1.22140303   2.07915558  -2.06676320
  0.68756210   0.41599891  -0.03475586   1.13352705   0.78539816   0.62175116   1.22018900   2.07919777  -2.06857815
  0.68946433   0.41592355  -0.03418537   1.13317395   0.78534680   0.62140740   1.22002019   2.07885409  -2.07055935
  0.69064279   0.41573142  -0.03450067   1.13274139   0.78539816   0.62164058   1.21926661   2.07886837  -2.07185021
  0.69229572   0.41568819  -0.03410548   1.13235967   0.78539816   0.62143413   1.21905504   2.07861380  -2.07354032
  0.69371456   0.41569286  -0.03400460   1.13217165   0.78539816   0.62123689   1.21851363   2.07851372  -2.07502873
  0.69529302   0.41552847  -0.03382080   1.13176216   0.78528549   0.62117319   1.21802887   2.07848902  -2.07674375
  0.69675538   0.41541015  -0.03389225   1.13134565   0.78531983   0.62121556   1.21741695   2.07836568  -2.07829720
  0.69804078   0.41504300  -0.03413003   1.13064350   0.78539816   0.62159361   1.21684198   2.07828887  -2.07976764
  0.69923679   0.41474215  -0.03456574   1.13009007   0.78539816   0.62207394   1.21607311   2.07812550  -2.08093236
  0.70180163   0.41469369  -0.03376149   1.12975137   0.78497046   0.62161917   1.21576646   2.07771791  -2.08342628
  0.70285052   0.41461479  -0.03399826   1.12934873   0.78528596   0.62161775   1.21516307   2.07777121  -2.08479520
  0.70428483   0.41452684  -0.03387895   1.12895784   0.78534336   0.62158455   1.21477949   2.07755273  -2.08626419
  0.70565779   0.41384455  -0.03457196   1.12805742   0.78539816   0.62230641   1.21374183   2.07749919  -2.08799642
  0.70724219   0.41370515  -0.03411508   1.12778690   0.78533906   0.62205409   1.21350532   2.07729298  -2.08967362
  0.70824863   0.41347877  -0.03463144   1.12724707   0.78539816   0.62251924   1.21272146   2.07725887  -2.09070135
  0.71011308   0.41339969  -0.03451870   1.12690573   0.78522671   0.62243501   1.21206124   2.07700986  -2.09253938
  0.71180839   0.41319218  -0.03398309   1.12652626   0.78518586   0.62210950   1.21185882   2.07689027  -2.09453385
  0.71339978   0.41317682  -0.03388731   1.12616216   0.78528514   0.62196254   1.21132308   2.07676731  -2.09624100
  0.71481359   0.41299949  -0.03376516   1.12569216   0.78539816   0.62188314   1.21092110   2.07669957  -2.09793292
  0.71620289   0.41290660  -0.03371119   1.12524683   0.78529789   0.62199375   1.21050006   2.07653548  -2.09924775
  0.71741904   0.41264342  -0.03403899   1.12472339   0.78539816   0.62235108   1.20977868   2.07644809  -2.10050376
  0.71905126   0.41224250  -0.03431292   1.12403942   0.78539644   0.62265782   1.20899686   2.07622656  -2.10235871
  0.72079756   0.41219780  -0.03376025   1.12371672   0.78528467   0.62235356   1.20884018   2.07595341  -2.10413008
  0.72218456   0.41229562  -0.03358238   1.12345340   0.78536092   0.62216635   1.20847451   2.07579693  -2.10549898
  0.72358513   0.41237216  -0.03332610   1.12319693   0.78539816   0.62200959   1.20816542   2.07563773  -2.10680300
  0.72491325   0.41214617  -0.03341290   1.12263371   0.78539816   0.62218575   1.20759817   2.07568333  -2.10830447
  0.72618373   0.41185214  -0.03348336   1.12226425   0.78539816   0.62227458   1.20696782   2.07565318  -2.10977392
  0.72769145   0.41161614  -0.03350978   1.12178560   0.78539816   0.62237421   1.20636699   2.07552691  -2.11140568
  0.72953177   0.41160348  -0.03287282   1.12138750   0.78525630   0.62212607   1.20630205   2.07522070  -2.11314448
  0.73120396   0.41166975  -0.03264874   1.12121469   0.78532065   0.62167781   1.20574138   2.07509853  -2.11506434
  0.73231353   0.41162125  -0.03254175   1.12069150   0.78538121   0.62177442   1.20556215   2.07501280  -2.11618097
  0.73374912   0.41150840  -0.03262059   1.12027566   0.78539816   0.62189684   1.20493524   2.07489289  -2.11758839
  0.73508087   0.41130025  -0.03264109   1.11985336   0.78539816   0.62199723   1.20439823   2.07479408  -2.11900907
  0.73681381   0.41130442  -0.03213587   1.11969041   0.78529352   0.62160457   1.20409769   2.07454272  -2.12076025
  0.73813220   0.41124706  -0.03184717   1.11937171   0.78533685   0.62144733   1.20381778   2.07451537  -2.12217734
  0.73960175   0.41092419  -0.03233431   1.11867423   0.78539816   0.62184496   1.20288614   2.07442361  -2.12384435
  0.74126386   0.41086242  -0.03179964   1.11837591   0.78533838   0.62154169   1.20272542   2.07416888  -2.12555528
  0.74230175   0.41073109  -0.03211367   1.11794644   0.78533449   0.62185613   1.20206191   2.07413587  -2.12653557
  0.74436507   0.41067318  -0.03136069   1.11772090   0.78502693   0.62136311   1.20182698   2.07390021  -2.12866961
  0.74554624   0.41067968  -0.03113323   1.11726988   0.78526485   0.62127592   1.20167689   2.07385273  -2.12994784
  0.74686240   0.41063565  -0.03122618   1.11706026   0.78536356   0.62119454   1.20096722   2.07379068  -2.13135586
  0.74811326   0.41045724  -0.03132772   1.11658154   0.78539816   0.62138089   1.20044021   2.07368261  -2.13264124
  0.75043001   0.41051942  -0.03050582   1.11612632   0.78508684   0.62093851   1.20037813   2.07326323  -2.13489400
  0.75150176   0.41043410  -0.03049614   1.11596078   0.78525366   0.62069528   1.19979548   2.07340483  -2.13633749
  0.75285869   0.41039360  -0.03031072   1.11566326   0.78526734   0.62062971   1.19943015   2.07324008  -2.13764330
  0.75405488   0.41026221  -0.03041169   1.11522134   0.78538250   0.62083761   1.19891126   2.07315360  -2.13878421
  0.75561372   0.41003789  -0.03045947   1.11468958   0.78538672   0.62093685   1.19831423   2.07295929  -2.14047490
  0.75730597   0.41005748  -0.02985002   1.11439935   0.78528676   0.62058804   1.19822515   2.07269195  -2.14215146
  0.75869822   0.41018195  -0.02955895   1.11422298   0.78534756   0.62029382   1.19789772   2.07256068  -2.14352913
  0.76024066   0.41019302  -0.02916263   1.11389124   0.78535460   0.62000418   1.19763059   2.07249647  -2.14519908
  0.76137991   0.41029036  -0.02897537   1.11365408   0.78538387   0.61993964   1.19738084   2.07235160  -2.14615981
  0.76294816   0.41039438  -0.02856664   1.11357888   0.78539816   0.61954663   1.19700418   2.07219423  -2.14769269
  0.76422348   0.41043840  -0.02822620   1.11315480   0.78539816   0.61945498   1.19691286   2.07210381  -2.14892200
  0.76570144   0.41040210  -0.02783688   1.11326436   0.78535426   0.61893191   1.19634249   2.07212770  -2.15061026
  0.76721473   0.41058081  -0.02760282   1.11282552   0.78539816   0.61888181   1.19609945   2.07191380  -2.15188595
  0.76743175   0.41038925  -0.02733120   1.11269104   0.78539816   0.61905235   1.19621042   2.07204701  -2.15196230
  0.76943776   0.41054186  -0.02709892   1.11214544   0.78522797   0.61875525   1.19571532   2.07191565  -2.15411765
  0.77135823   0.41048983  -0.02637032   1.11189797   0.78522380   0.61828082   1.19553186   2.07172278  -2.15614127
  0.77174653   0.41060507  -0.02630875   1.11197204   0.78524559   0.61838861   1.19537657   2.07161798  -2.15606926
  0.77371528   0.41070977  -0.02608638   1.11136961   0.78509720   0.61822771   1.19487744   2.07157166  -2.15810230
  0.77507067   0.41055909  -0.02611493   1.11083020   0.78515960   0.61829150   1.19439134   2.07150010  -2.15962921
  0.77742235   0.41061292  -0.02517862   1.11083148   0.78499214   0.61760846   1.19410297   2.07110472  -2.16185746
  0.77858842   0.41073081  -0.02499158   1.11043678   0.78517405   0.61742007   1.19393412   2.07100567  -2.16313261
  0.77858842   0.41073081  -0.02499158   1.11043678   0.78517405   0.61742007   1.19393412   2.07100567  -2.16313261
  0.78071545   0.41072650  -0.02452966   1.11001194   0.78514998   0.61716486   1.19338065   2.07107395  -2.16528528
  0.78249858   0.41067729  -0.02419986   1.10966536   0.78511185   0.61689902   1.19293758   2.07090556  -2.16718217
  0.78346235   0.41059258  -0.02435836   1.10921591   0.78530339   0.61708302   1.19251818   2.07080943  -2.16815254
  0.78565415   0.41051826  -0.02361776   1.10919822   0.78494725   0.61646344   1.19202882   2.07061267  -2.17043958
  0.78725732   0.41067910  -0.02320148   1.10886037   0.78519163   0.61610373   1.19186332   2.07036074  -2.17207218
  0.78754177   0.41062539  -0.02300696   1.10876685   0.78521745   0.61627973   1.19191302   2.07038109  -2.17205336
  0.78993456   0.41089924  -0.02210033   1.10840531   0.78509885   0.61540347   1.19184391   2.07007618  -2.17471776
  0.79127381   0.41105485  -0.02188546   1.10803694   0.78530416   0.61515291   1.19154640   2.07008831  -2.17617375
  0.79230549   0.41097906  -0.02186373   1.10789943   0.78538289   0.61518075   1.19102773   2.07007055  -2.17709988
  0.79395241   0.41108522  -0.02126768   1.10758112   0.78534262   0.61483376   1.19099566   2.06978433  -2.17867592
  0.79531542   0.41113066  -0.02087542   1.10757035   0.78534352   0.61441801   1.19060861   2.06976212  -2.18011829
  0.79670147   0.41123855  -0.02044103   1.10712846   0.78538621   0.61422351   1.19059143   2.06962379  -2.18147416
  0.79711284   0.41126730  -0.02030690   1.10732585   0.78538770   0.61434270   1.19034910   2.06960867  -2.18136556
  0.79914463   0.41143569  -0.01977943   1.10687495   0.78516999   0.61385047   1.19002784   2.06957943  -2.18359821
  0.80119077   0.41160650  -0.01899761   1.10651391   0.78506755   0.61330769   1.19001799   2.06922937  -2.18563873
  0.80196096   0.41152776  -0.01912232   1.10640799   0.78518291   0.61339911   1.18942648   2.06936244  -2.18635180
  0.80326362   0.41156129  -0.01887725   1.10589547   0.78513645   0.61333633   1.18929109   2.06923530  -2.18766633
  0.80499619   0.41168733  -0.01835721   1.10574004   0.78525999   0.61286830   1.18902243   2.06897718  -2.18939076
  0.80584869   0.41152888  -0.01821812   1.10560882   0.78516182   0.61285550   1.18863096   2.06912993  -2.19027869
  0.80769414   0.41171190  -0.01764273   1.10536880   0.78512359   0.61237902   1.18842472   2.06886135  -2.19208555
  0.80941022   0.41184956  -0.01689855   1.10514506   0.78509986   0.61187318   1.18843476   2.06860281  -2.19377677
  0.81069633   0.41205999  -0.01651710   1.10511127   0.78520630   0.61144310   1.18817515   2.06849841  -2.19503483
  0.81141387   0.41205247  -0.01647412   1.10484184   0.78532712   0.61157121   1.18791273   2.06861114  -2.19561690
  0.81286129   0.41219263  -0.01606145   1.10457971   0.78516667   0.61124464   1.18771645   2.06850639  -2.19706587
  0.81478534   0.41217425  -0.01504324   1.10452661   0.78505884   0.61056112   1.18768458   2.06833826  -2.19907059
  0.81586657   0.41245929  -0.01493820   1.10434168   0.78515439   0.61040635   1.18737710   2.06825592  -2.19995389
  0.81764557   0.41261884  -0.01411924   1.10415033   0.78504772   0.60985901   1.18740524   2.06800422  -2.20167278
  0.81890276   0.41280677  -0.01365783   1.10404074   0.78519882   0.60944195   1.18726841   2.06794147  -2.20293342
  0.82020818   0.41298137  -0.01315188   1.10392172   0.78529197   0.60903156   1.18715836   2.06785442  -2.20421155
  0.82155338   0.41317888  -0.01264092   1.10381364   0.78533892   0.60861486   1.18703531   2.06775015  -2.20549433
  0.82282644   0.41330036  -0.01210106   1.10369508   0.78537872   0.60822410   1.18694094   2.06771683  -2.20675946
  0.82387025   0.41346288  -0.01187552   1.10360615   0.78530531   0.60806426   1.18663309   2.06774316  -2.20761782
  0.82616993   0.41359786  -0.01072782   1.10341084   0.78497951   0.60727834   1.18667147   2.06750759  -2.20995425
  0.82657838   0.41369958  -0.01061236   1.10348364   0.78503184   0.60748448   1.18653641   2.06742852  -2.20973613
  0.82843854   0.41404642  -0.00984806   1.10338058   0.78492605   0.60661815   1.18642717   2.06728409  -2.21181329
  0.82955102   0.41426265  -0.00941919   1.10316975   0.78508584   0.60634583   1.18640538   2.06724334  -2.21281725
  0.83099694   0.41444810  -0.00877134   1.10300208   0.78507888   0.60588351   1.18638497   2.06716459  -2.21423632
  0.83238777   0.41472596  -0.00823783   1.10284331   0.78520626   0.60542404   1.18632857   2.06702604  -2.21556424
  0.83339011   0.41490060  -0.00793528   1.10267674   0.78528464   0.60524286   1.18617515   2.06705872  -2.21643075
  0.83474752   0.41509547  -0.00739862   1.10294756   0.78513410   0.60465360   1.18585718   2.06687435  -2.21766277
  0.83602044   0.41522758  -0.00680988   1.10257162   0.78520607   0.60436037   1.18593425   2.06696041  -2.21896826
  0.83785874   0.41548674  -0.00593903   1.10236696   0.78515670   0.60374871   1.18603638   2.06666177  -2.22070960
  0.83921770   0.41565003  -0.00533924   1.10242160   0.78526345   0.60305866   1.18581116   2.06675422  -2.22231857
  0.84011202   0.41588069  -0.00499331   1.10215184   0.78535368   0.60305118   1.18592182   2.06658051  -2.22279862
  0.84142066   0.41600470  -0.00438457   1.10240027   0.78530302   0.60242144   1.18563964   2.06655432  -2.22413399
  0.84285688   0.41624031  -0.00365703   1.10206671   0.78531695   0.60202201   1.18584007   2.06643776  -2.22548157
  0.84448708   0.41657725  -0.00297683   1.10210576   0.78533982   0.60135786   1.18566501   2.06633138  -2.22702978
  0.84483950   0.41662763  -0.00283933   1.10218947   0.78534711   0.60149186   1.18554994   2.06629761  -2.22691241
  0.84663230   0.41707562  -0.00207985   1.10200704   0.78518828   0.60075540   1.18551504   2.06624414  -2.22873443
  0.84826584   0.41726446  -0.00122696   1.10194143   0.78509796   0.60018883   1.18555357   2.06608644  -2.23024942
  0.84962144   0.41755009  -0.00058749   1.10177318   0.78515426   0.59971967   1.18562324   2.06597047  -2.23151503
  0.85096173   0.41779082   0.00003685   1.10186144   0.78520923   0.59910929   1.18547729   2.06594127  -2.23285509
  0.85223559   0.41800730   0.00071703   1.10167350   0.78534778   0.59860447   1.18559696   2.06591695  -2.23418899
  0.85267439   0.41811719   0.00083472   1.10185991   0.78535408   0.59872984   1.18537488   2.06584031  -2.23401981
  0.85420151   0.41854566   0.00156625   1.10160871   0.78513760   0.59815275   1.18545920   2.06590467  -2.23551117
  0.85557055   0.41887512   0.00222427   1.10148514   0.78506638   0.59770199   1.18550912   2.06581516  -2.23668324
  0.85764384   0.41907730   0.00335623   1.10167292   0.78494334   0.59670385   1.18546850   2.06552651  -2.23880784
  0.85876413   0.41934947   0.00398035   1.10151582   0.78509888   0.59622843   1.18561277   2.06551719  -2.23994051
  0.85917581   0.41941446   0.00413751   1.10167576   0.78513629   0.59635343   1.18543715   2.06547665  -2.23979939
  0.86119855   0.41983407   0.00526214   1.10185817   0.78496835   0.59514909   1.18547192   2.06524150  -2.24202669
  0.86247171   0.42033960   0.00604418   1.10190137   0.78503151   0.59451885   1.18564044   2.06516474  -2.24306024
  0.86269170   0.42023875   0.00631591   1.10181117   0.78507734   0.59467616   1.18576710   2.06524240  -2.24303074
  0.86413938   0.42119825   0.00787187   1.10222904   0.78472757   0.59341099   1.18648693   2.06516046  -2.24409544
  0.86413938   0.42119825   0.00787187   1.10222904   0.78472757   0.59341099   1.18648693   2.06516046  -2.24409544
  0.86646277   0.42173039   0.00986169   1.10259897   0.78455333   0.59196583   1.18719828   2.06468349  -2.24619559
  0.86667603   0.42187380   0.00991474   1.10281736   0.78461354   0.59198458   1.18703555   2.06462240  -2.24599898
  0.86670514   0.42726321   0.01763504   1.10690959   0.78217114   0.58687171   1.19297295   2.06580320  -2.24254027
  0.86670514   0.42726321   0.01763504   1.10690959   0.78217114   0.58687171   1.19297295   2.06580320  -2.24254027
  0.86796805   0.42783992   0.01899715   1.10737109   0.78243745   0.58566554   1.19371177   2.06516722  -2.24365799
  0.86804293   0.42777018   0.01917357   1.10760116   0.78246507   0.58567148   1.19362341   2.06527786  -2.24353528
  0.86722719   0.43555194   0.03028258   1.11379931   0.77848655   0.57869799   1.20250927   2.06666613  -2.23727084
  0.86722719   0.43555194   0.03028258   1.11379931   0.77848655   0.57869799   1.20250927   2.06666613  -2.23727084
  0.86722719   0.43555194   0.03028258   1.11379931   0.77848655   0.57869799   1.20250927   2.06666613  -2.23727084
  0.86697335   0.44288597   0.04124452   1.11999302   0.77487515   0.57189069   1.21107839   2.06737018  -2.23177007
  0.86697335   0.44288597   0.04124452   1.11999302   0.77487515   0.57189069   1.21107839   2.06737018  -2.23177007
  0.86644105   0.44724417   0.04804401   1.12406584   0.77243299   0.56782692   1.21647467   2.06756583  -2.22795346
  0.86644105   0.44724417   0.04804401   1.12406584   0.77243299   0.56782692   1.21647467   2.06756583  -2.22795346
  0.86543248   0.45347962   0.05712553   1.12949925   0.76897163   0.56247481   1.22377573   2.06822864  -2.22241425
  0.86543248   0.45347962   0.05712553   1.12949925   0.76897163   0.56247481   1.22377573   2.06822864  -2.22241425
  0.86543248   0.45347962   0.05712553   1.12949925   0.76897163   0.56247481   1.22377573   2.06822864  -2.22241425
  0.86405961   0.46269639   0.07011515   1.13710149   0.76408693   0.55493592   1.23422645   2.06944442  -2.21459164
  0.86405961   0.46269639   0.07011515   1.13710149   0.76408693   0.55493592   1.23422645   2.06944442  -2.21459164
  0.86405961   0.46269639   0.07011515   1.13710149   0.76408693   0.55493592   1.23422645   2.06944442  -2.21459164
  0.86265222   0.47128788   0.08262301   1.14470161   0.75932162   0.54784331   1.24432675   2.06978887  -2.20699561
  0.86265222   0.47128788   0.08262301   1.14470161   0.75932162   0.54784331   1.24432675   2.06978887  -2.20699561
  0.86265222   0.47128788   0.08262301   1.14470161   0.75932162   0.54784331   1.24432675   2.06978887  -2.20699561
  0.86128858   0.47987246   0.09456317   1.15193351   0.75472719   0.54111752   1.25385786   2.07060093  -2.19979650
  0.86128858   0.47987246   0.09456317   1.15193351   0.75472719   0.54111752   1.25385786   2.07060093  -2.19979650
  0.86128858   0.47987246   0.09456317   1.15193351   0.75472719   0.54111752   1.25385786   2.07060093  -2.19979650
  0.85974070   0.48924896   0.10799497   1.16011011   0.74960062   0.53376741   1.26470092   2.07078102  -2.19174354
  0.85974070   0.48924896   0.10799497   1.16011011   0.74960062   0.53376741   1.26470092   2.07078102  -2.19174354
  0.85974070   0.48924896   0.10799497   1.16011011   0.74960062   0.53376741   1.26470092   2.07078102  -2.19174354
  0.85830173   0.49772523   0.12015205   1.16767062   0.74492791   0.52721657   1.27445323   2.07066066  -2.18448126
  0.85830173   0.49772523   0.12015205   1.16767062   0.74492791   0.52721657   1.27445323   2.07066066  -2.18448126
  0.85830173   0.49772523   0.12015205   1.16767062   0.74492791   0.52721657   1.27445323   2.07066066  -2.18448126
  0.85685416   0.50713012   0.13276236   1.17540371   0.74006360   0.52043758   1.28448854   2.07112357  -2.17697738
  0.85685416   0.50713012   0.13276236   1.17540371   0.74006360   0.52043758   1.28448854   2.07112357  -2.17697738
  0.85685416   0.50713012   0.13276236   1.17540371   0.74006360   0.52043758   1.28448854   2.07112357  -2.17697738
  0.85535762   0.51605502   0.14538478   1.18338828   0.73521812   0.51387280   1.29454477   2.07062597  -2.16948275
  0.85535762   0.51605502   0.14538478   1.18338828   0.73521812   0.51387280   1.29454477   2.07062597  -2.16948275
  0.85535762   0.51605502   0.14538478   1.18338828   0.73521812   0.51387280   1.29454477   2.07062597  -2.16948275
  0.85411874   0.52359878   0.15649927   1.19054750   0.73073749   0.50787635   1.30354079   2.06982772  -2.16266534
  0.85411874   0.52359878   0.15649927   1.19054750   0.73073749   0.50787635   1.30354079   2.06982772  -2.16266534
  0.85399154   0.52359878   0.15654342   1.19086584   0.73047692   0.50760894   1.30349382   2.06987782  -2.16262710
  0.86788117   0.52359878   0.16259028   1.19047620   0.71837548   0.48269800   1.31989380   2.07490242  -2.13956033
  0.86788117   0.52359878   0.16259028   1.19047620   0.71837548   0.48269800   1.31989380   2.07490242  -2.13956033
  0.86788117   0.52359878   0.16259028   1.19047620   0.71837548   0.48269800   1.31989380   2.07490242  -2.13956033
  0.88035312   0.52359878   0.16819958   1.19055578   0.70734532   0.46018769   1.33474597   2.07907664  -2.11855308
  0.88035312   0.52359878   0.16819958   1.19055578   0.70734532   0.46018769   1.33474597   2.07907664  -2.11855308
  0.88035312   0.52359878   0.16819958   1.19055578   0.70734532   0.46018769   1.33474597   2.07907664  -2.11855308
  0.87990557   0.52359878   0.17110453   1.19336199   0.70580239   0.45845760   1.33754646   2.07613899  -2.11636553
  0.87990557   0.52359878   0.17110453   1.19336199   0.70580239   0.45845760   1.33754646   2.07613899  -2.11636553
  0.90195804   0.52359878   0.17842188   1.19141481   0.68763444   0.42059808   1.36156824   2.08431918  -2.08141579
  0.90195804   0.52359878   0.17842188   1.19141481   0.68763444   0.42059808   1.36156824   2.08431918  -2.08141579
  0.90189251   0.52359878   0.17978322   1.19293419   0.68678236   0.41959962   1.36301199   2.08251939  -2.08007598
  0.91626309   0.52359878   0.18494047   1.19190007   0.67477585   0.39463617   1.37935356   2.08736688  -2.05686886
  0.91626309   0.52359878   0.18494047   1.19190007   0.67477585   0.39463617   1.37935356   2.08736688  -2.05686886
  0.91626309   0.52359878   0.18494047   1.19190007   0.67477585   0.39463617   1.37935356   2.08736688  -2.05686886
  0.91592033   0.52359878   0.18722182   1.19439773   0.67351462   0.39324826   1.38159220   2.08494871  -2.05509156
  0.91592033   0.52359878   0.18722182   1.19439773   0.67351462   0.39324826   1.38159220   2.08494871  -2.05509156
  0.94243643   0.52359878   0.19544166   1.19213837   0.65202896   0.34840821   1.41126337   2.09227994  -2.01278282
  0.94243643   0.52359878   0.19544166   1.19213837   0.65202896   0.34840821   1.41126337   2.09227994  -2.01278282
  0.94243643   0.52359878   0.19544166   1.19213837   0.65202896   0.34840821   1.41126337   2.09227994  -2.01278282
  0.94195657   0.52359878   0.19759788   1.19482691   0.65101535   0.34743429   1.41317782   2.08957889  -2.01154550
  0.94195657   0.52359878   0.19759788   1.19482691   0.65101535   0.34743429   1.41317782   2.08957889  -2.01154550
  0.96734571   0.52359878   0.20518909   1.19323623   0.63051953   0.30454314   1.44177990   2.09439510  -1.97098435
  0.96734571   0.52359878   0.20518909   1.19323623   0.63051953   0.30454314   1.44177990   2.09439510  -1.97098435
  0.96712284   0.52355279   0.20541846   1.19354140   0.63035236   0.30440825   1.44191583   2.09439510  -1.97101865
  0.96712284   0.52355279   0.20541846   1.19354140   0.63035236   0.30440825   1.44191583   2.09439510  -1.97101865
  0.96712284   0.52355279   0.20541846   1.19354140   0.63035236   0.30440825   1.44191583   2.09439510  -1.97101865
  0.99022959   0.52359878   0.21535254   1.19490263   0.61024282   0.26306965   1.47065548   2.09439510  -1.93132069
  0.99022959   0.52359878   0.21535254   1.19490263   0.61024282   0.26306965   1.47065548   2.09439510  -1.93132069
  0.99022959   0.52359878   0.21535254   1.19490263   0.61024282   0.26306965   1.47065548   2.09439510  -1.93132069
  0.99022959   0.52359878   0.21535254   1.19490263   0.61024282   0.26306965   1.47065548   2.09439510  -1.93132069
  1.01959787   0.52359878   0.22916259   1.19318419   0.58510408   0.20837541   1.50365197   2.09439510  -1.88079438
  1.01959787   0.52359878   0.22916259   1.19318419   0.58510408   0.20837541   1.50365197   2.09439510  -1.88079438
  1.01959787   0.52359878   0.22916259   1.19318419   0.58510408   0.20837541   1.50365197   2.09439510  -1.88079438
  1.01959787   0.52359878   0.22916259   1.19318419   0.58510408   0.20837541   1.50365197   2.09439510  -1.88079438
  1.01943180   0.52359878   0.22984859   1.19357663   0.58422484   0.20724064   1.50438417   2.09439510  -1.87891184
  1.01943180   0.52359878   0.22984859   1.19357663   0.58422484   0.20724064   1.50438417   2.09439510  -1.87891184
  1.17545110   0.52359878   0.28963009   1.16331748   0.45986660  -0.07238498   1.66508746   2.09439510  -1.62250041
  1.17545110   0.52359878   0.28963009   1.16331748   0.45986660  -0.07238498   1.66508746   2.09439510  -1.62250041
  1.17545110   0.52359878   0.28963009   1.16331748   0.45986660  -0.07238498   1.66508746   2.09439510  -1.62250041
  1.17469190   0.52359878   0.28993887   1.16422252   0.45977037  -0.07184065   1.66533729   2.09432352  -1.62198137
  1.17455629   0.52359878   0.28984407   1.16415770   0.45966290  -0.07191728   1.66534693   2.09422717  -1.62206466
  1.17455629   0.52359878   0.28984407   1.16415770   0.45966290  -0.07191728   1.66534693   2.09422717  -1.62206466
  1.17385743   0.52359878   0.29025087   1.16637088   0.45966821  -0.07119483   1.66494990   2.09184750  -1.62296437
  1.17246681   0.52359878   0.29050475   1.16767031   0.45947916  -0.07015417   1.66498556   2.09065630  -1.62245266
  1.17246681   0.52359878   0.29050475   1.16767031   0.45947916  -0.07015417   1.66498556   2.09065630  -1.62245266
  1.17163565   0.52359878   0.29092565   1.16964135   0.45975567  -0.06898666   1.66439590   2.08882295  -1.62401643
  1.17163565   0.52359878   0.29092565   1.16964135   0.45975567  -0.06898666   1.66439590   2.08882295  -1.62401643
  1.17068732   0.52359878   0.29116033   1.17160047   0.45981195  -0.06791292   1.66379070   2.08675908  -1.62484386
  1.16933763   0.52359878   0.29139868   1.17297398   0.45999397  -0.06635356   1.66330574   2.08530597  -1.62544548
  1.16920486   0.52359878   0.29143301   1.17319132   0.45989958  -0.06643793   1.66338705   2.08552170  -1.62564662
  1.16920486   0.52359878   0.29143301   1.17319132   0.45989958  -0.06643793   1.66338705   2.08552170  -1.62564662
  1.13306769   0.52359878   0.28464410   1.18074540   0.48206960   0.00062870   1.62273798   2.08619623  -1.68599304
  1.13306769   0.52359878   0.28464410   1.18074540   0.48206960   0.00062870   1.62273798   2.08619623  -1.68599304
  1.13290281   0.52359878   0.28468470   1.18128128   0.48190068   0.00054865   1.62274218   2.08629106  -1.68599049
  1.13212930   0.52359878   0.28537986   1.18349422   0.48149115   0.00087858   1.62319366   2.08361060  -1.68546191
  1.13212930   0.52359878   0.28537986   1.18349422   0.48149115   0.00087858   1.62319366   2.08361060  -1.68546191
  1.13212930   0.52359878   0.28537986   1.18349422   0.48149115   0.00087858   1.62319366   2.08361060  -1.68546191
  1.13172993   0.52359878   0.28623697   1.18589379   0.48102351   0.00087094   1.62385439   2.08111124  -1.68548398
  1.13172993   0.52359878   0.28623697   1.18589379   0.48102351   0.00087094   1.62385439   2.08111124  -1.68548398
  1.13172993   0.52359878   0.28623697   1.18589379   0.48102351   0.00087094   1.62385439   2.08111124  -1.68548398
  1.13072850   0.52359878   0.28713995   1.18871619   0.48045097   0.00117569   1.62450066   2.07836272  -1.68495347
  1.13072850   0.52359878   0.28713995   1.18871619   0.48045097   0.00117569   1.62450066   2.07836272  -1.68495347
  1.13072850   0.52359878   0.28713995   1.18871619   0.48045097   0.00117569   1.62450066   2.07836272  -1.68495347
  1.13036059   0.52359878   0.28790478   1.19147986   0.47995321   0.00111607   1.62488413   2.07531554  -1.68493931
  1.13036059   0.52359878   0.28790478   1.19147986   0.47995321   0.00111607   1.62488413   2.07531554  -1.68493931
  1.13036059   0.52359878   0.28790478   1.19147986   0.47995321   0.00111607   1.62488413   2.07531554  -1.68493931
  1.12941820   0.52359878   0.28870886   1.19367122   0.47940862   0.00139650   1.62563672   2.07293632  -1.68447935
  1.12947156   0.52359878   0.28862195   1.19410619   0.47928195   0.00126540   1.62545342   2.07303577  -1.68449485
  1.12929612   0.52359878   0.28921006   1.19561211   0.47897176   0.00123091   1.62594569   2.07121615  -1.68455966
  1.12929612   0.52359878   0.28921006   1.19561211   0.47897176   0.00123091   1.62594569   2.07121615  -1.68455966
  1.12901595   0.52359878   0.28970344   1.19693470   0.47858907   0.00135700   1.62646698   2.06925272  -1.68428885
  1.12899153   0.52359878   0.28969790   1.19728759   0.47849994   0.00130104   1.62639537   2.06944664  -1.68426349
  1.12842640   0.52359878   0.29013358   1.19873458   0.47803770   0.00143058   1.62686308   2.06780415  -1.68391992
  1.12842640   0.52359878   0.29013358   1.19873458   0.47803770   0.00143058   1.62686308   2.06780415  -1.68391992
  1.12842640   0.52359878   0.29013358   1.19873458   0.47803770   0.00143058   1.62686308   2.06780415  -1.68391992
  1.12826652   0.52359878   0.29090355   1.20111023   0.47750933   0.00140660   1.62744869   2.06560837  -1.68377491
  1.12826652   0.52359878   0.29090355   1.20111023   0.47750933   0.00140660   1.62744869   2.06560837  -1.68377491
  1.12797555   0.52359878   0.29140878   1.20290548   0.47694907   0.00142595   1.62795679   2.06362100  -1.68348601
  1.12797555   0.52359878   0.29140878   1.20290548   0.47694907   0.00142595   1.62795679   2.06362100  -1.68348601
  1.12694256   0.52359878   0.29179827   1.20460860   0.47633547   0.00186828   1.62840047   2.06218386  -1.68247304
  1.12694256   0.52359878   0.29179827   1.20460860   0.47633547   0.00186828   1.62840047   2.06218386  -1.68247304
  1.12694256   0.52359878   0.29179827   1.20460860   0.47633547   0.00186828   1.62840047   2.06218386  -1.68247304
  1.12666235   0.52359878   0.29233795   1.20614617   0.47575638   0.00176105   1.62908842   2.06020642  -1.68238618
  1.12598716   0.52359878   0.29234670   1.20675694   0.47544293   0.00229661   1.62916361   2.05949387  -1.68124378
  1.12577005   0.52359878   0.29225351   1.20680241   0.47524793   0.00214654   1.62922445   2.05950330  -1.68136387
  1.12454253   0.52359878   0.29262734   1.20799246   0.47471542   0.00281641   1.62978789   2.05834367  -1.68001598
  1.12454253   0.52359878   0.29262734   1.20799246   0.47471542   0.00281641   1.62978789   2.05834367  -1.68001598
  1.12327648   0.52359878   0.29261042   1.20892336   0.47402650   0.00329721   1.63008913   2.05733744  -1.67867984
  1.12327648   0.52359878   0.29261042   1.20892336   0.47402650   0.00329721   1.63008913   2.05733744  -1.67867984
  1.12207514   0.52359878   0.29261076   1.20949564   0.47346922   0.00372811   1.63043418   2.05699878  -1.67754247
  1.12207514   0.52359878   0.29261076   1.20949564   0.47346922   0.00372811   1.63043418   2.05699878  -1.67754247
  1.12037482   0.52359878   0.29255492   1.21023255   0.47270847   0.00439769   1.63084543   2.05654702  -1.67571549
  1.12023172   0.52359878   0.29244397   1.21016127   0.47259208   0.00433217   1.63084884   2.05646218  -1.67572798
  1.11903987   0.52359878   0.29242182   1.21028341   0.47210770   0.00482365   1.63128812   2.05602117  -1.67427856
  1.11743580   0.52359878   0.29208857   1.21037212   0.47152789   0.00561575   1.63140872   2.05596208  -1.67225611
  1.11728899   0.52359878   0.29200349   1.21043045   0.47139010   0.00551489   1.63141206   2.05601931  -1.67229959
  1.11605651   0.52359878   0.29180440   1.21054774   0.47091709   0.00599228   1.63159216   2.05599367  -1.67067431
  1.11540283   0.52359878   0.29161486   1.21072945   0.47054737   0.00600255   1.63164438   2.05611868  -1.66972255
  1.11402286   0.52359878   0.29158747   1.21053692   0.47013245   0.00641375   1.63214317   2.05618276  -1.66798623
  1.11260545   0.52359878   0.29123336   1.21042033   0.46968302   0.00706003   1.63218648   2.05618941  -1.66621851
  1.11240001   0.52359878   0.29117298   1.21041471   0.46953499   0.00695384   1.63226483   2.05623062  -1.66629480
  1.11110221   0.52359878   0.29095908   1.21052283   0.46912556   0.00734825   1.63235870   2.05644775  -1.66460683
  1.10979836   0.52359878   0.29097067   1.21033404   0.46883340   0.00757829   1.63277724   2.05652099  -1.66300947
  1.10905114   0.52359878   0.29088256   1.21044669   0.46858652   0.00753849   1.63286921   2.05670898  -1.66209605
  1.10775019   0.52359878   0.29073697   1.21020034   0.46830945   0.00778167   1.63307773   2.05664300  -1.66042540
  1.10709239   0.52359878   0.29073471   1.21029607   0.46813720   0.00763196   1.63321700   2.05682824  -1.65968579
  1.10574237   0.52359878   0.29057030   1.21012855   0.46784111   0.00798005   1.63338291   2.05683052  -1.65808297
  1.10425691   0.52359878   0.29035388   1.21004469   0.46745001   0.00854899   1.63354098   2.05692937  -1.65647666
  1.10352626   0.52359878   0.29000441   1.21003829   0.46716737   0.00873090   1.63335984   2.05689100  -1.65559741
  1.10239379   0.52359878   0.29011498   1.20992860   0.46703653   0.00892955   1.63370633   2.05699320  -1.65438376
  1.10091750   0.52359878   0.29000903   1.20990501   0.46682151   0.00906670   1.63380084   2.05711396  -1.65254640
  1.09973979   0.52359878   0.28983190   1.20986473   0.46652701   0.00942931   1.63388949   2.05719805  -1.65128873
  1.09862621   0.52359878   0.28975109   1.20980454   0.46628252   0.00974632   1.63406822   2.05728724  -1.65017148
  1.09802923   0.52359878   0.28948155   1.20985173   0.46605582   0.00984510   1.63391405   2.05730089  -1.64949319
  1.09627945   0.52359878   0.28943577   1.20980646   0.46569614   0.01049276   1.63425948   2.05751665  -1.64773436
  1.09576831   0.52359878   0.28917122   1.20962247   0.46554675   0.01058740   1.63413422   2.05730677  -1.64712885
  1.09466422   0.52359878   0.28930034   1.20971291   0.46545715   0.01051992   1.63437108   2.05753935  -1.64606530
  1.09294990   0.52359878   0.28909297   1.20961388   0.46508354   0.01114859   1.63452953   2.05763589  -1.64423614
  1.09189117   0.52359878   0.28891073   1.20955552   0.46487732   0.01140589   1.63452351   2.05763336  -1.64304324
  1.09112494   0.52359878   0.28879632   1.20951814   0.46483797   0.01123258   1.63442226   2.05758080  -1.64213356
  1.08974189   0.52359878   0.28878172   1.20963476   0.46466151   0.01141715   1.63453924   2.05783478  -1.64065365
  1.08822396   0.52359878   0.28868715   1.20949451   0.46439430   0.01189715   1.63475923   2.05789712  -1.63910989
  1.08719717   0.52359878   0.28845541   1.20942737   0.46419393   0.01213211   1.63468136   2.05784924  -1.63792632
  1.08591360   0.52359878   0.28843752   1.20943663   0.46400280   0.01238383   1.63485868   2.05799989  -1.63665862
  1.08481652   0.52359878   0.28838970   1.20934574   0.46383492   0.01261737   1.63501457   2.05803674  -1.63559434
  1.08418586   0.52359878   0.28813533   1.20950364   0.46362105   0.01268672   1.63481700   2.05813474  -1.63487196
  1.08259675   0.52359878   0.28829172   1.20932968   0.46368939   0.01260364   1.63504036   2.05813291  -1.63323269
  1.08168128   0.52359878   0.28834219   1.20946793   0.46370426   0.01232477   1.63503077   2.05831843  -1.63231313
  1.08017093   0.52359878   0.28803611   1.20922844   0.46339361   0.01285555   1.63504646   2.05819760  -1.63066186
  1.07903352   0.52359878   0.28813685   1.20923321   0.46320486   0.01315012   1.63538995   2.05841232  -1.62972765
  1.07754375   0.52359878   0.28788172   1.20908488   0.46297647   0.01362784   1.63534648   2.05830728  -1.62798022
  1.07632184   0.52359878   0.28778531   1.20917687   0.46281906   0.01379558   1.63533903   2.05843050  -1.62666785
  1.07533553   0.52359878   0.28765700   1.20914180   0.46266761   0.01392719   1.63533860   2.05843809  -1.62566328
  1.07395975   0.52359878   0.28771067   1.20916355   0.46248443   0.01425260   1.63560190   2.05863638  -1.62437407
  1.07378617   0.52359878   0.28755618   1.20912641   0.46234208   0.01414681   1.63555665   2.05858904  -1.62438280
  1.07176343   0.52359878   0.28752121   1.20905536   0.46237440   0.01426037   1.63550310   2.05854779  -1.62201965
  1.07030847   0.52359878   0.28735304   1.20919860   0.46211138   0.01462505   1.63548570   2.05876814  -1.62044098
  1.07010117   0.52359878   0.28727308   1.20908936   0.46198947   0.01453283   1.63555588   2.05870356  -1.62049719
  1.06839542   0.52359878   0.28739869   1.20904198   0.46194825   0.01474788   1.63579744   2.05878204  -1.61878353
  1.06729356   0.52359878   0.28733282   1.20896325   0.46204363   0.01448998   1.63563616   2.05867803  -1.61754350
  1.06576470   0.52359878   0.28703650   1.20904861   0.46168498   0.01497535   1.63556917   2.05882981  -1.61587739
  1.06479336   0.52359878   0.28736693   1.20887159   0.46197197   0.01462891   1.63580145   2.05876487  -1.61501790
  1.06287439   0.52359878   0.28697558   1.20885272   0.46160077   0.01528178   1.63566184   2.05880148  -1.61277948
  1.06221013   0.52359878   0.28717622   1.20895260   0.46151725   0.01528877   1.63598834   2.05906053  -1.61244676
  1.06051282   0.52359878   0.28694028   1.20884411   0.46125800   0.01575749   1.63598722   2.05899436  -1.61060352
  1.05928721   0.52359878   0.28682921   1.20875907   0.46118794   0.01588634   1.63594539   2.05889601  -1.60926881
  1.05800760   0.52359878   0.28682596   1.20884188   0.46109970   0.01598192   1.63599772   2.05903141  -1.60798751
  1.05686372   0.52359878   0.28700837   1.20876514   0.46153124   0.01518817   1.63581823   2.05893233  -1.60676775
  1.05530757   0.52359878   0.28689179   1.20897352   0.46127671   0.01557547   1.63583415   2.05923591  -1.60510790
  1.05510235   0.52359878   0.28679575   1.20883713   0.46115426   0.01547857   1.63589481   2.05913957  -1.60516665
  1.05310937   0.52359878   0.28687103   1.20874211   0.46131082   0.01545628   1.63587214   2.05904151  -1.60293930
  1.05154919   0.52359878   0.28682263   1.20875563   0.46110373   0.01585131   1.63602157   2.05919795  -1.60137159
  1.05136665   0.52359878   0.28670314   1.20871598   0.46096952   0.01574433   1.63601781   2.05916576  -1.60140339
  1.04970346   0.52359878   0.28670946   1.20891888   0.46092379   0.01583364   1.63598261   2.05930691  -1.59960954
  1.04839599   0.52359878   0.28673150   1.20864090   0.46106651   0.01573130   1.63598446   2.05906899  -1.59822619
  1.04728290   0.52359878   0.28667875   1.20860964   0.46113428   0.01549013   1.63585027   2.05900847  -1.59707225
  1.04519946   0.52359878   0.28668245   1.20863835   0.46085016   0.01618391   1.63614961   2.05927288  -1.59495893
  1.04502709   0.52359878   0.28655764   1.20862730   0.46071437   0.01607276   1.63612702   2.05925880  -1.59498576
  1.04303327   0.52359878   0.28664803   1.20861548   0.46090789   0.01595190   1.63604774   2.05916948  -1.59276662
  1.04195398   0.52359878   0.28667228   1.20858840   0.46101403   0.01569479   1.63597778   2.05914298  -1.59168540
  1.04042614   0.52359878   0.28657887   1.20862055   0.46095187   0.01582489   1.63589829   2.05918807  -1.59000699
  1.03877101   0.52359878   0.28650498   1.20870246   0.46077160   0.01612389   1.63595163   2.05933450  -1.58830531
  1.03857836   0.52359878   0.28645731   1.20862063   0.46066678   0.01603775   1.63603611   2.05930033  -1.58836622
  1.03650680   0.52359878   0.28644714   1.20844535   0.46039428   0.01685130   1.63639694   2.05930683  -1.58625447
  1.03512733   0.52359878   0.28627887   1.20849663   0.46029907   0.01692066   1.63624025   2.05919420  -1.58474949
  1.03495665   0.52359878   0.28620626   1.20855099   0.46017292   0.01681264   1.63625055   2.05925922  -1.58478757
  1.03326030   0.52359878   0.28611334   1.20861679   0.46012713   0.01697213   1.63613919   2.05921466  -1.58288372
  1.03182777   0.52359878   0.28629631   1.20856769   0.46022547   0.01690777   1.63631093   2.05924929  -1.58154074
  1.03033323   0.52359878   0.28619983   1.20862369   0.46003685   0.01721633   1.63635352   2.05936409  -1.58000705
  1.02916181   0.52359878   0.28601568   1.20877474   0.45987737   0.01736043   1.63619835   2.05942770  -1.57871191
  1.02893542   0.52359878   0.28596651   1.20868087   0.45976043   0.01727508   1.63629940   2.05938960  -1.57876694
  1.02725213   0.52359878   0.28595519   1.20859185   0.45980681   0.01732979   1.63627376   2.05916702  -1.57697033
  1.02544683   0.52359878   0.28623570   1.20867673   0.46007653   0.01703020   1.63633462   2.05931552  -1.57514978
  1.02364717   0.52359878   0.28644247   1.20859594   0.46046862   0.01652276   1.63623334   2.05927915  -1.57324212
  1.02243611   0.52359878   0.28628110   1.20880731   0.46028635   0.01669275   1.63610703   2.05945710  -1.57192582
  1.02132502   0.52359878   0.28633529   1.20859090   0.46024043   0.01683762   1.63633150   2.05932990  -1.57096361
  1.01988381   0.52359878   0.28650902   1.20860962   0.46060649   0.01622256   1.63616820   2.05923035  -1.56946403
  1.01829168   0.52359878   0.28642201   1.20877969   0.46038082   0.01660257   1.63621207   2.05946759  -1.56780055
  1.01809342   0.52359878   0.28632254   1.20867298   0.46025714   0.01650212   1.63625570   2.05938947  -1.56785270
  1.01606539   0.52359878   0.28645396   1.20867238   0.46048307   0.01636540   1.63619431   2.05923740  -1.56563057
  1.01443922   0.52359878   0.28641672   1.20864534   0.46029651   0.01677941   1.63635585   2.05932293  -1.56399909
  1.01425828   0.52359878   0.28629642   1.20863416   0.46015771   0.01666465   1.63634294   2.05931160  -1.56403240
  1.01224488   0.52359878   0.28643736   1.20867833   0.46039633   0.01647929   1.63626092   2.05917456  -1.56182970
  1.01060588   0.52359878   0.28631045   1.20892208   0.46014936   0.01687668   1.63623817   2.05944123  -1.56006051
  1.01039515   0.52359878   0.28622445   1.20878191   0.46002829   0.01677609   1.63631320   2.05934442  -1.56012994
  1.00861172   0.52359878   0.28648246   1.20879850   0.46006940   0.01692775   1.63662331   2.05934131  -1.55845272
  1.00708381   0.52359878   0.28615532   1.20865763   0.45987014   0.01733274   1.63644390   2.05912054  -1.55665452
  1.00562038   0.52359878   0.28622409   1.20882308   0.45978407   0.01747828   1.63655804   2.05925764  -1.55523567
  1.00449637   0.52359878   0.28617529   1.20876683   0.45977745   0.01745759   1.63652218   2.05912425  -1.55410277
  1.00338102   0.52359878   0.28627225   1.20886756   0.45990715   0.01715175   1.63647082   2.05913576  -1.55303029
  1.00181162   0.52359878   0.28645699   1.20881244   0.46030420   0.01656921   1.63632250   2.05902103  -1.55137661
  1.00074371   0.52359878   0.28648076   1.20880415   0.46043449   0.01627260   1.63621745   2.05895035  -1.55030342
  0.99874385   0.52359878   0.28674441   1.20882370   0.46070150   0.01604889   1.63628745   2.05902304  -1.54824427
  0.99817186   0.52359878   0.28649953   1.20891878   0.46053478   0.01601995   1.63608094   2.05902024  -1.54765727
  0.99626363   0.52359878   0.28658632   1.20890458   0.46032046   0.01658133   1.63644132   2.05912008  -1.54583337
  0.99520040   0.52359878   0.28647820   1.20887590   0.46027368   0.01660530   1.63635369   2.05893662  -1.54471563
  0.99423754   0.52359878   0.28647609   1.20890531   0.46042032   0.01622728   1.63617829   2.05877549  -1.54373056
  0.99299212   0.52359878   0.28671681   1.20906794   0.46059146   0.01590317   1.63625584   2.05891538  -1.54259995
  0.99124312   0.52359878   0.28656044   1.20911716   0.46030848   0.01636031   1.63631988   2.05901308  -1.54081093
  0.99047197   0.52359878   0.28676705   1.20898654   0.46067888   0.01574248   1.63626771   2.05872657  -1.54011059
  0.98875646   0.52359878   0.28678154   1.20906687   0.46061503   0.01594281   1.63631968   2.05880356  -1.53832011
  0.98718481   0.52359878   0.28692280   1.20904636   0.46092055   0.01548885   1.63619418   2.05868167  -1.53666146
  0.98570615   0.52359878   0.28681596   1.20927304   0.46069245   0.01581775   1.63618744   2.05890011  -1.53510276
  0.98549870   0.52359878   0.28672830   1.20915117   0.46057175   0.01572409   1.63625128   2.05881401  -1.53515737
  0.98368939   0.52359878   0.28699349   1.20919176   0.46058784   0.01590823   1.63658838   2.05876249  -1.53347121
  0.98211006   0.52359878   0.28662765   1.20906909   0.46035843   0.01637709   1.63637922   2.05851157  -1.53157054
  0.98191033   0.52359878   0.28654472   1.20913042   0.46021378   0.01626529   1.63639192   2.05857991  -1.53160222
  0.98018899   0.52359878   0.28644335   1.20928632   0.46014928   0.01640469   1.63624993   2.05839202  -1.52968188
  0.97827805   0.52359878   0.28641444   1.20935092   0.45992166   0.01690847   1.63642643   2.05848746  -1.52773954
  0.97827805   0.52359878   0.28641444   1.20935092   0.45992166   0.01690847   1.63642643   2.05848746  -1.52773954
  0.97657986   0.52359878   0.28640835   1.20964158   0.45982746   0.01676394   1.63638970   2.05846979  -1.52617029
  0.97515666   0.52359878   0.28659736   1.20952568   0.45999052   0.01659953   1.63653070   2.05831962  -1.52484081
  0.97384617   0.52359878   0.28669442   1.20952250   0.46008146   0.01645311   1.63656948   2.05825941  -1.52357555
  0.97210654   0.52359878   0.28679554   1.20969911   0.46004338   0.01659820   1.63667115   2.05841383  -1.52181235
  0.97082339   0.52359878   0.28679039   1.20959529   0.46014917   0.01645650   1.63659664   2.05818301  -1.52046664
  0.96927306   0.52359878   0.28664973   1.20961271   0.45994855   0.01678346   1.63660839   2.05816885  -1.51885514
  0.96861549   0.52359878   0.28657195   1.20989552   0.45980491   0.01678833   1.63652586   2.05835083  -1.51822156
  0.96699317   0.52359878   0.28685262   1.20989828   0.45987927   0.01679566   1.63683825   2.05826131  -1.51678596
  0.96558278   0.52359878   0.28659764   1.20980815   0.45970182   0.01707836   1.63671401   2.05805862  -1.51522054
  0.96486321   0.52359878   0.28647054   1.21001037   0.45954925   0.01711995   1.63660879   2.05814647  -1.51449527
  0.96295803   0.52359878   0.28646260   1.20994790   0.45934709   0.01764625   1.63684542   2.05802467  -1.51258898
  0.96204330   0.52359878   0.28630468   1.21021318   0.45923658   0.01761762   1.63662315   2.05802308  -1.51157015
  0.96058620   0.52359878   0.28646167   1.21020493   0.45916690   0.01781840   1.63692247   2.05800539  -1.51028428
  0.95922890   0.52359878   0.28640519   1.21029565   0.45910393   0.01787296   1.63687056   2.05790310  -1.50888114
  0.95785894   0.52359878   0.28640528   1.21034051   0.45909654   0.01788608   1.63685842   2.05779166  -1.50748224
  0.95766697   0.52359878   0.28633071   1.21028275   0.45897941   0.01778666   1.63690729   2.05776076  -1.50753215
  0.95551857   0.52359878   0.28621486   1.21027917   0.45867806   0.01857144   1.63707294   2.05768396  -1.50520891
  0.95532865   0.52359878   0.28612078   1.21030237   0.45853953   0.01845210   1.63708066   2.05770662  -1.50525092
  0.95354095   0.52359878   0.28626030   1.21053609   0.45858131   0.01848591   1.63712696   2.05751280  -1.50340518
  0.95155909   0.52359878   0.28653953   1.21057717   0.45904313   0.01789681   1.63699874   2.05737531  -1.50128136
  0.95038795   0.52359878   0.28646021   1.21079363   0.45890726   0.01797746   1.63693519   2.05751936  -1.50008591
  0.94911168   0.52359878   0.28645385   1.21069259   0.45885328   0.01809631   1.63703114   2.05733988  -1.49885793
  0.94779159   0.52359878   0.28649140   1.21074176   0.45875933   0.01826933   1.63716333   2.05731221  -1.49759715
  0.94716534   0.52359878   0.28627756   1.21083374   0.45862372   0.01825099   1.63696877   2.05723550  -1.49693012
  0.94527529   0.52359878   0.28638217   1.21094954   0.45843023   0.01869460   1.63727233   2.05728454  -1.49512972
  0.94400150   0.52359878   0.28641121   1.21106742   0.45843364   0.01866004   1.63725677   2.05714346  -1.49384228
  0.94338643   0.52359878   0.28625401   1.21091773   0.45836062   0.01866122   1.63718430   2.05690307  -1.49324812
  0.94150120   0.52359878   0.28637017   1.21116917   0.45815797   0.01908064   1.63745209   2.05708588  -1.49143061
  0.94039735   0.52359878   0.28627653   1.21118033   0.45815322   0.01903680   1.63732224   2.05681714  -1.49024162
  0.93891115   0.52359878   0.28675923   1.21128620   0.45882523   0.01793189   1.63722409   2.05666865  -1.48881680
  0.93755024   0.52359878   0.28669464   1.21123270   0.45871377   0.01813887   1.63727780   2.05662695  -1.48744162
  0.93626552   0.52359878   0.28687798   1.21144424   0.45885286   0.01783676   1.63728793   2.05664161  -1.48621428
  0.93496084   0.52359878   0.28690024   1.21170212   0.45895368   0.01756897   1.63709242   2.05666554  -1.48478560
  0.93339996   0.52359878   0.28675723   1.21157040   0.45882757   0.01785469   1.63708813   2.05644865  -1.48311938
  0.93204596   0.52359878   0.28690301   1.21170182   0.45882428   0.01784750   1.63723649   2.05644211  -1.48186950
  0.93076939   0.52359878   0.28687124   1.21177866   0.45881498   0.01780993   1.63716752   2.05631267  -1.48053984
  0.92938171   0.52359878   0.28694821   1.21183768   0.45882720   0.01780130   1.63723551   2.05622633  -1.47917664
  0.92835438   0.52359878   0.28729107   1.21189704   0.45914857   0.01721430   1.63734171   2.05614834  -1.47834205
  0.92668591   0.52359878   0.28709868   1.21182282   0.45902290   0.01756999   1.63724165   2.05595319  -1.47641512
  0.92647370   0.52359878   0.28698735   1.21183926   0.45886018   0.01742629   1.63725424   2.05597632  -1.47648198
  0.92482909   0.52359878   0.28712398   1.21205059   0.45892628   0.01738544   1.63728003   2.05578336  -1.47477388
  0.92335536   0.52359878   0.28716935   1.21202464   0.45923500   0.01690389   1.63702233   2.05545624  -1.47309698
  0.92159140   0.52359878   0.28728300   1.21207792   0.45907181   0.01727838   1.63733320   2.05558074  -1.47144339
  0.92142280   0.52359878   0.28718734   1.21212970   0.45894499   0.01717671   1.63731271   2.05561944  -1.47145236
  0.91955271   0.52359878   0.28733304   1.21240558   0.45892638   0.01728706   1.63741319   2.05549859  -1.46953983
  0.91795722   0.52359878   0.28722793   1.21240464   0.45874636   0.01761254   1.63746099   2.05538922  -1.46788778
  0.91795722   0.52359878   0.28722793   1.21240464   0.45874636   0.01761254   1.63746099   2.05538922  -1.46788778
  0.91533657   0.52359878   0.28735435   1.21271267   0.45883560   0.01740894   1.63740420   2.05513337  -1.46519341
  0.91406031   0.52359878   0.28736140   1.21278378   0.45872883   0.01754885   1.63749662   2.05516140  -1.46396261
  0.91298937   0.52359878   0.28755020   1.21285853   0.45898809   0.01703371   1.63744840   2.05494856  -1.46294460
  0.91123635   0.52359878   0.28776522   1.21286807   0.45938918   0.01646673   1.63731183   2.05476342  -1.46103936
  0.91018854   0.52359878   0.28779102   1.21291608   0.45955014   0.01606465   1.63715296   2.05459247  -1.45995264
  0.90891379   0.52359878   0.28810803   1.21308749   0.45976544   0.01567722   1.63728662   2.05464465  -1.45880867
  0.90720906   0.52359878   0.28798998   1.21309546   0.45951762   0.01608969   1.63738479   2.05461744  -1.45708160
  0.90641448   0.52359878   0.28771683   1.21318724   0.45934369   0.01615089   1.63714915   2.05447079  -1.45617599
  0.90526033   0.52359878   0.28824823   1.21333962   0.45973159   0.01560348   1.63740703   2.05430679  -1.45521926
  0.90320685   0.52359878   0.28799787   1.21331250   0.45940675   0.01623777   1.63741884   2.05421295  -1.45297070
  0.90320685   0.52359878   0.28799787   1.21331250   0.45940675   0.01623777   1.63741884   2.05421295  -1.45297070
  0.90153084   0.52359878   0.28794683   1.21353311   0.45930965   0.01610076   1.63735549   2.05388449  -1.45137446
  0.89957585   0.52359878   0.28830725   1.21370562   0.45959852   0.01574535   1.63747001   2.05384757  -1.44940879
  0.89824553   0.52359878   0.28825231   1.21370587   0.45946661   0.01595327   1.63753516   2.05377822  -1.44807266
  0.89704018   0.52359878   0.28840221   1.21393389   0.45956788   0.01568025   1.63753288   2.05370708  -1.44690141
  0.89619961   0.52359878   0.28812550   1.21397477   0.45938937   0.01582499   1.63731995   2.05357437  -1.44591381
  0.89486858   0.52359878   0.28850675   1.21414938   0.45960325   0.01543281   1.63754487   2.05346553  -1.44479671
  0.89302741   0.52359878   0.28840031   1.21415325   0.45934360   0.01592960   1.63767366   2.05341593  -1.44290234
  0.89188779   0.52359878   0.28830671   1.21428586   0.45925261   0.01602453   1.63758163   2.05325668  -1.44165229
  0.89086515   0.52359878   0.28837449   1.21457495   0.45942062   0.01552939   1.63736607   2.05309078  -1.44056952
  0.88966062   0.52359878   0.28881491   1.21451402   0.45977590   0.01503151   1.63762728   2.05292638  -1.43956887
  0.88766062   0.52359878   0.28860410   1.21451807   0.45946340   0.01561957   1.63766668   2.05286199  -1.43741272
  0.88766062   0.52359878   0.28860410   1.21451807   0.45946340   0.01561957   1.63766668   2.05286199  -1.43741272
  0.88543962   0.52359878   0.28849394   1.21465957   0.45904572   0.01621020   1.63789954   2.05273040  -1.43530077
  0.88527160   0.52359878   0.28838537   1.21473116   0.45891090   0.01610355   1.63786043   2.05276974  -1.43530320
  0.88339942   0.52359878   0.28861870   1.21517529   0.45887603   0.01617992   1.63802567   2.05256789  -1.43345321
  0.88174952   0.52359878   0.28878942   1.21523058   0.45925868   0.01560114   1.63782900   2.05221865  -1.43160238
  0.88062780   0.52359878   0.28893479   1.21531618   0.45941703   0.01523964   1.63782339   2.05212097  -1.43052892
  0.87893175   0.52359878   0.28888040   1.21528409   0.45920989   0.01563769   1.63798465   2.05203422  -1.42883412
  0.87764685   0.52359878   0.28883505   1.21548401   0.45912176   0.01576135   1.63792634   2.05191467  -1.42742690
  0.87700213   0.52359878   0.28879923   1.21577751   0.45897818   0.01571900   1.63789738   2.05206656  -1.42687732
  0.87568395   0.52359878   0.28905005   1.21578535   0.45918476   0.01539931   1.63802467   2.05166395  -1.42565545
  0.87379784   0.52359878   0.28889807   1.21581466   0.45892804   0.01590574   1.63807498   2.05155104  -1.42362708
  0.87379784   0.52359878   0.28889807   1.21581466   0.45892804   0.01590574   1.63807498   2.05155104  -1.42362708
  0.87154535   0.52359878   0.28878927   1.21596657   0.45851291   0.01649337   1.63830171   2.05138499  -1.42147339
  0.87033035   0.52359878   0.28881878   1.21626347   0.45845129   0.01650660   1.63827662   2.05121671  -1.42021718
  0.86966617   0.52359878   0.28872397   1.21653683   0.45829565   0.01645829   1.63818752   2.05130580  -1.41961447
  0.86806716   0.52359878   0.28898033   1.21665802   0.45839653   0.01636788   1.63838416   2.05101064  -1.41808923
  0.86665391   0.52359878   0.28887772   1.21668936   0.45824034   0.01656263   1.63839489   2.05086595  -1.41664712
  0.86524620   0.52359878   0.28875072   1.21698732   0.45809973   0.01676063   1.63823442   2.05077512  -1.41500860
  0.86501765   0.52359878   0.28871135   1.21689414   0.45797931   0.01665606   1.63835111   2.05073209  -1.41509168
  0.86292157   0.52359878   0.28916109   1.21718009   0.45836035   0.01619863   1.63844383   2.05036087  -1.41292000
  0.86184213   0.52359878   0.28934482   1.21740068   0.45860358   0.01561830   1.63833962   2.05032401  -1.41185522
  0.85988523   0.52359878   0.28917698   1.21722712   0.45840132   0.01621225   1.63840101   2.05004300  -1.40966255
  0.85967931   0.52359878   0.28910462   1.21726336   0.45825506   0.01608092   1.63844038   2.05009034  -1.40973021
  0.85767453   0.52359878   0.28953223   1.21763678   0.45861146   0.01559644   1.63848918   2.04976724  -1.40763727
  0.85605051   0.52359878   0.28978908   1.21767739   0.45905854   0.01487546   1.63835036   2.04955195  -1.40587291
  0.85500074   0.52359878   0.28983717   1.21775275   0.45921713   0.01447704   1.63821445   2.04935432  -1.40477059
  0.85333352   0.52359878   0.28991458   1.21787984   0.45901912   0.01484202   1.63847655   2.04943896  -1.40317957
  0.85333352   0.52359878   0.28991458   1.21787984   0.45901912   0.01484202   1.63847655   2.04943896  -1.40317957
  0.85130649   0.52359878   0.28990610   1.21814087   0.45886839   0.01488752   1.63851102   2.04904559  -1.40119389
  0.85026716   0.52359878   0.29000380   1.21827009   0.45902950   0.01445732   1.63841820   2.04879220  -1.40015854
  0.84810142   0.52359878   0.29003052   1.21839440   0.45875870   0.01511706   1.63868862   2.04884080  -1.39791048
  0.84793593   0.52359878   0.28991692   1.21841928   0.45862401   0.01499686   1.63866330   2.04884458  -1.39794367
  0.84617844   0.52359878   0.29019676   1.21890325   0.45862427   0.01500340   1.63883608   2.04869970  -1.39620290
  0.84466348   0.52359878   0.29001804   1.21896055   0.45844568   0.01527592   1.63875323   2.04847848  -1.39452396
  0.84466348   0.52359878   0.29001804   1.21896055   0.45844568   0.01527592   1.63875323   2.04847848  -1.39452396
  0.84209511   0.52359878   0.29022632   1.21926600   0.45856490   0.01498556   1.63878192   2.04801111  -1.39192160
  0.84086711   0.52359878   0.29022188   1.21930377   0.45846527   0.01511517   1.63886532   2.04792049  -1.39071310
  0.83970335   0.52359878   0.29013742   1.21966202   0.45831559   0.01518314   1.63874606   2.04793405  -1.38945190
  0.83852281   0.52359878   0.29030487   1.21962020   0.45850851   0.01482995   1.63879479   2.04747131  -1.38832628
  0.83720188   0.52359878   0.29043745   1.21990555   0.45859240   0.01456771   1.63876125   2.04745313  -1.38697717
  0.83595676   0.52359878   0.29049940   1.21982682   0.45874357   0.01434905   1.63872308   2.04706625  -1.38564642
  0.83420515   0.52359878   0.29068357   1.21997639   0.45862836   0.01466725   1.63903489   2.04711084  -1.38394932
  0.83400297   0.52359878   0.29055086   1.21999761   0.45846187   0.01452054   1.63901839   2.04711874  -1.38400574
  0.83236535   0.52359878   0.29085202   1.22045055   0.45850416   0.01442927   1.63918954   2.04696014  -1.38241137
  0.83059365   0.52359878   0.29070842   1.22052599   0.45829356   0.01484682   1.63918098   2.04677183  -1.38044741
  0.83059365   0.52359878   0.29070842   1.22052599   0.45829356   0.01484682   1.63918098   2.04677183  -1.38044741
  0.82891632   0.52359878   0.29078603   1.22101845   0.45822497   0.01456374   1.63914259   2.04651276  -1.37888251
  0.82709831   0.52359878   0.29100177   1.22094439   0.45857573   0.01412412   1.63910398   2.04611325  -1.37689213
  0.82548049   0.52359878   0.29104874   1.22101794   0.45841883   0.01446472   1.63930225   2.04617450  -1.37526720
  0.82531720   0.52359878   0.29092674   1.22099518   0.45829110   0.01435028   1.63927920   2.04614105  -1.37529926
  0.82350178   0.52359878   0.29117392   1.22108740   0.45866501   0.01386516   1.63918387   2.04586327  -1.37325393
  0.82350178   0.52359878   0.29117392   1.22108740   0.45866501   0.01386516   1.63918387   2.04586327  -1.37325393
  0.82191758   0.52359878   0.29124776   1.22111619   0.45867635   0.01363303   1.63925961   2.04602202  -1.37180879
  0.82053278   0.52359878   0.29121556   1.22096370   0.45878158   0.01352232   1.63916989   2.04608206  -1.37025903
  0.81937109   0.52359878   0.29090501   1.22074187   0.45863624   0.01383816   1.63899168   2.04604328  -1.36882521
  0.81840727   0.52359878   0.29108395   1.22061697   0.45890947   0.01343957   1.63900147   2.04647911  -1.36784270
  0.81840727   0.52359878   0.29108395   1.22061697   0.45890947   0.01343957   1.63900147   2.04647911  -1.36784270
  0.81712330   0.52359878   0.29101134   1.22009939   0.45903847   0.01322178   1.63898984   2.04701724  -1.36657806
  0.81570990   0.52359878   0.29074734   1.21960454   0.45901065   0.01359804   1.63887034   2.04735567  -1.36480363
  0.81570990   0.52359878   0.29074734   1.21960454   0.45901065   0.01359804   1.63887034   2.04735567  -1.36480363
  0.81484214   0.52359878   0.29053324   1.21835690   0.45942152   0.01312913   1.63868510   2.04818878  -1.36381960
  0.81463373   0.52359878   0.29046971   1.21854035   0.45927476   0.01299401   1.63866956   2.04845538  -1.36382045
  0.81396548   0.52359878   0.29033114   1.21755717   0.45975847   0.01267436   1.63839066   2.04945172  -1.36276304
  0.81396548   0.52359878   0.29033114   1.21755717   0.45975847   0.01267436   1.63839066   2.04945172  -1.36276304
  0.81267219   0.52359878   0.28990824   1.21659811   0.45975058   0.01297304   1.63822883   2.05073170  -1.36117831
  0.81267219   0.52359878   0.28990824   1.21659811   0.45975058   0.01297304   1.63822883   2.05073170  -1.36117831
  0.81257436   0.52359878   0.28973945   1.21501512   0.46053531   0.01207972   1.63785109   2.05182435  -1.36090653
  0.81164480   0.52359878   0.28955394   1.21410370   0.46070966   0.01225569   1.63780363   2.05311572  -1.35972923
  0.81164480   0.52359878   0.28955394   1.21410370   0.46070966   0.01225569   1.63780363   2.05311572  -1.35972923
  0.81151616   0.52359878   0.28893501   1.21228679   0.46117504   0.01190830   1.63723686   2.05504416  -1.35912703
  0.81151616   0.52359878   0.28893501   1.21228679   0.46117504   0.01190830   1.63723686   2.05504416  -1.35912703
  0.81091153   0.52359878   0.28853735   1.21074240   0.46151124   0.01188667   1.63699732   2.05653800  -1.35821073
  0.81091153   0.52359878   0.28853735   1.21074240   0.46151124   0.01188667   1.63699732   2.05653800  -1.35821073
  0.81059440   0.52359878   0.28830298   1.20911061   0.46208410   0.01128247   1.63676754   2.05833985  -1.35790879
  0.81059440   0.52359878   0.28830298   1.20911061   0.46208410   0.01128247   1.63676754   2.05833985  -1.35790879
  0.80970367   0.52359878   0.28764184   1.20751277   0.46229882   0.01142773   1.63630991   2.06009026  -1.35654108
  0.80970367   0.52359878   0.28764184   1.20751277   0.46229882   0.01142773   1.63630991   2.06009026  -1.35654108
  0.80990835   0.52359878   0.28700284   1.20576352   0.46282002   0.01093482   1.63561417   2.06177360  -1.35629954
  0.80967659   0.52359878   0.28706203   1.20552452   0.46277272   0.01088654   1.63585794   2.06173841  -1.35640674
  0.80967659   0.52359878   0.28706203   1.20552452   0.46277272   0.01088654   1.63585794   2.06173841  -1.35640674
  0.80919613   0.52359878   0.28664612   1.20353746   0.46332087   0.01072117   1.63555041   2.06399161  -1.35562940
  0.80919419   0.52359878   0.28641583   1.20335322   0.46335574   0.01077706   1.63526842   2.06394739  -1.35533562
  0.80872221   0.52359878   0.28615108   1.20190461   0.46381476   0.01050166   1.63503021   2.06551260  -1.35479026
  0.80872221   0.52359878   0.28615108   1.20190461   0.46381476   0.01050166   1.63503021   2.06551260  -1.35479026
  0.80872221   0.52359878   0.28615108   1.20190461   0.46381476   0.01050166   1.63503021   2.06551260  -1.35479026
  0.80752520   0.52359878   0.28529422   1.19991005   0.46385098   0.01100553   1.63465806   2.06795162  -1.35311036
  0.80751681   0.52359878   0.28522648   1.19935118   0.46392138   0.01093000   1.63473672   2.06781042  -1.35324631
  0.80767269   0.52359878   0.28455989   1.19756646   0.46450584   0.01054021   1.63392985   2.06982688  -1.35282003
  0.80767269   0.52359878   0.28455989   1.19756646   0.46450584   0.01054021   1.63392985   2.06982688  -1.35282003
  0.80668121   0.52359878   0.28404406   1.19606539   0.46465517   0.01082264   1.63369140   2.07203178  -1.35155453
  0.80661733   0.52359878   0.28407625   1.19575246   0.46468075   0.01077730   1.63385128   2.07189429  -1.35169445
  0.80661733   0.52359878   0.28407625   1.19575246   0.46468075   0.01077730   1.63385128   2.07189429  -1.35169445
  0.80632275   0.52359878   0.28315836   1.19314530   0.46508899   0.01075225   1.63324188   2.07495879  -1.35088257
  0.80632275   0.52359878   0.28315836   1.19314530   0.46508899   0.01075225   1.63324188   2.07495879  -1.35088257
  0.80606218   0.52359878   0.28269865   1.19189389   0.46536352   0.01074523   1.63283206   2.07610656  -1.35028816
  0.80606218   0.52359878   0.28269865   1.19189389   0.46536352   0.01074523   1.63283206   2.07610656  -1.35028816
  0.80543841   0.52359878   0.28222528   1.19004638   0.46564804   0.01091492   1.63265319   2.07828293  -1.34944764
  0.80535724   0.52359878   0.28211415   1.18978450   0.46559860   0.01082844   1.63266875   2.07811896  -1.34953723
  0.80535724   0.52359878   0.28211415   1.18978450   0.46559860   0.01082844   1.63266875   2.07811896  -1.34953723
  0.80484253   0.52359878   0.28114486   1.18722835   0.46591001   0.01111592   1.63206121   2.08088319  -1.34833709
  0.80484253   0.52359878   0.28114486   1.18722835   0.46591001   0.01111592   1.63206121   2.08088319  -1.34833709
  0.80484253   0.52359878   0.28114486   1.18722835   0.46591001   0.01111592   1.63206121   2.08088319  -1.34833709
  0.80476832   0.52359878   0.28044997   1.18500481   0.46633328   0.01096720   1.63157023   2.08298077  -1.34794791
  0.80476832   0.52359878   0.28044997   1.18500481   0.46633328   0.01096720   1.63157023   2.08298077  -1.34794791
  0.80440075   0.52359878   0.28002132   1.18338213   0.46664307   0.01094886   1.63132038   2.08469313  -1.34744758
  0.80440075   0.52359878   0.28002132   1.18338213   0.46664307   0.01094886   1.63132038   2.08469313  -1.34744758
  0.80440075   0.52359878   0.28002132   1.18338213   0.46664307   0.01094886   1.63132038   2.08469313  -1.34744758
  0.80363044   0.52359878   0.27912256   1.18067476   0.46703306   0.01113499   1.63078227   2.08759776  -1.34624472
  0.80363044   0.52359878   0.27912256   1.18067476   0.46703306   0.01113499   1.63078227   2.08759776  -1.34624472
  0.80363044   0.52359878   0.27912256   1.18067476   0.46703306   0.01113499   1.63078227   2.08759776  -1.34624472
  0.80263844   0.52359878   0.27810257   1.17837692   0.46701712   0.01174352   1.63034264   2.09008820  -1.34466842
  0.80263844   0.52359878   0.27810257   1.17837692   0.46701712   0.01174352   1.63034264   2.09008820  -1.34466842
  0.80283613   0.52359878   0.27751758   1.17624146   0.46736498   0.01165075   1.63004120   2.09223826  -1.34459009
  0.80283613   0.52359878   0.27751758   1.17624146   0.46736498   0.01165075   1.63004120   2.09223826  -1.34459009
  0.80221202   0.52359878   0.27690957   1.17500674   0.46733593   0.01196770   1.62973384   2.09357699  -1.34363550
  0.80221202   0.52359878   0.27690957   1.17500674   0.46733593   0.01196770   1.62973384   2.09357699  -1.34363550
  0.80188604   0.52359878   0.27671538   1.17413462   0.46743959   0.01197740   1.62969701   2.09439510  -1.34326682
  0.80174052   0.52359878   0.27647163   1.17361167   0.46736206   0.01191345   1.62966653   2.09439510  -1.34327011
  0.80174052   0.52359878   0.27647163   1.17361167   0.46736206   0.01191345   1.62966653   2.09439510  -1.34327011
  0.80101004   0.52359878   0.27642008   1.17337746   0.46732965   0.01224627   1.62968821   2.09439510  -1.34225422
  0.80101004   0.52359878   0.27642008   1.17337746   0.46732965   0.01224627   1.62968821   2.09439510  -1.34225422
  0.80101004   0.52359878   0.27642008   1.17337746   0.46732965   0.01224627   1.62968821   2.09439510  -1.34225422
  0.80045444   0.52359878   0.27610209   1.17284732   0.46723146   0.01234334   1.62951234   2.09439510  -1.34139999
  0.80045444   0.52359878   0.27610209   1.17284732   0.46723146   0.01234334   1.62951234   2.09439510  -1.34139999
  0.80026283   0.52359878   0.27598476   1.17258277   0.46712994   0.01227033   1.62957283   2.09439510  -1.34142302
  0.80012912   0.52359878   0.27582305   1.17203318   0.46721856   0.01247253   1.62945208   2.09439510  -1.34088356
  0.80012912   0.52359878   0.27582305   1.17203318   0.46721856   0.01247253   1.62945208   2.09439510  -1.34088356
  0.80012912   0.52359878   0.27582305   1.17203318   0.46721856   0.01247253   1.62945208   2.09439510  -1.34088356
  0.80260512   0.51341363   0.27193044   1.16583409   0.46780659   0.00576950   1.62421573   2.09439510  -1.33725356
  0.80260512   0.51341363   0.27193044   1.16583409   0.46780659   0.00576950   1.62421573   2.09439510  -1.33725356
  0.80260512   0.51341363   0.27193044   1.16583409   0.46780659   0.00576950   1.62421573   2.09439510  -1.33725356
  0.80260512   0.51341363   0.27193044   1.16583409   0.46780659   0.00576950   1.62421573   2.09439510  -1.33725356
  0.80848396   0.49498807   0.26408081   1.15585432   0.46884547  -0.00488905   1.61496506   2.09439510  -1.33341767
  0.80848396   0.49498807   0.26408081   1.15585432   0.46884547  -0.00488905   1.61496506   2.09439510  -1.33341767
  0.81197131   0.48520506   0.26049918   1.15009904   0.47109684  -0.01543236   1.61111449   2.09439510  -1.32881462
  0.81197131   0.48520506   0.26049918   1.15009904   0.47109684  -0.01543236   1.61111449   2.09439510  -1.32881462
  0.81197131   0.48520506   0.26049918   1.15009904   0.47109684  -0.01543236   1.61111449   2.09439510  -1.32881462
  0.81615951   0.47289723   0.25426040   1.14372727   0.47326973  -0.02589892   1.60698677   2.09439510  -1.32339558
  0.81615951   0.47289723   0.25426040   1.14372727   0.47326973  -0.02589892   1.60698677   2.09439510  -1.32339558
  0.81596050   0.47282260   0.25417226   1.14353515   0.47316865  -0.02600402   1.60710818   2.09439510  -1.32343472
  0.82167662   0.46002617   0.24670944   1.13744093   0.47597678  -0.03691440   1.60407365   2.09439510  -1.31861425
  0.82167662   0.46002617   0.24670944   1.13744093   0.47597678  -0.03691440   1.60407365   2.09439510  -1.31861425
  0.89840471   0.47043215   0.13200153   1.14105557   0.58249613  -0.27787311   1.81251990   2.09439510  -1.12471437
  0.89840471   0.47043215   0.13200153   1.14105557   0.58249613  -0.27787311   1.81251990   2.09439510  -1.12471437
  0.89824469   0.47047919   0.13185388   1.14065237   0.58243948  -0.27790368   1.81252287   2.09427634  -1.12469063
  0.90583945   0.45815014   0.12416931   1.13405954   0.58244887  -0.28881346   1.81167706   2.09439510  -1.11733724
  0.90583945   0.45815014   0.12416931   1.13405954   0.58244887  -0.28881346   1.81167706   2.09439510  -1.11733724
  0.90583945   0.45815014   0.12416931   1.13405954   0.58244887  -0.28881346   1.81167706   2.09439510  -1.11733724
  0.92110217   0.44466252   0.11152479   1.12483695   0.58324386  -0.31118964   1.82005253   2.09439510  -1.10167278
  0.92110217   0.44466252   0.11152479   1.12483695   0.58324386  -0.31118964   1.82005253   2.09439510  -1.10167278
  0.92053350   0.44447954   0.11072021   1.12418875   0.58300511  -0.31123353   1.82057005   2.09439510  -1.09971131
  0.92053350   0.44447954   0.11072021   1.12418875   0.58300511  -0.31123353   1.82057005   2.09439510  -1.09971131
  0.94075816   0.43214581   0.09478649   1.11355890   0.58414322  -0.34133600   1.83806770   2.09439510  -1.07640504
  0.94031480   0.43223601   0.09447458   1.11324280   0.58398416  -0.34126298   1.83843635   2.09439510  -1.07561494
  0.94031480   0.43223601   0.09447458   1.11324280   0.58398416  -0.34126298   1.83843635   2.09439510  -1.07561494
  0.94031480   0.43223601   0.09447458   1.11324280   0.58398416  -0.34126298   1.83843635   2.09439510  -1.07561494
  0.95673555   0.42101922   0.08104283   1.10366286   0.58436773  -0.36608471   1.85222017   2.09439510  -1.05489098
  0.95673555   0.42101922   0.08104283   1.10366286   0.58436773  -0.36608471   1.85222017   2.09439510  -1.05489098
  0.95673555   0.42101922   0.08104283   1.10366286   0.58436773  -0.36608471   1.85222017   2.09439510  -1.05489098
  0.96980694   0.41327111   0.07120319   1.09616423   0.58464575  -0.38567900   1.86389639   2.09439510  -1.03930940
  0.96980694   0.41327111   0.07120319   1.09616423   0.58464575  -0.38567900   1.86389639   2.09439510  -1.03930940
  0.96910542   0.41228673   0.07032012   1.09542193   0.58426355  -0.38585485   1.86435477   2.09439510  -1.03714334
  0.96923745   0.41250362   0.07013280   1.09527598   0.58423686  -0.38600884   1.86419164   2.09439510  -1.03711078
  0.98437603   0.39957291   0.05942161   1.08630420   0.58432027  -0.40815404   1.87219819   2.09439510  -1.02185592
  0.98437603   0.39957291   0.05942161   1.08630420   0.58432027  -0.40815404   1.87219819   2.09439510  -1.02185592
  0.99313237   0.39689803   0.05295532   1.08102448   0.58451531  -0.42133424   1.88289864   2.09439510  -1.00985707
  0.99313237   0.39689803   0.05295532   1.08102448   0.58451531  -0.42133424   1.88289864   2.09439510  -1.00985707
  1.00008341   0.38938577   0.04754236   1.07596948   0.58420766  -0.43234141   1.88586477   2.09439510  -1.00170516
  1.00008341   0.38938577   0.04754236   1.07596948   0.58420766  -0.43234141   1.88586477   2.09439510  -1.00170516
  1.00708873   0.38435298   0.04255947   1.07135702   0.58411738  -0.44315221   1.89123228   2.09439510  -0.99340222
  1.00647123   0.38370022   0.04189487   1.07109192   0.58375089  -0.44313161   1.89131593   2.09439510  -0.99177455
  1.00647123   0.38370022   0.04189487   1.07109192   0.58375089  -0.44313161   1.89131593   2.09439510  -0.99177455
  1.02099233   0.37118317   0.03224066   1.06176856   0.58352561  -0.46536122   1.89933470   2.09439510  -0.97633989
  1.02099233   0.37118317   0.03224066   1.06176856   0.58352561  -0.46536122   1.89933470   2.09439510  -0.97633989
  1.03226531   0.36333628   0.02427678   1.05410846   0.58325728  -0.48317435   1.90855428   2.09439510  -0.96192423
  1.03226531   0.36333628   0.02427678   1.05410846   0.58325728  -0.48317435   1.90855428   2.09439510  -0.96192423
  1.04141057   0.35514618   0.01793407   1.04762569   0.58287938  -0.49812074   1.91424602   2.09439510  -0.95056925
  1.04141057   0.35514618   0.01793407   1.04762569   0.58287938  -0.49812074   1.91424602   2.09439510  -0.95056925
  1.04141057   0.35514618   0.01793407   1.04762569   0.58287938  -0.49812074   1.91424602   2.09439510  -0.95056925
  1.04877551   0.34845618   0.01260523   1.04236413   0.58243078  -0.51060658   1.91955603   2.09439510  -0.94034197
  1.04877551   0.34845618   0.01260523   1.04236413   0.58243078  -0.51060658   1.91955603   2.09439510  -0.94034197
  1.04877551   0.34845618   0.01260523   1.04236413   0.58243078  -0.51060658   1.91955603   2.09439510  -0.94034197
