  0.74363963   0.46155852  -1.17336176  -0.31172748   1.87207644   0.73033705   0.40422658   1.80723840  -1.54482868
  0.74363963   0.46155852  -1.17336176  -0.31172748   1.87207644   0.73033705   0.40422658   1.80723840  -1.54482868
  0.74363963   0.46155852  -1.17336176  -0.31172748   1.87207644   0.73033705   0.40422658   1.80723840  -1.54482868
  0.74479868   0.46181250  -1.17274848  -0.31184204   1.87236389   0.73001554   0.40409078   1.80706421  -1.54641000
  0.74517476   0.46187993  -1.17263838  -0.31158079   1.87247404   0.73011397   0.40392233   1.80709728  -1.54628855
  0.74727792   0.46174766  -1.17193141  -0.31124959   1.87153970   0.73014550   0.40346438   1.80756361  -1.54940655
  0.74898971   0.46128178  -1.17146693  -0.31066475   1.87068236   0.73039522   0.40299882   1.80774944  -1.55143452
  0.75160290   0.46080065  -1.17066335  -0.31014062   1.86978437   0.73059009   0.40225535   1.80801565  -1.55502468
  0.75541484   0.45567022  -1.17106915  -0.30745257   1.86481279   0.73299353   0.40008211   1.80762958  -1.56079582
  0.75721293   0.45541751  -1.17047436  -0.30700812   1.86436644   0.73310717   0.39959581   1.80769873  -1.56288664
  0.75962027   0.45509513  -1.16969019  -0.30653118   1.86360156   0.73322214   0.39895173   1.80791699  -1.56610109
  0.76281791   0.45091845  -1.16996491  -0.30431733   1.85951455   0.73518798   0.39714138   1.80760116  -1.57097903
  0.76417784   0.45068568  -1.16952873  -0.30396752   1.85915750   0.73528574   0.39675537   1.80761664  -1.57257333
  0.76605341   0.45016013  -1.16900946  -0.30345766   1.85828300   0.73548827   0.39620951   1.80770499  -1.57510140
  0.76744492   0.44958280  -1.16869094  -0.30291495   1.85745446   0.73578525   0.39576153   1.80779676  -1.57681842
  0.76934465   0.44905373  -1.16815169  -0.30247674   1.85669374   0.73600977   0.39515801   1.80792078  -1.57949199
  0.77094593   0.44829998  -1.16782714  -0.30183883   1.85567107   0.73637181   0.39460214   1.80797592  -1.58155869
  0.77262516   0.44747738  -1.16747087  -0.30120532   1.85462442   0.73674759   0.39402653   1.80801029  -1.58379140
  0.77551756   0.44312107  -1.16784770  -0.29906957   1.85067360   0.73877520   0.39218853   1.80751301  -1.58849488
  0.77675010   0.44294814  -1.16742935  -0.29876687   1.85037239   0.73884260   0.39185535   1.80752366  -1.58993329
  0.77811259   0.44264498  -1.16702436  -0.29832698   1.84971414   0.73897494   0.39151136   1.80760185  -1.59156364
  0.78007930   0.44234049  -1.16637491  -0.29798771   1.84912795   0.73908691   0.39093953   1.80775555  -1.59432722
  0.78164307   0.44172948  -1.16599311  -0.29742211   1.84823103   0.73938625   0.39043942   1.80784029  -1.59633164
  0.78325474   0.44102357  -1.16561273  -0.29682805   1.84726591   0.73970745   0.38991904   1.80787637  -1.59843425
  0.78523913   0.44035610  -1.16506882  -0.29633827   1.84640521   0.73999143   0.38925139   1.80795462  -1.60128115
  0.78688376   0.43950120  -1.16474256  -0.29566437   1.84531876   0.74039851   0.38865183   1.80797221  -1.60345057
  0.78857837   0.43863145  -1.16438031  -0.29501743   1.84425422   0.74079503   0.38804828   1.80797324  -1.60573809
  0.79027597   0.43773941  -1.16402346  -0.29435646   1.84316563   0.74120004   0.38744064   1.80796426  -1.60802827
  0.79317072   0.43331220  -1.16435934  -0.29217443   1.83917165   0.74325616   0.38557075   1.80738315  -1.61281394
  0.79440094   0.43316351  -1.16392396  -0.29188753   1.83890206   0.74331028   0.38524046   1.80738134  -1.61425190
  0.79575200   0.43290277  -1.16349843  -0.29146943   1.83828626   0.74341865   0.38490951   1.80744405  -1.61586211
  0.79771866   0.43266055  -1.16281408  -0.29116309   1.83776396   0.74349752   0.38434630   1.80757861  -1.61862864
  0.79926304   0.43212199  -1.16239958  -0.29063187   1.83693521   0.74375953   0.38386878   1.80765136  -1.62060130
  0.80084156   0.43149170  -1.16198864  -0.29006921   1.83603386   0.74404066   0.38338197   1.80767243  -1.62264257
  0.80283594   0.43092311  -1.16139489  -0.28962720   1.83526448   0.74427549   0.38272181   1.80774027  -1.62551482
  0.80445568   0.43016560  -1.16102519  -0.28900065   1.83426969   0.74463362   0.38215364   1.80775058  -1.62764609
  0.80611750   0.42939195  -1.16062594  -0.28839315   1.83328515   0.74498148   0.38158484   1.80774079  -1.62987419
  0.80818843   0.42823090  -1.16016364  -0.28764341   1.83195139   0.74546600   0.38083888   1.80765537  -1.63285565
  0.80958457   0.42737854  -1.15990735  -0.28697716   1.83093400   0.74589061   0.38029662   1.80763102  -1.63463608
  0.81154521   0.42676161  -1.15933803  -0.28652070   1.83016086   0.74614606   0.37961740   1.80765512  -1.63747173
  0.81316124   0.42601052  -1.15896347  -0.28589565   1.82917945   0.74649531   0.37904651   1.80764056  -1.63959782
  0.81482454   0.42525463  -1.15854793  -0.28529895   1.82821690   0.74683104   0.37848236   1.80761900  -1.64183090
  0.81690106   0.42414257  -1.15805929  -0.28457439   1.82693216   0.74729067   0.37773883   1.80752749  -1.64482920
  0.81829924   0.42332661  -1.15778186  -0.28392758   1.82595034   0.74769538   0.37720417   1.80749980  -1.64661667
  0.82024661   0.42274105  -1.15719802  -0.28348642   1.82520762   0.74793373   0.37653773   1.80751496  -1.64942982
  0.82184971   0.42202822  -1.15680992  -0.28287735   1.82425933   0.74826279   0.37597922   1.80749401  -1.65153176
  0.82350121   0.42131209  -1.15637777  -0.28229891   1.82333244   0.74857707   0.37543009   1.80746662  -1.65374200
  0.82558245   0.42027759  -1.15585588  -0.28161235   1.82211944   0.74899842   0.37469534   1.80737561  -1.65675090
  0.82698370   0.41951121  -1.15555304  -0.28099182   1.82118382   0.74937652   0.37417190   1.80734793  -1.65854516
  0.82891440   0.41896357  -1.15495434  -0.28056860   1.82047575   0.74959453   0.37352238   1.80735625  -1.66132722
  0.83050252   0.41829378  -1.15455290  -0.27997756   1.81956384   0.74990105   0.37297848   1.80733040  -1.66339970
  0.83214105   0.41762036  -1.15410424  -0.27941871   1.81867464   0.75019217   0.37244640   1.80729811  -1.66558291
  0.83408139   0.41703433  -1.15349943  -0.27897628   1.81792068   0.75042550   0.37180521   1.80730177  -1.66837654
  0.83567838   0.41633766  -1.15310170  -0.27837016   1.81698272   0.75074352   0.37124985   1.80726471  -1.67046802
  0.83732855   0.41565360  -1.15264718  -0.27781253   1.81609525   0.75103862   0.37070718   1.80722511  -1.67268228
  0.83939113   0.41468110  -1.15209955  -0.27715517   1.81494182   0.75142635   0.36999061   1.80712011  -1.67566002
  0.84079030   0.41397396  -1.15176737  -0.27656646   1.81406541   0.75177170   0.36948153   1.80708710  -1.67745164
  0.84269954   0.41347845  -1.15114828  -0.27616906   1.81340819   0.75196117   0.36885292   1.80708366  -1.68019349
  0.84426376   0.41287273  -1.15072898  -0.27560504   1.81255098   0.75223257   0.36833143   1.80704773  -1.68221769
  0.84588421   0.41226301  -1.15025504  -0.27507536   1.81171808   0.75248745   0.36782719   1.80700611  -1.68435764
  0.84783587   0.41175877  -1.14961457  -0.27467673   1.81104345   0.75267833   0.36719024   1.80700521  -1.68717560
  0.84941585   0.41113519  -1.14918638  -0.27411175   1.81018068   0.75295850   0.36666050   1.80696789  -1.68923617
  0.85103167   0.41052153  -1.14871434  -0.27358370   1.80935167   0.75321584   0.36614976   1.80692117  -1.69137962
  0.85296133   0.41001198  -1.14807560  -0.27318194   1.80867615   0.75340647   0.36552719   1.80690864  -1.69415307
  0.85453051   0.40940340  -1.14764991  -0.27261672   1.80781838   0.75367579   0.36500203   1.80685968  -1.69618829
  0.85615498   0.40880716  -1.14716299  -0.27209984   1.80700932   0.75392137   0.36449594   1.80680860  -1.69834282
  0.85808584   0.40832017  -1.14651538  -0.27171130   1.80635752   0.75410006   0.36387355   1.80679330  -1.70112226
  0.85965214   0.40773237  -1.14607827  -0.27116065   1.80552585   0.75435878   0.36335537   1.80674510  -1.70315346
  0.86126069   0.40715799  -1.14558870  -0.27065341   1.80473591   0.75459282   0.36285980   1.80669141  -1.70527845
  0.86319119   0.40669795  -1.14492976  -0.27027914   1.80411087   0.75475671   0.36224321   1.80667344  -1.70805480
  0.86474722   0.40613827  -1.14448635  -0.26974067   1.80330301   0.75499971   0.36173547   1.80662218  -1.71006355
  0.86634801   0.40558944  -1.14398778  -0.26924462   1.80253455   0.75521853   0.36125325   1.80656511  -1.71216641
  0.86828812   0.40516317  -1.14331468  -0.26888927   1.80194282   0.75536514   0.36063493   1.80654728  -1.71496205
  0.86983791   0.40463071  -1.14285984  -0.26836821   1.80116582   0.75559411   0.36013739   1.80649761  -1.71695943
  0.87141935   0.40410678  -1.14235874  -0.26788176   1.80041663   0.75579894   0.35967098   1.80643745  -1.71902148
  0.87336787   0.40371311  -1.14167152  -0.26754416   1.79985684   0.75592867   0.35905309   1.80641960  -1.72183132
  0.87490633   0.40320952  -1.14120915  -0.26703824   1.79910793   0.75614190   0.35856759   1.80636879  -1.72380564
  0.87692900   0.40252881  -1.14056117  -0.26652484   1.79822554   0.75637752   0.35792696   1.80625913  -1.72668915
  0.87831604   0.40203260  -1.14014334  -0.26604898   1.79755087   0.75660797   0.35747684   1.80622627  -1.72844442
  0.88016223   0.40171538  -1.13946977  -0.26573992   1.79706132   0.75670119   0.35691761   1.80620453  -1.73105319
  0.88164892   0.40130372  -1.13900765  -0.26526291   1.79637103   0.75686569   0.35647208   1.80615127  -1.73291314
  0.88355968   0.40100907  -1.13829163  -0.26497042   1.79589850   0.75693853   0.35591188   1.80612754  -1.73561938
  0.88508255   0.40058931  -1.13780292  -0.26450885   1.79522770   0.75711315   0.35545395   1.80609306  -1.73755671
  0.88706048   0.40001022  -1.13714080  -0.26403919   1.79442765   0.75729888   0.35485243   1.80599006  -1.74034641
  0.88844098   0.39958764  -1.13669814  -0.26360234   1.79382197   0.75748996   0.35442447   1.80596089  -1.74208083
  0.89026841   0.39933189  -1.13600931  -0.26332356   1.79338867   0.75755075   0.35388810   1.80593825  -1.74464621
  0.89172998   0.39898049  -1.13553653  -0.26287459   1.79275017   0.75768231   0.35346821   1.80588330  -1.74645117
  0.89365172   0.39875681  -1.13479329  -0.26262012   1.79234732   0.75771690   0.35291613   1.80585779  -1.74916845
  0.89516012   0.39839573  -1.13428637  -0.26219235   1.79173660   0.75786118   0.35247940   1.80582708  -1.75107486
  0.89713380   0.39790964  -1.13359784  -0.26176933   1.79102278   0.75799933   0.35189503   1.80572783  -1.75384734
  0.89851117   0.39754702  -1.13313397  -0.26136555   1.79047490   0.75815740   0.35148447   1.80570010  -1.75556887
  0.90032313   0.39734379  -1.13243196  -0.26111372   1.79009202   0.75818965   0.35096731   1.80567468  -1.75809789
  0.90176421   0.39704553  -1.13194895  -0.26069100   1.78950196   0.75829182   0.35056942   1.80561778  -1.75985730
  0.90369127   0.39688390  -1.13118362  -0.26047029   1.78916176   0.75829267   0.35002617   1.80558935  -1.76257622
  0.90518480   0.39657792  -1.13066159  -0.26007364   1.78860730   0.75840780   0.34960929   1.80556026  -1.76445004
  0.90715618   0.39617958  -1.12994787  -0.25969607   1.78797742   0.75850073   0.34904026   1.80546412  -1.76720933
  0.90852995   0.39587438  -1.12946458  -0.25932423   1.78748572   0.75862704   0.34864649   1.80543732  -1.76891684
  0.91032732   0.39572272  -1.12875022  -0.25909929   1.78715332   0.75863116   0.34814770   1.80540918  -1.77141091
  0.91174837   0.39547656  -1.12825765  -0.25870278   1.78661156   0.75870439   0.34777151   1.80535045  -1.77312533
  0.91368048   0.39537576  -1.12747148  -0.25851539   1.78633363   0.75867217   0.34723679   1.80531911  -1.77584503
  0.91515876   0.39512412  -1.12693558  -0.25814959   1.78583514   0.75875847   0.34683960   1.80529149  -1.77768523
  0.91712792   0.39481185  -1.12619803  -0.25781716   1.78528891   0.75880708   0.34628527   1.80519842  -1.78043135
  0.91849764   0.39456340  -1.12569646  -0.25747707   1.78485331   0.75890199   0.34590820   1.80517245  -1.78212359
  0.92028084   0.39446348  -1.12497035  -0.25727937   1.78457218   0.75887794   0.34542745   1.80514186  -1.78458319
  0.92168211   0.39426925  -1.12446871  -0.25690935   1.78407920   0.75892232   0.34507297   1.80508157  -1.78625269
  0.92405045   0.39461923  -1.12343981  -0.25691700   1.78424929   0.75859464   0.34440951   1.80491463  -1.78957144
  0.92531028   0.39427892  -1.12295886  -0.25656524   1.78364032   0.75877227   0.34413579   1.80504051  -1.79116288
  0.92678275   0.39404077  -1.12240572  -0.25623400   1.78318907   0.75884759   0.34374723   1.80501212  -1.79302232
  0.92868770   0.39375184  -1.12168492  -0.25590821   1.78266555   0.75888213   0.34322511   1.80490770  -1.79564389
  0.93004702   0.39354461  -1.12117289  -0.25559239   1.78227746   0.75895298   0.34286103   1.80487665  -1.79731143
  0.93181868   0.39349091  -1.12043618  -0.25542125   1.78204788   0.75890271   0.34239374   1.80484012  -1.79974413
  0.93319618   0.39334635  -1.11992844  -0.25507625   1.78160216   0.75891768   0.34206258   1.80477392  -1.80136033
  0.93556470   0.39373137  -1.11888309  -0.25511932   1.78183509   0.75857490   0.34139786   1.80460923  -1.80469512
  0.93681799   0.39346188  -1.11838511  -0.25480026   1.78129410   0.75871121   0.34114437   1.80472665  -1.80625139
  0.93826939   0.39329104  -1.11782357  -0.25449877   1.78090046   0.75874981   0.34077883   1.80469602  -1.80805764
  0.94018487   0.39310329  -1.11706957  -0.25422964   1.78047892   0.75873081   0.34027123   1.80459537  -1.81068690
  0.94153702   0.39295969  -1.11653976  -0.25394935   1.78015470   0.75876695   0.33992635   1.80456560  -1.81233169
  0.94329320   0.39296599  -1.11579085  -0.25381043   1.77998638   0.75868425   0.33947886   1.80452678  -1.81472615
  0.94510272   0.39285722  -1.11508368  -0.25353627   1.77960029   0.75864189   0.33900705   1.80443684  -1.81711740
  0.94645600   0.39277266  -1.11453514  -0.25328807   1.77933113   0.75864656   0.33867835   1.80441140  -1.81875436
  0.94820019   0.39282551  -1.11377748  -0.25317182   1.77920444   0.75854027   0.33824822   1.80437582  -1.82111700
  0.95000003   0.39277390  -1.11305842  -0.25292705   1.77887147   0.75847004   0.33779251   1.80429247  -1.82348274
  0.95134730   0.39272614  -1.11250135  -0.25269831   1.77863734   0.75845579   0.33747551   1.80426974  -1.82510263
  0.95308398   0.39281260  -1.11173722  -0.25259963   1.77854350   0.75833223   0.33705590   1.80423513  -1.82744604
  0.95487951   0.39280681  -1.11100779  -0.25237905   1.77825545   0.75823883   0.33661052   1.80415444  -1.82979767
  0.95622215   0.39278920  -1.11044361  -0.25216676   1.77805129   0.75820871   0.33630279   1.80413284  -1.83140427
  0.95795218   0.39290424  -1.10967406  -0.25208343   1.77798667   0.75807015   0.33589207   1.80409797  -1.83373090
  0.95974351   0.39293868  -1.10893572  -0.25188444   1.77773914   0.75795614   0.33545579   1.80401870  -1.83606941
  0.96108168   0.39294851  -1.10836524  -0.25168731   1.77756299   0.75791146   0.33515641   1.80399758  -1.83766351
  0.96280548   0.39309023  -1.10759072  -0.25161853   1.77752633   0.75775880   0.33475382   1.80396202  -1.83997454
  0.96485960   0.39354848  -1.10669379  -0.25161006   1.77768118   0.75735779   0.33424989   1.80373225  -1.84267602
  0.96635543   0.39364340  -1.10582732  -0.25158775   1.77762479   0.75711580   0.33428322   1.80358650  -1.84439365
  0.96766221   0.39368676  -1.10539232  -0.25134594   1.77741802   0.75723000   0.33373917   1.80384533  -1.84610094
  0.96939409   0.39369051  -1.10469474  -0.25114280   1.77715978   0.75715331   0.33328402   1.80379849  -1.84839382
  0.97074077   0.39370471  -1.10411759  -0.25095433   1.77700069   0.75710057   0.33298253   1.80376553  -1.85000433
  0.97245748   0.39385866  -1.10334136  -0.25089559   1.77698794   0.75693773   0.33258496   1.80371883  -1.85229989
  0.97450538   0.39433022  -1.10244283  -0.25089759   1.77716567   0.75652724   0.33208541   1.80348007  -1.85498837
  0.97599896   0.39444454  -1.10157359  -0.25088824   1.77713801   0.75627425   0.33211950   1.80332765  -1.85669925
  0.97729282   0.39453040  -1.10113134  -0.25067233   1.77698504   0.75636387   0.33158719   1.80357952  -1.85837998
  0.97901777   0.39459873  -1.10041824  -0.25050578   1.77679584   0.75625183   0.33114926   1.80353072  -1.86065058
  0.98035419   0.39465976  -1.09983202  -0.25034344   1.77668679   0.75617424   0.33086217   1.80349729  -1.86223525
  0.98205958   0.39486175  -1.09904750  -0.25031153   1.77672685   0.75598592   0.33047846   1.80344818  -1.86450326
  0.98410590   0.39536699  -1.09814077  -0.25033480   1.77694659   0.75555727   0.32998447   1.80320538  -1.86718547
  0.98559229   0.39551449  -1.09726898  -0.25034014   1.77695382   0.75528591   0.33002582   1.80304532  -1.86887115
  0.98687228   0.39566288  -1.09681445  -0.25016253   1.77687343   0.75534276   0.32950921   1.80329646  -1.87052628
  0.98858701   0.39581355  -1.09608243  -0.25004111   1.77676828   0.75518833   0.32909444   1.80325061  -1.87276552
  0.98991116   0.39593131  -1.09548570  -0.24990939   1.77671741   0.75508185   0.32882484   1.80321887  -1.87431897
  0.99160399   0.39618900  -1.09469177  -0.24990785   1.77681675   0.75486499   0.32845715   1.80316911  -1.87655606
  0.99364824   0.39673186  -1.09377631  -0.24995419   1.77708203   0.75441666   0.32796971   1.80292330  -1.87923067
  0.99512663   0.39691495  -1.09290187  -0.24997508   1.77712596   0.75412592   0.32801929   1.80275602  -1.88088926
  0.99639256   0.39712960  -1.09243448  -0.24983753   1.77712158   0.75414872   0.32751915   1.80300704  -1.88251787
  0.99809546   0.39736584  -1.09168378  -0.24976269   1.77710372   0.75395110   0.32712849   1.80296474  -1.88472263
  0.99940681   0.39754248  -1.09107652  -0.24966255   1.77711321   0.75381513   0.32687675   1.80293496  -1.88624381
  1.00108675   0.39785757  -1.09027314  -0.24969222   1.77727375   0.75356931   0.32652538   1.80288481  -1.88844940
  1.00312854   0.39843879  -1.08934912  -0.24976191   1.77758542   0.75310111   0.32604489   1.80263618  -1.89111567
  1.00459858   0.39865775  -1.08847226  -0.24979825   1.77766633   0.75279107   0.32610280   1.80246178  -1.89274665
  1.00585064   0.39893908  -1.08799203  -0.24970095   1.77773867   0.75277994   0.32561908   1.80271239  -1.89434900
  1.00754027   0.39926099  -1.08722361  -0.24967263   1.77780885   0.75253979   0.32525252   1.80267352  -1.89651713
  1.00883855   0.39949695  -1.08660611  -0.24960421   1.77787954   0.75237452   0.32501841   1.80264551  -1.89800582
  1.01050550   0.39986983  -1.08579342  -0.24966530   1.77810219   0.75209992   0.32468323   1.80259493  -1.90018003
  1.01254452   0.40048947  -1.08486112  -0.24975829   1.77846051   0.75161197   0.32420994   1.80234344  -1.90283750
  1.01400590   0.40074412  -1.08398217  -0.24980974   1.77857826   0.75128293   0.32427609   1.80216188  -1.90444056
  1.01524438   0.40109193  -1.08348918  -0.24975258   1.77872754   0.75123828   0.32380856   1.80241162  -1.90601723
  1.01691930   0.40149898  -1.08270406  -0.24977038   1.77888597   0.75095657   0.32346592   1.80237588  -1.90814680
  1.01820428   0.40179432  -1.08207663  -0.24973364   1.77901835   0.75076240   0.32324910   1.80234935  -1.90960296
  1.01985820   0.40222504  -1.08125479  -0.24982621   1.77930375   0.75045937   0.32292985   1.80229817  -1.91174610
  1.02189417   0.40288296  -1.08031447  -0.24994232   1.77970882   0.74995188   0.32246398   1.80204372  -1.91439447
  1.02334660   0.40317299  -1.07943377  -0.25000845   1.77986316   0.74960419   0.32253824   1.80185492  -1.91596928
  1.02457183   0.40358701  -1.07892803  -0.24999131   1.78008952   0.74952647   0.32208661   1.80210325  -1.91752103
  1.02623058   0.40407859  -1.07812719  -0.25005476   1.78033631   0.74920424   0.32176773   1.80207032  -1.91961012
  1.02750200   0.40443324  -1.07749016  -0.25004956   1.78053076   0.74898163   0.32156782   1.80204491  -1.92103375
  1.02914285   0.40492175  -1.07665927  -0.25017360   1.78087944   0.74865060   0.32126420   1.80199290  -1.92314625
  1.03117556   0.40561772  -1.07571116  -0.25031266   1.78133126   0.74812382   0.32080591   1.80173537  -1.92578530
  1.03232277   0.40594553  -1.07508390  -0.25034343   1.78152009   0.74796812   0.32068163   1.80184950  -1.92706923
  1.03363389   0.40636901  -1.07441892  -0.25035463   1.78174011   0.74770987   0.32049626   1.80183148  -1.92851745
  1.03528151   0.40690364  -1.07356989  -0.25050805   1.78213927   0.74735556   0.32020428   1.80178211  -1.93063725
  1.03730775   0.40763537  -1.07261308  -0.25067585   1.78265209   0.74680661   0.31975054   1.80151026  -1.93327015
  1.03839247   0.40805419  -1.07198626  -0.25076859   1.78298220   0.74659663   0.31964932   1.80158600  -1.93445464
  1.03960133   0.40864071  -1.07131582  -0.25089259   1.78345050   0.74624349   0.31950449   1.80150931  -1.93574447
  1.04106792   0.40943255  -1.07046326  -0.25122855   1.78425338   0.74574103   0.31928093   1.80136704  -1.93758699
  1.04288513   0.41039253  -1.06951284  -0.25158626   1.78519049   0.74504942   0.31889322   1.80097630  -1.93992514
  1.04369322   0.41148284  -1.06881984  -0.25209760   1.78641433   0.74448055   0.31892349   1.80090964  -1.94065888
  1.04458662   0.41288586  -1.06805471  -0.25273158   1.78792235   0.74370516   0.31895192   1.80071335  -1.94145115
  1.04541498   0.41462212  -1.06721810  -0.25357096   1.78983208   0.74274860   0.31905149   1.80046479  -1.94213018
  1.04572570   0.42134267  -1.06523695  -0.25690029   1.79620809   0.73953775   0.32046944   1.80074270  -1.94116986
  1.04633358   0.42240860  -1.06466759  -0.25743684   1.79757271   0.73890950   0.32045138   1.80043240  -1.94169689
  1.04634186   0.42814311  -1.06297701  -0.26042116   1.80345506   0.73606977   0.32170033   1.80029476  -1.94056462
  1.04700548   0.42942888  -1.06239036  -0.26112534   1.80524886   0.73532320   0.32149462   1.79986112  -1.94133825
  1.04619232   0.43661898  -1.06056016  -0.26480499   1.81244292   0.73190481   0.32337985   1.79987613  -1.93863396
  1.04579096   0.44090503  -1.05945528  -0.26710427   1.81726927   0.72972405   0.32422693   1.79936115  -1.93726412
  1.04698654   0.44236211  -1.05870150  -0.26782397   1.81936683   0.72882442   0.32371427   1.79868266  -1.93875254
  1.04492517   0.45285795  -1.05625868  -0.27325499   1.82948127   0.72412917   0.32678799   1.79925851  -1.93397867
  1.04492517   0.45285795  -1.05625868  -0.27325499   1.82948127   0.72412917   0.32678799   1.79925851  -1.93397867
  1.04316115   0.46467538  -1.05332119  -0.27953426   1.84234590   0.71844996   0.32941226   1.79834186  -1.92949231
  1.04173174   0.47134484  -1.05177832  -0.28300556   1.84911387   0.71535616   0.33118551   1.79811545  -1.92643647
  1.04173174   0.47134484  -1.05177832  -0.28300556   1.84911387   0.71535616   0.33118551   1.79811545  -1.92643647
  1.03960430   0.48384214  -1.04864710  -0.28979377   1.86334812   0.70932841   0.33368889   1.79660198  -1.92172153
  1.03960430   0.48384214  -1.04864710  -0.28979377   1.86334812   0.70932841   0.33368889   1.79660198  -1.92172153
  1.03665621   0.49704952  -1.04544448  -0.29686329   1.87790907   0.70311422   0.33675831   1.79522000  -1.91576783
  1.03520513   0.50391606  -1.04366089  -0.30046191   1.88506626   0.69999843   0.33847954   1.79483395  -1.91287485
  1.03349265   0.51259687  -1.04144351  -0.30480444   1.89385440   0.69618500   0.34053231   1.79449606  -1.90930402
  1.03349265   0.51259687  -1.04144351  -0.30480444   1.89385440   0.69618500   0.34053231   1.79449606  -1.90930402
  1.03043894   0.52657899  -1.03777387  -0.31212938   1.90894934   0.68980294   0.34376534   1.79309350  -1.90338274
  1.03043894   0.52657899  -1.03777387  -0.31212938   1.90894934   0.68980294   0.34376534   1.79309350  -1.90338274
  1.02728697   0.54159638  -1.03363914  -0.31978482   1.92457363   0.68310128   0.34737941   1.79189363  -1.89727000
  1.02586543   0.54747595  -1.03200561  -0.32299620   1.93148236   0.68027661   0.34862064   1.79072083  -1.89473757
  1.02429908   0.55464488  -1.03003353  -0.32662932   1.93897951   0.67713388   0.35021277   1.79009665  -1.89193164
  1.02252365   0.56300018  -1.02757361  -0.33081889   1.94769158   0.67344486   0.35222021   1.78929489  -1.88859869
  1.02100593   0.56971094  -1.02561037  -0.33429302   1.95509800   0.67038800   0.35369516   1.78829555  -1.88589510
  1.01949882   0.57641258  -1.02367219  -0.33770468   1.96226059   0.66743624   0.35514744   1.78752260  -1.88332173
  1.01772570   0.58500062  -1.02102315  -0.34187443   1.97091668   0.66376270   0.35723915   1.78686807  -1.88008117
  1.01635110   0.59054887  -1.01941965  -0.34484597   1.97744629   0.66116163   0.35827453   1.78566481  -1.87786514
  1.01447477   0.59963410  -1.01652679  -0.34920537   1.98656209   0.65731895   0.36050015   1.78497482  -1.87450265
  1.01286464   0.60645303  -1.01439847  -0.35271735   1.99422608   0.65420783   0.36194887   1.78372178  -1.87183764
  1.01286464   0.60645303  -1.01439847  -0.35271735   1.99422608   0.65420783   0.36194887   1.78372178  -1.87183764
  1.00958271   0.62129286  -1.00967066  -0.36005054   2.00996934   0.64774567   0.36524987   1.78178144  -1.86638557
  1.00814074   0.62785209  -1.00755454  -0.36326277   2.01688158   0.64492174   0.36666414   1.78095308  -1.86410003
  1.00652840   0.63510955  -1.00517242  -0.36684613   2.02462073   0.64175207   0.36823483   1.77991102  -1.86159937
  1.00489222   0.64168774  -1.00295443  -0.37022217   2.03242545   0.63865533   0.36959844   1.77821063  -1.85885230
  1.00489222   0.64168774  -1.00295443  -0.37022217   2.03242545   0.63865533   0.36959844   1.77821063  -1.85885230
  1.00113797   0.65888354  -0.99722251  -0.37836538   2.05006286   0.63149028   0.37333109   1.77637465  -1.85310756
  1.00113797   0.65888354  -0.99722251  -0.37836538   2.05006286   0.63149028   0.37333109   1.77637465  -1.85310756
  0.99772097   0.67361575  -0.99211372  -0.38554568   2.06615499   0.62503900   0.37644955   1.77379186  -1.84795339
  0.99772097   0.67361575  -0.99211372  -0.38554568   2.06615499   0.62503900   0.37644955   1.77379186  -1.84795339
  0.99444744   0.68831528  -0.98696314  -0.39252876   2.08167096   0.61873827   0.37957396   1.77156552  -1.84323138
  0.99444744   0.68831528  -0.98696314  -0.39252876   2.08167096   0.61873827   0.37957396   1.77156552  -1.84323138
  0.99189592   0.70026806  -0.98215826  -0.39882880   2.09439510   0.61378716   0.38164499   1.76927953  -1.83918827
  0.99189592   0.70026806  -0.98215826  -0.39882880   2.09439510   0.61378716   0.38164499   1.76927953  -1.83918827
  0.99491549   0.72441791  -0.94905230  -0.44266395   2.09377548   0.61797259   0.35887135   1.75529905  -1.82031510
  0.99491549   0.72441791  -0.94905230  -0.44266395   2.09377548   0.61797259   0.35887135   1.75529905  -1.82031510
  0.99602495   0.74458224  -0.92099809  -0.47632714   2.09439510   0.62161777   0.34017446   1.74433371  -1.80585341
  0.99602495   0.74458224  -0.92099809  -0.47632714   2.09439510   0.62161777   0.34017446   1.74433371  -1.80585341
  0.99637281   0.76544671  -0.88759829  -0.51383067   2.09402814   0.62735235   0.31569640   1.73034303  -1.78952931
  0.99637281   0.76544671  -0.88759829  -0.51383067   2.09402814   0.62735235   0.31569640   1.73034303  -1.78952931
  0.99515404   0.78596640  -0.85329615  -0.54789723   2.09439510   0.63300522   0.29108220   1.71705071  -1.77456025
  0.99515404   0.78596640  -0.85329615  -0.54789723   2.09439510   0.63300522   0.29108220   1.71705071  -1.77456025
  0.99515404   0.78596640  -0.85329615  -0.54789723   2.09439510   0.63300522   0.29108220   1.71705071  -1.77456025
  0.99063042   0.82061770  -0.78708389  -0.60583691   2.09439510   0.64547374   0.24142874   1.69256279  -1.74915368
  0.99063042   0.82061770  -0.78708389  -0.60583691   2.09439510   0.64547374   0.24142874   1.69256279  -1.74915368
  0.99063042   0.82061770  -0.78708389  -0.60583691   2.09439510   0.64547374   0.24142874   1.69256279  -1.74915368
  0.97753597   0.85456749  -0.70883900  -0.65623213   2.09439510   0.65914976   0.18187547   1.66760584  -1.72408568
  0.97753597   0.85456749  -0.70883900  -0.65623213   2.09439510   0.65914976   0.18187547   1.66760584  -1.72408568
  0.97595666   0.85458089  -0.70831350  -0.65661502   2.09439510   0.65932326   0.18119942   1.66693459  -1.72203046
  0.95579296   0.88285212  -0.62842459  -0.68844453   2.09439510   0.66930843   0.12088784   1.64734877  -1.70475071
  0.95579296   0.88285212  -0.62842459  -0.68844453   2.09439510   0.66930843   0.12088784   1.64734877  -1.70475071
  0.95387065   0.88256826  -0.62830722  -0.68861344   2.09439510   0.66927287   0.12099683   1.64684899  -1.70239073
  0.92972062   0.90437069  -0.55627574  -0.70372637   2.09439510   0.67420685   0.06688317   1.63308426  -1.69099616
  0.92821665   0.90463632  -0.55620249  -0.70384119   2.09439510   0.67416956   0.06718976   1.63327167  -1.68920107
  0.92796760   0.90451752  -0.55619400  -0.70401239   2.09439510   0.67432859   0.06716684   1.63341932  -1.68928292
  0.92633918   0.90450686  -0.55624962  -0.70398991   2.09439510   0.67436160   0.06691998   1.63321172  -1.68729665
  0.92475618   0.90462850  -0.55551797  -0.70411775   2.09439510   0.67430632   0.06642240   1.63287950  -1.68566753
  0.89234016   0.92896693  -0.46960545  -0.71289668   2.09439510   0.67516638   0.00385788   1.62174486  -1.67487034
  0.89060604   0.92865151  -0.46995783  -0.71293450   2.09439510   0.67513910   0.00425627   1.62162159  -1.67269346
  0.88939130   0.92865858  -0.47011309  -0.71290006   2.09430461   0.67509035   0.00424486   1.62153830  -1.67121470
  0.88798822   0.92863566  -0.47041730  -0.71292442   2.09430348   0.67527045   0.00400621   1.62166197  -1.66981630
  0.88649972   0.92856866  -0.47032145  -0.71309689   2.09439510   0.67496406   0.00438739   1.62133710  -1.66821232
  0.88497052   0.92862021  -0.47056783  -0.71317554   2.09439510   0.67510443   0.00422696   1.62149465  -1.66673462
  0.88350922   0.92840077  -0.47061065  -0.71327578   2.09439510   0.67525040   0.00439764   1.62162544  -1.66515145
  0.88186337   0.92835413  -0.47082146  -0.71339596   2.09439510   0.67521804   0.00455670   1.62159769  -1.66341528
  0.88023151   0.92831561  -0.47113534  -0.71342916   2.09439510   0.67536188   0.00454142   1.62175127  -1.66162090
  0.87882337   0.92849615  -0.47075295  -0.71356884   2.09439510   0.67518863   0.00442910   1.62161466  -1.66034696
  0.87668358   0.92843298  -0.47116848  -0.71355790   2.09439510   0.67515199   0.00462546   1.62156612  -1.65772337
  0.87551147   0.92827914  -0.47130750  -0.71367400   2.09439510   0.67540333   0.00463998   1.62182368  -1.65662599
  0.87420460   0.92837487  -0.47131216  -0.71384372   2.09429143   0.67535253   0.00460512   1.62180620  -1.65551563
  0.87250133   0.92818173  -0.47157486  -0.71392827   2.09434975   0.67519135   0.00508214   1.62161401  -1.65342207
  0.87065281   0.92815578  -0.47214263  -0.71390127   2.09417362   0.67534120   0.00512714   1.62178797  -1.65121426
  0.86911027   0.92794465  -0.47240776  -0.71399357   2.09439510   0.67541310   0.00537363   1.62182732  -1.64948243
  0.86810765   0.92815408  -0.47236926  -0.71419673   2.09439510   0.67526433   0.00542415   1.62178657  -1.64874206
  0.86623908   0.92794372  -0.47294982  -0.71418535   2.09439510   0.67549969   0.00559610   1.62200725  -1.64646315
  0.86464501   0.92784474  -0.47322417  -0.71431364   2.09434393   0.67524916   0.00611412   1.62176658  -1.64456957
  0.86292943   0.92778623  -0.47383972  -0.71431458   2.09411872   0.67547328   0.00614239   1.62201438  -1.64259508
  0.86140577   0.92752490  -0.47407646  -0.71442207   2.09437507   0.67541070   0.00658743   1.62190578  -1.64078464
  0.86010756   0.92763276  -0.47431698  -0.71454996   2.09439510   0.67541973   0.00667376   1.62201467  -1.63952333
  0.85800236   0.92740293  -0.47494364  -0.71454608   2.09439510   0.67560061   0.00701481   1.62220769  -1.63687414
  0.85688487   0.92736777  -0.47515928  -0.71460883   2.09425345   0.67540730   0.00737211   1.62203161  -1.63548943
  0.85536555   0.92733307  -0.47577722  -0.71472766   2.09402123   0.67556093   0.00738969   1.62218824  -1.63402072
  0.85374559   0.92701522  -0.47617683  -0.71483119   2.09408925   0.67565662   0.00774178   1.62221753  -1.63216208
  0.85224652   0.92689932  -0.47662106  -0.71489421   2.09424268   0.67567793   0.00805312   1.62226013  -1.63038025
  0.85112279   0.92698504  -0.47701814  -0.71501049   2.09432745   0.67568150   0.00820593   1.62235944  -1.62926038
  0.84955815   0.92682251  -0.47740059  -0.71513969   2.09421468   0.67557061   0.00871730   1.62226515  -1.62741625
  0.84802719   0.92669035  -0.47798896  -0.71518935   2.09413999   0.67574622   0.00887905   1.62244629  -1.62567575
  0.84704582   0.92641754  -0.47816666  -0.71533064   2.09381618   0.67589249   0.00917308   1.62257845  -1.62467213
  0.84483470   0.92623993  -0.47907571  -0.71523295   2.09386617   0.67593068   0.00942913   1.62253202  -1.62175819
  0.84329394   0.92594591  -0.47936287  -0.71536745   2.09371281   0.67591009   0.01003078   1.62252258  -1.61988839
  0.84201775   0.92599349  -0.48005021  -0.71540710   2.09376906   0.67603518   0.00995991   1.62264970  -1.61858352
  0.84063552   0.92563303  -0.48023505  -0.71559861   2.09367588   0.67604885   0.01056406   1.62265418  -1.61702144
  0.83931736   0.92557519  -0.48080935  -0.71567239   2.09359110   0.67614431   0.01069869   1.62276055  -1.61560206
  0.83768691   0.92534895  -0.48140207  -0.71571467   2.09347523   0.67624045   0.01101973   1.62282369  -1.61362354
  0.83598317   0.92506399  -0.48185994  -0.71580048   2.09331451   0.67622846   0.01155402   1.62278762  -1.61150809
  0.83459755   0.92508698  -0.48263085  -0.71575795   2.09336970   0.67639728   0.01146911   1.62294506  -1.60990086
  0.83307054   0.92464963  -0.48287244  -0.71589690   2.09334898   0.67649888   0.01208866   1.62302301  -1.60804255
  0.83202854   0.92467523  -0.48337870  -0.71608881   2.09313879   0.67650585   0.01215875   1.62304069  -1.60725391
  0.82994165   0.92436764  -0.48406113  -0.71617753   2.09315831   0.67661547   0.01259183   1.62310220  -1.60477942
  0.82874043   0.92420052  -0.48440621  -0.71629591   2.09308515   0.67663845   0.01291508   1.62312318  -1.60345747
  0.82706313   0.92410168  -0.48511510  -0.71617941   2.09302833   0.67671976   0.01314027   1.62319738  -1.60112882
  0.82543505   0.92382516  -0.48548709  -0.71627127   2.09281949   0.67666270   0.01374806   1.62313805  -1.59906138
  0.82428361   0.92388482  -0.48616223  -0.71631969   2.09287707   0.67681767   0.01361513   1.62329108  -1.59796110
  0.82266571   0.92342821  -0.48642801  -0.71642059   2.09288987   0.67692718   0.01425796   1.62337142  -1.59589504
  0.82162676   0.92349979  -0.48692074  -0.71662464   2.09270310   0.67689449   0.01433115   1.62336620  -1.59513504
  0.81986884   0.92325867  -0.48751142  -0.71662285   2.09274033   0.67698300   0.01468707   1.62341568  -1.59288121
  0.81855131   0.92322854  -0.48806420  -0.71669853   2.09271180   0.67706521   0.01482692   1.62352430  -1.59146033
  0.81662009   0.92303551  -0.48865555  -0.71675538   2.09256305   0.67697647   0.01534484   1.62341658  -1.58903376
  0.81532645   0.92278423  -0.48896298  -0.71686253   2.09262633   0.67708252   0.01572115   1.62352265  -1.58753954
  0.81382306   0.92275524  -0.48956530  -0.71692124   2.09258828   0.67708926   0.01592350   1.62353978  -1.58582505
  0.81209218   0.92256876  -0.49000414  -0.71704028   2.09244447   0.67698559   0.01648526   1.62344871  -1.58373632
  0.81107282   0.92249277  -0.49034426  -0.71714443   2.09260438   0.67713616   0.01661988   1.62364180  -1.58271795
  0.80949572   0.92241597  -0.49084970  -0.71721367   2.09266368   0.67714118   0.01694285   1.62368160  -1.58085672
  0.80776331   0.92220796  -0.49126477  -0.71730638   2.09262078   0.67707011   0.01750154   1.62362208  -1.57870596
  0.80621748   0.92213551  -0.49186791  -0.71733741   2.09278026   0.67719707   0.01766116   1.62376399  -1.57690554
  0.80487075   0.92211467  -0.49233397  -0.71744451   2.09276265   0.67715354   0.01791181   1.62374638  -1.57544460
  0.80313000   0.92196618  -0.49286860  -0.71749842   2.09284633   0.67719283   0.01829506   1.62380442  -1.57331675
  0.80206892   0.92200817  -0.49317602  -0.71763941   2.09293760   0.67716654   0.01851108   1.62385967  -1.57228003
  0.80072169   0.92206039  -0.49369428  -0.71771975   2.09316112   0.67724146   0.01861537   1.62400124  -1.57085538
  0.79918783   0.92195079  -0.49396837  -0.71785397   2.09312695   0.67708865   0.01918593   1.62391109  -1.56901724
  0.79773201   0.92195877  -0.49441590  -0.71793578   2.09329376   0.67705857   0.01946097   1.62394347  -1.56735386
  0.79595874   0.92192479  -0.49482429  -0.71801955   2.09348405   0.67695031   0.01996598   1.62392928  -1.56517134
  0.79469245   0.92198249  -0.49520315  -0.71813557   2.09363446   0.67690118   0.02020522   1.62396239  -1.56382767
  0.79279645   0.92198602  -0.49570956  -0.71818626   2.09388050   0.67681799   0.02065488   1.62397617  -1.56146781
  0.79113987   0.92181081  -0.49617502  -0.71826715   2.09407551   0.67689284   0.02102157   1.62406479  -1.55950421
  0.78996250   0.92199516  -0.49661125  -0.71836708   2.09423036   0.67682986   0.02113989   1.62411162  -1.55831015
  0.78869684   0.92185235  -0.49674218  -0.71853552   2.09398830   0.67682263   0.02159103   1.62417384  -1.55693043
  0.78686367   0.92177020  -0.49744187  -0.71852214   2.09401361   0.67679963   0.02179277   1.62408708  -1.55466924
  0.78507540   0.92155956  -0.49787287  -0.71861238   2.09415651   0.67680050   0.02223788   1.62407448  -1.55252052
  0.78370412   0.92152408  -0.49829785  -0.71869718   2.09439510   0.67690395   0.02240884   1.62422717  -1.55102505
  0.78265764   0.92157792  -0.49836070  -0.71891221   2.09421169   0.67680208   0.02269413   1.62422952  -1.55011616
  0.78088717   0.92144215  -0.49900496  -0.71888376   2.09431486   0.67693318   0.02284329   1.62431175  -1.54791990
  0.77931135   0.92134501  -0.49928736  -0.71901258   2.09431474   0.67668686   0.02338135   1.62407196  -1.54604445
  0.77758156   0.92129980  -0.49987977  -0.71903596   2.09410539   0.67687742   0.02346283   1.62428451  -1.54405564
  0.77605884   0.92105672  -0.50015507  -0.71911059   2.09439510   0.67690965   0.02378975   1.62425602  -1.54224762
  0.77440787   0.92107148  -0.50051878  -0.71918112   2.09432355   0.67686153   0.02410431   1.62428134  -1.54029795
  0.77304252   0.92095446  -0.50087414  -0.71929820   2.09439510   0.67706538   0.02416208   1.62447893  -1.53894926
  0.77184684   0.92101579  -0.50081936  -0.71949708   2.09439510   0.67687399   0.02437128   1.62432433  -1.53787457
  0.77017299   0.92092394  -0.50139201  -0.71950293   2.09439510   0.67705197   0.02442965   1.62447446  -1.53592331
  0.76829775   0.92092707  -0.50181353  -0.71951363   2.09437613   0.67683138   0.02479314   1.62424507  -1.53355056
  0.76679980   0.92067244  -0.50204928  -0.71959873   2.09439510   0.67712426   0.02495283   1.62452270  -1.53189505
  0.76529028   0.92079396  -0.50187501  -0.71976288   2.09439510   0.67693933   0.02498584   1.62434455  -1.53048404
  0.76317782   0.92072557  -0.50233360  -0.71974816   2.09433374   0.67693985   0.02519259   1.62431195  -1.52787415
  0.76202779   0.92056384  -0.50248617  -0.71986906   2.09439510   0.67720319   0.02517374   1.62454904  -1.52682125
  0.76062410   0.92064498  -0.50229476  -0.72006929   2.09439510   0.67700276   0.02529580   1.62436168  -1.52555760
  0.75870587   0.92072863  -0.50225855  -0.72009107   2.09439510   0.67703054   0.02512617   1.62435481  -1.52347884
  0.75658533   0.92051594  -0.50262734  -0.72011578   2.09439510   0.67715217   0.02535763   1.62441573  -1.52092428
  0.75540417   0.92052771  -0.50264982  -0.72028341   2.09439510   0.67697668   0.02557001   1.62424281  -1.51979787
  0.75379997   0.92054055  -0.50301762  -0.72030539   2.09436449   0.67711482   0.02548540   1.62436228  -1.51804966
  0.75196611   0.92034432  -0.50311243  -0.72040159   2.09439510   0.67708436   0.02583646   1.62429145  -1.51590457
  0.75082377   0.92059121  -0.50285452  -0.72056673   2.09439510   0.67708742   0.02546602   1.62431652  -1.51518341
  0.74902853   0.92044344  -0.50322666  -0.72058603   2.09439510   0.67723296   0.02556090   1.62440515  -1.51308664
  0.74738101   0.92054886  -0.50301702  -0.72068382   2.09439510   0.67712925   0.02550850   1.62429259  -1.51141703
  0.74493758   0.92032671  -0.50335838  -0.72065708   2.09439510   0.67729870   0.02567397   1.62438008  -1.50840946
  0.74381152   0.92047190  -0.50316615  -0.72076203   2.09439510   0.67712676   0.02564199   1.62421396  -1.50735516
  0.74190262   0.92052695  -0.50332934  -0.72081517   2.09439510   0.67711640   0.02557679   1.62416281  -1.50530562
  0.74049792   0.92035608  -0.50329131  -0.72095558   2.09439510   0.67733040   0.02558358   1.62434066  -1.50397666
  0.73860370   0.92042519  -0.50335629  -0.72100687   2.09439510   0.67721885   0.02560810   1.62419704  -1.50187930
  0.73710337   0.92034708  -0.50332432  -0.72115167   2.09439510   0.67728852   0.02563409   1.62423530  -1.50044284
  0.73530540   0.92036306  -0.50342514  -0.72121484   2.09439510   0.67726139   0.02564721   1.62417303  -1.49849197
  0.73369588   0.92034701  -0.50343041  -0.72130030   2.09439510   0.67732485   0.02559722   1.62420540  -1.49684583
  0.73199530   0.92034150  -0.50335035  -0.72140336   2.09439510   0.67720001   0.02571548   1.62404660  -1.49502475
  0.73049992   0.92044856  -0.50339193  -0.72146606   2.09439510   0.67725351   0.02548920   1.62407435  -1.49358058
  0.72845677   0.92031788  -0.50337406  -0.72150363   2.09439510   0.67738988   0.02550496   1.62415071  -1.49127325
  0.72705880   0.92039414  -0.50317725  -0.72166202   2.09439510   0.67719925   0.02555090   1.62393994  -1.48997761
  0.72490911   0.92052737  -0.50303446  -0.72166480   2.09439510   0.67710591   0.02538810   1.62379462  -1.48759084
  0.72339331   0.92067921  -0.50286059  -0.72172385   2.09439510   0.67726268   0.02490919   1.62391140  -1.48627179
  0.72170842   0.92050056  -0.50256139  -0.72184832   2.09439510   0.67731705   0.02500616   1.62390072  -1.48451787
  0.71973645   0.92065083  -0.50240826  -0.72186164   2.09439510   0.67732445   0.02469167   1.62385597  -1.48246197
  0.71822623   0.92062800  -0.50218985  -0.72202486   2.09439510   0.67740860   0.02454480   1.62389531  -1.48116855
  0.71628880   0.92068504  -0.50203927  -0.72209168   2.09439510   0.67729144   0.02450395   1.62372392  -1.47909819
  0.71437082   0.92085750  -0.50174043  -0.72206810   2.09439510   0.67736984   0.02404521   1.62374732  -1.47711171
  0.71292729   0.92080080  -0.50127383  -0.72228402   2.09439510   0.67726670   0.02409511   1.62359515  -1.47588224
  0.68051789   0.94083681  -0.42733999  -0.72154309   2.09439510   0.67486061  -0.02836302   1.61660687  -1.46894049
  0.67852489   0.94057162  -0.42804392  -0.72150706   2.09439510   0.67510839  -0.02814866   1.61686027  -1.46647711
  0.67727551   0.94043079  -0.42829452  -0.72162103   2.09431432   0.67500922  -0.02784392   1.61674952  -1.46510791
  0.67604078   0.94046362  -0.42863813  -0.72172355   2.09439510   0.67500429  -0.02781802   1.61677304  -1.46394141
  0.67431282   0.94041174  -0.42908551  -0.72180232   2.09439001   0.67486828  -0.02749647   1.61667406  -1.46194037
  0.67259700   0.94011616  -0.42930029  -0.72185342   2.09439510   0.67488096  -0.02704010   1.61670431  -1.45980291
  0.67102665   0.94010494  -0.42970760  -0.72182676   2.09424808   0.67497054  -0.02706462   1.61682513  -1.45801215
  0.66968872   0.93988031  -0.42977629  -0.72202774   2.09439510   0.67492020  -0.02676757   1.61674136  -1.45675822
  0.66780096   0.93988959  -0.43017441  -0.72199326   2.09433451   0.67492429  -0.02669425   1.61680461  -1.45451960
  0.66650536   0.93975999  -0.43029312  -0.72214007   2.09439510   0.67499403  -0.02661770   1.61686781  -1.45336012
  0.66471005   0.93969301  -0.43048293  -0.72221860   2.09439510   0.67482414  -0.02632141   1.61672951  -1.45131098
  0.66307001   0.93976922  -0.43059571  -0.72222183   2.09439510   0.67469281  -0.02631917   1.61663446  -1.44949180
  0.66140699   0.93979802  -0.43073158  -0.72227277   2.09439510   0.67472099  -0.02644840   1.61667918  -1.44786252
  0.65969575   0.93973113  -0.43076953  -0.72231476   2.09439510   0.67479454  -0.02651310   1.61676269  -1.44611587
  0.65825645   0.93955163  -0.43068083  -0.72239966   2.09439510   0.67486257  -0.02640943   1.61683175  -1.44464410
  0.65648437   0.93952344  -0.43085657  -0.72244439   2.09439510   0.67491919  -0.02648465   1.61689948  -1.44283881
  0.65468249   0.93957199  -0.43074304  -0.72244554   2.09439510   0.67473123  -0.02646837   1.61673948  -1.44083230
  0.65304597   0.93968269  -0.43064198  -0.72247839   2.09439510   0.67466728  -0.02669098   1.61669591  -1.43926830
  0.65147491   0.93950525  -0.43053461  -0.72255657   2.09439510   0.67485786  -0.02675858   1.61688093  -1.43777366
  0.64951594   0.93959538  -0.43040045  -0.72256084   2.09439510   0.67467051  -0.02683953   1.61671834  -1.43567694
  0.64802319   0.93952366  -0.43025159  -0.72266948   2.09439510   0.67478680  -0.02698792   1.61683632  -1.43439884
  0.64601955   0.93963009  -0.43007162  -0.72264643   2.09439510   0.67462811  -0.02715171   1.61670126  -1.43225827
  0.64449634   0.93957447  -0.42981190  -0.72276193   2.09439510   0.67465141  -0.02725155   1.61672864  -1.43092629
  0.64256331   0.93961915  -0.42973815  -0.72276723   2.09439510   0.67463640  -0.02745594   1.61672668  -1.42896260
  0.64091059   0.93962898  -0.42934648  -0.72286315   2.09439510   0.67443008  -0.02743520   1.61653639  -1.42734672
  0.63882160   0.93981291  -0.42899909  -0.72278226   2.09439510   0.67436719  -0.02789586   1.61649856  -1.42522290
  0.60500763   0.96070985  -0.35312187  -0.71824770   2.09439510   0.66864011  -0.08010131   1.61169938  -1.42073380
  0.60292111   0.96033833  -0.35363255  -0.71825398   2.09439510   0.66865294  -0.07960726   1.61175110  -1.41807487
  0.60182275   0.96024776  -0.35400926  -0.71835864   2.09439510   0.66882911  -0.07965159   1.61193719  -1.41716629
  0.60063914   0.96021297  -0.35407517  -0.71849309   2.09435295   0.66863139  -0.07945565   1.61176612  -1.41601309
  0.59877259   0.96013743  -0.35426923  -0.71846860   2.09439510   0.66858109  -0.07941791   1.61177815  -1.41391471
  0.59668659   0.95990023  -0.35465944  -0.71846547   2.09439510   0.66860964  -0.07912958   1.61187962  -1.41141486
  0.59551795   0.95986800  -0.35477237  -0.71860189   2.09439510   0.66851521  -0.07901250   1.61181875  -1.41035571
  0.59359005   0.95981861  -0.35509113  -0.71852793   2.09439384   0.66845910  -0.07897561   1.61183451  -1.40806773
  0.59232058   0.95967513  -0.35511565  -0.71865166   2.09439510   0.66852706  -0.07892250   1.61192717  -1.40695614
  0.59047423   0.95958327  -0.35528233  -0.71870251   2.09439510   0.66841138  -0.07876481   1.61187015  -1.40494162
  0.58894543   0.95954671  -0.35549764  -0.71866397   2.09439510   0.66858957  -0.07901383   1.61209297  -1.40343544
  0.58715350   0.95958366  -0.35542097  -0.71867789   2.09439510   0.66829714  -0.07891921   1.61188031  -1.40144635
  0.58570244   0.95944483  -0.35528978  -0.71879271   2.09439510   0.66831193  -0.07887828   1.61193137  -1.40013844
  0.58383124   0.95941821  -0.35541174  -0.71877935   2.09439510   0.66834625  -0.07903433   1.61202606  -1.39823670
  0.58206852   0.95979645  -0.35406313  -0.71877096   2.09439510   0.66804422  -0.07983734   1.61184604  -1.39708412
  0.57980446   0.96013728  -0.35280755  -0.71866104   2.09439510   0.66787325  -0.08079956   1.61180873  -1.39531264
  0.57745514   0.95995842  -0.35270494  -0.71862423   2.09439510   0.66780695  -0.08072894   1.61182129  -1.39267215
  0.57616442   0.96005301  -0.35259253  -0.71865914   2.09439510   0.66789288  -0.08113709   1.61195153  -1.39173648
  0.57439001   0.96012789  -0.35233667  -0.71869148   2.09439510   0.66760769  -0.08116811   1.61174608  -1.38993065
  0.57224965   0.96022992  -0.35201102  -0.71863433   2.09439510   0.66746198  -0.08148204   1.61169798  -1.38779453
  0.57076312   0.96016292  -0.35167402  -0.71863189   2.09439510   0.66762813  -0.08182610   1.61191216  -1.38654767
  0.53634745   0.98244036  -0.27511932  -0.71221094   2.09439510   0.65934636  -0.13269011   1.60822975  -1.38271105
  0.53439953   0.98212046  -0.27567444  -0.71218210   2.09439510   0.65945371  -0.13246522   1.60840135  -1.38039999
  0.53336128   0.98207274  -0.27583826  -0.71236573   2.09433734   0.65923263  -0.13219522   1.60820477  -1.37943042
  0.53160538   0.98193819  -0.27630292  -0.71236014   2.09418946   0.65924992  -0.13212570   1.60829461  -1.37749179
  0.52986267   0.98173680  -0.27654737  -0.71235536   2.09437638   0.65917161  -0.13198158   1.60826636  -1.37551186
  0.52850676   0.98161511  -0.27671521  -0.71238506   2.09439510   0.65929751  -0.13197366   1.60848576  -1.37417312
  0.52665397   0.98156346  -0.27679872  -0.71240172   2.09439510   0.65899095  -0.13171221   1.60831550  -1.37198376
  0.52525421   0.98170675  -0.27622769  -0.71245137   2.09439510   0.65897665  -0.13225749   1.60839921  -1.37118147
  0.52299794   0.98148060  -0.27642179  -0.71238977   2.09439510   0.65896091  -0.13214369   1.60851430  -1.36858529
  0.52184202   0.98148486  -0.27628654  -0.71253994   2.09439510   0.65879282  -0.13209853   1.60840481  -1.36765992
  0.52020331   0.98154013  -0.27640946  -0.71250436   2.09439510   0.65869367  -0.13225062   1.60841402  -1.36597831
  0.51827218   0.98138363  -0.27649717  -0.71240334   2.09439510   0.65883908  -0.13241705   1.60867968  -1.36392251
  0.51669064   0.98153435  -0.27629514  -0.71240479   2.09439510   0.65855069  -0.13253162   1.60853303  -1.36234211
  0.51525835   0.98138910  -0.27604468  -0.71255448   2.09439510   0.65845816  -0.13236245   1.60853074  -1.36105216
  0.51373492   0.98148514  -0.27617922  -0.71253436   2.09439510   0.65844032  -0.13259079   1.60863201  -1.35960507
  0.51196705   0.98135322  -0.27616214  -0.71253496   2.09439510   0.65840998  -0.13247488   1.60875059  -1.35766661
  0.51070633   0.98136011  -0.27626164  -0.71257235   2.09439510   0.65848187  -0.13258814   1.60892653  -1.35654268
  0.50910565   0.98138519  -0.27632700  -0.71257921   2.09439510   0.65822270  -0.13232105   1.60885583  -1.35459254
  0.50835964   0.98135939  -0.27660874  -0.71270493   2.09439510   0.65849056  -0.13251076   1.60914422  -1.35429005
  0.50750278   0.98123610  -0.27680175  -0.71278563   2.09392457   0.65850953  -0.13224819   1.60924233  -1.35333197
  0.50555117   0.98069780  -0.27749940  -0.71273242   2.09357664   0.65881431  -0.13183176   1.60961357  -1.35082347
  0.50512973   0.97440908  -0.28106329  -0.71212087   2.08493422   0.66288586  -0.13284433   1.61037124  -1.35079256
  0.50367028   0.97385775  -0.28164007  -0.71213665   2.08396357   0.66326839  -0.13231359   1.61084147  -1.34888482
  0.50352681   0.96486256  -0.28652775  -0.71120258   2.07203518   0.66904713  -0.13397344   1.61178233  -1.34949411
  0.50271589   0.96319147  -0.28775563  -0.71105316   2.06931113   0.67035788  -0.13399387   1.61246670  -1.34861563
  0.50116802   0.96191887  -0.28884218  -0.71094769   2.06712120   0.67141294  -0.13357141   1.61334119  -1.34660499
  0.50153597   0.94870602  -0.29569312  -0.70945870   2.04976069   0.67969818  -0.13604743   1.61448134  -1.34807468
  0.50095260   0.94321807  -0.29875053  -0.70882446   2.04216154   0.68329218  -0.13677692   1.61540722  -1.34769341
  0.50095260   0.94321807  -0.29875053  -0.70882446   2.04216154   0.68329218  -0.13677692   1.61540722  -1.34769341
  0.50018530   0.92884053  -0.30648724  -0.70710675   2.02262407   0.69258060  -0.13900798   1.61750109  -1.34777014
  0.49906531   0.92811399  -0.30743162  -0.70700179   2.02054212   0.69369305  -0.13865209   1.61882045  -1.34632383
  0.49943829   0.91559194  -0.31362307  -0.70545855   2.00429863   0.70122799  -0.14098716   1.61968877  -1.34781050
  0.49915385   0.91034762  -0.31651279  -0.70476704   1.99681013   0.70480976  -0.14180991   1.62080173  -1.34789304
  0.49873591   0.90164456  -0.32098743  -0.70362888   1.98521469   0.71019887  -0.14319409   1.62186905  -1.34806954
  0.49854995   0.89675514  -0.32360913  -0.70299592   1.97816801   0.71350448  -0.14393922   1.62289324  -1.34830818
  0.49779289   0.88989492  -0.32737910  -0.70199728   1.96861150   0.71796600  -0.14492732   1.62418122  -1.34785856
  0.49761921   0.88190099  -0.33137541  -0.70090413   1.95776639   0.72298398  -0.14619947   1.62531299  -1.34833745
  0.49725225   0.87492098  -0.33498967  -0.69990588   1.94849376   0.72733307  -0.14745924   1.62621764  -1.34863244
  0.49683518   0.86829297  -0.33842314  -0.69894515   1.93939470   0.73154261  -0.14850412   1.62730318  -1.34874908
  0.49658343   0.86381866  -0.34082851  -0.69830610   1.93283993   0.73457558  -0.14918463   1.62833389  -1.34893338
  0.49597631   0.85549220  -0.34503983  -0.69704685   1.92175328   0.73970011  -0.15052040   1.62950175  -1.34896455
  0.49560381   0.84878294  -0.34847787  -0.69600545   1.91261819   0.74391006  -0.15167989   1.63052569  -1.34921953
  0.49518896   0.84233130  -0.35177307  -0.69500201   1.90378125   0.74797408  -0.15274548   1.63158209  -1.34940279
  0.49475994   0.83593956  -0.35502918  -0.69399347   1.89501863   0.75199666  -0.15380075   1.63264172  -1.34957891
  0.49432475   0.82958376  -0.35825437  -0.69297619   1.88630775   0.75598789  -0.15485532   1.63369666  -1.34976051
  0.49388354   0.82326277  -0.36144949  -0.69195022   1.87764705   0.75994892  -0.15590973   1.63474683  -1.34994772
  0.49343548   0.81697844  -0.36461399  -0.69091646   1.86903770   0.76387927  -0.15696260   1.63579290  -1.35013883
  0.49298211   0.81072547  -0.36775012  -0.68987413   1.86047452   0.76778186  -0.15801642   1.63683349  -1.35033635
  0.49252084   0.80451207  -0.37085485  -0.68882552   1.85196436   0.77165322  -0.15906661   1.63787107  -1.35053524
  0.49205730   0.79831812  -0.37393617  -0.68776649   1.84348898   0.77550316  -0.16012329   1.63890004  -1.35074587
  0.49157803   0.79219587  -0.37697366  -0.68670926   1.83509461   0.77930737  -0.16115985   1.63993453  -1.35094157
  0.49111330   0.78603345  -0.38001273  -0.68562737   1.82668285   0.78312002  -0.16223696   1.64094344  -1.35118176
  0.49070152   0.78188950  -0.38220883  -0.68489735   1.82049538   0.78591701  -0.16287189   1.64204718  -1.35126599
  0.49017348   0.77577393  -0.38518682  -0.68384282   1.81201558   0.78968306  -0.16382621   1.64311051  -1.35142373
  0.48959252   0.76817119  -0.38881038  -0.68243177   1.80209416   0.79420723  -0.16528015   1.64405456  -1.35172138
  0.48929245   0.76297949  -0.39131934  -0.68152275   1.79482788   0.79749510  -0.16620371   1.64503896  -1.35215774
  0.48871173   0.75651015  -0.39448789  -0.68030872   1.78595089   0.80150205  -0.16734544   1.64617481  -1.35234076
  0.48813011   0.74992289  -0.39758849  -0.67907808   1.77728497   0.80536692  -0.16854917   1.64697226  -1.35255685
  0.48766383   0.74597880  -0.39966607  -0.67832922   1.77132245   0.80802573  -0.16914873   1.64808430  -1.35259435
  0.48714437   0.73932059  -0.40275238  -0.67710999   1.76230633   0.81201983  -0.17029720   1.64908055  -1.35293727
  0.48657612   0.73440554  -0.40521879  -0.67614457   1.75539423   0.81512759  -0.17116273   1.65008564  -1.35301155
  0.48609639   0.72785067  -0.40823954  -0.67488238   1.74664987   0.81907379  -0.17241537   1.65103410  -1.35343202
  0.48569764   0.72182669  -0.41101034  -0.67373750   1.73849601   0.82268027  -0.17357809   1.65186880  -1.35392324
  0.48507098   0.71585297  -0.41387370  -0.67250481   1.73023765   0.82638363  -0.17462945   1.65301071  -1.35399836
  0.48449187   0.70991942  -0.41656723  -0.67140435   1.72226545   0.82993450  -0.17564542   1.65392300  -1.35430980
  0.48384175   0.70547110  -0.41885165  -0.67046648   1.71584246   0.83275762  -0.17641330   1.65491466  -1.35424079
  0.48339874   0.69847772  -0.42191261  -0.66911541   1.70660213   0.83687458  -0.17780064   1.65577528  -1.35489051
  0.48282180   0.69240406  -0.42471431  -0.66786722   1.69835048   0.84054968  -0.17896790   1.65674849  -1.35519128
  0.48231782   0.68687291  -0.42721790  -0.66676138   1.69089544   0.84383915  -0.18004181   1.65752579  -1.35555744
  0.48171522   0.68196133  -0.42956081  -0.66572475   1.68390029   0.84694325  -0.18086974   1.65863235  -1.35561758
  0.48130581   0.67486219  -0.43268127  -0.66428487   1.67446490   0.85113056  -0.18246565   1.65942766  -1.35648146
  0.48007959   0.66811449  -0.43585130  -0.66286938   1.66507208   0.85522522  -0.18333913   1.66087787  -1.35599900
  0.47919989   0.66031766  -0.43945481  -0.66120844   1.65421048   0.85999455  -0.18480045   1.66228942  -1.35632909
  0.47852783   0.65199259  -0.44316241  -0.65945987   1.64271981   0.86505584  -0.18653215   1.66361755  -1.35711156
  0.47733993   0.64195336  -0.44751596  -0.65732060   1.62950638   0.87088899  -0.18847937   1.66489518  -1.35747390
  0.47643311   0.63351884  -0.45117729  -0.65552765   1.61808241   0.87590581  -0.19013065   1.66615311  -1.35798049
  0.47557024   0.62737166  -0.45402844  -0.65417265   1.60922740   0.87975314  -0.19120566   1.66751955  -1.35810598
  0.47502242   0.62120542  -0.45666502  -0.65283379   1.60085700   0.88345004  -0.19254683   1.66840548  -1.35869868
  0.47440647   0.61692361  -0.45852092  -0.65191814   1.59501286   0.88597018  -0.19328649   1.66908802  -1.35876929
  0.47440647   0.61692361  -0.45852092  -0.65191814   1.59501286   0.88597018  -0.19328649   1.66908802  -1.35876929
  0.47394993   0.61319337  -0.46014775  -0.65107465   1.58994760   0.88821405  -0.19405445   1.66968332  -1.35895722
  0.47394993   0.61319337  -0.46014775  -0.65107465   1.58994760   0.88821405  -0.19405445   1.66968332  -1.35895722
