  0.56543409   0.03862034  -0.45118282   0.57096207   0.70151475   1.04719755   0.59045293   1.84932439  -2.00267012
  0.56543409   0.03862034  -0.45118282   0.57096207   0.70151475   1.04719755   0.59045293   1.84932439  -2.00267012
  0.56543409   0.03862034  -0.45118282   0.57096207   0.70151475   1.04719755   0.59045293   1.84932439  -2.00267012
  0.56543409   0.03862034  -0.45118282   0.57096207   0.70151475   1.04719755   0.59045293   1.84932439  -2.00267012
  0.56543409   0.03862034  -0.45118282   0.57096207   0.70151475   1.04719755   0.59045293   1.84932439  -2.00267012
  0.56543409   0.03862034  -0.45118282   0.57096207   0.70151475   1.04719755   0.59045293   1.84932439  -2.00267012
  0.56543409   0.03862034  -0.45118282   0.57096207   0.70151475   1.04719755   0.59045293   1.84932439  -2.00267012
  0.56543409   0.03862034  -0.45118282   0.57096207   0.70151475   1.04719755   0.59045293   1.84932439  -2.00267012
  0.56543409   0.03862034  -0.45118282   0.57096207   0.70151475   1.04719755   0.59045293   1.84932439  -2.00267012
  0.56543409   0.03862034  -0.45118282   0.57096207   0.70151475   1.04719755   0.59045293   1.84932439  -2.00267012
  0.56543409   0.03862034  -0.45118282   0.57096207   0.70151475   1.04719755   0.59045293   1.84932439  -2.00267012
  0.56543409   0.03862034  -0.45118282   0.57096207   0.70151475   1.04719755   0.59045293   1.84932439  -2.00267012
  0.56543409   0.03862034  -0.45118282   0.57096207   0.70151475   1.04719755   0.59045293   1.84932439  -2.00267012
  0.56543409   0.03862034  -0.45118282   0.57096207   0.70151475   1.04719755   0.59045293   1.84932439  -2.00267012
  0.56543409   0.03862034  -0.45118282   0.57096207   0.70151475   1.04719755   0.59045293   1.84932439  -2.00267012
  0.56543409   0.03862034  -0.45118282   0.57096207   0.70151475   1.04719755   0.59045293   1.84932439  -2.00267012
  0.56543409   0.03862034  -0.45118282   0.57096207   0.70151475   1.04719755   0.59045293   1.84932439  -2.00267012
  0.56543409   0.03862034  -0.45118282   0.57096207   0.70151475   1.04719755   0.59045293   1.84932439  -2.00267012
  0.56543409   0.03862034  -0.45118282   0.57096207   0.70151475   1.04719755   0.59045293   1.84932439  -2.00267012
  0.56543409   0.03862034  -0.45118282   0.57096207   0.70151475   1.04719755   0.59045293   1.84932439  -2.00267012
  0.56543409   0.03862034  -0.45118282   0.57096207   0.70151475   1.04719755   0.59045293   1.84932439  -2.00267012
  0.56543409   0.03862034  -0.45118282   0.57096207   0.70151475   1.04719755   0.59045293   1.84932439  -2.00267012
  0.56543409   0.03862034  -0.45118282   0.57096207   0.70151475   1.04719755   0.59045293   1.84932439  -2.00267012
  0.56543409   0.03862034  -0.45118282   0.57096207   0.70151475   1.04719755   0.59045293   1.84932439  -2.00267012
  0.56543409   0.03862034  -0.45118282   0.57096207   0.70151475   1.04719755   0.59045293   1.84932439  -2.00267012
  0.56543409   0.03862034  -0.45118282   0.57096207   0.70151475   1.04719755   0.59045293   1.84932439  -2.00267012
  0.56543409   0.03862034  -0.45118282   0.57096207   0.70151475   1.04719755   0.59045293   1.84932439  -2.00267012
  0.56543409   0.03862034  -0.45118282   0.57096207   0.70151475   1.04719755   0.59045293   1.84932439  -2.00267012
  0.56543409   0.03862034  -0.45118282   0.57096207   0.70151475   1.04719755   0.59045293   1.84932439  -2.00267012
  0.56632636   0.03859856  -0.45063434   0.57056934   0.70209388   1.04672500   0.58999288   1.84869546  -2.00406617
  0.56632636   0.03859856  -0.45063434   0.57056934   0.70209388   1.04672500   0.58999288   1.84869546  -2.00406617
  0.56632636   0.03859856  -0.45063434   0.57056934   0.70209388   1.04672500   0.58999288   1.84869546  -2.00406617
  0.56632636   0.03859856  -0.45063434   0.57056934   0.70209388   1.04672500   0.58999288   1.84869546  -2.00406617
  0.56632636   0.03859856  -0.45063434   0.57056934   0.70209388   1.04672500   0.58999288   1.84869546  -2.00406617
  0.56632636   0.03859856  -0.45063434   0.57056934   0.70209388   1.04672500   0.58999288   1.84869546  -2.00406617
  0.56632636   0.03859856  -0.45063434   0.57056934   0.70209388   1.04672500   0.58999288   1.84869546  -2.00406617
  0.56632636   0.03859856  -0.45063434   0.57056934   0.70209388   1.04672500   0.58999288   1.84869546  -2.00406617
  0.56686259   0.03784792  -0.45015559   0.57019550   0.70263188   1.04699877   0.58978626   1.84699742  -2.00521346
  0.56694306   0.03782433  -0.45014408   0.57040847   0.70264713   1.04702361   0.58955419   1.84699367  -2.00508490
  0.56694306   0.03782433  -0.45014408   0.57040847   0.70264713   1.04702361   0.58955419   1.84699367  -2.00508490
  0.56694306   0.03782433  -0.45014408   0.57040847   0.70264713   1.04702361   0.58955419   1.84699367  -2.00508490
  0.56694306   0.03782433  -0.45014408   0.57040847   0.70264713   1.04702361   0.58955419   1.84699367  -2.00508490
  0.56694306   0.03782433  -0.45014408   0.57040847   0.70264713   1.04702361   0.58955419   1.84699367  -2.00508490
  0.56694306   0.03782433  -0.45014408   0.57040847   0.70264713   1.04702361   0.58955419   1.84699367  -2.00508490
  0.56694306   0.03782433  -0.45014408   0.57040847   0.70264713   1.04702361   0.58955419   1.84699367  -2.00508490
  0.56742629   0.03519571  -0.44999141   0.56960461   0.70306042   1.04719755   0.58843359   1.84364933  -2.00606526
  0.56742629   0.03519571  -0.44999141   0.56960461   0.70306042   1.04719755   0.58843359   1.84364933  -2.00606526
  0.56742629   0.03519571  -0.44999141   0.56960461   0.70306042   1.04719755   0.58843359   1.84364933  -2.00606526
  0.56742629   0.03519571  -0.44999141   0.56960461   0.70306042   1.04719755   0.58843359   1.84364933  -2.00606526
  0.56815115   0.03473680  -0.44962372   0.56939003   0.70349526   1.04714615   0.58782513   1.84244508  -2.00704303
  0.56815115   0.03473680  -0.44962372   0.56939003   0.70349526   1.04714615   0.58782513   1.84244508  -2.00704303
  0.56813031   0.03450678  -0.44949020   0.56925476   0.70363160   1.04715258   0.58788084   1.84249515  -2.00714816
  0.56813031   0.03450678  -0.44949020   0.56925476   0.70363160   1.04715258   0.58788084   1.84249515  -2.00714816
  0.57206018   0.01948267  -0.45455933   0.55884675   0.70105439   1.04719755   0.57694983   1.83248196  -2.00602608
  0.57206018   0.01948267  -0.45455933   0.55884675   0.70105439   1.04719755   0.57694983   1.83248196  -2.00602608
  0.57206018   0.01948267  -0.45455933   0.55884675   0.70105439   1.04719755   0.57694983   1.83248196  -2.00602608
  0.57206018   0.01948267  -0.45455933   0.55884675   0.70105439   1.04719755   0.57694983   1.83248196  -2.00602608
  0.57315100   0.01933146  -0.45368662   0.55839946   0.70194452   1.04649524   0.57654518   1.83141272  -2.00783768
  0.57315100   0.01933146  -0.45368662   0.55839946   0.70194452   1.04649524   0.57654518   1.83141272  -2.00783768
  0.57315100   0.01933146  -0.45368662   0.55839946   0.70194452   1.04649524   0.57654518   1.83141272  -2.00783768
  0.57351342   0.01757062  -0.45352506   0.55801725   0.70223882   1.04719755   0.57551840   1.82879134  -2.00877180
  0.57351342   0.01757062  -0.45352506   0.55801725   0.70223882   1.04719755   0.57551840   1.82879134  -2.00877180
  0.57351342   0.01757062  -0.45352506   0.55801725   0.70223882   1.04719755   0.57551840   1.82879134  -2.00877180
  0.57415200   0.01620986  -0.45320729   0.55746968   0.70267284   1.04719755   0.57476157   1.82687044  -2.00951490
  0.57513800   0.01510535  -0.45278359   0.55675279   0.70321441   1.04719755   0.57372854   1.82449541  -2.01124029
  0.57513800   0.01510535  -0.45278359   0.55675279   0.70321441   1.04719755   0.57372854   1.82449541  -2.01124029
  0.57513800   0.01510535  -0.45278359   0.55675279   0.70321441   1.04719755   0.57372854   1.82449541  -2.01124029
  0.57799638   0.00147620  -0.45690459   0.54777073   0.70068485   1.04719755   0.56427562   1.81587189  -2.00942070
  0.57799638   0.00147620  -0.45690459   0.54777073   0.70068485   1.04719755   0.56427562   1.81587189  -2.00942070
  0.57902480   0.00154369  -0.45629707   0.54726779   0.70131201   1.04667942   0.56397326   1.81524460  -2.01062820
  0.57902480   0.00154369  -0.45629707   0.54726779   0.70131201   1.04667942   0.56397326   1.81524460  -2.01062820
  0.57917550   0.00045786  -0.45607457   0.54711682   0.70158107   1.04706661   0.56312499   1.81395549  -2.01148525
  0.58010570  -0.00025356  -0.45544689   0.54665781   0.70225684   1.04717124   0.56236253   1.81185161  -2.01323649
  0.58010570  -0.00025356  -0.45544689   0.54665781   0.70225684   1.04717124   0.56236253   1.81185161  -2.01323649
  0.58010570  -0.00025356  -0.45544689   0.54665781   0.70225684   1.04717124   0.56236253   1.81185161  -2.01323649
  0.58324798  -0.01389836  -0.45899859   0.53753785   0.69978507   1.04719755   0.55268525   1.80230994  -2.01214496
  0.58324798  -0.01389836  -0.45899859   0.53753785   0.69978507   1.04719755   0.55268525   1.80230994  -2.01214496
  0.58415765  -0.01397640  -0.45826981   0.53710280   0.70052051   1.04668555   0.55245438   1.80154412  -2.01345017
  0.58415765  -0.01397640  -0.45826981   0.53710280   0.70052051   1.04668555   0.55245438   1.80154412  -2.01345017
  0.58476364  -0.01532339  -0.45777243   0.53674750   0.70105928   1.04719755   0.55142559   1.79885121  -2.01490635
  0.58476364  -0.01532339  -0.45777243   0.53674750   0.70105928   1.04719755   0.55142559   1.79885121  -2.01490635
  0.58541110  -0.01674947  -0.45721945   0.53619307   0.70165467   1.04719755   0.55055712   1.79655436  -2.01611790
  0.58541110  -0.01674947  -0.45721945   0.53619307   0.70165467   1.04719755   0.55055712   1.79655436  -2.01611790
  0.58870908  -0.03043167  -0.46044915   0.52684110   0.69901942   1.04719755   0.54045505   1.78685814  -2.01519833
  0.58870908  -0.03043167  -0.46044915   0.52684110   0.69901942   1.04719755   0.54045505   1.78685814  -2.01519833
  0.58989297  -0.03073320  -0.45977357   0.52616772   0.69970091   1.04698268   0.53959559   1.78565478  -2.01695142
  0.58989297  -0.03073320  -0.45977357   0.52616772   0.69970091   1.04698268   0.53959559   1.78565478  -2.01695142
  0.59049840  -0.03180368  -0.45921829   0.52571176   0.70026216   1.04719755   0.53893021   1.78360448  -2.01806100
  0.59122352  -0.03294349  -0.45889622   0.52506692   0.70059063   1.04719755   0.53798563   1.78149086  -2.01901273
  0.59155901  -0.03445541  -0.45871955   0.52422852   0.70077219   1.04719755   0.53703601   1.78004173  -2.01971583
  0.59155901  -0.03445541  -0.45871955   0.52422852   0.70077219   1.04719755   0.53703601   1.78004173  -2.01971583
  0.59277199  -0.03642202  -0.45809473   0.52308442   0.70139738   1.04719755   0.53542011   1.77673068  -2.02142359
  0.59277199  -0.03642202  -0.45809473   0.52308442   0.70139738   1.04719755   0.53542011   1.77673068  -2.02142359
  0.59704803  -0.05288578  -0.46189359   0.51106986   0.69748921   1.04719755   0.52237863   1.76580411  -2.02033304
  0.59704803  -0.05288578  -0.46189359   0.51106986   0.69748921   1.04719755   0.52237863   1.76580411  -2.02033304
  0.59828370  -0.05315228  -0.46111176   0.51038808   0.69824625   1.04693609   0.52156310   1.76451170  -2.02213176
  0.59828370  -0.05315228  -0.46111176   0.51038808   0.69824625   1.04693609   0.52156310   1.76451170  -2.02213176
  0.59921158  -0.05428787  -0.46036198   0.50968681   0.69895000   1.04719755   0.52054341   1.76192241  -2.02386008
  0.59921158  -0.05428787  -0.46036198   0.50968681   0.69895000   1.04719755   0.52054341   1.76192241  -2.02386008
  0.60031019  -0.05595540  -0.45961053   0.50861528   0.69962608   1.04719755   0.51916523   1.75896631  -2.02560130
  0.60031019  -0.05595540  -0.45961053   0.50861528   0.69962608   1.04719755   0.51916523   1.75896631  -2.02560130
  0.60433403  -0.07015104  -0.46224360   0.49799924   0.69605347   1.04719755   0.50736313   1.74909730  -2.02524953
  0.60506056  -0.07007539  -0.46177468   0.49764521   0.69650742   1.04681248   0.50682907   1.74878167  -2.02649626
  0.60534793  -0.07020466  -0.46151252   0.49758168   0.69676373   1.04686061   0.50687199   1.74881386  -2.02635016
  0.60592452  -0.07060390  -0.46119153   0.49710678   0.69703099   1.04705306   0.50628120   1.74705367  -2.02754407
  0.60675265  -0.07090655  -0.46042545   0.49653472   0.69776981   1.04667371   0.50597119   1.74586009  -2.02898086
  0.60693474  -0.07101013  -0.46025203   0.49669032   0.69793963   1.04673919   0.50574700   1.74584103  -2.02894047
  0.60812910  -0.07149304  -0.45930197   0.49604528   0.69882791   1.04693882   0.50464730   1.74311459  -2.03161898
  0.60812910  -0.07149304  -0.45930197   0.49604528   0.69882791   1.04693882   0.50464730   1.74311459  -2.03161898
  0.61174320  -0.08663788  -0.46210835   0.48478570   0.69423694   1.04719755   0.49243788   1.73328496  -2.03023936
  0.61174320  -0.08663788  -0.46210835   0.48478570   0.69423694   1.04719755   0.49243788   1.73328496  -2.03023936
  0.61340990  -0.08642856  -0.46090175   0.48403658   0.69541142   1.04621962   0.49186293   1.73221697  -2.03249989
  0.61355945  -0.08653900  -0.46072898   0.48416509   0.69558112   1.04634186   0.49166820   1.73226656  -2.03247369
  0.61430633  -0.08704410  -0.46050222   0.48332221   0.69567261   1.04692393   0.49066002   1.73052164  -2.03394277
  0.61534409  -0.08728466  -0.45977953   0.48258705   0.69632337   1.04673665   0.49006365   1.72922495  -2.03557617
  0.61555282  -0.08734993  -0.45963297   0.48268699   0.69646064   1.04679426   0.48988164   1.72918716  -2.03551324
  0.61674390  -0.08814781  -0.45910905   0.48156738   0.69679304   1.04719755   0.48843711   1.72692418  -2.03750302
  0.61674390  -0.08814781  -0.45910905   0.48156738   0.69679304   1.04719755   0.48843711   1.72692418  -2.03750302
  0.62070285  -0.10146780  -0.46111829   0.47078009   0.69234940   1.04719755   0.47692922   1.71836449  -2.03697133
  0.62090129  -0.10149281  -0.46096411   0.47087239   0.69249906   1.04719755   0.47675658   1.71838441  -2.03699066
  0.62228826  -0.10117064  -0.46005757   0.47010888   0.69335752   1.04674419   0.47590911   1.71737710  -2.03959448
  0.62259405  -0.10117487  -0.45990064   0.47010808   0.69349750   1.04680086   0.47585065   1.71732362  -2.03946133
  0.62400806  -0.10156239  -0.45951235   0.46869596   0.69362827   1.04719755   0.47442477   1.71573145  -2.04148885
  0.62400806  -0.10156239  -0.45951235   0.46869596   0.69362827   1.04719755   0.47442477   1.71573145  -2.04148885
  0.62569804  -0.10236216  -0.45889800   0.46714251   0.69391444   1.04719755   0.47273350   1.71404049  -2.04336791
  0.62569804  -0.10236216  -0.45889800   0.46714251   0.69391444   1.04719755   0.47273350   1.71404049  -2.04336791
  0.62976657  -0.11230337  -0.46039494   0.45775362   0.68973867   1.04719755   0.46276554   1.70863042  -2.04350952
  0.63060213  -0.11218724  -0.45966129   0.45758841   0.69045859   1.04686800   0.46218877   1.70761564  -2.04507469
  0.63060213  -0.11218724  -0.45966129   0.45758841   0.69045859   1.04686800   0.46218877   1.70761564  -2.04507469
  0.63207006  -0.11211783  -0.45897983   0.45667059   0.69097498   1.04683672   0.46127302   1.70659353  -2.04681457
  0.63207006  -0.11211783  -0.45897983   0.45667059   0.69097498   1.04683672   0.46127302   1.70659353  -2.04681457
  0.63361662  -0.11216096  -0.45855246   0.45544150   0.69113967   1.04719755   0.46004254   1.70572944  -2.04847310
  0.63527461  -0.11201535  -0.45778851   0.45419251   0.69171724   1.04695808   0.45906734   1.70463585  -2.05077016
  0.63527461  -0.11201535  -0.45778851   0.45419251   0.69171724   1.04695808   0.45906734   1.70463585  -2.05077016
  0.63681657  -0.11188642  -0.45733173   0.45314229   0.69194895   1.04701754   0.45778791   1.70402196  -2.05255432
  0.63810533  -0.11205948  -0.45723063   0.45177673   0.69174097   1.04714384   0.45670086   1.70362721  -2.05362501
  0.64171487  -0.12160063  -0.45901905   0.44280627   0.68664833   1.04719755   0.44668110   1.69977660  -2.05302516
  0.64197519  -0.12164150  -0.45882323   0.44284205   0.68683150   1.04719755   0.44662216   1.69976449  -2.05292640
  0.64328712  -0.12122233  -0.45803831   0.44209309   0.68755493   1.04670051   0.44609144   1.69889868  -2.05497803
  0.64328712  -0.12122233  -0.45803831   0.44209309   0.68755493   1.04670051   0.44609144   1.69889868  -2.05497803
  0.64541817  -0.12047102  -0.45730026   0.44076509   0.68809723   1.04637969   0.44503950   1.69857216  -2.05740743
  0.64541817  -0.12047102  -0.45730026   0.44076509   0.68809723   1.04637969   0.44503950   1.69857216  -2.05740743
  0.64760678  -0.11996710  -0.45750825   0.43886555   0.68736837   1.04719755   0.44291125   1.69921759  -2.05918378
  0.64760678  -0.11996710  -0.45750825   0.43886555   0.68736837   1.04719755   0.44291125   1.69921759  -2.05918378
  0.64965097  -0.11953166  -0.45719395   0.43732220   0.68731574   1.04719755   0.44144457   1.69926380  -2.06101897
  0.64965097  -0.11953166  -0.45719395   0.43732220   0.68731574   1.04719755   0.44144457   1.69926380  -2.06101897
  0.65194605  -0.11901015  -0.45700397   0.43545392   0.68705470   1.04719755   0.43976987   1.69968298  -2.06292877
  0.65194605  -0.11901015  -0.45700397   0.43545392   0.68705470   1.04719755   0.43976987   1.69968298  -2.06292877
  0.65459888  -0.11831766  -0.45670710   0.43331521   0.68685857   1.04719755   0.43772095   1.70022369  -2.06557404
  0.65633006  -0.11804969  -0.45659615   0.43181331   0.68656841   1.04715797   0.43615416   1.70055081  -2.06723515
  0.65659025  -0.11805789  -0.45649289   0.43167558   0.68663602   1.04716291   0.43620577   1.70056102  -2.06709464
  0.65659025  -0.11805789  -0.45649289   0.43167558   0.68663602   1.04716291   0.43620577   1.70056102  -2.06709464
  0.65989201  -0.11714123  -0.45664725   0.42873346   0.68571573   1.04719755   0.43358430   1.70204806  -2.06963203
  0.65989201  -0.11714123  -0.45664725   0.42873346   0.68571573   1.04719755   0.43358430   1.70204806  -2.06963203
  0.66229396  -0.11652443  -0.45662725   0.42672497   0.68519181   1.04719755   0.43173243   1.70293484  -2.07144915
  0.66421638  -0.11606727  -0.45643748   0.42495807   0.68496596   1.04710793   0.43017462   1.70348047  -2.07358371
  0.66452326  -0.11599448  -0.45638009   0.42497089   0.68498162   1.04711913   0.43009549   1.70345467  -2.07335836
  0.66672665  -0.11560945  -0.45685226   0.42258746   0.68379281   1.04719755   0.42803217   1.70510236  -2.07466889
  0.66672665  -0.11560945  -0.45685226   0.42258746   0.68379281   1.04719755   0.42803217   1.70510236  -2.07466889
  0.66924475  -0.11451631  -0.45651922   0.42085788   0.68374050   1.04709429   0.42631998   1.70581715  -2.07726005
  0.66970787  -0.11442363  -0.45643979   0.42060069   0.68374367   1.04712011   0.42639981   1.70587746  -2.07699356
  0.67170848  -0.11353118  -0.45713744   0.41843133   0.68244462   1.04719755   0.42443188   1.70829943  -2.07848870
  0.67203696  -0.11347868  -0.45701459   0.41839053   0.68253093   1.04719755   0.42438121   1.70828973  -2.07836724
  0.67471845  -0.11213373  -0.45666448   0.41634644   0.68250361   1.04688790   0.42268615   1.70948950  -2.08145910
  0.67496281  -0.11195740  -0.45673037   0.41637231   0.68239564   1.04686455   0.42260579   1.70943193  -2.08125348
  0.67718289  -0.11081423  -0.45745837   0.41418500   0.68105658   1.04719755   0.42088905   1.71226763  -2.08231392
  0.67718289  -0.11081423  -0.45745837   0.41418500   0.68105658   1.04719755   0.42088905   1.71226763  -2.08231392
  0.67961580  -0.10941805  -0.45747978   0.41243600   0.68064462   1.04704215   0.41944262   1.71401560  -2.08424556
  0.67961580  -0.10941805  -0.45747978   0.41243600   0.68064462   1.04704215   0.41944262   1.71401560  -2.08424556
  0.68221915  -0.10771844  -0.45773672   0.41050924   0.67996087   1.04685054   0.41794066   1.71660046  -2.08601845
  0.68221915  -0.10771844  -0.45773672   0.41050924   0.67996087   1.04685054   0.41794066   1.71660046  -2.08601845
  0.68463246  -0.10602045  -0.45799722   0.40878770   0.67933397   1.04653523   0.41662218   1.71921188  -2.08758305
  0.68592233  -0.10505378  -0.45817028   0.40784580   0.67897186   1.04632510   0.41596709   1.72077374  -2.08837266
  0.68724053  -0.10417682  -0.45806269   0.40686425   0.67894128   1.04595699   0.41551671   1.72185861  -2.08946663
  0.68724053  -0.10417682  -0.45806269   0.40686425   0.67894128   1.04595699   0.41551671   1.72185861  -2.08946663
  0.68972363  -0.10202676  -0.45853057   0.40526455   0.67816558   1.04534332   0.41415173   1.72557189  -2.09086602
  0.68972363  -0.10202676  -0.45853057   0.40526455   0.67816558   1.04534332   0.41415173   1.72557189  -2.09086602
  0.69194853  -0.10015166  -0.45869491   0.40386713   0.67778824   1.04459627   0.41315267   1.72847485  -2.09232562
  0.69194853  -0.10015166  -0.45869491   0.40386713   0.67778824   1.04459627   0.41315267   1.72847485  -2.09232562
  0.69432137  -0.09800525  -0.45896483   0.40234770   0.67730844   1.04371492   0.41217260   1.73198499  -2.09375497
  0.69432137  -0.09800525  -0.45896483   0.40234770   0.67730844   1.04371492   0.41217260   1.73198499  -2.09375497
  0.69657983  -0.09581819  -0.45923504   0.40096498   0.67688386   1.04271574   0.41133538   1.73560289  -2.09504566
  0.69657983  -0.09581819  -0.45923504   0.40096498   0.67688386   1.04271574   0.41133538   1.73560289  -2.09504566
  0.69910407  -0.09344117  -0.45941086   0.39952956   0.67655014   1.04157400   0.41026778   1.73937380  -2.09670363
  0.69910407  -0.09344117  -0.45941086   0.39952956   0.67655014   1.04157400   0.41026778   1.73937380  -2.09670363
  0.70076889  -0.09150892  -0.45989120   0.39845234   0.67596793   1.04072214   0.40983357   1.74292977  -2.09720205
  0.70076889  -0.09150892  -0.45989120   0.39845234   0.67596793   1.04072214   0.40983357   1.74292977  -2.09720205
  0.70299330  -0.08886180  -0.46016889   0.39726559   0.67570780   1.03915245   0.40939697   1.74734957  -2.09830763
  0.70299330  -0.08886180  -0.46016889   0.39726559   0.67570780   1.03915245   0.40939697   1.74734957  -2.09830763
  0.70475185  -0.08645386  -0.46044072   0.39652317   0.67555125   1.03758584   0.40924569   1.75139876  -2.09893868
  0.70475185  -0.08645386  -0.46044072   0.39652317   0.67555125   1.03758584   0.40924569   1.75139876  -2.09893868
  0.70475185  -0.08645386  -0.46044072   0.39652317   0.67555125   1.03758584   0.40924569   1.75139876  -2.09893868
  0.70809833  -0.08282280  -0.46094112   0.39444463   0.67489030   1.03580214   0.40809912   1.75778119  -2.10081408
  0.70809833  -0.08282280  -0.46094112   0.39444463   0.67489030   1.03580214   0.40809912   1.75778119  -2.10081408
  0.70943673  -0.08000049  -0.46138037   0.39418003   0.67482412   1.03364995   0.40857484   1.76280444  -2.10081606
  0.70943673  -0.08000049  -0.46138037   0.39418003   0.67482412   1.03364995   0.40857484   1.76280444  -2.10081606
  0.71091132  -0.07725951  -0.46156124   0.39386841   0.67501982   1.03144370   0.40901464   1.76731027  -2.10119448
  0.71091132  -0.07725951  -0.46156124   0.39386841   0.67501982   1.03144370   0.40901464   1.76731027  -2.10119448
  0.71091132  -0.07725951  -0.46156124   0.39386841   0.67501982   1.03144370   0.40901464   1.76731027  -2.10119448
  0.71255432  -0.07120523  -0.46137447   0.39519661   0.67694450   1.02516509   0.41163347   1.77764918  -2.10130258
  0.71255432  -0.07120523  -0.46137447   0.39519661   0.67694450   1.02516509   0.41163347   1.77764918  -2.10130258
  0.71382595  -0.06918841  -0.46182177   0.39452893   0.67654866   1.02399100   0.41163864   1.78114787  -2.10139639
  0.71382595  -0.06918841  -0.46182177   0.39452893   0.67654866   1.02399100   0.41163864   1.78114787  -2.10139639
  0.71509574  -0.06688352  -0.46230069   0.39394489   0.67621050   1.02252947   0.41172278   1.78527674  -2.10151747
  0.71509574  -0.06688352  -0.46230069   0.39394489   0.67621050   1.02252947   0.41172278   1.78527674  -2.10151747
  0.71509574  -0.06688352  -0.46230069   0.39394489   0.67621050   1.02252947   0.41172278   1.78527674  -2.10151747
  0.71697812  -0.06309148  -0.46309913   0.39311307   0.67571989   1.02007316   0.41206616   1.79244903  -2.10148810
  0.71697812  -0.06309148  -0.46309913   0.39311307   0.67571989   1.02007316   0.41206616   1.79244903  -2.10148810
  0.71697812  -0.06309148  -0.46309913   0.39311307   0.67571989   1.02007316   0.41206616   1.79244903  -2.10148810
  0.71752006  -0.05646221  -0.46243558   0.39602652   0.67887841   1.01216763   0.41652807   1.80301289  -2.10074397
  0.71752006  -0.05646221  -0.46243558   0.39602652   0.67887841   1.01216763   0.41652807   1.80301289  -2.10074397
  0.71806137  -0.05474505  -0.46335393   0.39559304   0.67797978   1.01145872   0.41677344   1.80688002  -2.09969526
  0.71806137  -0.05474505  -0.46335393   0.39559304   0.67797978   1.01145872   0.41677344   1.80688002  -2.09969526
  0.71906633  -0.05200087  -0.46390122   0.39542403   0.67776988   1.00951035   0.41720295   1.81197495  -2.09941532
  0.71906633  -0.05200087  -0.46390122   0.39542403   0.67776988   1.00951035   0.41720295   1.81197495  -2.09941532
  0.71952015  -0.04976336  -0.46434662   0.39541951   0.67772888   1.00770456   0.41807869   1.81625584  -2.09894600
  0.71952015  -0.04976336  -0.46434662   0.39541951   0.67772888   1.00770456   0.41807869   1.81625584  -2.09894600
  0.71944854  -0.04460677  -0.46407994   0.39806903   0.67992057   1.00172504   0.42197171   1.82478618  -2.09716698
  0.71944854  -0.04460677  -0.46407994   0.39806903   0.67992057   1.00172504   0.42197171   1.82478618  -2.09716698
  0.71915296  -0.04386252  -0.46501576   0.39811774   0.67897519   1.00164246   0.42216174   1.82708600  -2.09577187
  0.71901367  -0.04373575  -0.46517481   0.39795195   0.67882719   1.00147439   0.42231644   1.82712213  -2.09591643
  0.72020790  -0.04045263  -0.46528601   0.39810792   0.67930337   0.99878745   0.42325346   1.83301061  -2.09564503
  0.72020790  -0.04045263  -0.46528601   0.39810792   0.67930337   0.99878745   0.42325346   1.83301061  -2.09564503
  0.71955976  -0.03606676  -0.46528414   0.40051831   0.68098124   0.99369142   0.42706322   1.84066169  -2.09350883
  0.71955976  -0.03606676  -0.46528414   0.40051831   0.68098124   0.99369142   0.42706322   1.84066169  -2.09350883
  0.71898536  -0.03533537  -0.46630738   0.40048541   0.67999339   0.99357946   0.42775949   1.84319860  -2.09170023
  0.71898536  -0.03533537  -0.46630738   0.40048541   0.67999339   0.99357946   0.42775949   1.84319860  -2.09170023
  0.71944947  -0.03112573  -0.46600821   0.40207625   0.68155867   0.98904082   0.42988855   1.84984459  -2.09144012
  0.71944947  -0.03112573  -0.46600821   0.40207625   0.68155867   0.98904082   0.42988855   1.84984459  -2.09144012
  0.71863761  -0.03058504  -0.46712776   0.40237770   0.68047365   0.98911398   0.43059693   1.85211244  -2.08909691
  0.71863761  -0.03058504  -0.46712776   0.40237770   0.68047365   0.98911398   0.43059693   1.85211244  -2.08909691
  0.71857582  -0.02511632  -0.46682901   0.40469561   0.68255828   0.98302495   0.43471861   1.86104922  -2.08738916
  0.71857582  -0.02511632  -0.46682901   0.40469561   0.68255828   0.98302495   0.43471861   1.86104922  -2.08738916
  0.71771549  -0.02445688  -0.46752780   0.40524438   0.68208852   0.98252738   0.43557019   1.86310063  -2.08586473
  0.71771549  -0.02445688  -0.46752780   0.40524438   0.68208852   0.98252738   0.43557019   1.86310063  -2.08586473
  0.71709383  -0.01959584  -0.46736726   0.40792265   0.68393366   0.97701060   0.43958512   1.87130266  -2.08357907
  0.71709383  -0.01959584  -0.46736726   0.40792265   0.68393366   0.97701060   0.43958512   1.87130266  -2.08357907
  0.71610359  -0.01930745  -0.46824736   0.40824736   0.68314140   0.97702244   0.44036436   1.87294748  -2.08174666
  0.71610359  -0.01930745  -0.46824736   0.40824736   0.68314140   0.97702244   0.44036436   1.87294748  -2.08174666
  0.71540798  -0.01462605  -0.46796366   0.41110232   0.68506376   0.97159056   0.44427840   1.88062330  -2.07953246
  0.71516298  -0.01458203  -0.46813226   0.41103701   0.68491437   0.97147754   0.44440217   1.88063049  -2.07962568
  0.71516298  -0.01458203  -0.46813226   0.41103701   0.68491437   0.97147754   0.44440217   1.88063049  -2.07962568
  0.71411135  -0.01389807  -0.46918151   0.41163999   0.68402167   0.97132259   0.44543412   1.88336588  -2.07694484
  0.71336362  -0.01013850  -0.46842295   0.41432088   0.68628307   0.96638449   0.44897363   1.88912163  -2.07580186
  0.71336362  -0.01013850  -0.46842295   0.41432088   0.68628307   0.96638449   0.44897363   1.88912163  -2.07580186
  0.71245772  -0.00950935  -0.46906886   0.41494870   0.68585789   0.96589295   0.45004611   1.89094767  -2.07396777
  0.71245772  -0.00950935  -0.46906886   0.41494870   0.68585789   0.96589295   0.45004611   1.89094767  -2.07396777
  0.71120411  -0.00595420  -0.46893625   0.41749445   0.68731683   0.96157509   0.45374854   1.89718705  -2.07158075
  0.71120411  -0.00595420  -0.46893625   0.41749445   0.68731683   0.96157509   0.45374854   1.89718705  -2.07158075
  0.70992271  -0.00556852  -0.46983911   0.41826307   0.68659782   0.96139826   0.45485474   1.89897819  -2.06918302
  0.70992271  -0.00556852  -0.46983911   0.41826307   0.68659782   0.96139826   0.45485474   1.89897819  -2.06918302
  0.70805992  -0.00087606  -0.46900680   0.42246740   0.68940438   0.95499106   0.46042116   1.90639227  -2.06614204
  0.70805992  -0.00087606  -0.46900680   0.42246740   0.68940438   0.95499106   0.46042116   1.90639227  -2.06614204
  0.70666909  -0.00092270  -0.47018710   0.42279721   0.68822876   0.95549807   0.46142170   1.90784437  -2.06337360
  0.70616305  -0.00069880  -0.47046211   0.42335013   0.68807223   0.95527927   0.46164818   1.90864042  -2.06266140
  0.70537719  -0.00009889  -0.47074121   0.42398170   0.68805830   0.95456295   0.46277307   1.91015370  -2.06142697
  0.70462118   0.00059719  -0.47090416   0.42480669   0.68821354   0.95365317   0.46393420   1.91167298  -2.06026099
  0.70462118   0.00059719  -0.47090416   0.42480669   0.68821354   0.95365317   0.46393420   1.91167298  -2.06026099
  0.70325038   0.00119168  -0.47153208   0.42583213   0.68790505   0.95297484   0.46532896   1.91367751  -2.05817889
  0.70325038   0.00119168  -0.47153208   0.42583213   0.68790505   0.95297484   0.46532896   1.91367751  -2.05817889
  0.70059565   0.00607513  -0.46994191   0.43168087   0.69181021   0.94528904   0.47220544   1.92073108  -2.05477384
  0.70059565   0.00607513  -0.46994191   0.43168087   0.69181021   0.94528904   0.47220544   1.92073108  -2.05477384
  0.69900324   0.00591005  -0.47122399   0.43210923   0.69052813   0.94595361   0.47317791   1.92224505  -2.05175085
  0.69900324   0.00591005  -0.47122399   0.43210923   0.69052813   0.94595361   0.47317791   1.92224505  -2.05175085
  0.69764986   0.00607963  -0.47168584   0.43305710   0.69031732   0.94552944   0.47435119   1.92334297  -2.05012224
  0.69764986   0.00607963  -0.47168584   0.43305710   0.69031732   0.94552944   0.47435119   1.92334297  -2.05012224
  0.69602568   0.00629054  -0.47223513   0.43430321   0.69007374   0.94503393   0.47584200   1.92466633  -2.04790274
  0.69602568   0.00629054  -0.47223513   0.43430321   0.69007374   0.94503393   0.47584200   1.92466633  -2.04790274
  0.69318043   0.00866609  -0.47110060   0.43909681   0.69273620   0.94014837   0.48097084   1.92814646  -2.04496456
  0.69240659   0.00884993  -0.47164330   0.43944845   0.69226144   0.94015377   0.48157847   1.92930901  -2.04353114
  0.69240659   0.00884993  -0.47164330   0.43944845   0.69226144   0.94015377   0.48157847   1.92930901  -2.04353114
  0.69069605   0.00862812  -0.47258735   0.44027327   0.69143119   0.94047333   0.48284299   1.93035846  -2.04071756
  0.69044386   0.00867166  -0.47273401   0.44031717   0.69130948   0.94033356   0.48290371   1.93034773  -2.04082752
  0.68864730   0.00869417  -0.47255912   0.44241577   0.69197760   0.93930127   0.48497320   1.93095675  -2.03876320
  0.68864730   0.00869417  -0.47255912   0.44241577   0.69197760   0.93930127   0.48497320   1.93095675  -2.03876320
  0.68685374   0.00860828  -0.47290692   0.44387484   0.69194433   0.93880422   0.48662599   1.93163248  -2.03664625
  0.68525039   0.00857246  -0.47334136   0.44531455   0.69177077   0.93851263   0.48835919   1.93230400  -2.03384001
  0.68483630   0.00851885  -0.47347089   0.44533823   0.69168381   0.93837183   0.48842472   1.93239155  -2.03416363
  0.68328776   0.00828230  -0.47353049   0.44694850   0.69193261   0.93790336   0.48992678   1.93253118  -2.03227183
  0.68294598   0.00805795  -0.47345686   0.44718756   0.69206216   0.93795494   0.48993546   1.93279910  -2.03233585
  0.68111651   0.00804691  -0.47322200   0.44940320   0.69277036   0.93671050   0.49220198   1.93256892  -2.03039643
  0.68070737   0.00799923  -0.47338404   0.44962533   0.69264888   0.93663975   0.49224056   1.93271442  -2.03034351
  0.67850631   0.00772424  -0.47335465   0.45191435   0.69312216   0.93582875   0.49460869   1.93303301  -2.02763776
  0.67850631   0.00772424  -0.47335465   0.45191435   0.69312216   0.93582875   0.49460869   1.93303301  -2.02763776
  0.67638957   0.00719868  -0.47351301   0.45374821   0.69328903   0.93540865   0.49647120   1.93296765  -2.02543835
  0.67638957   0.00719868  -0.47351301   0.45374821   0.69328903   0.93540865   0.49647120   1.93296765  -2.02543835
  0.67390018   0.00640680  -0.47373244   0.45594618   0.69341555   0.93510783   0.49850048   1.93254940  -2.02280294
  0.67390018   0.00640680  -0.47373244   0.45594618   0.69341555   0.93510783   0.49850048   1.93254940  -2.02280294
  0.67140528   0.00550801  -0.47376697   0.45823915   0.69374249   0.93470811   0.50056440   1.93180381  -2.02046136
  0.67140528   0.00550801  -0.47376697   0.45823915   0.69374249   0.93470811   0.50056440   1.93180381  -2.02046136
  0.66895687   0.00453754  -0.47380523   0.46046255   0.69403394   0.93441270   0.50251892   1.93097596  -2.01818160
  0.66739090   0.00396562  -0.47380002   0.46195207   0.69425874   0.93417628   0.50396481   1.93048638  -2.01645419
  0.66628042   0.00357984  -0.47362696   0.46320373   0.69462340   0.93377567   0.50501064   1.92991448  -2.01552629
  0.66592460   0.00349635  -0.47373896   0.46327847   0.69453654   0.93371165   0.50505435   1.92997698  -2.01567453
  0.66385794   0.00244643  -0.47355301   0.46552276   0.69500008   0.93350150   0.50658307   1.92878483  -2.01379597
  0.66212782   0.00168724  -0.47356169   0.46693852   0.69518906   0.93335976   0.50811002   1.92809062  -2.01213292
  0.66212782   0.00168724  -0.47356169   0.46693852   0.69518906   0.93335976   0.50811002   1.92809062  -2.01213292
  0.65965551   0.00034092  -0.47363548   0.46900413   0.69535104   0.93344611   0.50980624   1.92670510  -2.01000374
  0.65925439   0.00020421  -0.47373836   0.46923724   0.69527695   0.93341842   0.50983251   1.92670580  -2.00999829
  0.65726093  -0.00112923  -0.47342095   0.47120593   0.69581920   0.93340543   0.51145359   1.92490714  -2.00833750
  0.65726093  -0.00112923  -0.47342095   0.47120593   0.69581920   0.93340543   0.51145359   1.92490714  -2.00833750
  0.65423615  -0.00293082  -0.47368466   0.47358104   0.69577549   0.93384954   0.51338372   1.92302914  -2.00547724
  0.65231765  -0.00415526  -0.47364762   0.47518746   0.69597168   0.93401931   0.51486269   1.92148293  -2.00369080
  0.65231765  -0.00415526  -0.47364762   0.47518746   0.69597168   0.93401931   0.51486269   1.92148293  -2.00369080
  0.64988395  -0.00577998  -0.47350864   0.47733319   0.69630857   0.93415677   0.51621339   1.91950449  -2.00221645
  0.64863219  -0.00664420  -0.47329788   0.47876141   0.69664101   0.93410527   0.51695784   1.91814795  -2.00138242
  0.64704947  -0.00776556  -0.47320622   0.47992139   0.69684145   0.93432004   0.51806762   1.91692493  -2.00023971
  0.64704947  -0.00776556  -0.47320622   0.47992139   0.69684145   0.93432004   0.51806762   1.91692493  -2.00023971
  0.64432376  -0.00963133  -0.47336701   0.48205779   0.69683341   0.93485383   0.51970779   1.91456745  -1.99784762
  0.64231695  -0.01104725  -0.47350714   0.48359615   0.69679304   0.93537249   0.52085950   1.91302635  -1.99596938
  0.64231695  -0.01104725  -0.47350714   0.48359615   0.69679304   0.93537249   0.52085950   1.91302635  -1.99596938
  0.63968296  -0.01315322  -0.47321457   0.48583595   0.69724616   0.93574213   0.52237751   1.91007868  -1.99446417
  0.63815759  -0.01435748  -0.47313334   0.48712231   0.69740755   0.93604233   0.52322003   1.90843681  -1.99339916
  0.63670645  -0.01551170  -0.47308389   0.48827641   0.69752518   0.93637644   0.52400758   1.90694342  -1.99237685
  0.63507724  -0.01675495  -0.47321660   0.48935990   0.69744926   0.93693647   0.52503363   1.90554847  -1.99075748
  0.63482703  -0.01678523  -0.47332857   0.48954616   0.69734774   0.93685408   0.52493816   1.90548487  -1.99086456
  0.63219743  -0.01910673  -0.47298113   0.49185338   0.69782461   0.93748026   0.52645097   1.90222125  -1.98906609
  0.63177621  -0.01933884  -0.47303828   0.49202776   0.69778233   0.93752375   0.52647266   1.90221788  -1.98912704
  0.62942887  -0.02141876  -0.47277333   0.49416121   0.69814777   0.93809490   0.52783340   1.89897415  -1.98737771
  0.62765728  -0.02270877  -0.47304760   0.49527461   0.69791521   0.93876032   0.52873785   1.89766692  -1.98566166
  0.62606481  -0.02429866  -0.47263081   0.49671255   0.69840013   0.93909135   0.52959618   1.89512671  -1.98503774
  0.62468172  -0.02547377  -0.47262953   0.49772027   0.69843820   0.93954810   0.53024015   1.89360194  -1.98407857
  0.62282004  -0.02694215  -0.47280379   0.49896488   0.69830514   0.94024728   0.53132600   1.89176405  -1.98223735
  0.62150957  -0.02826038  -0.47243056   0.50021368   0.69872786   0.94049503   0.53178700   1.88972830  -1.98200881
  0.62150957  -0.02826038  -0.47243056   0.50021368   0.69872786   0.94049503   0.53178700   1.88972830  -1.98200881
  0.61855205  -0.03066526  -0.47241051   0.50239979   0.69882226   0.94136468   0.53328879   1.88667533  -1.97982219
  0.61643748  -0.03247693  -0.47235004   0.50394983   0.69893031   0.94203016   0.53449870   1.88409626  -1.97817816
  0.61508322  -0.03391729  -0.47195277   0.50521139   0.69936549   0.94238780   0.53519408   1.88169140  -1.97761480
  0.61451705  -0.03410920  -0.47212730   0.50547209   0.69920156   0.94235514   0.53506080   1.88176432  -1.97781675
  0.61255341  -0.03606690  -0.47177967   0.50736291   0.69959280   0.94305088   0.53609493   1.87877382  -1.97622512
  0.61109937  -0.03709488  -0.47202165   0.50815338   0.69936778   0.94362770   0.53661294   1.87816004  -1.97507528
  0.60930941  -0.03884564  -0.47162216   0.50957169   0.69980453   0.94403031   0.53782218   1.87507333  -1.97413054
  0.60791049  -0.04012740  -0.47144101   0.51071475   0.70000776   0.94442052   0.53831671   1.87328012  -1.97353612
  0.60578656  -0.04156148  -0.47193721   0.51202268   0.69952831   0.94529411   0.53928644   1.87193598  -1.97120090
  0.60578656  -0.04156148  -0.47193721   0.51202268   0.69952831   0.94529411   0.53928644   1.87193598  -1.97120090
  0.60288319  -0.04441205  -0.47108451   0.51454879   0.70042967   0.94583151   0.54103522   1.86729229  -1.96994776
  0.60114554  -0.04571513  -0.47128174   0.51570820   0.70024523   0.94645441   0.54184171   1.86572408  -1.96838133
  0.60114554  -0.04571513  -0.47128174   0.51570820   0.70024523   0.94645441   0.54184171   1.86572408  -1.96838133
  0.59804510  -0.04856521  -0.47066731   0.51833929   0.70089207   0.94715948   0.54348394   1.86142620  -1.96668018
  0.59620894  -0.05005840  -0.47068896   0.51963437   0.70087952   0.94775771   0.54436646   1.85943283  -1.96526819
  0.59620894  -0.05005840  -0.47068896   0.51963437   0.70087952   0.94775771   0.54436646   1.85943283  -1.96526819
  0.59331470  -0.05267586  -0.47014717   0.52199640   0.70143333   0.94841160   0.54586077   1.85558466  -1.96373563
  0.59143772  -0.05439360  -0.47003474   0.52326298   0.70154943   0.94919363   0.54715479   1.85323398  -1.96186469
  0.59071425  -0.05493798  -0.46991911   0.52418474   0.70166638   0.94919227   0.54698518   1.85236385  -1.96190847
  0.58883569  -0.05665862  -0.46952588   0.52548061   0.70205779   0.94958383   0.54809727   1.84979358  -1.96112350
  0.58705407  -0.05796462  -0.46971696   0.52686837   0.70186441   0.95023102   0.54879011   1.84833451  -1.95934419
  0.58674277  -0.05814348  -0.46972664   0.52677701   0.70185370   0.95022288   0.54898664   1.84830128  -1.95951464
  0.58379423  -0.06088484  -0.46893190   0.52949394   0.70263390   0.95074110   0.55070911   1.84377939  -1.95781401
  0.58195711  -0.06224826  -0.46902602   0.53066591   0.70252979   0.95126877   0.55172231   1.84199448  -1.95626817
  0.58047931  -0.06365105  -0.46854862   0.53198596   0.70299067   0.95145494   0.55266866   1.83949270  -1.95557744
  0.57911741  -0.06482137  -0.46836777   0.53307947   0.70315671   0.95183800   0.55316714   1.83820290  -1.95479545
  0.57742767  -0.06624383  -0.46811264   0.53443790   0.70339012   0.95218387   0.55407506   1.83613880  -1.95371442
  0.57552048  -0.06774760  -0.46802946   0.53585219   0.70344980   0.95270200   0.55514322   1.83420368  -1.95208252
  0.57430741  -0.06885507  -0.46758214   0.53696470   0.70386951   0.95274430   0.55580243   1.83234259  -1.95176998
  0.57242556  -0.07027325  -0.46757671   0.53832571   0.70384737   0.95327096   0.55681833   1.83068196  -1.95007074
  0.57242556  -0.07027325  -0.46757671   0.53832571   0.70384737   0.95327096   0.55681833   1.83068196  -1.95007074
  0.56956060  -0.07266674  -0.46687299   0.54074686   0.70447850   0.95351986   0.55847942   1.82701029  -1.94864820
  0.56799647  -0.07391825  -0.46657009   0.54205273   0.70473878   0.95369026   0.55936050   1.82520507  -1.94772418
  0.56799647  -0.07391825  -0.46657009   0.54205273   0.70473878   0.95369026   0.55936050   1.82520507  -1.94772418
  0.56497562  -0.07626778  -0.46615856   0.54445958   0.70506925   0.95414811   0.56112076   1.82198310  -1.94557088
  0.56332172  -0.07761815  -0.46570137   0.54590957   0.70546411   0.95421791   0.56215597   1.81995557  -1.94467084
  0.56173490  -0.07881852  -0.46545165   0.54723407   0.70565820   0.95438595   0.56312773   1.81830698  -1.94349155
  0.55978159  -0.08025028  -0.46531465   0.54865593   0.70573343   0.95473898   0.56440117   1.81654045  -1.94176544
  0.55935638  -0.08038345  -0.46538654   0.54897052   0.70564620   0.95462277   0.56424982   1.81647651  -1.94199145
  0.55686249  -0.08260797  -0.46445743   0.55119155   0.70645308   0.95475974   0.56645669   1.81276592  -1.94007771
  0.55640907  -0.08287366  -0.46444985   0.55175102   0.70644054   0.95480348   0.56606357   1.81293397  -1.94018657
  0.55408134  -0.08462952  -0.46395770   0.55367060   0.70681843   0.95488745   0.56784336   1.81023368  -1.93837352
  0.55244153  -0.08563971  -0.46395401   0.55491333   0.70675293   0.95501286   0.56881960   1.80894719  -1.93696546
  0.55239640  -0.08578639  -0.46384290   0.55494702   0.70685950   0.95510718   0.56884297   1.80901503  -1.93694968
  0.54952439  -0.08796955  -0.46305099   0.55752877   0.70747833   0.95502267   0.57082309   1.80566022  -1.93514821
  0.54952439  -0.08796955  -0.46305099   0.55752877   0.70747833   0.95502267   0.57082309   1.80566022  -1.93514821
  0.54659483  -0.09006476  -0.46247777   0.56001791   0.70787217   0.95506583   0.57272566   1.80293547  -1.93304323
  0.54659483  -0.09006476  -0.46247777   0.56001791   0.70787217   0.95506583   0.57272566   1.80293547  -1.93304323
  0.54381522  -0.09204264  -0.46177934   0.56245128   0.70836739   0.95490160   0.57465133   1.80024614  -1.93121933
  0.54181578  -0.09324915  -0.46172255   0.56400243   0.70830201   0.95501585   0.57606634   1.79891578  -1.92915974
  0.54148350  -0.09348951  -0.46162207   0.56431478   0.70837513   0.95500141   0.57596412   1.79894976  -1.92930648
  0.53929037  -0.09510206  -0.46071284   0.56647900   0.70906626   0.95451951   0.57814102   1.79606058  -1.92763618
  0.53776985  -0.09598564  -0.46027766   0.56807065   0.70933463   0.95412166   0.57914223   1.79514085  -1.92662831
  0.53605631  -0.09700686  -0.46010543   0.56941492   0.70936543   0.95407946   0.58054216   1.79412722  -1.92485693
  0.53605631  -0.09700686  -0.46010543   0.56941492   0.70936543   0.95407946   0.58054216   1.79412722  -1.92485693
  0.53351231  -0.09868831  -0.45931604   0.57191860   0.70988165   0.95358440   0.58233253   1.79184248  -1.92324980
  0.53351231  -0.09868831  -0.45931604   0.57191860   0.70988165   0.95358440   0.58233253   1.79184248  -1.92324980
  0.53084534  -0.10035076  -0.45867012   0.57435725   0.71023843   0.95314391   0.58437879   1.78979247  -1.92117908
  0.52929291  -0.10113184  -0.45855438   0.57586689   0.71019189   0.95293659   0.58541730   1.78899656  -1.91957416
  0.52909343  -0.10137048  -0.45842706   0.57581735   0.71030020   0.95300841   0.58559411   1.78910886  -1.91963652
  0.52682461  -0.10270745  -0.45740739   0.57824478   0.71096299   0.95193260   0.58782708   1.78691687  -1.91819572
  0.52530135  -0.10343065  -0.45708052   0.57990928   0.71106233   0.95146499   0.58915530   1.78635533  -1.91645626
  0.52381098  -0.10414660  -0.45648321   0.58157229   0.71138287   0.95066187   0.59067518   1.78562890  -1.91519165
  0.52381098  -0.10414660  -0.45648321   0.58157229   0.71138287   0.95066187   0.59067518   1.78562890  -1.91519165
  0.52140042  -0.10544886  -0.45600534   0.58379562   0.71152883   0.95011396   0.59261019   1.78435800  -1.91303741
  0.51994985  -0.10612106  -0.45532261   0.58553159   0.71189498   0.94918762   0.59416405   1.78373454  -1.91180481
  0.51994985  -0.10612106  -0.45532261   0.58553159   0.71189498   0.94918762   0.59416405   1.78373454  -1.91180481
  0.51757716  -0.10731704  -0.45489468   0.58774075   0.71196378   0.94857970   0.59615367   1.78269107  -1.90950094
  0.51601664  -0.10794294  -0.45419405   0.58965348   0.71228838   0.94747601   0.59794147   1.78214035  -1.90799387
  0.51601664  -0.10794294  -0.45419405   0.58965348   0.71228838   0.94747601   0.59794147   1.78214035  -1.90799387
  0.51382066  -0.10895529  -0.45374294   0.59177356   0.71234923   0.94671693   0.59987125   1.78146101  -1.90585520
  0.51229799  -0.10947047  -0.45298779   0.59374480   0.71267187   0.94542352   0.60176374   1.78117039  -1.90431135
  0.51229799  -0.10947047  -0.45298779   0.59374480   0.71267187   0.94542352   0.60176374   1.78117039  -1.90431135
  0.51023389  -0.11031937  -0.45257962   0.59579567   0.71266747   0.94458593   0.60366852   1.78079361  -1.90214896
  0.50866996  -0.11040155  -0.45093559   0.59885786   0.71349592   0.94162255   0.60662171   1.78114582  -1.90056500
  0.50866996  -0.11040155  -0.45093559   0.59885786   0.71349592   0.94162255   0.60662171   1.78114582  -1.90056500
  0.50667593  -0.11103227  -0.45075637   0.60074872   0.71324712   0.94081066   0.60850315   1.78144824  -1.89811959
  0.50667593  -0.11103227  -0.45075637   0.60074872   0.71324712   0.94081066   0.60850315   1.78144824  -1.89811959
  0.50459668  -0.11183333  -0.45042759   0.60272119   0.71312501   0.93997646   0.61049267   1.78124297  -1.89580488
  0.50459668  -0.11183333  -0.45042759   0.60272119   0.71312501   0.93997646   0.61049267   1.78124297  -1.89580488
  0.50180705  -0.11129663  -0.44708346   0.60898446   0.71452704   0.93325724   0.61691455   1.78346847  -1.89209310
  0.50180705  -0.11129663  -0.44708346   0.60898446   0.71452704   0.93325724   0.61691455   1.78346847  -1.89209310
  0.50022912  -0.11175692  -0.44788605   0.60956510   0.71361563   0.93365631   0.61783012   1.78426632  -1.88968145
  0.50022912  -0.11175692  -0.44788605   0.60956510   0.71361563   0.93365631   0.61783012   1.78426632  -1.88968145
  0.49849403  -0.11235918  -0.44750345   0.61142511   0.71352855   0.93272491   0.61939385   1.78423887  -1.88795552
  0.49849403  -0.11235918  -0.44750345   0.61142511   0.71352855   0.93272491   0.61939385   1.78423887  -1.88795552
  0.49585029  -0.11148569  -0.44434912   0.61763113   0.71451246   0.92585873   0.62606397   1.78731065  -1.88361980
  0.49585029  -0.11148569  -0.44434912   0.61763113   0.71451246   0.92585873   0.62606397   1.78731065  -1.88361980
  0.49472121  -0.11164733  -0.44471742   0.61824530   0.71393777   0.92565059   0.62685602   1.78832752  -1.88216395
  0.49472121  -0.11164733  -0.44471742   0.61824530   0.71393777   0.92565059   0.62685602   1.78832752  -1.88216395
  0.49289089  -0.11191416  -0.44492967   0.61996188   0.71324625   0.92491074   0.62864418   1.78934019  -1.87918199
  0.49289089  -0.11191416  -0.44492967   0.61996188   0.71324625   0.92491074   0.62864418   1.78934019  -1.87918199
  0.49066660  -0.11065516  -0.44250873   0.62535308   0.71354587   0.91869531   0.63473259   1.79345358  -1.87456289
  0.49066660  -0.11065516  -0.44250873   0.62535308   0.71354587   0.91869531   0.63473259   1.79345358  -1.87456289
  0.48950080  -0.11077406  -0.44310861   0.62587386   0.71277900   0.91866847   0.63546440   1.79452549  -1.87281414
  0.48950080  -0.11077406  -0.44310861   0.62587386   0.71277900   0.91866847   0.63546440   1.79452549  -1.87281414
  0.48802406  -0.10901056  -0.44022832   0.63109039   0.71335222   0.91173220   0.64138093   1.79905133  -1.86946287
  0.48802406  -0.10901056  -0.44022832   0.63109039   0.71335222   0.91173220   0.64138093   1.79905133  -1.86946287
  0.48694756  -0.10896877  -0.44067411   0.63176427   0.71263587   0.91139981   0.64227538   1.80054269  -1.86765983
  0.48609787  -0.10891730  -0.44132264   0.63216069   0.71186711   0.91149401   0.64316879   1.80145806  -1.86539513
  0.48551044  -0.10686330  -0.43861929   0.63658217   0.71244152   0.90505282   0.64804014   1.80598484  -1.86311730
  0.48551044  -0.10686330  -0.43861929   0.63658217   0.71244152   0.90505282   0.64804014   1.80598484  -1.86311730
  0.48469596  -0.10668296  -0.43899064   0.63723643   0.71181248   0.90462812   0.64885099   1.80718767  -1.86149960
  0.48356414  -0.10677326  -0.43970215   0.63769237   0.71094827   0.90478616   0.64963625   1.80845419  -1.85929827
  0.48356414  -0.10677326  -0.43970215   0.63769237   0.71094827   0.90478616   0.64963625   1.80845419  -1.85929827
  0.48305338  -0.10410869  -0.43700574   0.64231292   0.71118056   0.89760268   0.65526052   1.81453927  -1.85624259
  0.48305338  -0.10410869  -0.43700574   0.64231292   0.71118056   0.89760268   0.65526052   1.81453927  -1.85624259
  0.48188443  -0.10385926  -0.43764989   0.64301525   0.71019151   0.89718308   0.65666676   1.81632724  -1.85351540
  0.48188443  -0.10385926  -0.43764989   0.64301525   0.71019151   0.89718308   0.65666676   1.81632724  -1.85351540
  0.48151604  -0.10103315  -0.43543436   0.64715825   0.71003999   0.89049861   0.66190274   1.82283510  -1.85028460
  0.48151604  -0.10103315  -0.43543436   0.64715825   0.71003999   0.89049861   0.66190274   1.82283510  -1.85028460
  0.48044018  -0.10090079  -0.43625144   0.64754691   0.70904257   0.89050877   0.66290993   1.82418811  -1.84780902
  0.47997993  -0.10037612  -0.43622205   0.64835000   0.70861585   0.88943765   0.66393108   1.82601419  -1.84657262
  0.47997993  -0.10037612  -0.43622205   0.64835000   0.70861585   0.88943765   0.66393108   1.82601419  -1.84657262
  0.47964649  -0.09701061  -0.43413074   0.65261802   0.70806466   0.88229635   0.67003171   1.83368079  -1.84213812
  0.47964649  -0.09701061  -0.43413074   0.65261802   0.70806466   0.88229635   0.67003171   1.83368079  -1.84213812
  0.47897667  -0.09646423  -0.43440925   0.65344141   0.70735711   0.88140748   0.67102957   1.83561144  -1.84041817
  0.47897667  -0.09646423  -0.43440925   0.65344141   0.70735711   0.88140748   0.67102957   1.83561144  -1.84041817
  0.47891643  -0.09297664  -0.43255981   0.65724319   0.70667494   0.87465443   0.67657770   1.84351224  -1.83638443
  0.47891643  -0.09297664  -0.43255981   0.65724319   0.70667494   0.87465443   0.67657770   1.84351224  -1.83638443
  0.47803674  -0.09297296  -0.43323867   0.65735546   0.70591398   0.87479195   0.67703966   1.84455924  -1.83498212
  0.47827609  -0.09163557  -0.43306626   0.65815640   0.70548224   0.87303860   0.67835847   1.84719735  -1.83357149
  0.47827609  -0.09163557  -0.43306626   0.65815640   0.70548224   0.87303860   0.67835847   1.84719735  -1.83357149
  0.47840535  -0.08836181  -0.43187140   0.66097247   0.70460249   0.86753900   0.68285940   1.85454387  -1.82995084
  0.47840535  -0.08836181  -0.43187140   0.66097247   0.70460249   0.86753900   0.68285940   1.85454387  -1.82995084
  0.47835745  -0.08623514  -0.43091230   0.66301347   0.70405178   0.86368005   0.68634603   1.85906409  -1.82732501
  0.47813520  -0.08581505  -0.43096710   0.66355526   0.70371933   0.86303258   0.68679388   1.86016534  -1.82659821
  0.47813520  -0.08581505  -0.43096710   0.66355526   0.70371933   0.86303258   0.68679388   1.86016534  -1.82659821
  0.47855725  -0.08243478  -0.43000648   0.66579266   0.70278357   0.85798274   0.69079213   1.86759853  -1.82337182
  0.47855725  -0.08243478  -0.43000648   0.66579266   0.70278357   0.85798274   0.69079213   1.86759853  -1.82337182
  0.47813037  -0.08176647  -0.43062298   0.66590767   0.70195831   0.85757149   0.69158990   1.86949054  -1.82162322
  0.47813037  -0.08176647  -0.43062298   0.66590767   0.70195831   0.85757149   0.69158990   1.86949054  -1.82162322
  0.47897873  -0.07758359  -0.42848434   0.66934286   0.70141390   0.85046905   0.69707184   1.87778014  -1.81842006
  0.47897873  -0.07758359  -0.42848434   0.66934286   0.70141390   0.85046905   0.69707184   1.87778014  -1.81842006
  0.47893101  -0.07636425  -0.42928523   0.66915681   0.70042963   0.84990203   0.69784564   1.88061924  -1.81644754
  0.47893101  -0.07636425  -0.42928523   0.66915681   0.70042963   0.84990203   0.69784564   1.88061924  -1.81644754
  0.47986724  -0.07339932  -0.42941020   0.66949399   0.69943972   0.84705701   0.69954863   1.88668028  -1.81462014
  0.47986724  -0.07339932  -0.42941020   0.66949399   0.69943972   0.84705701   0.69954863   1.88668028  -1.81462014
  0.48048209  -0.06982694  -0.42762240   0.67245371   0.69889679   0.84111271   0.70456548   1.89347408  -1.81139231
  0.48048209  -0.06982694  -0.42762240   0.67245371   0.69889679   0.84111271   0.70456548   1.89347408  -1.81139231
  0.48014372  -0.06935033  -0.42835810   0.67216376   0.69817016   0.84116218   0.70483806   1.89494396  -1.81017289
  0.48014372  -0.06935033  -0.42835810   0.67216376   0.69817016   0.84116218   0.70483806   1.89494396  -1.81017289
  0.48183889  -0.06384451  -0.42617178   0.67533055   0.69747216   0.83329095   0.71066563   1.90516076  -1.80675374
  0.48183889  -0.06384451  -0.42617178   0.67533055   0.69747216   0.83329095   0.71066563   1.90516076  -1.80675374
  0.48168447  -0.06303748  -0.42719652   0.67453676   0.69656637   0.83344798   0.71091214   1.90730944  -1.80531521
  0.48178521  -0.06277348  -0.42734620   0.67465117   0.69643097   0.83328634   0.71075955   1.90726174  -1.80526661
  0.48178521  -0.06277348  -0.42734620   0.67465117   0.69643097   0.83328634   0.71075955   1.90726174  -1.80526661
  0.48382472  -0.05933108  -0.42807658   0.67310909   0.69555490   0.83147926   0.71093030   1.91385854  -1.80471464
  0.48382472  -0.05933108  -0.42807658   0.67310909   0.69555490   0.83147926   0.71093030   1.91385854  -1.80471464
  0.48538002  -0.05375053  -0.42526108   0.67687590   0.69512608   0.82294806   0.71792335   1.92360704  -1.80096998
  0.48538002  -0.05375053  -0.42526108   0.67687590   0.69512608   0.82294806   0.71792335   1.92360704  -1.80096998
  0.48538002  -0.05375053  -0.42526108   0.67687590   0.69512608   0.82294806   0.71792335   1.92360704  -1.80096998
  0.48645428  -0.05126727  -0.42641912   0.67553748   0.69405402   0.82213854   0.71784252   1.92834311  -1.79986103
  0.48645428  -0.05126727  -0.42641912   0.67553748   0.69405402   0.82213854   0.71784252   1.92834311  -1.79986103
  0.48758923  -0.04896733  -0.42698887   0.67463922   0.69336651   0.82091220   0.71807672   1.93254223  -1.79922944
  0.48758923  -0.04896733  -0.42698887   0.67463922   0.69336651   0.82091220   0.71807672   1.93254223  -1.79922944
  0.48952795  -0.04391630  -0.42476262   0.67706385   0.69319665   0.81409495   0.72326307   1.94054810  -1.79689354
  0.48935268  -0.04345027  -0.42545940   0.67660314   0.69260235   0.81431339   0.72320664   1.94206516  -1.79595168
  0.48935268  -0.04345027  -0.42545940   0.67660314   0.69260235   0.81431339   0.72320664   1.94206516  -1.79595168
  0.49142822  -0.04082030  -0.42613888   0.67461409   0.69221868   0.81343333   0.72243526   1.94623831  -1.79664882
  0.49142822  -0.04082030  -0.42613888   0.67461409   0.69221868   0.81343333   0.72243526   1.94623831  -1.79664882
  0.49265345  -0.03857331  -0.42668932   0.67361275   0.69163956   0.81238755   0.72251495   1.95010244  -1.79609108
  0.49265345  -0.03857331  -0.42668932   0.67361275   0.69163956   0.81238755   0.72251495   1.95010244  -1.79609108
  0.49431456  -0.03591108  -0.42702127   0.67245799   0.69121822   0.81089395   0.72265412   1.95442379  -1.79602718
  0.49431456  -0.03591108  -0.42702127   0.67245799   0.69121822   0.81089395   0.72265412   1.95442379  -1.79602718
  0.49593191  -0.03327038  -0.42722990   0.67150986   0.69084928   0.80928705   0.72298941   1.95855149  -1.79581824
  0.49593191  -0.03327038  -0.42722990   0.67150986   0.69084928   0.80928705   0.72298941   1.95855149  -1.79581824
  0.49593191  -0.03327038  -0.42722990   0.67150986   0.69084928   0.80928705   0.72298941   1.95855149  -1.79581824
  0.49840509  -0.02959171  -0.42782095   0.66949184   0.69032167   0.80752412   0.72281423   1.96439801  -1.79601567
  0.49840509  -0.02959171  -0.42782095   0.66949184   0.69032167   0.80752412   0.72281423   1.96439801  -1.79601567
  0.50039348  -0.02652221  -0.42795418   0.66826275   0.69003331   0.80565119   0.72305920   1.96926294  -1.79616491
  0.50039348  -0.02652221  -0.42795418   0.66826275   0.69003331   0.80565119   0.72305920   1.96926294  -1.79616491
  0.50216270  -0.02374990  -0.42799055   0.66730989   0.68981127   0.80387842   0.72344486   1.97343901  -1.79615600
  0.50216270  -0.02374990  -0.42799055   0.66730989   0.68981127   0.80387842   0.72344486   1.97343901  -1.79615600
  0.50405096  -0.02097826  -0.42807593   0.66608305   0.68963532   0.80223046   0.72359075   1.97761911  -1.79647979
  0.50405096  -0.02097826  -0.42807593   0.66608305   0.68963532   0.80223046   0.72359075   1.97761911  -1.79647979
  0.50600153  -0.01823056  -0.42819084   0.66475323   0.68948966   0.80068593   0.72356398   1.98171355  -1.79694591
  0.50600153  -0.01823056  -0.42819084   0.66475323   0.68948966   0.80068593   0.72356398   1.98171355  -1.79694591
  0.50792355  -0.01559828  -0.42832259   0.66341745   0.68936756   0.79928783   0.72346324   1.98555803  -1.79738058
  0.50792355  -0.01559828  -0.42832259   0.66341745   0.68936756   0.79928783   0.72346324   1.98555803  -1.79738058
  0.50998787  -0.01294405  -0.42845353   0.66187564   0.68931121   0.79793441   0.72316251   1.98937009  -1.79816998
  0.51041048  -0.01249549  -0.42849512   0.66161935   0.68931659   0.79775797   0.72326128   1.98942848  -1.79806561
  0.51199172  -0.01032603  -0.42860006   0.66035567   0.68924120   0.79663080   0.72290558   1.99311750  -1.79883599
  0.51199172  -0.01032603  -0.42860006   0.66035567   0.68924120   0.79663080   0.72290558   1.99311750  -1.79883599
  0.51391181  -0.00802295  -0.42876350   0.65881151   0.68922993   0.79562472   0.72248580   1.99628977  -1.79958018
  0.51391181  -0.00802295  -0.42876350   0.65881151   0.68922993   0.79562472   0.72248580   1.99628977  -1.79958018
  0.51602739  -0.00558435  -0.42896079   0.65709460   0.68923981   0.79457694   0.72169301   1.99972617  -1.80079770
  0.51716872  -0.00409581  -0.42900756   0.65626181   0.68923038   0.79366981   0.72126611   2.00180634  -1.80182356
  0.51774140  -0.00373748  -0.42896838   0.65589228   0.68936412   0.79371821   0.72142662   2.00168685  -1.80148430
  0.51873215  -0.00233669  -0.42924936   0.65472655   0.68921150   0.79326507   0.72095920   2.00439563  -1.80196650
  0.52018045  -0.00082864  -0.42926960   0.65373231   0.68932283   0.79255843   0.72038258   2.00618798  -1.80292548
  0.52075795  -0.00044677  -0.42919629   0.65327739   0.68947721   0.79249688   0.72046792   2.00624366  -1.80296405
  0.52241650   0.00142777  -0.42951827   0.65168344   0.68941094   0.79183095   0.71933931   2.00914398  -1.80439274
  0.52241650   0.00142777  -0.42951827   0.65168344   0.68941094   0.79183095   0.71933931   2.00914398  -1.80439274
  0.52447844   0.00339576  -0.42975839   0.64982128   0.68950985   0.79127314   0.71818685   2.01172215  -1.80584351
  0.52562527   0.00451967  -0.42992004   0.64871744   0.68954323   0.79097231   0.71756678   2.01321746  -1.80662357
  0.52562527   0.00451967  -0.42992004   0.64871744   0.68954323   0.79097231   0.71756678   2.01321746  -1.80662357
  0.52774627   0.00635676  -0.43011473   0.64679104   0.68971899   0.79049243   0.71629133   2.01544119  -1.80833775
  0.52774627   0.00635676  -0.43011473   0.64679104   0.68971899   0.79049243   0.71629133   2.01544119  -1.80833775
  0.52987069   0.00814154  -0.43039034   0.64472169   0.68986180   0.79016329   0.71487267   2.01770487  -1.81008232
  0.52987069   0.00814154  -0.43039034   0.64472169   0.68986180   0.79016329   0.71487267   2.01770487  -1.81008232
  0.53199841   0.00982282  -0.43067253   0.64263399   0.69001951   0.78992894   0.71336857   2.01974646  -1.81188776
  0.53199841   0.00982282  -0.43067253   0.64263399   0.69001951   0.78992894   0.71336857   2.01974646  -1.81188776
  0.53413026   0.01139774  -0.43095804   0.64051137   0.69019502   0.78978427   0.71175927   2.02160519  -1.81380805
  0.53413026   0.01139774  -0.43095804   0.64051137   0.69019502   0.78978427   0.71175927   2.02160519  -1.81380805
  0.53624979   0.01284962  -0.43124822   0.63836944   0.69038398   0.78973772   0.71005571   2.02325732  -1.81581885
  0.53746683   0.01358829  -0.43143066   0.63714214   0.69049722   0.78974490   0.70883692   2.02407964  -1.81728734
  0.53837462   0.01411705  -0.43176107   0.63590910   0.69047180   0.79000435   0.70778412   2.02483352  -1.81828769
  0.53934230   0.01456873  -0.43187379   0.63489000   0.69060952   0.79014286   0.70686633   2.02524657  -1.81938227
  0.54036898   0.01505219  -0.43202663   0.63374718   0.69073356   0.79034289   0.70589954   2.02573842  -1.82046615
  0.54072120   0.01517403  -0.43195613   0.63366905   0.69085231   0.79043066   0.70581285   2.02564423  -1.82031261
  0.54261607   0.01618474  -0.43193049   0.63194713   0.69123791   0.79024141   0.70427692   2.02643109  -1.82277340
  0.54318987   0.01650227  -0.43202169   0.63143528   0.69128475   0.79039851   0.70412087   2.02633075  -1.82267420
  0.54469833   0.01722449  -0.43284002   0.62902210   0.69107922   0.79115430   0.70174015   2.02768465  -1.82480162
  0.54469833   0.01722449  -0.43284002   0.62902210   0.69107922   0.79115430   0.70174015   2.02768465  -1.82480162
  0.54652770   0.01777824  -0.43308648   0.62709620   0.69133908   0.79167244   0.69963483   2.02803649  -1.82711631
  0.54774434   0.01786423  -0.43367596   0.62525298   0.69128675   0.79266261   0.69763599   2.02794501  -1.82876143
  0.54774434   0.01786423  -0.43367596   0.62525298   0.69128675   0.79266261   0.69763599   2.02794501  -1.82876143
  0.55002494   0.01519884  -0.43705757   0.61864727   0.69020297   0.79910511   0.68930981   2.02444489  -1.83357612
  0.55002494   0.01519884  -0.43705757   0.61864727   0.69020297   0.79910511   0.68930981   2.02444489  -1.83357612
  0.55145255   0.01562187  -0.43653301   0.61795116   0.69085293   0.79878377   0.68847803   2.02409806  -1.83552142
  0.55145255   0.01562187  -0.43653301   0.61795116   0.69085293   0.79878377   0.68847803   2.02409806  -1.83552142
  0.55321423   0.01620129  -0.43635913   0.61649234   0.69132834   0.79883634   0.68693776   2.02427735  -1.83785628
  0.55321423   0.01620129  -0.43635913   0.61649234   0.69132834   0.79883634   0.68693776   2.02427735  -1.83785628
  0.55563127   0.01510784  -0.43861193   0.61129789   0.69059619   0.80300374   0.68093114   2.02272786  -1.84165070
  0.55563127   0.01510784  -0.43861193   0.61129789   0.69059619   0.80300374   0.68093114   2.02272786  -1.84165070
  0.55691164   0.01504496  -0.43796611   0.61076491   0.69136716   0.80288233   0.67991701   2.02164554  -1.84396367
  0.55691164   0.01504496  -0.43796611   0.61076491   0.69136716   0.80288233   0.67991701   2.02164554  -1.84396367
  0.55847623   0.01510887  -0.43780262   0.60942549   0.69184856   0.80329586   0.67822547   2.02097395  -1.84632112
  0.55847623   0.01510887  -0.43780262   0.60942549   0.69184856   0.80329586   0.67822547   2.02097395  -1.84632112
  0.56073662   0.01173170  -0.44125187   0.60250350   0.69049316   0.81051741   0.66951882   2.01630473  -1.85122992
  0.56073662   0.01173170  -0.44125187   0.60250350   0.69049316   0.81051741   0.66951882   2.01630473  -1.85122992
  0.56185105   0.01149249  -0.44050920   0.60226113   0.69131237   0.81038943   0.66859026   2.01492196  -1.85345613
  0.56185105   0.01149249  -0.44050920   0.60226113   0.69131237   0.81038943   0.66859026   2.01492196  -1.85345613
  0.56325995   0.01130895  -0.44017259   0.60122868   0.69189494   0.81078521   0.66706025   2.01373580  -1.85579879
  0.56325995   0.01130895  -0.44017259   0.60122868   0.69189494   0.81078521   0.66706025   2.01373580  -1.85579879
  0.56517904   0.00670324  -0.44378669   0.59407019   0.69035113   0.81917118   0.65759834   2.00725964  -1.86113014
  0.56517904   0.00670324  -0.44378669   0.59407019   0.69035113   0.81917118   0.65759834   2.00725964  -1.86113014
  0.56646018   0.00668232  -0.44274493   0.59407244   0.69139282   0.81862597   0.65687171   2.00592436  -1.86356758
  0.56646018   0.00668232  -0.44274493   0.59407244   0.69139282   0.81862597   0.65687171   2.00592436  -1.86356758
  0.56762288   0.00624471  -0.44240951   0.59318000   0.69194166   0.81917485   0.65546188   2.00439374  -1.86569535
  0.56762288   0.00624471  -0.44240951   0.59318000   0.69194166   0.81917485   0.65546188   2.00439374  -1.86569535
  0.56914507   0.00076088  -0.44607456   0.58611137   0.69022845   0.82840938   0.64582436   1.99638600  -1.87076104
  0.56993291   0.00070825  -0.44530518   0.58618930   0.69097825   0.82795593   0.64529435   1.99552977  -1.87263780
  0.56993291   0.00070825  -0.44530518   0.58618930   0.69097825   0.82795593   0.64529435   1.99552977  -1.87263780
  0.57090986   0.00035637  -0.44493986   0.58559134   0.69148479   0.82835066   0.64423141   1.99408035  -1.87429522
  0.57090986   0.00035637  -0.44493986   0.58559134   0.69148479   0.82835066   0.64423141   1.99408035  -1.87429522
  0.57217596  -0.00003842  -0.44407535   0.58497095   0.69244774   0.82837484   0.64316043   1.99239129  -1.87706245
  0.57243316  -0.00007165  -0.44396576   0.58499785   0.69257896   0.82853977   0.64300755   1.99230071  -1.87692628
  0.57302314  -0.00664801  -0.44823941   0.57781040   0.69015366   0.83900527   0.63295351   1.98275158  -1.88152091
  0.57410976  -0.00653959  -0.44747513   0.57759712   0.69093366   0.83858249   0.63234027   1.98182789  -1.88349368
  0.57410976  -0.00653959  -0.44747513   0.57759712   0.69093366   0.83858249   0.63234027   1.98182789  -1.88349368
  0.57481830  -0.00731768  -0.44719164   0.57696314   0.69136924   0.83939414   0.63100373   1.98014609  -1.88523012
  0.57481830  -0.00731768  -0.44719164   0.57696314   0.69136924   0.83939414   0.63100373   1.98014609  -1.88523012
  0.57580650  -0.01302814  -0.44996894   0.57121713   0.68992868   0.84808279   0.62255618   1.97097035  -1.88984813
  0.57580650  -0.01302814  -0.44996894   0.57121713   0.68992868   0.84808279   0.62255618   1.97097035  -1.88984813
  0.57675964  -0.01329147  -0.44942596   0.57070253   0.69054676   0.84828861   0.62165238   1.96985152  -1.89160549
  0.57744538  -0.01381689  -0.44915407   0.57017862   0.69092698   0.84880269   0.62051717   1.96824000  -1.89327308
  0.57781237  -0.01473781  -0.44919549   0.56938234   0.69104402   0.84994512   0.61926772   1.96653949  -1.89449949
  0.57781237  -0.01473781  -0.44919549   0.56938234   0.69104402   0.84994512   0.61926772   1.96653949  -1.89449949
  0.57862848  -0.02055177  -0.45185891   0.56374846   0.68952608   0.85875365   0.61095432   1.95703627  -1.89901030
  0.57862848  -0.02055177  -0.45185891   0.56374846   0.68952608   0.85875365   0.61095432   1.95703627  -1.89901030
  0.57980805  -0.02082877  -0.45113734   0.56318497   0.69031863   0.85888513   0.60987753   1.95545803  -1.90128696
  0.57980805  -0.02082877  -0.45113734   0.56318497   0.69031863   0.85888513   0.60987753   1.95545803  -1.90128696
  0.58044993  -0.02175423  -0.45064811   0.56270965   0.69090624   0.85964939   0.60866390   1.95324033  -1.90317506
  0.58044993  -0.02175423  -0.45064811   0.56270965   0.69090624   0.85964939   0.60866390   1.95324033  -1.90317506
  0.58101701  -0.02769590  -0.45290806   0.55759910   0.68957632   0.86823848   0.60087885   1.94319112  -1.90754942
  0.58101701  -0.02769590  -0.45290806   0.55759910   0.68957632   0.86823848   0.60087885   1.94319112  -1.90754942
  0.58225813  -0.02768447  -0.45205394   0.55723158   0.69045888   0.86799787   0.60000869   1.94205747  -1.90977923
  0.58225813  -0.02768447  -0.45205394   0.55723158   0.69045888   0.86799787   0.60000869   1.94205747  -1.90977923
  0.58287067  -0.03168750  -0.45328384   0.55377450   0.68976781   0.87373679   0.59463026   1.93501963  -1.91323682
  0.58287067  -0.03168750  -0.45328384   0.55377450   0.68976781   0.87373679   0.59463026   1.93501963  -1.91323682
  0.58358183  -0.03218043  -0.45297630   0.55316897   0.69014717   0.87436785   0.59377501   1.93347767  -1.91442517
  0.58358183  -0.03218043  -0.45297630   0.55316897   0.69014717   0.87436785   0.59377501   1.93347767  -1.91442517
  0.58418967  -0.03637904  -0.45404268   0.54974120   0.68956133   0.88020905   0.58822863   1.92592750  -1.91828232
  0.58418967  -0.03637904  -0.45404268   0.54974120   0.68956133   0.88020905   0.58822863   1.92592750  -1.91828232
  0.58490703  -0.03686006  -0.45370097   0.54912840   0.68996363   0.88080570   0.58739166   1.92437673  -1.91953669
  0.58490703  -0.03686006  -0.45370097   0.54912840   0.68996363   0.88080570   0.58739166   1.92437673  -1.91953669
  0.58537804  -0.04142808  -0.45507542   0.54527197   0.68904930   0.88739907   0.58157366   1.91624927  -1.92312124
  0.58537804  -0.04142808  -0.45507542   0.54527197   0.68904930   0.88739907   0.58157366   1.91624927  -1.92312124
  0.58608775  -0.04174002  -0.45469187   0.54484530   0.68946996   0.88777757   0.58078123   1.91504103  -1.92433950
  0.58608775  -0.04174002  -0.45469187   0.54484530   0.68946996   0.88777757   0.58078123   1.91504103  -1.92433950
  0.58662425  -0.04526992  -0.45535776   0.54204231   0.68908813   0.89263051   0.57635585   1.90831217  -1.92757635
  0.58662425  -0.04526992  -0.45535776   0.54204231   0.68908813   0.89263051   0.57635585   1.90831217  -1.92757635
  0.58731164  -0.04550473  -0.45477948   0.54154249   0.68968349   0.89270280   0.57600656   1.90719127  -1.92897806
  0.58751497  -0.04553732  -0.45466275   0.54172880   0.68980313   0.89282548   0.57577088   1.90714309  -1.92885626
  0.58751497  -0.04553732  -0.45466275   0.54172880   0.68980313   0.89282548   0.57577088   1.90714309  -1.92885626
  0.58745113  -0.05049435  -0.45596755   0.53823927   0.68881880   0.89958152   0.57032484   1.89804682  -1.93205428
  0.58745113  -0.05049435  -0.45596755   0.53823927   0.68881880   0.89958152   0.57032484   1.89804682  -1.93205428
  0.58745113  -0.05049435  -0.45596755   0.53823927   0.68881880   0.89958152   0.57032484   1.89804682  -1.93205428
  0.58842103  -0.05090361  -0.45540819   0.53756021   0.68941199   0.90006537   0.56920150   1.89649793  -1.93395397
  0.58842103  -0.05090361  -0.45540819   0.53756021   0.68941199   0.90006537   0.56920150   1.89649793  -1.93395397
  0.58885203  -0.05494493  -0.45668086   0.53395662   0.68836950   0.90622708   0.56404220   1.88903757  -1.93686764
  0.58885203  -0.05494493  -0.45668086   0.53395662   0.68836950   0.90622708   0.56404220   1.88903757  -1.93686764
  0.58885203  -0.05494493  -0.45668086   0.53395662   0.68836950   0.90622708   0.56404220   1.88903757  -1.93686764
  0.58951256  -0.05538377  -0.45622891   0.53350288   0.68883999   0.90669599   0.56322642   1.88763973  -1.93819692
  0.58951256  -0.05538377  -0.45622891   0.53350288   0.68883999   0.90669599   0.56322642   1.88763973  -1.93819692
  0.59008192  -0.05836881  -0.45686310   0.53083280   0.68832561   0.91112517   0.55924085   1.88171079  -1.94100551
  0.59008192  -0.05836881  -0.45686310   0.53083280   0.68832561   0.91112517   0.55924085   1.88171079  -1.94100551
  0.59008192  -0.05836881  -0.45686310   0.53083280   0.68832561   0.91112517   0.55924085   1.88171079  -1.94100551
  0.59047425  -0.05885384  -0.45661157   0.53046374   0.68858962   0.91171669   0.55863434   1.88047523  -1.94173362
  0.59047425  -0.05885384  -0.45661157   0.53046374   0.68858962   0.91171669   0.55863434   1.88047523  -1.94173362
  0.59047425  -0.05885384  -0.45661157   0.53046374   0.68858962   0.91171669   0.55863434   1.88047523  -1.94173362
  0.59143931  -0.05928177  -0.45550689   0.53027262   0.68969896   0.91159530   0.55782919   1.87815575  -1.94424011
  0.59143931  -0.05928177  -0.45550689   0.53027262   0.68969896   0.91159530   0.55782919   1.87815575  -1.94424011
  0.59143931  -0.05928177  -0.45550689   0.53027262   0.68969896   0.91159530   0.55782919   1.87815575  -1.94424011
  0.59106679  -0.06385336  -0.45742619   0.52656783   0.68789308   0.91877127   0.55282398   1.87075719  -1.94566764
  0.59106679  -0.06385336  -0.45742619   0.52656783   0.68789308   0.91877127   0.55282398   1.87075719  -1.94566764
  0.59106679  -0.06385336  -0.45742619   0.52656783   0.68789308   0.91877127   0.55282398   1.87075719  -1.94566764
  0.59106679  -0.06385336  -0.45742619   0.52656783   0.68789308   0.91877127   0.55282398   1.87075719  -1.94566764
  0.59183541  -0.06410605  -0.45690346   0.52607586   0.68841986   0.91901728   0.55208954   1.86953325  -1.94716136
  0.59183541  -0.06410605  -0.45690346   0.52607586   0.68841986   0.91901728   0.55208954   1.86953325  -1.94716136
  0.59183541  -0.06410605  -0.45690346   0.52607586   0.68841986   0.91901728   0.55208954   1.86953325  -1.94716136
  0.59183541  -0.06410605  -0.45690346   0.52607586   0.68841986   0.91901728   0.55208954   1.86953325  -1.94716136
  0.59234542  -0.06530456  -0.45659134   0.52527408   0.68874145   0.92041375   0.55061915   1.86646182  -1.94887035
  0.59234542  -0.06530456  -0.45659134   0.52527408   0.68874145   0.92041375   0.55061915   1.86646182  -1.94887035
  0.59234542  -0.06530456  -0.45659134   0.52527408   0.68874145   0.92041375   0.55061915   1.86646182  -1.94887035
  0.59234542  -0.06530456  -0.45659134   0.52527408   0.68874145   0.92041375   0.55061915   1.86646182  -1.94887035
  0.59234542  -0.06530456  -0.45659134   0.52527408   0.68874145   0.92041375   0.55061915   1.86646182  -1.94887035
  0.59234542  -0.06530456  -0.45659134   0.52527408   0.68874145   0.92041375   0.55061915   1.86646182  -1.94887035
  0.59316256  -0.06558366  -0.45582556   0.52502465   0.68950865   0.92045840   0.55003919   1.86482815  -1.95045204
  0.59316256  -0.06558366  -0.45582556   0.52502465   0.68950865   0.92045840   0.55003919   1.86482815  -1.95045204
  0.59316256  -0.06558366  -0.45582556   0.52502465   0.68950865   0.92045840   0.55003919   1.86482815  -1.95045204
  0.59316256  -0.06558366  -0.45582556   0.52502465   0.68950865   0.92045840   0.55003919   1.86482815  -1.95045204
  0.59316256  -0.06558366  -0.45582556   0.52502465   0.68950865   0.92045840   0.55003919   1.86482815  -1.95045204
  0.59281303  -0.07017680  -0.45754954   0.52144516   0.68780060   0.92754258   0.54478337   1.85723897  -1.95245538
  0.59281303  -0.07017680  -0.45754954   0.52144516   0.68780060   0.92754258   0.54478337   1.85723897  -1.95245538
  0.59281303  -0.07017680  -0.45754954   0.52144516   0.68780060   0.92754258   0.54478337   1.85723897  -1.95245538
  0.59281303  -0.07017680  -0.45754954   0.52144516   0.68780060   0.92754258   0.54478337   1.85723897  -1.95245538
  0.59281303  -0.07017680  -0.45754954   0.52144516   0.68780060   0.92754258   0.54478337   1.85723897  -1.95245538
  0.59281303  -0.07017680  -0.45754954   0.52144516   0.68780060   0.92754258   0.54478337   1.85723897  -1.95245538
  0.59281303  -0.07017680  -0.45754954   0.52144516   0.68780060   0.92754258   0.54478337   1.85723897  -1.95245538
  0.59281303  -0.07017680  -0.45754954   0.52144516   0.68780060   0.92754258   0.54478337   1.85723897  -1.95245538
  0.59368453  -0.07013036  -0.45696419   0.52085292   0.68838418   0.92741331   0.54441447   1.85639798  -1.95397437
  0.59368453  -0.07013036  -0.45696419   0.52085292   0.68838418   0.92741331   0.54441447   1.85639798  -1.95397437
  0.59368453  -0.07013036  -0.45696419   0.52085292   0.68838418   0.92741331   0.54441447   1.85639798  -1.95397437
  0.59368453  -0.07013036  -0.45696419   0.52085292   0.68838418   0.92741331   0.54441447   1.85639798  -1.95397437
  0.59368453  -0.07013036  -0.45696419   0.52085292   0.68838418   0.92741331   0.54441447   1.85639798  -1.95397437
  0.59368453  -0.07013036  -0.45696419   0.52085292   0.68838418   0.92741331   0.54441447   1.85639798  -1.95397437
  0.59368453  -0.07013036  -0.45696419   0.52085292   0.68838418   0.92741331   0.54441447   1.85639798  -1.95397437
  0.59368453  -0.07013036  -0.45696419   0.52085292   0.68838418   0.92741331   0.54441447   1.85639798  -1.95397437
  0.59368453  -0.07013036  -0.45696419   0.52085292   0.68838418   0.92741331   0.54441447   1.85639798  -1.95397437
  0.59368453  -0.07013036  -0.45696419   0.52085292   0.68838418   0.92741331   0.54441447   1.85639798  -1.95397437
  0.59387496  -0.07014729  -0.45685682   0.52098336   0.68849109   0.92751017   0.54423397   1.85634384  -1.95388450
  0.59387496  -0.07014729  -0.45685682   0.52098336   0.68849109   0.92751017   0.54423397   1.85634384  -1.95388450
  0.59387496  -0.07014729  -0.45685682   0.52098336   0.68849109   0.92751017   0.54423397   1.85634384  -1.95388450
  0.59387496  -0.07014729  -0.45685682   0.52098336   0.68849109   0.92751017   0.54423397   1.85634384  -1.95388450
  0.59387496  -0.07014729  -0.45685682   0.52098336   0.68849109   0.92751017   0.54423397   1.85634384  -1.95388450
  0.59387496  -0.07014729  -0.45685682   0.52098336   0.68849109   0.92751017   0.54423397   1.85634384  -1.95388450
  0.59387496  -0.07014729  -0.45685682   0.52098336   0.68849109   0.92751017   0.54423397   1.85634384  -1.95388450
  0.59387496  -0.07014729  -0.45685682   0.52098336   0.68849109   0.92751017   0.54423397   1.85634384  -1.95388450
  0.59387496  -0.07014729  -0.45685682   0.52098336   0.68849109   0.92751017   0.54423397   1.85634384  -1.95388450
  0.59387496  -0.07014729  -0.45685682   0.52098336   0.68849109   0.92751017   0.54423397   1.85634384  -1.95388450
  0.59387496  -0.07014729  -0.45685682   0.52098336   0.68849109   0.92751017   0.54423397   1.85634384  -1.95388450
  0.59387496  -0.07014729  -0.45685682   0.52098336   0.68849109   0.92751017   0.54423397   1.85634384  -1.95388450
  0.59387496  -0.07014729  -0.45685682   0.52098336   0.68849109   0.92751017   0.54423397   1.85634384  -1.95388450
  0.59387496  -0.07014729  -0.45685682   0.52098336   0.68849109   0.92751017   0.54423397   1.85634384  -1.95388450
  0.59387496  -0.07014729  -0.45685682   0.52098336   0.68849109   0.92751017   0.54423397   1.85634384  -1.95388450
  0.59387496  -0.07014729  -0.45685682   0.52098336   0.68849109   0.92751017   0.54423397   1.85634384  -1.95388450
  0.59387496  -0.07014729  -0.45685682   0.52098336   0.68849109   0.92751017   0.54423397   1.85634384  -1.95388450
  0.59387496  -0.07014729  -0.45685682   0.52098336   0.68849109   0.92751017   0.54423397   1.85634384  -1.95388450
  0.59387496  -0.07014729  -0.45685682   0.52098336   0.68849109   0.92751017   0.54423397   1.85634384  -1.95388450
