  0.69974911  -0.44316591  -0.63450032   0.01367454   0.55409363   1.04719755  -0.03729499   1.65921136  -1.96638870
  0.69974911  -0.44316591  -0.63450032   0.01367454   0.55409363   1.04719755  -0.03729499   1.65921136  -1.96638870
  0.69974911  -0.44316591  -0.63450032   0.01367454   0.55409363   1.04719755  -0.03729499   1.65921136  -1.96638870
  0.69974911  -0.44316591  -0.63450032   0.01367454   0.55409363   1.04719755  -0.03729499   1.65921136  -1.96638870
  0.70129677  -0.44278711  -0.63412353   0.01262253   0.55335372   1.04703428  -0.03834008   1.66004827  -1.96768782
  0.70262696  -0.44237674  -0.63342084   0.01146688   0.55334153   1.04677957  -0.03929148   1.66004811  -1.96957977
  0.70262696  -0.44237674  -0.63342084   0.01146688   0.55334153   1.04677957  -0.03929148   1.66004811  -1.96957977
  0.70520991  -0.44167837  -0.63231521   0.00960246   0.55282939   1.04643814  -0.04118876   1.66058869  -1.97242971
  0.70718346  -0.44105041  -0.63111053   0.00804591   0.55308854   1.04604667  -0.04266596   1.66027677  -1.97522677
  0.70897859  -0.44068860  -0.63057070   0.00644422   0.55203635   1.04601809  -0.04411506   1.66125898  -1.97720002
  0.71070177  -0.44017821  -0.62949133   0.00483890   0.55216943   1.04570585  -0.04537155   1.66092618  -1.97978034
  0.71104463  -0.44013057  -0.62935221   0.00491138   0.55212336   1.04568481  -0.04554163   1.66094753  -1.97957386
  0.71335196  -0.43947496  -0.62825511   0.00287995   0.55177343   1.04532607  -0.04720708   1.66119202  -1.98263974
  0.71335196  -0.43947496  -0.62825511   0.00287995   0.55177343   1.04532607  -0.04720708   1.66119202  -1.98263974
  0.71523958  -0.43895202  -0.62745463   0.00132969   0.55122975   1.04511398  -0.04873987   1.66165999  -1.98515236
  0.71556878  -0.43900941  -0.62722941   0.00133469   0.55128313   1.04518373  -0.04885190   1.66176006  -1.98497329
  0.71789393  -0.43858691  -0.62633270   0.00000000   0.55011933   1.04501813  -0.05025868   1.66245393  -1.98795967
  0.71789393  -0.43858691  -0.62633270   0.00000000   0.55011933   1.04501813  -0.05025868   1.66245393  -1.98795967
  0.72001389  -0.43836874  -0.62505951   0.00000000   0.55013300   1.04449539  -0.05000774   1.66190601  -1.99070206
  0.72041213  -0.43834757  -0.62485988   0.00000000   0.55007396   1.04451796  -0.05024472   1.66200854  -1.99069920
  0.72041213  -0.43834757  -0.62485988   0.00000000   0.55007396   1.04451796  -0.05024472   1.66200854  -1.99069920
  0.72520660  -0.43828094  -0.62290083   0.00000000   0.54744251   1.04411902  -0.05030278   1.66325376  -1.99702141
  0.72520660  -0.43828094  -0.62290083   0.00000000   0.54744251   1.04411902  -0.05030278   1.66325376  -1.99702141
  0.72787056  -0.43831882  -0.62133965   0.00000000   0.54656555   1.04387354  -0.05015881   1.66286895  -2.00047557
  0.72824510  -0.43831836  -0.62110532   0.00000000   0.54654413   1.04393312  -0.05044648   1.66293861  -2.00046359
  0.73109726  -0.43840839  -0.61967645   0.00000000   0.54495357   1.04378168  -0.05038622   1.66306802  -2.00451210
  0.73109726  -0.43840839  -0.61967645   0.00000000   0.54495357   1.04378168  -0.05038622   1.66306802  -2.00451210
  0.73395198  -0.43873459  -0.61827360   0.00043416   0.54296306   1.04387228  -0.05025486   1.66336016  -2.00790894
  0.73395198  -0.43873459  -0.61827360   0.00043416   0.54296306   1.04387228  -0.05025486   1.66336016  -2.00790894
  0.73732368  -0.43907372  -0.61636119   0.00000000   0.54070762   1.04415584  -0.05086614   1.66345846  -2.01250743
  0.73732368  -0.43907372  -0.61636119   0.00000000   0.54070762   1.04415584  -0.05086614   1.66345846  -2.01250743
  0.73979515  -0.43935051  -0.61492359   0.00034431   0.53937125   1.04420049  -0.05073693   1.66326389  -2.01549611
  0.74152178  -0.43939496  -0.61376591   0.00000000   0.53861877   1.04421111  -0.05113839   1.66277146  -2.01803221
  0.74152178  -0.43939496  -0.61376591   0.00000000   0.53861877   1.04421111  -0.05113839   1.66277146  -2.01803221
  0.74436132  -0.43941004  -0.61218790   0.00000000   0.53762477   1.04394884  -0.05104447   1.66253673  -2.02165701
  0.74475799  -0.43942530  -0.61194411   0.00000000   0.53759794   1.04400129  -0.05126639   1.66260247  -2.02162705
  0.74761444  -0.43950443  -0.61053232   0.00000000   0.53604554   1.04382049  -0.05115109   1.66273140  -2.02567466
  0.74761444  -0.43950443  -0.61053232   0.00000000   0.53604554   1.04382049  -0.05115109   1.66273140  -2.02567466
  0.75048743  -0.43975428  -0.60911869   0.00037199   0.53422904   1.04383958  -0.05106864   1.66298369  -2.02913424
  0.75048743  -0.43975428  -0.60911869   0.00037199   0.53422904   1.04383958  -0.05106864   1.66298369  -2.02913424
  0.75389190  -0.43985657  -0.60715437   0.00000000   0.53257791   1.04384945  -0.05168284   1.66283457  -2.03379999
  0.75389190  -0.43985657  -0.60715437   0.00000000   0.53257791   1.04384945  -0.05168284   1.66283457  -2.03379999
  0.75615744  -0.43979326  -0.60575614   0.00000000   0.53217261   1.04347613  -0.05140454   1.66219361  -2.03691432
  0.75647404  -0.43985837  -0.60552631   0.00000000   0.53220837   1.04356864  -0.05156604   1.66231228  -2.03679222
  0.75988759  -0.44007867  -0.60406773   0.00048319   0.52992432   1.04344673  -0.05121182   1.66293838  -2.04120400
  0.76136952  -0.44021885  -0.60310039   0.00006795   0.52893281   1.04362222  -0.05171493   1.66271373  -2.04354744
  0.76165807  -0.44022979  -0.60293726   0.00005946   0.52891901   1.04363753  -0.05180562   1.66272738  -2.04341269
  0.76394583  -0.44054951  -0.60187224   0.00044230   0.52698829   1.04375862  -0.05163022   1.66304562  -2.04665423
  0.76564352  -0.44040157  -0.60057304   0.00000000   0.52699739   1.04354740  -0.05206008   1.66214815  -2.04910539
  0.76594072  -0.44047759  -0.60036697   0.00000000   0.52702113   1.04361499  -0.05209882   1.66223636  -2.04896498
  0.76901341  -0.44077112  -0.59922870   0.00039928   0.52427183   1.04370704  -0.05202693   1.66318837  -2.05303487
  0.77035700  -0.44098038  -0.59812283   0.00000000   0.52373193   1.04387499  -0.05229977   1.66252367  -2.05481371
  0.77035700  -0.44098038  -0.59812283   0.00000000   0.52373193   1.04387499  -0.05229977   1.66252367  -2.05481371
  0.77341167  -0.44100138  -0.59648974  -0.00000000   0.52246390   1.04370040  -0.05249901   1.66249202  -2.05873420
  0.77341167  -0.44100138  -0.59648974   0.00000000   0.52246390   1.04370040  -0.05249901   1.66249202  -2.05873420
  0.77617854  -0.44112428  -0.59519054   0.00000000   0.52106511   1.04358936  -0.05240904   1.66284028  -2.06179128
  0.77617854  -0.44112428  -0.59519054   0.00000000   0.52106511   1.04358936  -0.05240904   1.66284028  -2.06179128
  0.77891789  -0.44098064  -0.59362823   0.00006549   0.52048566   1.04318789  -0.05241536   1.66248131  -2.06558366
  0.77891789  -0.44098064  -0.59362823   0.00006549   0.52048566   1.04318789  -0.05241536   1.66248131  -2.06558366
  0.78243421  -0.44097755  -0.59196155   0.00001368   0.51883670   1.04295935  -0.05258498   1.66285307  -2.06996501
  0.78243421  -0.44097755  -0.59196155   0.00001368   0.51883670   1.04295935  -0.05258498   1.66285307  -2.06996501
  0.78540555  -0.44100352  -0.59039204   0.00000000   0.51761880   1.04276813  -0.05268570   1.66282266  -2.07373831
  0.78540555  -0.44100352  -0.59039204   0.00000000   0.51761880   1.04276813  -0.05268570   1.66282266  -2.07373831
  0.78810695  -0.44089075  -0.58888203   0.00000000   0.51712470   1.04231652  -0.05240270   1.66243570  -2.07717701
  0.78847310  -0.44086805  -0.58865105   0.00004774   0.51713213   1.04236894  -0.05276092   1.66251792  -2.07718638
  0.79118835  -0.44101275  -0.58775922   0.00000000   0.51485948   1.04232029  -0.05265055   1.66352134  -2.08079249
  0.79275380  -0.44107384  -0.58663640   0.00017594   0.51461233   1.04224458  -0.05271006   1.66298103  -2.08281037
  0.79400392  -0.44094283  -0.58576340   0.00000000   0.51460207   1.04202699  -0.05288500   1.66251878  -2.08492197
  0.79432166  -0.44092308  -0.58562989   0.00000000   0.51454947   1.04198672  -0.05290541   1.66250509  -2.08480381
  0.79711084  -0.44081348  -0.58437831   0.00000000   0.51349545   1.04165119  -0.05289824   1.66293235  -2.08843370
  0.79711084  -0.44081348  -0.58437831   0.00000000   0.51349545   1.04165119  -0.05289824   1.66293235  -2.08843370
  0.80019390  -0.44061531  -0.58283665   0.00000000   0.51274869   1.04115051  -0.05280198   1.66290646  -2.09232309
  0.80019390  -0.44061531  -0.58283665   0.00000000   0.51274869   1.04115051  -0.05280198   1.66290646  -2.09232309
  0.80368699  -0.44063421  -0.58132051   0.00005535   0.51096253   1.04093372  -0.05287049   1.66357289  -2.09658565
  0.80368699  -0.44063421  -0.58132051   0.00005535   0.51096253   1.04093372  -0.05287049   1.66357289  -2.09658565
  0.80625425  -0.44067280  -0.58007380   0.00033935   0.50992791   1.04071629  -0.05269018   1.66371667  -2.09955964
  0.80767777  -0.44046504  -0.57910711   0.00000000   0.51002886   1.04038333  -0.05282095   1.66305292  -2.10160633
  0.80767777  -0.44046504  -0.57910711   0.00000000   0.51002886   1.04038333  -0.05282095   1.66305292  -2.10160633
  0.81102040  -0.44028988  -0.57758960   0.00000000   0.50890718   1.03997058  -0.05292710   1.66354606  -2.10580955
  0.81102040  -0.44028988  -0.57758960   0.00000000   0.50890718   1.03997058  -0.05292710   1.66354606  -2.10580955
  0.81407341  -0.44029085  -0.57623644   0.00021857   0.50759066   1.03970025  -0.05278316   1.66403809  -2.10940117
  0.81545046  -0.44047757  -0.57552346   0.00035007   0.50673908   1.03974947  -0.05264041   1.66413200  -2.11110805
  0.81720214  -0.44030109  -0.57437810   0.00004923   0.50672322   1.03941249  -0.05273321   1.66349226  -2.11351438
  0.81720214  -0.44030109  -0.57437810   0.00004923   0.50672322   1.03941249  -0.05273321   1.66349226  -2.11351438
  0.82013480  -0.43995181  -0.57291283   0.00000808   0.50630990   1.03880848  -0.05278465   1.66342550  -2.11735009
  0.82054099  -0.43988540  -0.57275236   0.00005295   0.50620909   1.03879784  -0.05308941   1.66350023  -2.11722732
  0.82277412  -0.43997359  -0.57200408   0.00007948   0.50467613   1.03870701  -0.05291528   1.66453317  -2.12039623
  0.82461314  -0.43981724  -0.57084190   0.00001118   0.50466561   1.03833007  -0.05281452   1.66393790  -2.12283951
  0.82502024  -0.43966613  -0.57073363   0.00004845   0.50452575   1.03822851  -0.05311822   1.66389436  -2.12275764
  0.82755592  -0.43946087  -0.56954113   0.00000000   0.50385513   1.03786321  -0.05328622   1.66428255  -2.12641346
  0.82755592  -0.43946087  -0.56954113   0.00000000   0.50385513   1.03786321  -0.05328622   1.66428255  -2.12641346
  0.83056411  -0.43929664  -0.56817924   0.00002536   0.50304553   1.03737191  -0.05299544   1.66458829  -2.13006579
  0.83056411  -0.43929664  -0.56817924   0.00002536   0.50304553   1.03737191  -0.05299544   1.66458829  -2.13006579
  0.83351413  -0.43907461  -0.56677727   0.00000000   0.50248438   1.03677987  -0.05258849   1.66461044  -2.13367744
  0.83388348  -0.43902947  -0.56653933   0.00018063   0.50251984   1.03683679  -0.05305830   1.66471101  -2.13367298
  0.83642826  -0.43883889  -0.56556276   0.00000000   0.50139958   1.03643174  -0.05296361   1.66525922  -2.13734637
  0.83642826  -0.43883889  -0.56556276   0.00000000   0.50139958   1.03643174  -0.05296361   1.66525922  -2.13734637
  0.83927708  -0.43864159  -0.56422059   0.00029041   0.50081373   1.03591830  -0.05268995   1.66535390  -2.14061009
  0.83927708  -0.43864159  -0.56422059   0.00029041   0.50081373   1.03591830  -0.05268995   1.66535390  -2.14061009
  0.84282578  -0.43831850  -0.56260058   0.00004752   0.49986878   1.03537019  -0.05290931   1.66573368  -2.14510255
  0.84282578  -0.43831850  -0.56260058   0.00004752   0.49986878   1.03537019  -0.05290931   1.66573368  -2.14510255
  0.84546233  -0.43803549  -0.56124954   0.00000000   0.49962408   1.03479668  -0.05273045   1.66555086  -2.14839271
  0.84584772  -0.43802522  -0.56101982   0.00000000   0.49964442   1.03481717  -0.05295167   1.66561838  -2.14839216
  0.84862229  -0.43770178  -0.55984411   0.00000000   0.49897650   1.03420199  -0.05271365   1.66588958  -2.15220091
  0.84862229  -0.43770178  -0.55984411   0.00000000   0.49897650   1.03420199  -0.05271365   1.66588958  -2.15220091
  0.85158192  -0.43747495  -0.55864096   0.00027479   0.49809259   1.03370235  -0.05252581   1.66643538  -2.15565980
  0.85353662  -0.43725661  -0.55763313   0.00002576   0.49778310   1.03330788  -0.05252666   1.66625166  -2.15830528
  0.85353662  -0.43725661  -0.55763313   0.00002576   0.49778310   1.03330788  -0.05252666   1.66625166  -2.15830528
  0.85647879  -0.43698428  -0.55637918   0.00000000   0.49689951   1.03291461  -0.05287439   1.66689617  -2.16196396
  0.85647879  -0.43698428  -0.55637918   0.00000000   0.49689951   1.03291461  -0.05287439   1.66689617  -2.16196396
  0.85913244  -0.43671523  -0.55516511   0.00000000   0.49646863   1.03240419  -0.05278458   1.66708348  -2.16493230
  0.85913244  -0.43671523  -0.55516511   0.00000000   0.49646863   1.03240419  -0.05278458   1.66708348  -2.16493230
  0.86191506  -0.43624396  -0.55377017   0.00000000   0.49643684   1.03168312  -0.05280129   1.66693193  -2.16859011
  0.86191506  -0.43624396  -0.55377017   0.00000000   0.49643684   1.03168312  -0.05280129   1.66693193  -2.16859011
  0.86508815  -0.43587894  -0.55252061   0.00000000   0.49572355   1.03103747  -0.05262871   1.66757060  -2.17226434
  0.86508815  -0.43587894  -0.55252061   0.00000000   0.49572355   1.03103747  -0.05262871   1.66757060  -2.17226434
  0.86796929  -0.43541674  -0.55114997   0.00000000   0.49558041   1.03032296  -0.05261407   1.66759838  -2.17592417
  0.86796929  -0.43541674  -0.55114997   0.00000000   0.49558041   1.03032296  -0.05261407   1.66759838  -2.17592417
  0.87075267  -0.43498152  -0.54978321   0.00000000   0.49565435   1.02948105  -0.05204893   1.66735174  -2.17957097
  0.87107825  -0.43501634  -0.54956587   0.00006603   0.49570414   1.02955397  -0.05226864   1.66748878  -2.17943525
  0.87438091  -0.43456016  -0.54860329   0.00007880   0.49441560   1.02888478  -0.05220625   1.66878330  -2.18357869
  0.87438091  -0.43456016  -0.54860329   0.00007880   0.49441560   1.02888478  -0.05220625   1.66878330  -2.18357869
  0.87714388  -0.43429393  -0.54747662   0.00034811   0.49381540   1.02836080  -0.05198419   1.66929222  -2.18665888
  0.87914163  -0.43410466  -0.54640615   0.00029166   0.49365875   1.02795501  -0.05182311   1.66915571  -2.18945810
  0.87914163  -0.43410466  -0.54640615   0.00029166   0.49365875   1.02795501  -0.05182311   1.66915571  -2.18945810
  0.88154980  -0.43370709  -0.54545012   0.00035140   0.49326609   1.02737876  -0.05183314   1.66943574  -2.19204531
  0.88323034  -0.43331222  -0.54443671   0.00008785   0.49361019   1.02692850  -0.05224927   1.66911007  -2.19442054
  0.88323034  -0.43331222  -0.54443671   0.00008785   0.49361019   1.02692850  -0.05224927   1.66911007  -2.19442054
  0.88607237  -0.43288515  -0.54350846   0.00010797   0.49290192   1.02624519  -0.05196864   1.66993760  -2.19769499
  0.88607237  -0.43288515  -0.54350846   0.00010797   0.49290192   1.02624519  -0.05196864   1.66993760  -2.19769499
  0.88881549  -0.43228332  -0.54191810   0.00003543   0.49359045   1.02533777  -0.05185253   1.66927364  -2.20135772
  0.88881549  -0.43228332  -0.54191810   0.00003543   0.49359045   1.02533777  -0.05185253   1.66927364  -2.20135772
  0.89261079  -0.43177903  -0.54092730   0.00020355   0.49220055   1.02459179  -0.05163895   1.67116956  -2.20560013
  0.89261079  -0.43177903  -0.54092730   0.00020355   0.49220055   1.02459179  -0.05163895   1.67116956  -2.20560013
  0.89483551  -0.43129086  -0.53974599   0.00000000   0.49252458   1.02392616  -0.05173765   1.67086276  -2.20835504
  0.89483551  -0.43129086  -0.53974599   0.00000000   0.49252458   1.02392616  -0.05173765   1.67086276  -2.20835504
  0.89773540  -0.43070314  -0.53849836   0.00000000   0.49253975   1.02308978  -0.05162894   1.67111332  -2.21188280
  0.89773540  -0.43070314  -0.53849836   0.00000000   0.49253975   1.02308978  -0.05162894   1.67111332  -2.21188280
  0.90069594  -0.43008080  -0.53729487   0.00000000   0.49245339   1.02226250  -0.05164843   1.67155722  -2.21547120
  0.90069594  -0.43008080  -0.53729487   0.00000000   0.49245339   1.02226250  -0.05164843   1.67155722  -2.21547120
  0.90377184  -0.42952892  -0.53612419   0.00000000   0.49220807   1.02143344  -0.05136475   1.67217403  -2.21901128
  0.90377184  -0.42952892  -0.53612419   0.00000000   0.49220807   1.02143344  -0.05136475   1.67217403  -2.21901128
  0.90666279  -0.42891164  -0.53489637   0.00000000   0.49227409   1.02056523  -0.05121231   1.67242858  -2.22253548
  0.90666279  -0.42891164  -0.53489637   0.00000000   0.49227409   1.02056523  -0.05121231   1.67242858  -2.22253548
  0.90962287  -0.42831859  -0.53372226   0.00000000   0.49222467   1.01968630  -0.05088663   1.67285564  -2.22604433
  0.91002162  -0.42829940  -0.53348445   0.00000000   0.49228998   1.01970119  -0.05112331   1.67295259  -2.22602808
  0.91267523  -0.42766064  -0.53252230   0.00000000   0.49217177   1.01881816  -0.05084110   1.67340381  -2.22961485
  0.91267523  -0.42766064  -0.53252230   0.00000000   0.49217177   1.01881816  -0.05084110   1.67340381  -2.22961485
  0.91564425  -0.42708307  -0.53142922   0.00044882   0.49203888   1.01792247  -0.05032379   1.67397774  -2.23306644
  0.91564425  -0.42708307  -0.53142922   0.00044882   0.49203888   1.01792247  -0.05032379   1.67397774  -2.23306644
  0.91892837  -0.42635989  -0.53025049   0.00023679   0.49177083   1.01703689  -0.05041665   1.67485529  -2.23697604
  0.91892837  -0.42635989  -0.53025049   0.00023679   0.49177083   1.01703689  -0.05041665   1.67485529  -2.23697604
  0.92146933  -0.42577096  -0.52904001   0.00000000   0.49219403   1.01615635  -0.05005892   1.67469743  -2.24010182
  0.92185106  -0.42568964  -0.52880238   0.00028565   0.49228650   1.01618156  -0.05057204   1.67480323  -2.24009970
  0.92454926  -0.42502433  -0.52791102   0.00025274   0.49211826   1.01525967  -0.05015552   1.67543012  -2.24374568
  0.92454926  -0.42502433  -0.52791102   0.00025274   0.49211826   1.01525967  -0.05015552   1.67543012  -2.24374568
  0.92723878  -0.42432185  -0.52675758   0.00000000   0.49242268   1.01437654  -0.05015417   1.67563980  -2.24700866
  0.92723878  -0.42432185  -0.52675758   0.00000000   0.49242268   1.01437654  -0.05015417   1.67563980  -2.24700866
  0.93053575  -0.42363562  -0.52576459   0.00048812   0.49216034   1.01340067  -0.04958550   1.67687038  -2.25056354
  0.93053575  -0.42363562  -0.52576459   0.00048812   0.49216034   1.01340067  -0.04958550   1.67687038  -2.25056354
  0.93310730  -0.42291079  -0.52452312   0.00000000   0.49274426   1.01243781  -0.04941795   1.67665147  -2.25395814
  0.93471602  -0.42250201  -0.52396311   0.00005792   0.49278513   1.01192503  -0.04931759   1.67710435  -2.25586128
  0.93626072  -0.42208069  -0.52355891   0.00054888   0.49263188   1.01144589  -0.04933313   1.67769873  -2.25726285
  0.93626072  -0.42208069  -0.52355891   0.00054888   0.49263188   1.01144589  -0.04933313   1.67769873  -2.25726285
  0.93910479  -0.42124958  -0.52192349   0.00024025   0.49374073   1.01028530  -0.04903731   1.67687474  -2.26132640
  0.93936782  -0.42128240  -0.52175647   0.00029723   0.49378576   1.01034754  -0.04919904   1.67703003  -2.26121097
  0.94234439  -0.42045378  -0.52101736   0.00000000   0.49343298   1.00939572  -0.04905806   1.67840673  -2.26483931
  0.94234439  -0.42045378  -0.52101736   0.00000000   0.49343298   1.00939572  -0.04905806   1.67840673  -2.26483931
  0.94491254  -0.41968596  -0.52020362   0.00028428   0.49356190   1.00846589  -0.04885824   1.67908479  -2.26766434
  0.94491254  -0.41968596  -0.52020362   0.00028428   0.49356190   1.00846589  -0.04885824   1.67908479  -2.26766434
  0.94815727  -0.41869942  -0.51905275   0.00028326   0.49389518   1.00732041  -0.04879406   1.67987938  -2.27161806
  0.94815727  -0.41869942  -0.51905275   0.00028326   0.49389518   1.00732041  -0.04879406   1.67987938  -2.27161806
  0.95046342  -0.41797693  -0.51782691   0.00007967   0.49478819   1.00633202  -0.04846234   1.67935622  -2.27472297
  0.95080582  -0.41799426  -0.51761954   0.00013826   0.49484948   1.00637361  -0.04863428   1.67947892  -2.27456035
  0.95389823  -0.41705810  -0.51717474   0.00065279   0.49431500   1.00525061  -0.04798964   1.68138278  -2.27801453
  0.95389823  -0.41705810  -0.51717474   0.00065279   0.49431500   1.00525061  -0.04798964   1.68138278  -2.27801453
  0.95625317  -0.41625383  -0.51608101   0.00030359   0.49499910   1.00439823  -0.04833565   1.68146895  -2.28090936
  0.95790239  -0.41571715  -0.51561292   0.00016449   0.49514840   1.00375618  -0.04809935   1.68204309  -2.28275310
  0.95953147  -0.41501768  -0.51469175   0.00004626   0.49605889   1.00299170  -0.04832717   1.68165007  -2.28525323
  0.95953147  -0.41501768  -0.51469175   0.00004626   0.49605889   1.00299170  -0.04832717   1.68165007  -2.28525323
  0.95996650  -0.41503402  -0.51445744   0.00004048   0.49611960   1.00296263  -0.04826282   1.68168528  -2.28511800
  0.96380342  -0.41381586  -0.51338960   0.00033331   0.49628894   1.00147097  -0.04754153   1.68300148  -2.28983968
  0.96380342  -0.41381586  -0.51338960   0.00033331   0.49628894   1.00147097  -0.04754153   1.68300148  -2.28983968
  0.96647117  -0.41295167  -0.51263548   0.00044445   0.49649721   1.00053047  -0.04744225   1.68407608  -2.29253707
  0.96820589  -0.41236851  -0.51162087   0.00046965   0.49745999   0.99967788  -0.04694747   1.68337302  -2.29486179
  0.96820589  -0.41236851  -0.51162087   0.00046965   0.49745999   0.99967788  -0.04694747   1.68337302  -2.29486179
  0.97123642  -0.41131974  -0.51087486   0.00052888   0.49757564   0.99856507  -0.04678818   1.68482203  -2.29837572
  0.97123642  -0.41131974  -0.51087486   0.00052888   0.49757564   0.99856507  -0.04678818   1.68482203  -2.29837572
  0.97357999  -0.41048087  -0.50983689   0.00000000   0.49836838   0.99757753  -0.04664234   1.68481340  -2.30126041
  0.97379079  -0.41043348  -0.50970755   0.00017611   0.49843724   0.99758388  -0.04690452   1.68486940  -2.30123541
  0.97646958  -0.40947564  -0.50895232   0.00048957   0.49883296   0.99646605  -0.04640040   1.68579483  -2.30441829
  0.97829576  -0.40862204  -0.50806982   0.00000000   0.49968682   0.99567024  -0.04696673   1.68576610  -2.30703115
  0.97874550  -0.40854644  -0.50798021   0.00000000   0.49957756   0.99551925  -0.04676023   1.68576457  -2.30680108
  0.97874550  -0.40854644  -0.50798021   0.00000000   0.49957756   0.99551925  -0.04676023   1.68576457  -2.30680108
  0.98195866  -0.40742660  -0.50683245   0.00000000   0.50036512   0.99419475  -0.04619443   1.68650101  -2.31091731
  0.98195866  -0.40742660  -0.50683245   0.00000000   0.50036512   0.99419475  -0.04619443   1.68650101  -2.31091731
  0.98492536  -0.40636696  -0.50602492   0.00056904   0.50084295   0.99296995  -0.04556880   1.68761780  -2.31414162
  0.98652211  -0.40560317  -0.50529233   0.00021066   0.50158301   0.99228222  -0.04607606   1.68773570  -2.31643707
  0.98814271  -0.40492763  -0.50511302   0.00039349   0.50170991   0.99152753  -0.04555014   1.68880332  -2.31797163
  0.98814271  -0.40492763  -0.50511302   0.00039349   0.50170991   0.99152753  -0.04555014   1.68880332  -2.31797163
  0.99046698  -0.40398538  -0.50382796   0.00011067   0.50300357   0.99041433  -0.04542776   1.68815514  -2.32117000
  0.99079676  -0.40401848  -0.50362557   0.00012528   0.50307783   0.99045847  -0.04552951   1.68829181  -2.32100274
  0.99414924  -0.40253020  -0.50331400   0.00065398   0.50318518   0.98891918  -0.04472792   1.69069816  -2.32474271
  0.99414924  -0.40253020  -0.50331400   0.00065398   0.50318518   0.98891918  -0.04472792   1.69069816  -2.32474271
  0.99623894  -0.40158355  -0.50224824   0.00042842   0.50431677   0.98797287  -0.04509943   1.69043202  -2.32733102
  0.99658620  -0.40163180  -0.50206577   0.00032131   0.50440225   0.98791628  -0.04473474   1.69047603  -2.32735898
  0.99849810  -0.40066454  -0.50114751   0.00000000   0.50530767   0.98702416  -0.04535116   1.69023891  -2.32997162
  0.99894447  -0.40073457  -0.50097779   0.00000000   0.50540173   0.98690164  -0.04454769   1.69045506  -2.33029897
  1.00190340  -0.39937262  -0.50036426   0.00035968   0.50586483   0.98552577  -0.04419968   1.69177283  -2.33378551
  1.00190340  -0.39937262  -0.50036426   0.00035968   0.50586483   0.98552577  -0.04419968   1.69177283  -2.33378551
  1.00494944  -0.39801215  -0.49961866   0.00060767   0.50667116   0.98412539  -0.04372347   1.69310100  -2.33711782
  1.00494944  -0.39801215  -0.49961866   0.00060767   0.50667116   0.98412539  -0.04372347   1.69310100  -2.33711782
  1.00718192  -0.39697916  -0.49882196   0.00034416   0.50752490   0.98311411  -0.04381913   1.69351528  -2.33956843
  1.00892776  -0.39609880  -0.49827271   0.00041876   0.50830492   0.98221980  -0.04364491   1.69397981  -2.34165020
  1.00892776  -0.39609880  -0.49827271   0.00041876   0.50830492   0.98221980  -0.04364491   1.69397981  -2.34165020
  1.01167496  -0.39480923  -0.49744190   0.00039975   0.50934584   0.98088486  -0.04322825   1.69480134  -2.34482600
  1.01167496  -0.39480923  -0.49744190   0.00039975   0.50934584   0.98088486  -0.04322825   1.69480134  -2.34482600
  1.01387660  -0.39366135  -0.49653958   0.00028749   0.51062759   0.97974137  -0.04325051   1.69494073  -2.34750424
  1.01387660  -0.39366135  -0.49653958   0.00028749   0.51062759   0.97974137  -0.04325051   1.69494073  -2.34750424
  1.01629675  -0.39232157  -0.49586659   0.00053413   0.51199986   0.97833204  -0.04258800   1.69567949  -2.35014605
  1.01629675  -0.39232157  -0.49586659   0.00053413   0.51199986   0.97833204  -0.04258800   1.69567949  -2.35014605
  1.01814031  -0.39102550  -0.49505656   0.00018235   0.51386760   0.97700110  -0.04236465   1.69550394  -2.35265623
  1.01839274  -0.39101913  -0.49491274   0.00032844   0.51396937   0.97701790  -0.04247647   1.69562963  -2.35247572
  1.01839274  -0.39101913  -0.49491274   0.00032844   0.51396937   0.97701790  -0.04247647   1.69562963  -2.35247572
  1.02241967  -0.38536140  -0.49641167   0.00395559   0.52089356   0.97128753  -0.03735310   1.70126802  -2.35552399
  1.02241967  -0.38536140  -0.49641167   0.00395559   0.52089356   0.97128753  -0.03735310   1.70126802  -2.35552399
  1.02241967  -0.38536140  -0.49641167   0.00395559   0.52089356   0.97128753  -0.03735310   1.70126802  -2.35552399
  1.02326357  -0.38422370  -0.49601279   0.00480403   0.52337992   0.96990966  -0.03613075   1.70068956  -2.35614021
  1.02326357  -0.38422370  -0.49601279   0.00480403   0.52337992   0.96990966  -0.03613075   1.70068956  -2.35614021
  1.02488594  -0.38008057  -0.49740852   0.00913773   0.53000977   0.96543287  -0.03085716   1.70399614  -2.35686295
  1.02488594  -0.38008057  -0.49740852   0.00913773   0.53000977   0.96543287  -0.03085716   1.70399614  -2.35686295
  1.02488594  -0.38008057  -0.49740852   0.00913773   0.53000977   0.96543287  -0.03085716   1.70399614  -2.35686295
  1.02581485  -0.37657745  -0.49847169   0.01348591   0.53652717   0.96140076  -0.02558901   1.70579405  -2.35656024
  1.02581485  -0.37657745  -0.49847169   0.01348591   0.53652717   0.96140076  -0.02558901   1.70579405  -2.35656024
  1.02710135  -0.37327722  -0.49938609   0.01684206   0.54192957   0.95781609  -0.02138694   1.70799649  -2.35708922
  1.02710135  -0.37327722  -0.49938609   0.01684206   0.54192957   0.95781609  -0.02138694   1.70799649  -2.35708922
  1.02697359  -0.37167772  -0.50003735   0.01942629   0.54541114   0.95586378  -0.01843445   1.70862038  -2.35646422
  1.02697359  -0.37167772  -0.50003735   0.01942629   0.54541114   0.95586378  -0.01843445   1.70862038  -2.35646422
  1.02668939  -0.37016944  -0.50018527   0.02202232   0.54964367   0.95377554  -0.01531989   1.70775856  -2.35589303
  1.02668939  -0.37016944  -0.50018527   0.02202232   0.54964367   0.95377554  -0.01531989   1.70775856  -2.35589303
  1.02813974  -0.36518041  -0.50249360   0.02759002   0.55693865   0.94856968  -0.00855526   1.71293187  -2.35562074
  1.02813974  -0.36518041  -0.50249360   0.02759002   0.55693865   0.94856968  -0.00855526   1.71293187  -2.35562074
  1.02813974  -0.36518041  -0.50249360   0.02759002   0.55693865   0.94856968  -0.00855526   1.71293187  -2.35562074
  1.02918928  -0.36042385  -0.50436908   0.03308428   0.56463195   0.94342431  -0.00175676   1.71665854  -2.35522575
  1.02918928  -0.36042385  -0.50436908   0.03308428   0.56463195   0.94342431  -0.00175676   1.71665854  -2.35522575
  1.02870357  -0.35957148  -0.50407321   0.03510973   0.56811171   0.94198936   0.00043877   1.71493669  -2.35462282
  1.02870357  -0.35957148  -0.50407321   0.03510973   0.56811171   0.94198936   0.00043877   1.71493669  -2.35462282
  1.02912906  -0.35590893  -0.50591021   0.03964382   0.57378073   0.93809433   0.00587463   1.71846933  -2.35388326
  1.02912906  -0.35590893  -0.50591021   0.03964382   0.57378073   0.93809433   0.00587463   1.71846933  -2.35388326
  1.02939480  -0.35345017  -0.50676436   0.04267954   0.57823067   0.93531039   0.00976225   1.71993422  -2.35346416
  1.02939480  -0.35345017  -0.50676436   0.04267954   0.57823067   0.93531039   0.00976225   1.71993422  -2.35346416
  1.03000497  -0.34977495  -0.50814334   0.04686072   0.58418145   0.93137233   0.01499675   1.72274916  -2.35318353
  1.03000497  -0.34977495  -0.50814334   0.04686072   0.58418145   0.93137233   0.01499675   1.72274916  -2.35318353
  1.03000497  -0.34977495  -0.50814334   0.04686072   0.58418145   0.93137233   0.01499675   1.72274916  -2.35318353
  1.03068969  -0.34485915  -0.50979568   0.05266933   0.59254940   0.92601761   0.02220582   1.72596289  -2.35251673
  1.03068969  -0.34485915  -0.50979568   0.05266933   0.59254940   0.92601761   0.02220582   1.72596289  -2.35251673
  1.03068969  -0.34485915  -0.50979568   0.05266933   0.59254940   0.92601761   0.02220582   1.72596289  -2.35251673
  1.03083608  -0.34096004  -0.51116216   0.05771301   0.59953078   0.92168984   0.02825305   1.72831782  -2.35155893
  1.03083608  -0.34096004  -0.51116216   0.05771301   0.59953078   0.92168984   0.02825305   1.72831782  -2.35155893
  1.03083608  -0.34096004  -0.51116216   0.05771301   0.59953078   0.92168984   0.02825305   1.72831782  -2.35155893
  1.03150501  -0.33569569  -0.51289638   0.06361880   0.60809095   0.91607857   0.03565072   1.73190989  -2.35104937
  1.03150501  -0.33569569  -0.51289638   0.06361880   0.60809095   0.91607857   0.03565072   1.73190989  -2.35104937
  1.03150501  -0.33569569  -0.51289638   0.06361880   0.60809095   0.91607857   0.03565072   1.73190989  -2.35104937
  1.03163803  -0.33115507  -0.51440165   0.06914133   0.61594821   0.91115226   0.04242826   1.73475326  -2.35025608
  1.03163803  -0.33115507  -0.51440165   0.06914133   0.61594821   0.91115226   0.04242826   1.73475326  -2.35025608
  1.03163803  -0.33115507  -0.51440165   0.06914133   0.61594821   0.91115226   0.04242826   1.73475326  -2.35025608
  1.03187957  -0.32640118  -0.51609026   0.07473270   0.62359910   0.90617763   0.04916573   1.73824360  -2.34940050
  1.03187957  -0.32640118  -0.51609026   0.07473270   0.62359910   0.90617763   0.04916573   1.73824360  -2.34940050
  1.03136075  -0.32552422  -0.51553847   0.07662990   0.62735480   0.90464866   0.05132142   1.73640502  -2.34930127
  1.03136075  -0.32552422  -0.51553847   0.07662990   0.62735480   0.90464866   0.05132142   1.73640502  -2.34930127
  1.03180174  -0.32074019  -0.51770509   0.08174213   0.63371950   0.89994695   0.05778973   1.74116423  -2.34806583
  1.03180174  -0.32074019  -0.51770509   0.08174213   0.63371950   0.89994695   0.05778973   1.74116423  -2.34806583
  1.03158735  -0.31948281  -0.51753689   0.08377999   0.63708990   0.89827272   0.05992126   1.74038719  -2.34781369
  1.03158735  -0.31948281  -0.51753689   0.08377999   0.63708990   0.89827272   0.05992126   1.74038719  -2.34781369
  1.03197996  -0.31392697  -0.51959092   0.08951770   0.64505479   0.89274605   0.06731346   1.74517772  -2.34715672
  1.03197996  -0.31392697  -0.51959092   0.08951770   0.64505479   0.89274605   0.06731346   1.74517772  -2.34715672
  1.03197996  -0.31392697  -0.51959092   0.08951770   0.64505479   0.89274605   0.06731346   1.74517772  -2.34715672
  1.03253516  -0.30827313  -0.52150729   0.09517677   0.65301374   0.88722421   0.07460135   1.75000174  -2.34647557
  1.03253516  -0.30827313  -0.52150729   0.09517677   0.65301374   0.88722421   0.07460135   1.75000174  -2.34647557
  1.03177658  -0.30711640  -0.52164217   0.09745987   0.65632747   0.88558505   0.07721241   1.74948144  -2.34560000
  1.03177658  -0.30711640  -0.52164217   0.09745987   0.65632747   0.88558505   0.07721241   1.74948144  -2.34560000
  1.03213629  -0.30176532  -0.52320324   0.10287217   0.66419121   0.88028638   0.08415047   1.75350072  -2.34496921
  1.03213629  -0.30176532  -0.52320324   0.10287217   0.66419121   0.88028638   0.08415047   1.75350072  -2.34496921
  1.03213629  -0.30176532  -0.52320324   0.10287217   0.66419121   0.88028638   0.08415047   1.75350072  -2.34496921
  1.03197202  -0.29673697  -0.52480632   0.10834706   0.67179640   0.87527018   0.09100422   1.75726064  -2.34392197
  1.03197202  -0.29673697  -0.52480632   0.10834706   0.67179640   0.87527018   0.09100422   1.75726064  -2.34392197
  1.03167185  -0.29507641  -0.52492716   0.11056682   0.67533811   0.87327504   0.09376908   1.75722818  -2.34339267
  1.03167185  -0.29507641  -0.52492716   0.11056682   0.67533811   0.87327504   0.09376908   1.75722818  -2.34339267
  1.03170695  -0.28983966  -0.52653156   0.11585397   0.68271067   0.86828272   0.10031945   1.76149858  -2.34268206
  1.03170695  -0.28983966  -0.52653156   0.11585397   0.68271067   0.86828272   0.10031945   1.76149858  -2.34268206
  1.03118666  -0.28901086  -0.52589184   0.11754150   0.68617783   0.86677331   0.10230818   1.75961856  -2.34264152
  1.03118666  -0.28901086  -0.52589184   0.11754150   0.68617783   0.86677331   0.10230818   1.75961856  -2.34264152
  1.03118666  -0.28901086  -0.52589184   0.11754150   0.68617783   0.86677331   0.10230818   1.75961856  -2.34264152
  1.03110729  -0.28043841  -0.52861612   0.12595269   0.69780153   0.85870517   0.11313571   1.76684318  -2.34098959
  1.03110729  -0.28043841  -0.52861612   0.12595269   0.69780153   0.85870517   0.11313571   1.76684318  -2.34098959
  1.03110729  -0.28043841  -0.52861612   0.12595269   0.69780153   0.85870517   0.11313571   1.76684318  -2.34098959
  1.02963127  -0.27893664  -0.52843421   0.12942034   0.70290191   0.85628360   0.11683371   1.76510545  -2.33955813
  1.02927715  -0.27885490  -0.52869279   0.12941363   0.70288945   0.85621468   0.11701905   1.76541459  -2.33985203
  1.03043035  -0.27147515  -0.53093943   0.13500579   0.71098852   0.85002413   0.12492525   1.77307170  -2.33919766
  1.03053423  -0.27138238  -0.53085525   0.13536926   0.71116324   0.84998430   0.12469138   1.77300135  -2.33910809
  1.03035059  -0.27137704  -0.53091621   0.13526999   0.71123947   0.84990470   0.12492263   1.77292724  -2.33924680
  1.02984761  -0.26532780  -0.53207831   0.14147639   0.72049837   0.84399171   0.13273478   1.77640508  -2.33806322
  1.02984761  -0.26532780  -0.53207831   0.14147639   0.72049837   0.84399171   0.13273478   1.77640508  -2.33806322
  1.02984761  -0.26532780  -0.53207831   0.14147639   0.72049837   0.84399171   0.13273478   1.77640508  -2.33806322
  1.02922760  -0.25952465  -0.53342768   0.14723662   0.72884184   0.83853575   0.14008718   1.78048065  -2.33682022
  1.02922760  -0.25952465  -0.53342768   0.14723662   0.72884184   0.83853575   0.14008718   1.78048065  -2.33682022
  1.02867323  -0.25887111  -0.53299980   0.14870129   0.73131706   0.83735565   0.14143024   1.77895534  -2.33664389
  1.02855187  -0.25901253  -0.53292701   0.14865119   0.73150792   0.83746728   0.14161011   1.77915072  -2.33667187
  1.02816008  -0.25156576  -0.53486509   0.15516256   0.74083089   0.83086846   0.15032733   1.78510287  -2.33521648
  1.02816008  -0.25156576  -0.53486509   0.15516256   0.74083089   0.83086846   0.15032733   1.78510287  -2.33521648
  1.02730227  -0.25048391  -0.53486197   0.15714897   0.74364424   0.82942858   0.15242240   1.78469379  -2.33445617
  1.02730227  -0.25048391  -0.53486197   0.15714897   0.74364424   0.82942858   0.15242240   1.78469379  -2.33445617
  1.02691589  -0.24379260  -0.53636802   0.16285949   0.75201918   0.82362535   0.15991145   1.79001055  -2.33346342
  1.02691589  -0.24379260  -0.53636802   0.16285949   0.75201918   0.82362535   0.15991145   1.79001055  -2.33346342
  1.02602116  -0.24207760  -0.53647484   0.16526184   0.75559582   0.82163424   0.16281408   1.79010034  -2.33254357
  1.02602116  -0.24207760  -0.53647484   0.16526184   0.75559582   0.82163424   0.16281408   1.79010034  -2.33254357
  1.02542513  -0.23519929  -0.53768347   0.17117123   0.76460412   0.81558334   0.17059004   1.79493510  -2.33152835
  1.02542513  -0.23519929  -0.53768347   0.17117123   0.76460412   0.81558334   0.17059004   1.79493510  -2.33152835
  1.02542513  -0.23519929  -0.53768347   0.17117123   0.76460412   0.81558334   0.17059004   1.79493510  -2.33152835
  1.02418585  -0.22955181  -0.53866014   0.17671778   0.77265524   0.81043946   0.17754266   1.79847249  -2.32993256
  1.02418585  -0.22955181  -0.53866014   0.17671778   0.77265524   0.81043946   0.17754266   1.79847249  -2.32993256
  1.02418585  -0.22955181  -0.53866014   0.17671778   0.77265524   0.81043946   0.17754266   1.79847249  -2.32993256
  1.02288782  -0.22316656  -0.53914459   0.18279093   0.78233487   0.80440673   0.18537925   1.80139175  -2.32880747
  1.02288782  -0.22316656  -0.53914459   0.18279093   0.78233487   0.80440673   0.18537925   1.80139175  -2.32880747
  1.02288782  -0.22316656  -0.53914459   0.18279093   0.78233487   0.80440673   0.18537925   1.80139175  -2.32880747
  1.02288782  -0.22316656  -0.53914459   0.18279093   0.78233487   0.80440673   0.18537925   1.80139175  -2.32880747
  1.02171525  -0.21392503  -0.53140257   0.19754697   0.78539816   0.79533185   0.20181216   1.80966134  -2.33012893
  1.02171525  -0.21392503  -0.53140257   0.19754697   0.78539816   0.79533185   0.20181216   1.80966134  -2.33012893
  1.02025847  -0.21442267  -0.52948883   0.20006053   0.78539816   0.79468682   0.20401817   1.80790930  -2.32957209
  1.02025847  -0.21442267  -0.52948883   0.20006053   0.78539816   0.79468682   0.20401817   1.80790930  -2.32957209
  1.01904576  -0.20807677  -0.52006115   0.21373310   0.78525998   0.78741667   0.21831853   1.81322437  -2.33152303
  1.01904576  -0.20807677  -0.52006115   0.21373310   0.78525998   0.78741667   0.21831853   1.81322437  -2.33152303
  1.01763065  -0.20814280  -0.52067899   0.21489793   0.78539816   0.78735220   0.21985338   1.81394949  -2.32926320
  1.01763065  -0.20814280  -0.52067899   0.21489793   0.78539816   0.78735220   0.21985338   1.81394949  -2.32926320
  1.01749050  -0.20806046  -0.52078898   0.21495524   0.78536198   0.78724333   0.21987627   1.81387316  -2.32935366
  1.01553031  -0.20205513  -0.51094212   0.22952813   0.78523154   0.77967075   0.23534788   1.81877905  -2.33023153
  1.01553031  -0.20205513  -0.51094212   0.22952813   0.78523154   0.77967075   0.23534788   1.81877905  -2.33023153
  1.01428510  -0.20222546  -0.51172395   0.23019707   0.78492429   0.77982648   0.23617838   1.81955624  -2.32859405
  1.01428510  -0.20222546  -0.51172395   0.23019707   0.78492429   0.77982648   0.23617838   1.81955624  -2.32859405
  1.01274840  -0.20247086  -0.51222743   0.23150785   0.78512812   0.77977305   0.23718714   1.81956468  -2.32673061
  1.01274840  -0.20247086  -0.51222743   0.23150785   0.78512812   0.77977305   0.23718714   1.81956468  -2.32673061
  1.01089150  -0.20284796  -0.51278023   0.23285702   0.78516900   0.77976309   0.23857105   1.81968472  -2.32460455
  1.01089150  -0.20284796  -0.51278023   0.23285702   0.78516900   0.77976309   0.23857105   1.81968472  -2.32460455
  1.00906533  -0.20322338  -0.51337733   0.23416399   0.78518589   0.77977732   0.23989081   1.81983291  -2.32246190
  1.00879846  -0.20316207  -0.51355093   0.23423456   0.78510760   0.77966900   0.23993506   1.81978451  -2.32257591
  1.00708617  -0.20373370  -0.51411108   0.23561390   0.78463086   0.77996968   0.24109199   1.82013993  -2.31994391
  1.00677733  -0.20382175  -0.51417904   0.23554740   0.78467150   0.77996921   0.24125740   1.82018507  -2.32013239
  1.00479876  -0.20442009  -0.51493721   0.23676716   0.78468377   0.78017506   0.24253411   1.82025447  -2.31757526
  1.00479876  -0.20442009  -0.51493721   0.23676716   0.78468377   0.78017506   0.24253411   1.82025447  -2.31757526
  1.00322990  -0.20477300  -0.51547281   0.23788411   0.78485707   0.78015635   0.24341925   1.82001497  -2.31587615
  1.00322990  -0.20477300  -0.51547281   0.23788411   0.78485707   0.78015635   0.24341925   1.82001497  -2.31587615
  1.00145675  -0.20545822  -0.51632340   0.23869640   0.78434040   0.78056908   0.24419704   1.82021998  -2.31372910
  1.00145675  -0.20545822  -0.51632340   0.23869640   0.78434040   0.78056908   0.24419704   1.82021998  -2.31372910
  0.99954503  -0.20633581  -0.51718065   0.23952505   0.78372781   0.78109888   0.24490632   1.82022073  -2.31142915
  0.99954503  -0.20633581  -0.51718065   0.23952505   0.78372781   0.78109888   0.24490632   1.82022073  -2.31142915
  0.99762031  -0.20732110  -0.51801083   0.24029347   0.78304664   0.78170252   0.24552127   1.82008744  -2.30915365
  0.99762031  -0.20732110  -0.51801083   0.24029347   0.78304664   0.78170252   0.24552127   1.82008744  -2.30915365
  0.99570685  -0.20838020  -0.51879920   0.24100592   0.78233100   0.78235823   0.24602448   1.81984710  -2.30698478
  0.99570685  -0.20838020  -0.51879920   0.24100592   0.78233100   0.78235823   0.24602448   1.81984710  -2.30698478
  0.99378261  -0.20952297  -0.51969477   0.24169066   0.78137306   0.78311266   0.24656585   1.81955365  -2.30435477
  0.99249958  -0.21034086  -0.52032667   0.24202581   0.78064123   0.78373123   0.24691642   1.81963029  -2.30262963
  0.99249958  -0.21034086  -0.52032667   0.24202581   0.78064123   0.78373123   0.24691642   1.81963029  -2.30262963
  0.99059912  -0.21144568  -0.52125183   0.24260128   0.77965542   0.78451256   0.24746875   1.81960729  -2.30016978
  0.98984794  -0.21196667  -0.52143799   0.24301159   0.77942772   0.78480499   0.24737039   1.81911199  -2.29945178
  0.98876222  -0.21257443  -0.52188521   0.24337625   0.77896984   0.78523177   0.24742286   1.81909429  -2.29856618
  0.98876222  -0.21257443  -0.52188521   0.24337625   0.77896984   0.78523177   0.24742286   1.81909429  -2.29856618
  0.98668343  -0.21380182  -0.52301134   0.24387178   0.77771368   0.78615161   0.24821918   1.81924748  -2.29554602
  0.98668343  -0.21380182  -0.52301134   0.24387178   0.77771368   0.78615161   0.24821918   1.81924748  -2.29554602
  0.98481895  -0.21513521  -0.52352273   0.24449549   0.77705910   0.78687901   0.24843997   1.81806100  -2.29357566
  0.98481895  -0.21513521  -0.52352273   0.24449549   0.77705910   0.78687901   0.24843997   1.81806100  -2.29357566
  0.98287629  -0.21645477  -0.52432836   0.24501137   0.77602567   0.78779093   0.24870501   1.81761873  -2.29131813
  0.98163454  -0.21744748  -0.52489237   0.24523631   0.77516315   0.78853458   0.24891243   1.81732943  -2.28949762
  0.98135491  -0.21742919  -0.52506934   0.24532290   0.77503261   0.78847700   0.24884960   1.81728032  -2.28963250
  0.97991273  -0.21866746  -0.52547164   0.24569658   0.77435996   0.78932268   0.24894951   1.81661787  -2.28786244
  0.97991273  -0.21866746  -0.52547164   0.24569658   0.77435996   0.78932268   0.24894951   1.81661787  -2.28786244
  0.97797039  -0.21994805  -0.52632731   0.24621185   0.77327863   0.79023922   0.24923985   1.81627850  -2.28554651
  0.97797039  -0.21994805  -0.52632731   0.24621185   0.77327863   0.79023922   0.24923985   1.81627850  -2.28554651
  0.97600500  -0.22126416  -0.52713612   0.24675496   0.77225706   0.79115432   0.24953805   1.81581047  -2.28322491
  0.97600500  -0.22126416  -0.52713612   0.24675496   0.77225706   0.79115432   0.24953805   1.81581047  -2.28322491
  0.97403046  -0.22258541  -0.52794338   0.24730339   0.77123769   0.79207474   0.24983791   1.81532945  -2.28089375
  0.97403046  -0.22258541  -0.52794338   0.24730339   0.77123769   0.79207474   0.24983791   1.81532945  -2.28089375
  0.97205128  -0.22390606  -0.52874974   0.24785554   0.77022150   0.79299726   0.25014045   1.81484298  -2.27855875
  0.97205128  -0.22390606  -0.52874974   0.24785554   0.77022150   0.79299726   0.25014045   1.81484298  -2.27855875
  0.97006842  -0.22522340  -0.52955523   0.24841254   0.76921069   0.79391966   0.25044746   1.81435363  -2.27622122
  0.97006842  -0.22522340  -0.52955523   0.24841254   0.76921069   0.79391966   0.25044746   1.81435363  -2.27622122
  0.96808227  -0.22653554  -0.53035976   0.24897564   0.76820732   0.79484015   0.25076071   1.81386295  -2.27388189
  0.96808227  -0.22653554  -0.53035976   0.24897564   0.76820732   0.79484015   0.25076071   1.81386295  -2.27388189
  0.96609302  -0.22784103  -0.53116333   0.24954595   0.76721305   0.79575729   0.25108169   1.81337225  -2.27154114
  0.96609302  -0.22784103  -0.53116333   0.24954595   0.76721305   0.79575729   0.25108169   1.81337225  -2.27154114
  0.96410079  -0.22913871  -0.53196592   0.25012443   0.76622925   0.79666985   0.25141166   1.81288259  -2.26919926
  0.96410079  -0.22913871  -0.53196592   0.25012443   0.76622925   0.79666985   0.25141166   1.81288259  -2.26919926
  0.96210572  -0.23042763  -0.53276748   0.25071186   0.76525711   0.79757680   0.25175164   1.81239482  -2.26685664
  0.96210572  -0.23042763  -0.53276748   0.25071186   0.76525711   0.79757680   0.25175164   1.81239482  -2.26685664
  0.96010799  -0.23170701  -0.53356788   0.25130887   0.76429768   0.79847724   0.25210241   1.81190959  -2.26451383
  0.96010799  -0.23170701  -0.53356788   0.25130887   0.76429768   0.79847724   0.25210241   1.81190959  -2.26451383
  0.95810788  -0.23297617  -0.53436686   0.25191595   0.76335202   0.79937029   0.25246447   1.81142730  -2.26217183
  0.95810788  -0.23297617  -0.53436686   0.25191595   0.76335202   0.79937029   0.25246447   1.81142730  -2.26217183
  0.95610586  -0.23423448  -0.53516383   0.25253340   0.76242143   0.80025508   0.25283797   1.81094801  -2.25983249
  0.95610586  -0.23423448  -0.53516383   0.25253340   0.76242143   0.80025508   0.25283797   1.81094801  -2.25983249
  0.95410285  -0.23548119  -0.53595740   0.25316123   0.76150802   0.80113043   0.25322230   1.81047108  -2.25750001
  0.95410285  -0.23548119  -0.53595740   0.25316123   0.76150802   0.80113043   0.25322230   1.81047108  -2.25750001
  0.95210116  -0.23671499  -0.53674384   0.25379898   0.76061669   0.80199417   0.25361470   1.80999389  -2.25518563
  0.95210116  -0.23671499  -0.53674384   0.25379898   0.76061669   0.80199417   0.25361470   1.80999389  -2.25518563
  0.95010841  -0.23793186  -0.53750927   0.25444512   0.75976490   0.80283947   0.25400279   1.80950588  -2.25293143
  0.95010841  -0.23793186  -0.53750927   0.25444512   0.75976490   0.80283947   0.25400279   1.80950588  -2.25293143
  0.94790832  -0.23934577  -0.53836949   0.25514710   0.75872916   0.80384480   0.25442930   1.80885079  -2.25020389
  0.94790832  -0.23934577  -0.53836949   0.25514710   0.75872916   0.80384480   0.25442930   1.80885079  -2.25020389
  0.94601315  -0.24046459  -0.53916416   0.25574493   0.75785677   0.80465173   0.25485007   1.80853356  -2.24798545
  0.94601315  -0.24046459  -0.53916416   0.25574493   0.75785677   0.80465173   0.25485007   1.80853356  -2.24798545
  0.94400293  -0.24163308  -0.53997475   0.25644040   0.75700750   0.80547275   0.25531994   1.80814086  -2.24562755
  0.94400293  -0.24163308  -0.53997475   0.25644040   0.75700750   0.80547275   0.25531994   1.80814086  -2.24562755
  0.94198333  -0.24279921  -0.54077220   0.25715224   0.75618922   0.80628152   0.25580824   1.80771762  -2.24327299
  0.94198333  -0.24279921  -0.54077220   0.25715224   0.75618922   0.80628152   0.25580824   1.80771762  -2.24327299
  0.93996025  -0.24395614  -0.54156824   0.25787668   0.75538545   0.80708169   0.25630916   1.80729610  -2.24091731
  0.93996025  -0.24395614  -0.54156824   0.25787668   0.75538545   0.80708169   0.25630916   1.80729610  -2.24091731
  0.93793647  -0.24510223  -0.54236136   0.25861186   0.75459794   0.80787177   0.25682205   1.80687729  -2.23856654
  0.93793647  -0.24510223  -0.54236136   0.25861186   0.75459794   0.80787177   0.25682205   1.80687729  -2.23856654
  0.93591314  -0.24623657  -0.54314997   0.25935779   0.75382901   0.80865052   0.25734557   1.80646095  -2.23622629
  0.93591314  -0.24623657  -0.54314997   0.25935779   0.75382901   0.80865052   0.25734557   1.80646095  -2.23622629
  0.93389422  -0.24735701  -0.54392746   0.26011345   0.75308701   0.80941436   0.25787461   1.80604237  -2.23391620
  0.93389422  -0.24735701  -0.54392746   0.26011345   0.75308701   0.80941436   0.25787461   1.80604237  -2.23391620
  0.93189543  -0.24845447  -0.54466402   0.26087719   0.75240975   0.81014856   0.25838093   1.80559988  -2.23172753
  0.93189543  -0.24845447  -0.54466402   0.26087719   0.75240975   0.81014856   0.25838093   1.80559988  -2.23172753
  0.92987221  -0.24956427  -0.54552721   0.26167663   0.75156398   0.81092420   0.25901982   1.80518486  -2.22905251
  0.92868881  -0.25028940  -0.54589508   0.26205682   0.75117784   0.81141230   0.25926024   1.80478391  -2.22785156
  0.92868881  -0.25028940  -0.54589508   0.26205682   0.75117784   0.81141230   0.25926024   1.80478391  -2.22785156
  0.92673997  -0.25130709  -0.54671966   0.26281734   0.75041859   0.81213630   0.25981795   1.80457647  -2.22555028
  0.92673997  -0.25130709  -0.54671966   0.26281734   0.75041859   0.81213630   0.25981795   1.80457647  -2.22555028
  0.92473312  -0.25235319  -0.54749155   0.26362734   0.74975890   0.81283295   0.26041897   1.80422146  -2.22327418
  0.92473312  -0.25235319  -0.54749155   0.26362734   0.74975890   0.81283295   0.26041897   1.80422146  -2.22327418
  0.92249425  -0.25355823  -0.54835447   0.26456051   0.74898826   0.81364418   0.26111469   1.80371526  -2.22052517
  0.92249425  -0.25355823  -0.54835447   0.26456051   0.74898826   0.81364418   0.26111469   1.80371526  -2.22052517
  0.92058018  -0.25452718  -0.54914505   0.26532141   0.74830776   0.81430840   0.26172835   1.80349168  -2.21829604
  0.92058018  -0.25452718  -0.54914505   0.26532141   0.74830776   0.81430840   0.26172835   1.80349168  -2.21829604
  0.91854972  -0.25554583  -0.54994941   0.26618314   0.74765400   0.81498475   0.26239624   1.80319101  -2.21592852
  0.91854972  -0.25554583  -0.54994941   0.26618314   0.74765400   0.81498475   0.26239624   1.80319101  -2.21592852
  0.91650850  -0.25656260  -0.55074185   0.26706423   0.74703045   0.81564763   0.26308458   1.80286278  -2.21356151
  0.91650850  -0.25656260  -0.55074185   0.26706423   0.74703045   0.81564763   0.26308458   1.80286278  -2.21356151
  0.91446498  -0.25757052  -0.55153168   0.26795856   0.74642267   0.81629966   0.26378601   1.80253621  -2.21119632
  0.91446498  -0.25757052  -0.55153168   0.26795856   0.74642267   0.81629966   0.26378601   1.80253621  -2.21119632
  0.91242283  -0.25856752  -0.55231638   0.26886394   0.74583350   0.81693881   0.26449861   1.80221202  -2.20884259
  0.91242283  -0.25856752  -0.55231638   0.26886394   0.74583350   0.81693881   0.26449861   1.80221202  -2.20884259
  0.91038601  -0.25955119  -0.55308962   0.26977954   0.74527098   0.81756139   0.26521718   1.80188660  -2.20651977
  0.91038601  -0.25955119  -0.55308962   0.26977954   0.74527098   0.81756139   0.26521718   1.80188660  -2.20651977
  0.90837131  -0.26051141  -0.55382004   0.27070368   0.74477494   0.81815119   0.26591297   1.80153845  -2.20432319
  0.90837131  -0.26051141  -0.55382004   0.27070368   0.74477494   0.81815119   0.26591297   1.80153845  -2.20432319
  0.90632592  -0.26148444  -0.55468259   0.27167057   0.74411109   0.81878218   0.26674899   1.80122320  -2.20163105
  0.90513540  -0.26208093  -0.55505614   0.27219221   0.74387704   0.81913446   0.26716148   1.80092942  -2.20040751
  0.90397191  -0.26262343  -0.55574109   0.27284812   0.74323125   0.81961659   0.26756725   1.80108698  -2.19842718
  0.90361325  -0.26271127  -0.55586430   0.27277120   0.74318307   0.81960691   0.26770863   1.80111583  -2.19862937
  0.90232903  -0.26339721  -0.55610174   0.27358276   0.74317927   0.81995426   0.26816808   1.80047068  -2.19715290
  0.90113372  -0.26394920  -0.55649706   0.27406378   0.74295291   0.82025489   0.26863421   1.80023723  -2.19602672
  0.89963249  -0.26461616  -0.55740998   0.27462514   0.74211175   0.82083214   0.26930339   1.80068855  -2.19382894
  0.89963249  -0.26461616  -0.55740998   0.27462514   0.74211175   0.82083214   0.26930339   1.80068855  -2.19382894
  0.89809376  -0.26529157  -0.55774522   0.27552422   0.74210681   0.82110839   0.26979324   1.80004783  -2.19252418
  0.89679230  -0.26586943  -0.55830398   0.27627161   0.74171559   0.82150350   0.27025530   1.79997350  -2.19081558
  0.89679230  -0.26586943  -0.55830398   0.27627161   0.74171559   0.82150350   0.27025530   1.79997350  -2.19081558
  0.89511521  -0.26659992  -0.55889800   0.27716508   0.74140435   0.82185104   0.27107649   1.79941377  -2.18871055
  0.89367338  -0.26726171  -0.55965715   0.27790752   0.74078020   0.82245021   0.27150447   1.79996077  -2.18680560
  0.89297684  -0.26764887  -0.55989928   0.27815776   0.74063705   0.82260789   0.27220110   1.79953849  -2.18548973
  0.89175748  -0.26814849  -0.56034276   0.27873625   0.74041137   0.82287998   0.27265770   1.79945055  -2.18435393
  0.89076070  -0.26854797  -0.56070992   0.27923080   0.74022622   0.82309433   0.27302738   1.79936943  -2.18340770
  0.89049879  -0.26852435  -0.56088580   0.27929312   0.74009769   0.82302728   0.27305012   1.79933284  -2.18345854
  0.88857197  -0.26946027  -0.56144677   0.28040889   0.73992223   0.82353320   0.27399204   1.79892408  -2.18105347
  0.88857197  -0.26946027  -0.56144677   0.28040889   0.73992223   0.82353320   0.27399204   1.79892408  -2.18105347
  0.88666389  -0.27025129  -0.56223882   0.28136855   0.73944916   0.82400000   0.27484192   1.79886690  -2.17882186
  0.88666389  -0.27025129  -0.56223882   0.28136855   0.73944916   0.82400000   0.27484192   1.79886690  -2.17882186
  0.88462136  -0.27109940  -0.56303440   0.28244821   0.73902457   0.82447063   0.27576781   1.79870204  -2.17644349
  0.88462136  -0.27109940  -0.56303440   0.28244821   0.73902457   0.82447063   0.27576781   1.79870204  -2.17644349
  0.88256406  -0.27194625  -0.56381867   0.28355523   0.73863265   0.82492356   0.27672101   1.79851064  -2.17405888
  0.88256406  -0.27194625  -0.56381867   0.28355523   0.73863265   0.82492356   0.27672101   1.79851064  -2.17405888
  0.88050493  -0.27278396  -0.56460041   0.28467851   0.73825743   0.82536153   0.27769149   1.79832366  -2.17167418
  0.88050493  -0.27278396  -0.56460041   0.28467851   0.73825743   0.82536153   0.27769149   1.79832366  -2.17167418
  0.87844661  -0.27361122  -0.56537928   0.28581586   0.73789859   0.82578395   0.27867784   1.79814404  -2.16929382
  0.87844661  -0.27361122  -0.56537928   0.28581586   0.73789859   0.82578395   0.27867784   1.79814404  -2.16929382
  0.87639017  -0.27442745  -0.56615389   0.28696701   0.73755778   0.82618983   0.27967883   1.79797161  -2.16692252
  0.87639017  -0.27442745  -0.56615389   0.28696701   0.73755778   0.82618983   0.27967883   1.79797161  -2.16692252
  0.87433857  -0.27523101  -0.56691921   0.28813127   0.73724119   0.82657617   0.28069088   1.79780328  -2.16457487
  0.87433857  -0.27523101  -0.56691921   0.28813127   0.73724119   0.82657617   0.28069088   1.79780328  -2.16457487
  0.87230268  -0.27601519  -0.56765483   0.28930758   0.73697464   0.82693151   0.28169689   1.79762611  -2.16231180
  0.87230268  -0.27601519  -0.56765483   0.28930758   0.73697464   0.82693151   0.28169689   1.79762611  -2.16231180
  0.87004356  -0.27687269  -0.56852100   0.29068739   0.73664912   0.82730900   0.28294870   1.79743246  -2.15948644
  0.87004356  -0.27687269  -0.56852100   0.29068739   0.73664912   0.82730900   0.28294870   1.79743246  -2.15948644
  0.86810710  -0.27759654  -0.56930198   0.29178763   0.73630495   0.82765559   0.28395423   1.79742108  -2.15722453
  0.86810710  -0.27759654  -0.56930198   0.29178763   0.73630495   0.82765559   0.28395423   1.79742108  -2.15722453
  0.86605648  -0.27836468  -0.57008926   0.29299683   0.73600022   0.82800144   0.28502892   1.79732994  -2.15483298
  0.86605648  -0.27836468  -0.57008926   0.29299683   0.73600022   0.82800144   0.28502892   1.79732994  -2.15483298
  0.86399542  -0.27912882  -0.57086570   0.29423268   0.73572693   0.82832635   0.28613195   1.79721968  -2.15243790
  0.86399542  -0.27912882  -0.57086570   0.29423268   0.73572693   0.82832635   0.28613195   1.79721968  -2.15243790
  0.86193328  -0.27988345  -0.57164049   0.29548602   0.73546920   0.82863430   0.28725432   1.79711766  -2.15004073
  0.86193328  -0.27988345  -0.57164049   0.29548602   0.73546920   0.82863430   0.28725432   1.79711766  -2.15004073
  0.85987156  -0.28062807  -0.57241386   0.29675519   0.73522598   0.82892531   0.28839525   1.79702610  -2.14764313
  0.85987156  -0.28062807  -0.57241386   0.29675519   0.73522598   0.82892531   0.28839525   1.79702610  -2.14764313
  0.85781017  -0.28136289  -0.57318608   0.29804016   0.73499665   0.82919957   0.28955460   1.79694561  -2.14524471
  0.85781017  -0.28136289  -0.57318608   0.29804016   0.73499665   0.82919957   0.28955460   1.79694561  -2.14524471
  0.85574911  -0.28208809  -0.57395712   0.29934090   0.73478104   0.82945704   0.29073236   1.79687623  -2.14284540
  0.85574911  -0.28208809  -0.57395712   0.29934090   0.73478104   0.82945704   0.29073236   1.79687623  -2.14284540
  0.85368841  -0.28280383  -0.57472697   0.30065744   0.73457894   0.82969769   0.29192854   1.79681799  -2.14044509
  0.85368841  -0.28280383  -0.57472697   0.30065744   0.73457894   0.82969769   0.29192854   1.79681799  -2.14044509
  0.85162807  -0.28351026  -0.57549560   0.30198979   0.73439016   0.82992147   0.29314315   1.79677096  -2.13804365
  0.85162807  -0.28351026  -0.57549560   0.30198979   0.73439016   0.82992147   0.29314315   1.79677096  -2.13804365
  0.84956811  -0.28420754  -0.57626303   0.30333797   0.73421446   0.83012834   0.29437622   1.79673519  -2.13564088
  0.84956811  -0.28420754  -0.57626303   0.30333797   0.73421446   0.83012834   0.29437622   1.79673519  -2.13564088
  0.84750854  -0.28489582  -0.57702928   0.30470201   0.73405161   0.83031825   0.29562779   1.79671076  -2.13323654
  0.84750854  -0.28489582  -0.57702928   0.30470201   0.73405161   0.83031825   0.29562779   1.79671076  -2.13323654
  0.84544936  -0.28557523  -0.57779435   0.30608196   0.73390138   0.83049117   0.29689790   1.79669773  -2.13083043
  0.84544936  -0.28557523  -0.57779435   0.30608196   0.73390138   0.83049117   0.29689790   1.79669773  -2.13083043
  0.84339062  -0.28624592  -0.57855821   0.30747784   0.73376361   0.83064701   0.29818656   1.79669614  -2.12842246
  0.84339062  -0.28624592  -0.57855821   0.30747784   0.73376361   0.83064701   0.29818656   1.79669614  -2.12842246
  0.84133239  -0.28690797  -0.57932073   0.30888968   0.73363823   0.83078564   0.29949375   1.79670597  -2.12601278
  0.84133239  -0.28690797  -0.57932073   0.30888968   0.73363823   0.83078564   0.29949375   1.79670597  -2.12601278
  0.83927486  -0.28756144  -0.58008168   0.31031746   0.73352531   0.83090686   0.30081937   1.79672714  -2.12360185
  0.83927486  -0.28756144  -0.58008168   0.31031746   0.73352531   0.83090686   0.30081937   1.79672714  -2.12360185
  0.83721825  -0.28820635  -0.58084074   0.31176116   0.73342507   0.83101037   0.30216330   1.79675954  -2.12119043
  0.83721825  -0.28820635  -0.58084074   0.31176116   0.73342507   0.83101037   0.30216330   1.79675954  -2.12119043
  0.83516283  -0.28884267  -0.58159752   0.31322072   0.73333774   0.83109587   0.30352542   1.79680308  -2.11877938
  0.83516283  -0.28884267  -0.58159752   0.31322072   0.73333774   0.83109587   0.30352542   1.79680308  -2.11877938
  0.83310885  -0.28947040  -0.58235173   0.31469611   0.73326348   0.83116306   0.30490566   1.79685776  -2.11636938
  0.83310885  -0.28947040  -0.58235173   0.31469611   0.73326348   0.83116306   0.30490566   1.79685776  -2.11636938
  0.83105647  -0.29008960  -0.58310320   0.31618730   0.73320230   0.83121173   0.30630401   1.79692367  -2.11396076
  0.83105647  -0.29008960  -0.58310320   0.31618730   0.73320230   0.83121173   0.30630401   1.79692367  -2.11396076
  0.82900576  -0.29070034  -0.58385185   0.31769435   0.73315407   0.83124171   0.30772055   1.79700098  -2.11155353
  0.82900576  -0.29070034  -0.58385185   0.31769435   0.73315407   0.83124171   0.30772055   1.79700098  -2.11155353
  0.82695675  -0.29130276  -0.58459768   0.31921733   0.73311856   0.83125291   0.30915538   1.79708983  -2.10914747
  0.82695675  -0.29130276  -0.58459768   0.31921733   0.73311856   0.83125291   0.30915538   1.79708983  -2.10914747
  0.82490943  -0.29189696  -0.58534070   0.32075631   0.73309554   0.83124523   0.31060860   1.79719039  -2.10674233
  0.82490943  -0.29189696  -0.58534070   0.32075631   0.73309554   0.83124523   0.31060860   1.79719039  -2.10674233
  0.82286381  -0.29248309  -0.58608091   0.32231140   0.73308479   0.83121858   0.31208032   1.79730278  -2.10433785
  0.82286381  -0.29248309  -0.58608091   0.32231140   0.73308479   0.83121858   0.31208032   1.79730278  -2.10433785
  0.82081991  -0.29306126  -0.58681826   0.32388267   0.73308612   0.83117285   0.31357063   1.79742708  -2.10193385
  0.82081991  -0.29306126  -0.58681826   0.32388267   0.73308612   0.83117285   0.31357063   1.79742708  -2.10193385
  0.81877778  -0.29363159  -0.58755272   0.32547021   0.73309933   0.83110791   0.31507960   1.79756340  -2.09953021
  0.81877778  -0.29363159  -0.58755272   0.32547021   0.73309933   0.83110791   0.31507960   1.79756340  -2.09953021
  0.81673746  -0.29419418  -0.58828421   0.32707407   0.73312427   0.83102363   0.31660730   1.79771182  -2.09712685
  0.81673746  -0.29419418  -0.58828421   0.32707407   0.73312427   0.83102363   0.31660730   1.79771182  -2.09712685
  0.81469903  -0.29474914  -0.58901264   0.32869432   0.73316079   0.83091988   0.31815379   1.79787240  -2.09472371
  0.81469903  -0.29474914  -0.58901264   0.32869432   0.73316079   0.83091988   0.31815379   1.79787240  -2.09472371
  0.81266256  -0.29529657  -0.58973794   0.33033101   0.73320871   0.83079651   0.31971912   1.79804523  -2.09232078
  0.81266256  -0.29529657  -0.58973794   0.33033101   0.73320871   0.83079651   0.31971912   1.79804523  -2.09232078
  0.81062811  -0.29583657  -0.59046000   0.33198421   0.73326791   0.83065339   0.32130336   1.79823038  -2.08991802
  0.81062811  -0.29583657  -0.59046000   0.33198421   0.73326791   0.83065339   0.32130336   1.79823038  -2.08991802
  0.80859576  -0.29636925  -0.59117874   0.33365397   0.73333821   0.83049038   0.32290656   1.79842794  -2.08751543
  0.80859576  -0.29636925  -0.59117874   0.33365397   0.73333821   0.83049038   0.32290656   1.79842794  -2.08751543
  0.80656559  -0.29689471  -0.59189404   0.33534034   0.73341946   0.83030733   0.32452877   1.79863796  -2.08511297
  0.80656559  -0.29689471  -0.59189404   0.33534034   0.73341946   0.83030733   0.32452877   1.79863796  -2.08511297
  0.80453769  -0.29741305  -0.59260581   0.33704337   0.73351150   0.83010410   0.32617004   1.79886054  -2.08271065
  0.80453769  -0.29741305  -0.59260581   0.33704337   0.73351150   0.83010410   0.32617004   1.79886054  -2.08271065
  0.80251213  -0.29792438  -0.59331394   0.33876313   0.73361417   0.82988055   0.32783044   1.79909575  -2.08030844
  0.80251213  -0.29792438  -0.59331394   0.33876313   0.73361417   0.82988055   0.32783044   1.79909575  -2.08030844
  0.80050151  -0.29842696  -0.59401762   0.34048399   0.73371927   0.82964332   0.32949460   1.79934680  -2.07791949
  0.80050151  -0.29842696  -0.59401762   0.34048399   0.73371927   0.82964332   0.32949460   1.79934680  -2.07791949
  0.79856526  -0.29891453  -0.59471333   0.34212660   0.73378513   0.82942996   0.33108369   1.79962435  -2.07560724
  0.79856526  -0.29891453  -0.59471333   0.34212660   0.73378513   0.82942996   0.33108369   1.79962435  -2.07560724
  0.79676515  -0.29939201  -0.59539791   0.34358538   0.73375143   0.82930516   0.33248937   1.79992086  -2.07344137
  0.79676515  -0.29939201  -0.59539791   0.34358538   0.73375143   0.82930516   0.33248937   1.79992086  -2.07344137
  0.79514429  -0.29987510  -0.59606732   0.34476258   0.73356122   0.82934064   0.33360860   1.80020620  -2.07147617
  0.79514429  -0.29987510  -0.59606732   0.34476258   0.73356122   0.82934064   0.33360860   1.80020620  -2.07147617
  0.79372753  -0.30038286  -0.59671344   0.34558225   0.73317530   0.82959780   0.33435964   1.80043648  -2.06975497
  0.79372753  -0.30038286  -0.59671344   0.34558225   0.73317530   0.82959780   0.33435964   1.80043648  -2.06975497
  0.79253196  -0.30093386  -0.59730327   0.34598412   0.73259343   0.83012001   0.33466139   1.80054281  -2.06837380
  0.79253196  -0.30093386  -0.59730327   0.34598412   0.73259343   0.83012001   0.33466139   1.80054281  -2.06837380
  0.79253196  -0.30093386  -0.59730327   0.34598412   0.73259343   0.83012001   0.33466139   1.80054281  -2.06837380
  0.79121092  -0.30181106  -0.59829184   0.34576314   0.73105727   0.83150507   0.33431047   1.80060702  -2.06639258
  0.79121092  -0.30181106  -0.59829184   0.34576314   0.73105727   0.83150507   0.33431047   1.80060702  -2.06639258
  0.78965569  -0.30626921  -0.59872328   0.33908698   0.72500273   0.84035072   0.32612315   1.79417998  -2.06603142
  0.78965569  -0.30626921  -0.59872328   0.33908698   0.72500273   0.84035072   0.32612315   1.79417998  -2.06603142
  0.78965569  -0.30626921  -0.59872328   0.33908698   0.72500273   0.84035072   0.32612315   1.79417998  -2.06603142
  0.78894201  -0.30899673  -0.59990457   0.33405040   0.71953458   0.84674406   0.32017956   1.79179618  -2.06507845
  0.78894201  -0.30899673  -0.59990457   0.33405040   0.71953458   0.84674406   0.32017956   1.79179618  -2.06507845
  0.78894201  -0.30899673  -0.59990457   0.33405040   0.71953458   0.84674406   0.32017956   1.79179618  -2.06507845
  0.78894201  -0.30899673  -0.59990457   0.33405040   0.71953458   0.84674406   0.32017956   1.79179618  -2.06507845
  0.78803438  -0.31422527  -0.60056606   0.32414132   0.71058305   0.85858342   0.30868192   1.78463193  -2.06526499
  0.78803438  -0.31422527  -0.60056606   0.32414132   0.71058305   0.85858342   0.30868192   1.78463193  -2.06526499
  0.78803438  -0.31422527  -0.60056606   0.32414132   0.71058305   0.85858342   0.30868192   1.78463193  -2.06526499
  0.78701651  -0.31884081  -0.60094056   0.31578293   0.70275677   0.86892280   0.29876513   1.77813365  -2.06517414
  0.78701651  -0.31884081  -0.60094056   0.31578293   0.70275677   0.86892280   0.29876513   1.77813365  -2.06517414
  0.78701651  -0.31884081  -0.60094056   0.31578293   0.70275677   0.86892280   0.29876513   1.77813365  -2.06517414
  0.78665454  -0.31945988  -0.60201858   0.31461244   0.70050887   0.87061815   0.29778359   1.77895171  -2.06355036
  0.78612260  -0.32371683  -0.60159188   0.30625824   0.69351004   0.88043623   0.28778475   1.77197327  -2.06492010
  0.78612260  -0.32371683  -0.60159188   0.30625824   0.69351004   0.88043623   0.28778475   1.77197327  -2.06492010
  0.78612260  -0.32371683  -0.60159188   0.30625824   0.69351004   0.88043623   0.28778475   1.77197327  -2.06492010
  0.78612260  -0.32371683  -0.60159188   0.30625824   0.69351004   0.88043623   0.28778475   1.77197327  -2.06492010
  0.78514618  -0.32920550  -0.60170803   0.29559421   0.68337454   0.89334951   0.27543343   1.76391550  -2.06478866
  0.78514618  -0.32920550  -0.60170803   0.29559421   0.68337454   0.89334951   0.27543343   1.76391550  -2.06478866
  0.78514618  -0.32920550  -0.60170803   0.29559421   0.68337454   0.89334951   0.27543343   1.76391550  -2.06478866
  0.78445597  -0.33256573  -0.60188641   0.28900357   0.67675359   0.90140327   0.26772665   1.75955218  -2.06466953
  0.78445597  -0.33256573  -0.60188641   0.28900357   0.67675359   0.90140327   0.26772665   1.75955218  -2.06466953
  0.78445597  -0.33256573  -0.60188641   0.28900357   0.67675359   0.90140327   0.26772665   1.75955218  -2.06466953
  0.78358080  -0.33623514  -0.60208636   0.28197544   0.66947041   0.91012834   0.25970828   1.75473411  -2.06398524
  0.78358080  -0.33623514  -0.60208636   0.28197544   0.66947041   0.91012834   0.25970828   1.75473411  -2.06398524
  0.78358080  -0.33623514  -0.60208636   0.28197544   0.66947041   0.91012834   0.25970828   1.75473411  -2.06398524
  0.78268909  -0.33959642  -0.60227924   0.27552649   0.66256515   0.91827839   0.25207252   1.75053864  -2.06349498
  0.78268909  -0.33959642  -0.60227924   0.27552649   0.66256515   0.91827839   0.25207252   1.75053864  -2.06349498
  0.78268909  -0.33959642  -0.60227924   0.27552649   0.66256515   0.91827839   0.25207252   1.75053864  -2.06349498
  0.78148577  -0.34380884  -0.60196927   0.26763367   0.65458287   0.92820746   0.24295208   1.74426422  -2.06306449
  0.78148577  -0.34380884  -0.60196927   0.26763367   0.65458287   0.92820746   0.24295208   1.74426422  -2.06306449
  0.78148577  -0.34380884  -0.60196927   0.26763367   0.65458287   0.92820746   0.24295208   1.74426422  -2.06306449
  0.78060682  -0.34737088  -0.60173333   0.26056712   0.64730366   0.93690423   0.23486564   1.73922772  -2.06275810
  0.78060682  -0.34737088  -0.60173333   0.26056712   0.64730366   0.93690423   0.23486564   1.73922772  -2.06275810
  0.78060682  -0.34737088  -0.60173333   0.26056712   0.64730366   0.93690423   0.23486564   1.73922772  -2.06275810
  0.78001662  -0.35043994  -0.60163292   0.25404281   0.64039571   0.94476469   0.22736252   1.73531908  -2.06259611
  0.78001662  -0.35043994  -0.60163292   0.25404281   0.64039571   0.94476469   0.22736252   1.73531908  -2.06259611
  0.78001662  -0.35043994  -0.60163292   0.25404281   0.64039571   0.94476469   0.22736252   1.73531908  -2.06259611
  0.77857145  -0.35416418  -0.60137140   0.24734105   0.63297284   0.95363358   0.21947170   1.73009425  -2.06171439
  0.77857145  -0.35416418  -0.60137140   0.24734105   0.63297284   0.95363358   0.21947170   1.73009425  -2.06171439
  0.77857145  -0.35416418  -0.60137140   0.24734105   0.63297284   0.95363358   0.21947170   1.73009425  -2.06171439
  0.77841895  -0.35670464  -0.60131530   0.24122964   0.62641399   0.96059843   0.21270698   1.72722952  -2.06159239
  0.77841895  -0.35670464  -0.60131530   0.24122964   0.62641399   0.96059843   0.21270698   1.72722952  -2.06159239
  0.77841895  -0.35670464  -0.60131530   0.24122964   0.62641399   0.96059843   0.21270698   1.72722952  -2.06159239
  0.77650939  -0.36083406  -0.60089871   0.23414124   0.61832998   0.97028613   0.20450189   1.72124813  -2.06013830
  0.77650939  -0.36083406  -0.60089871   0.23414124   0.61832998   0.97028613   0.20450189   1.72124813  -2.06013830
  0.77650939  -0.36083406  -0.60089871   0.23414124   0.61832998   0.97028613   0.20450189   1.72124813  -2.06013830
  0.77585271  -0.36357224  -0.60073128   0.22823281   0.61160417   0.97758683   0.19756668   1.71799756  -2.05977846
  0.77585271  -0.36357224  -0.60073128   0.22823281   0.61160417   0.97758683   0.19756668   1.71799756  -2.05977846
  0.77585271  -0.36357224  -0.60073128   0.22823281   0.61160417   0.97758683   0.19756668   1.71799756  -2.05977846
  0.77498219  -0.36676491  -0.60013411   0.22141595   0.60433106   0.98583375   0.18998215   1.71332170  -2.05943899
  0.77498219  -0.36676491  -0.60013411   0.22141595   0.60433106   0.98583375   0.18998215   1.71332170  -2.05943899
  0.77498219  -0.36676491  -0.60013411   0.22141595   0.60433106   0.98583375   0.18998215   1.71332170  -2.05943899
  0.77343205  -0.37036593  -0.59952531   0.21470462   0.59659333   0.99481901   0.18202649   1.70809318  -2.05848724
  0.77343205  -0.37036593  -0.59952531   0.21470462   0.59659333   0.99481901   0.18202649   1.70809318  -2.05848724
  0.77343205  -0.37036593  -0.59952531   0.21470462   0.59659333   0.99481901   0.18202649   1.70809318  -2.05848724
  0.77211159  -0.37345717  -0.59930677   0.20874952   0.58941451   1.00263128   0.17530820   1.70439765  -2.05733802
  0.77211159  -0.37345717  -0.59930677   0.20874952   0.58941451   1.00263128   0.17530820   1.70439765  -2.05733802
  0.77211159  -0.37345717  -0.59930677   0.20874952   0.58941451   1.00263128   0.17530820   1.70439765  -2.05733802
  0.77211159  -0.37345717  -0.59930677   0.20874952   0.58941451   1.00263128   0.17530820   1.70439765  -2.05733802
  0.77117206  -0.37723258  -0.59851171   0.20012938   0.57978659   1.01302042   0.16549116   1.69921511  -2.05697015
  0.77117206  -0.37723258  -0.59851171   0.20012938   0.57978659   1.01302042   0.16549116   1.69921511  -2.05697015
  0.76926085  -0.37985616  -0.59813956   0.19637253   0.57482967   1.01901444   0.16104249   1.69530443  -2.05528932
  0.76926085  -0.37985616  -0.59813956   0.19637253   0.57482967   1.01901444   0.16104249   1.69530443  -2.05528932
  0.76926085  -0.37985616  -0.59813956   0.19637253   0.57482967   1.01901444   0.16104249   1.69530443  -2.05528932
  0.76859485  -0.38262111  -0.59759844   0.18990315   0.56736306   1.02678995   0.15371261   1.69188436  -2.05489675
  0.76859485  -0.38262111  -0.59759844   0.18990315   0.56736306   1.02678995   0.15371261   1.69188436  -2.05489675
  0.76859485  -0.38262111  -0.59759844   0.18990315   0.56736306   1.02678995   0.15371261   1.69188436  -2.05489675
  0.76761365  -0.38518600  -0.59714796   0.18446331   0.56079179   1.03371393   0.14752430   1.68861798  -2.05409706
  0.76761365  -0.38518600  -0.59714796   0.18446331   0.56079179   1.03371393   0.14752430   1.68861798  -2.05409706
  0.76761365  -0.38518600  -0.59714796   0.18446331   0.56079179   1.03371393   0.14752430   1.68861798  -2.05409706
  0.76646167  -0.38804983  -0.59636983   0.17833880   0.55359114   1.04154942   0.14039463   1.68442072  -2.05344582
  0.76646167  -0.38804983  -0.59636983   0.17833880   0.55359114   1.04154942   0.14039463   1.68442072  -2.05344582
  0.76512488  -0.39034772  -0.59602514   0.17432872   0.54839220   1.04712232   0.13595153   1.68153648  -2.05204389
  0.76512488  -0.39034772  -0.59602514   0.17432872   0.54839220   1.04712232   0.13595153   1.68153648  -2.05204389
  0.76512488  -0.39034772  -0.59602514   0.17432872   0.54839220   1.04712232   0.13595153   1.68153648  -2.05204389
  0.76141200  -0.39905128  -0.59202470   0.16564480   0.53980550   1.04719755   0.12463084   1.67808494  -2.04923384
  0.76141200  -0.39905128  -0.59202470   0.16564480   0.53980550   1.04719755   0.12463084   1.67808494  -2.04923384
  0.76141200  -0.39905128  -0.59202470   0.16564480   0.53980550   1.04719755   0.12463084   1.67808494  -2.04923384
  0.75825531  -0.40592762  -0.58886624   0.15862529   0.53290011   1.04719755   0.11581465   1.67550408  -2.04703002
  0.75825531  -0.40592762  -0.58886624   0.15862529   0.53290011   1.04719755   0.11581465   1.67550408  -2.04703002
  0.75489272  -0.41187776  -0.58644773   0.15358757   0.52720163   1.04719755   0.10889649   1.67345424  -2.04412533
  0.75489272  -0.41187776  -0.58644773   0.15358757   0.52720163   1.04719755   0.10889649   1.67345424  -2.04412533
  0.75489272  -0.41187776  -0.58644773   0.15358757   0.52720163   1.04719755   0.10889649   1.67345424  -2.04412533
  0.75489272  -0.41187776  -0.58644773   0.15358757   0.52720163   1.04719755   0.10889649   1.67345424  -2.04412533
  0.74962398  -0.42251371  -0.58119635   0.14268776   0.51643331   1.04719755   0.09489201   1.66915769  -2.04050975
  0.74962398  -0.42251371  -0.58119635   0.14268776   0.51643331   1.04719755   0.09489201   1.66915769  -2.04050975
  0.74962398  -0.42251371  -0.58119635   0.14268776   0.51643331   1.04719755   0.09489201   1.66915769  -2.04050975
  0.74660783  -0.42831185  -0.57851695   0.13662184   0.51011619   1.04719755   0.08707541   1.66750191  -2.03855668
  0.74660783  -0.42831185  -0.57851695   0.13662184   0.51011619   1.04719755   0.08707541   1.66750191  -2.03855668
  0.74262205  -0.43439340  -0.57587992   0.13151706   0.50437698   1.04719755   0.08031307   1.66514010  -2.03529383
  0.74262205  -0.43439340  -0.57587992   0.13151706   0.50437698   1.04719755   0.08031307   1.66514010  -2.03529383
  0.74262205  -0.43439340  -0.57587992   0.13151706   0.50437698   1.04719755   0.08031307   1.66514010  -2.03529383
  0.74262205  -0.43439340  -0.57587992   0.13151706   0.50437698   1.04719755   0.08031307   1.66514010  -2.03529383
  0.73691069  -0.44446062  -0.57072219   0.12096401   0.49378836   1.04719755   0.06683699   1.66142415  -2.03181148
  0.73691069  -0.44446062  -0.57072219   0.12096401   0.49378836   1.04719755   0.06683699   1.66142415  -2.03181148
  0.73691069  -0.44446062  -0.57072219   0.12096401   0.49378836   1.04719755   0.06683699   1.66142415  -2.03181148
  0.73129861  -0.45350757  -0.56619402   0.11185389   0.48430348   1.04719755   0.05523582   1.65811482  -2.02803585
  0.73129861  -0.45350757  -0.56619402   0.11185389   0.48430348   1.04719755   0.05523582   1.65811482  -2.02803585
  0.72676055  -0.46033387  -0.56280330   0.10502372   0.47705287   1.04719755   0.04645953   1.65574409  -2.02521897
  0.72676055  -0.46033387  -0.56280330   0.10502372   0.47705287   1.04719755   0.04645953   1.65574409  -2.02521897
  0.72258296  -0.46678310  -0.55944693   0.09818223   0.47003440   1.04719755   0.03795421   1.65356599  -2.02274546
  0.72258296  -0.46678310  -0.55944693   0.09818223   0.47003440   1.04719755   0.03795421   1.65356599  -2.02274546
  0.72258296  -0.46678310  -0.55944693   0.09818223   0.47003440   1.04719755   0.03795421   1.65356599  -2.02274546
  0.71844078  -0.47248432  -0.55651067   0.09266407   0.46413929   1.04719755   0.03080433   1.65133147  -2.02016354
  0.71844078  -0.47248432  -0.55651067   0.09266407   0.46413929   1.04719755   0.03080433   1.65133147  -2.02016354
  0.71844078  -0.47248432  -0.55651067   0.09266407   0.46413929   1.04719755   0.03080433   1.65133147  -2.02016354
