  0.56543409   0.03862034  -0.45118282   0.57096207   0.70151475   1.04719755   0.59045293   1.84932439  -2.00267012
  0.56543409   0.03862034  -0.45118282   0.57096207   0.70151475   1.04719755   0.59045293   1.84932439  -2.00267012
  0.56543409   0.03862034  -0.45118282   0.57096207   0.70151475   1.04719755   0.59045293   1.84932439  -2.00267012
  0.56543409   0.03862034  -0.45118282   0.57096207   0.70151475   1.04719755   0.59045293   1.84932439  -2.00267012
  0.56543409   0.03862034  -0.45118282   0.57096207   0.70151475   1.04719755   0.59045293   1.84932439  -2.00267012
  0.56543409   0.03862034  -0.45118282   0.57096207   0.70151475   1.04719755   0.59045293   1.84932439  -2.00267012
  0.56543409   0.03862034  -0.45118282   0.57096207   0.70151475   1.04719755   0.59045293   1.84932439  -2.00267012
  0.56543409   0.03862034  -0.45118282   0.57096207   0.70151475   1.04719755   0.59045293   1.84932439  -2.00267012
  0.56543409   0.03862034  -0.45118282   0.57096207   0.70151475   1.04719755   0.59045293   1.84932439  -2.00267012
  0.56543409   0.03862034  -0.45118282   0.57096207   0.70151475   1.04719755   0.59045293   1.84932439  -2.00267012
  0.56543409   0.03862034  -0.45118282   0.57096207   0.70151475   1.04719755   0.59045293   1.84932439  -2.00267012
  0.56543409   0.03862034  -0.45118282   0.57096207   0.70151475   1.04719755   0.59045293   1.84932439  -2.00267012
  0.56543409   0.03862034  -0.45118282   0.57096207   0.70151475   1.04719755   0.59045293   1.84932439  -2.00267012
  0.56543409   0.03862034  -0.45118282   0.57096207   0.70151475   1.04719755   0.59045293   1.84932439  -2.00267012
  0.56543409   0.03862034  -0.45118282   0.57096207   0.70151475   1.04719755   0.59045293   1.84932439  -2.00267012
  0.56543409   0.03862034  -0.45118282   0.57096207   0.70151475   1.04719755   0.59045293   1.84932439  -2.00267012
  0.56543409   0.03862034  -0.45118282   0.57096207   0.70151475   1.04719755   0.59045293   1.84932439  -2.00267012
  0.56543409   0.03862034  -0.45118282   0.57096207   0.70151475   1.04719755   0.59045293   1.84932439  -2.00267012
  0.56543409   0.03862034  -0.45118282   0.57096207   0.70151475   1.04719755   0.59045293   1.84932439  -2.00267012
  0.56543409   0.03862034  -0.45118282   0.57096207   0.70151475   1.04719755   0.59045293   1.84932439  -2.00267012
  0.56543409   0.03862034  -0.45118282   0.57096207   0.70151475   1.04719755   0.59045293   1.84932439  -2.00267012
  0.56543409   0.03862034  -0.45118282   0.57096207   0.70151475   1.04719755   0.59045293   1.84932439  -2.00267012
  0.56543409   0.03862034  -0.45118282   0.57096207   0.70151475   1.04719755   0.59045293   1.84932439  -2.00267012
  0.56543409   0.03862034  -0.45118282   0.57096207   0.70151475   1.04719755   0.59045293   1.84932439  -2.00267012
  0.56630183   0.03862617  -0.45067692   0.57056992   0.70205242   1.04675409   0.59000818   1.84875822  -2.00398033
  0.56630183   0.03862617  -0.45067692   0.57056992   0.70205242   1.04675409   0.59000818   1.84875822  -2.00398033
  0.56630183   0.03862617  -0.45067692   0.57056992   0.70205242   1.04675409   0.59000818   1.84875822  -2.00398033
  0.56630183   0.03862617  -0.45067692   0.57056992   0.70205242   1.04675409   0.59000818   1.84875822  -2.00398033
  0.56630183   0.03862617  -0.45067692   0.57056992   0.70205242   1.04675409   0.59000818   1.84875822  -2.00398033
  0.56630183   0.03862617  -0.45067692   0.57056992   0.70205242   1.04675409   0.59000818   1.84875822  -2.00398033
  0.56630183   0.03862617  -0.45067692   0.57056992   0.70205242   1.04675409   0.59000818   1.84875822  -2.00398033
  0.56679765   0.03781445  -0.45015602   0.57023649   0.70262591   1.04700334   0.58971529   1.84705957  -2.00529722
  0.56694331   0.03783242  -0.45014496   0.57042977   0.70264501   1.04702762   0.58951588   1.84701008  -2.00511192
  0.56694331   0.03783242  -0.45014496   0.57042977   0.70264501   1.04702762   0.58951588   1.84701008  -2.00511192
  0.56694331   0.03783242  -0.45014496   0.57042977   0.70264501   1.04702762   0.58951588   1.84701008  -2.00511192
  0.56694331   0.03783242  -0.45014496   0.57042977   0.70264501   1.04702762   0.58951588   1.84701008  -2.00511192
  0.56694331   0.03783242  -0.45014496   0.57042977   0.70264501   1.04702762   0.58951588   1.84701008  -2.00511192
  0.56694331   0.03783242  -0.45014496   0.57042977   0.70264501   1.04702762   0.58951588   1.84701008  -2.00511192
  0.56726998   0.03597082  -0.44988792   0.57000892   0.70306058   1.04719755   0.58879746   1.84449770  -2.00594400
  0.56726998   0.03597082  -0.44988792   0.57000892   0.70306058   1.04719755   0.58879746   1.84449770  -2.00594400
  0.56726998   0.03597082  -0.44988792   0.57000892   0.70306058   1.04719755   0.58879746   1.84449770  -2.00594400
  0.56726998   0.03597082  -0.44988792   0.57000892   0.70306058   1.04719755   0.58879746   1.84449770  -2.00594400
  0.57096002   0.02281562  -0.45401415   0.56088331   0.70112832   1.04719755   0.57922458   1.83544316  -2.00552611
  0.57096002   0.02281562  -0.45401415   0.56088331   0.70112832   1.04719755   0.57922458   1.83544316  -2.00552611
  0.57096002   0.02281562  -0.45401415   0.56088331   0.70112832   1.04719755   0.57922458   1.83544316  -2.00552611
  0.57182901   0.02265281  -0.45331588   0.56037984   0.70184599   1.04666367   0.57883598   1.83460909  -2.00725787
  0.57212017   0.02261409  -0.45316281   0.56057620   0.70200738   1.04673041   0.57865095   1.83460081  -2.00697805
  0.57212017   0.02261409  -0.45316281   0.56057620   0.70200738   1.04673041   0.57865095   1.83460081  -2.00697805
  0.57212017   0.02261409  -0.45316281   0.56057620   0.70200738   1.04673041   0.57865095   1.83460081  -2.00697805
  0.57292965   0.02197527  -0.45244597   0.56034594   0.70276120   1.04682792   0.57830878   1.83209563  -2.00874974
  0.57292965   0.02197527  -0.45244597   0.56034594   0.70276120   1.04682792   0.57830878   1.83209563  -2.00874974
  0.57289063   0.02169024  -0.45226745   0.56033695   0.70293720   1.04687413   0.57826023   1.83219571  -2.00883868
  0.57289063   0.02169024  -0.45226745   0.56033695   0.70293720   1.04687413   0.57826023   1.83219571  -2.00883868
  0.57619158   0.00722416  -0.45643762   0.55109132   0.70061046   1.04719755   0.56802774   1.82151012  -2.00827276
  0.57619158   0.00722416  -0.45643762   0.55109132   0.70061046   1.04719755   0.56802774   1.82151012  -2.00827276
  0.57709094   0.00717225  -0.45579819   0.55081547   0.70126399   1.04672884   0.56758223   1.82078171  -2.00956644
  0.57709094   0.00717225  -0.45579819   0.55081547   0.70126399   1.04672884   0.56758223   1.82078171  -2.00956644
  0.57773870   0.00679848  -0.45524655   0.55055848   0.70183685   1.04665546   0.56744973   1.81952723  -2.01043424
  0.57773870   0.00679848  -0.45524655   0.55055848   0.70183685   1.04665546   0.56744973   1.81952723  -2.01043424
  0.57804659   0.00503230  -0.45479361   0.55025393   0.70237051   1.04719755   0.56664630   1.81666944  -2.01166130
  0.57804659   0.00503230  -0.45479361   0.55025393   0.70237051   1.04719755   0.56664630   1.81666944  -2.01166130
  0.58114844  -0.00784148  -0.45790207   0.54187369   0.70043848   1.04719755   0.55737268   1.80719304  -2.01148040
  0.58114844  -0.00784148  -0.45790207   0.54187369   0.70043848   1.04719755   0.55737268   1.80719304  -2.01148040
  0.58216404  -0.00802853  -0.45711554   0.54130696   0.70124055   1.04669848   0.55688638   1.80624341  -2.01327604
  0.58247703  -0.00809037  -0.45692200   0.54141477   0.70143880   1.04676087   0.55676270   1.80618729  -2.01307778
  0.58272427  -0.00940152  -0.45683389   0.54095851   0.70158509   1.04719755   0.55601676   1.80371885  -2.01399618
  0.58332682  -0.01099811  -0.45645498   0.54020043   0.70203293   1.04719755   0.55506462   1.80162738  -2.01501366
  0.58332682  -0.01099811  -0.45645498   0.54020043   0.70203293   1.04719755   0.55506462   1.80162738  -2.01501366
  0.58740567  -0.02639142  -0.46026335   0.52938204   0.69912545   1.04719755   0.54339139   1.79079492  -2.01434925
  0.58740567  -0.02639142  -0.46026335   0.52938204   0.69912545   1.04719755   0.54339139   1.79079492  -2.01434925
  0.58875782  -0.02667575  -0.45888728   0.52887993   0.70050296   1.04613475   0.54287726   1.78915067  -2.01693539
  0.58890077  -0.02674981  -0.45876151   0.52896596   0.70062923   1.04620117   0.54278683   1.78915537  -2.01683092
  0.58905192  -0.02869795  -0.45837279   0.52854186   0.70103823   1.04719755   0.54197921   1.78561227  -2.01796321
  0.58993786  -0.03056482  -0.45806748   0.52752945   0.70137056   1.04719755   0.54050698   1.78285599  -2.01910511
  0.59056836  -0.03110854  -0.45763954   0.52712242   0.70180534   1.04719755   0.54002227   1.78158774  -2.02000885
  0.59453731  -0.04734782  -0.46194620   0.51526015   0.69763384   1.04719755   0.52713664   1.77161080  -2.01829411
  0.59502797  -0.04767172  -0.46142914   0.51498722   0.69814560   1.04690462   0.52701024   1.77077728  -2.01899696
  0.59548476  -0.04833632  -0.46081840   0.51486953   0.69874635   1.04712868   0.52643574   1.76890301  -2.02029988
  0.59608908  -0.04960140  -0.46017116   0.51434545   0.69936671   1.04719755   0.52561088   1.76643011  -2.02164506
  0.59657457  -0.05096379  -0.45975834   0.51375363   0.69974524   1.04719755   0.52478430   1.76445307  -2.02237862
  0.59741295  -0.05257569  -0.45922951   0.51291816   0.70022315   1.04719755   0.52355104   1.76165783  -2.02361365
  0.60046792  -0.06604097  -0.46197464   0.50331205   0.69683465   1.04719755   0.51297398   1.75279223  -2.02260268
  0.60136985  -0.06605291  -0.46125209   0.50285416   0.69754685   1.04667475   0.51270866   1.75209712  -2.02389298
  0.60177566  -0.06684900  -0.46082357   0.50267832   0.69793251   1.04703905   0.51194946   1.75041600  -2.02476050
  0.60244755  -0.06777137  -0.46002637   0.50203562   0.69868302   1.04719755   0.51129465   1.74807169  -2.02658672
  0.60337382  -0.06860260  -0.45914787   0.50157029   0.69950996   1.04714572   0.51042531   1.74556501  -2.02836856
  0.60626247  -0.08299247  -0.46191931   0.49158128   0.69545485   1.04719755   0.49938449   1.73622932  -2.02631031
  0.60710682  -0.08315075  -0.46130188   0.49113246   0.69603574   1.04685806   0.49885143   1.73548314  -2.02753113
  0.60782970  -0.08376925  -0.46060967   0.49072433   0.69666330   1.04712334   0.49813406   1.73342545  -2.02900250
  0.60854570  -0.08517216  -0.45988747   0.48993720   0.69725114   1.04719755   0.49707716   1.73081951  -2.03040740
  0.60954159  -0.08570144  -0.45895746   0.48927159   0.69812088   1.04686686   0.49655749   1.72894731  -2.03210514
  0.61232115  -0.09974057  -0.46114726   0.47964584   0.69397649   1.04719755   0.48531569   1.71931726  -2.03070146
  0.61339459  -0.09971970  -0.46023497   0.47909449   0.69486675   1.04651376   0.48493593   1.71852802  -2.03237745
  0.61431628  -0.09997539  -0.45932292   0.47875119   0.69573459   1.04633154   0.48432597   1.71676979  -2.03414042
  0.61519451  -0.10065415  -0.45840216   0.47826940   0.69656118   1.04653974   0.48364693   1.71432543  -2.03575842
  0.61769156  -0.11311960  -0.46026192   0.46932644   0.69237579   1.04719755   0.47336940   1.70595451  -2.03451959
  0.61868491  -0.11333157  -0.45942882   0.46880886   0.69313766   1.04683943   0.47276646   1.70473583  -2.03605106
  0.61932977  -0.11392092  -0.45866550   0.46843212   0.69381106   1.04684333   0.47210678   1.70304832  -2.03738422
  0.62009908  -0.11470358  -0.45798759   0.46779109   0.69432398   1.04719755   0.47131687   1.70083298  -2.03865034
  0.62123388  -0.11525403  -0.45673474   0.46705149   0.69548489   1.04658842   0.47058309   1.69875570  -2.04098249
  0.62425285  -0.12887085  -0.45831939   0.45708034   0.69066102   1.04719755   0.45905912   1.68933701  -2.03984335
  0.62545401  -0.12874625  -0.45738470   0.45657982   0.69155566   1.04649138   0.45871536   1.68837704  -2.04132826
  0.62591661  -0.12944233  -0.45683212   0.45608726   0.69195922   1.04703346   0.45800679   1.68681306  -2.04242019
  0.62740268  -0.12951122  -0.45553742   0.45545576   0.69315763   1.04665845   0.45716908   1.68450245  -2.04496202
  0.62945876  -0.13940781  -0.45616628   0.44824281   0.68979917   1.04719755   0.44894736   1.67708132  -2.04458461
  0.63053361  -0.13936054  -0.45530595   0.44791792   0.69060285   1.04662506   0.44821379   1.67628167  -2.04616631
  0.63151326  -0.14013371  -0.45465149   0.44687279   0.69095044   1.04719755   0.44718310   1.67416736  -2.04763850
  0.63267309  -0.14046755  -0.45354909   0.44612580   0.69192352   1.04668202   0.44647912   1.67249597  -2.04964324
  0.63364485  -0.14091002  -0.45277614   0.44548000   0.69249750   1.04685814   0.44557093   1.67055552  -2.05123148
  0.63651993  -0.15330183  -0.45342023   0.43611456   0.68780791   1.04719755   0.43479679   1.66201265  -2.05083663
  0.63773959  -0.15314619  -0.45264753   0.43550898   0.68848239   1.04675139   0.43435980   1.66125741  -2.05213213
  0.63874053  -0.15354673  -0.45192382   0.43488458   0.68897457   1.04684791   0.43334326   1.65984872  -2.05353959
  0.63999058  -0.15380119  -0.45076875   0.43399875   0.68997136   1.04644150   0.43254582   1.65812254  -2.05587058
  0.64270631  -0.16335666  -0.45104539   0.42630193   0.68595286   1.04719755   0.42354831   1.65103309  -2.05605001
  0.64380530  -0.16326443  -0.45025534   0.42568692   0.68664888   1.04673936   0.42314355   1.65025212  -2.05742857
  0.64491992  -0.16330444  -0.44933101   0.42521178   0.68744757   1.04642288   0.42228769   1.64900976  -2.05924004
  0.64598771  -0.16381954  -0.44874177   0.42422805   0.68765537   1.04712470   0.42116720   1.64726925  -2.06064018
  0.64731625  -0.16443880  -0.44798186   0.42306497   0.68796863   1.04719755   0.41986995   1.64543113  -2.06223434
  0.64863189  -0.16475683  -0.44695918   0.42202842   0.68873295   1.04679869   0.41896536   1.64393252  -2.06427741
  0.65003615  -0.16507489  -0.44617108   0.42092356   0.68914431   1.04697923   0.41781070   1.64216497  -2.06609464
  0.65361132  -0.17784625  -0.44680604   0.41053655   0.68276791   1.04719755   0.40590319   1.63497017  -2.06500973
  0.65486375  -0.17772557  -0.44560563   0.41002948   0.68390935   1.04625902   0.40492646   1.63388959  -2.06756964
  0.65597989  -0.17788750  -0.44516364   0.40915462   0.68400361   1.04673779   0.40418850   1.63289850  -2.06841820
  0.65765380  -0.17776767  -0.44396146   0.40801125   0.68496224   1.04648482   0.40310006   1.63126631  -2.07131181
  0.65885493  -0.17829596  -0.44366372   0.40678219   0.68465513   1.04719755   0.40166151   1.63002161  -2.07239357
  0.66033436  -0.17885983  -0.44300981   0.40539418   0.68471280   1.04719755   0.40021758   1.62867118  -2.07391422
  0.66179147  -0.17904717  -0.44204591   0.40422853   0.68534263   1.04678990   0.39917912   1.62749654  -2.07603095
  0.66355991  -0.18035717  -0.44165969   0.40210644   0.68460693   1.04719755   0.39672048   1.62596881  -2.07735075
  0.66528930  -0.18170374  -0.44107015   0.39997535   0.68413507   1.04719755   0.39444814   1.62442954  -2.07887553
  0.66678449  -0.18248575  -0.44051872   0.39845203   0.68393637   1.04710793   0.39279109   1.62331744  -2.08014679
  0.66840393  -0.18270116  -0.43950174   0.39709316   0.68452630   1.04671550   0.39140706   1.62217849  -2.08270190
  0.67224762  -0.19269563  -0.44014113   0.38778083   0.67778333   1.04719755   0.38069382   1.61789692  -2.08203266
  0.67386836  -0.19244376  -0.43871138   0.38690401   0.67912108   1.04617748   0.38007384   1.61633486  -2.08468656
  0.67401547  -0.19249544  -0.43858057   0.38691794   0.67923620   1.04624123   0.38000952   1.61637617  -2.08465258
  0.67636508  -0.19199103  -0.43783270   0.38525029   0.67939944   1.04650009   0.37832016   1.61572622  -2.08738095
  0.67844655  -0.19181407  -0.43735967   0.38344674   0.67912010   1.04718300   0.37656454   1.61488275  -2.08965930
  0.68040284  -0.19154502  -0.43637695   0.38193560   0.67969581   1.04674158   0.37542841   1.61413981  -2.09227060
  0.68079977  -0.19146768  -0.43624018   0.38206483   0.67976894   1.04679858   0.37518051   1.61409122  -2.09209868
  0.68331259  -0.19099793  -0.43589276   0.37997232   0.67925898   1.04704874   0.37306938   1.61403033  -2.09471205
  0.68523509  -0.19126727  -0.43554540   0.37803587   0.67872148   1.04719755   0.37136130   1.61401019  -2.09626293
  0.68725877  -0.19136907  -0.43510754   0.37628324   0.67830951   1.04719755   0.36952054   1.61370774  -2.09804564
  0.68950997  -0.19095220  -0.43410588   0.37460276   0.67881426   1.04673841   0.36808300   1.61306925  -2.10103563
  0.69171239  -0.19053941  -0.43392830   0.37270654   0.67818862   1.04719755   0.36641912   1.61334261  -2.10290283
  0.69380025  -0.19037354  -0.43349075   0.37103192   0.67785074   1.04719755   0.36442093   1.61348336  -2.10514175
  0.69423704  -0.19031098  -0.43335060   0.37097803   0.67790655   1.04719755   0.36436132   1.61343527  -2.10491208
  0.69692358  -0.18994083  -0.43322009   0.36850601   0.67694129   1.04719755   0.36198685   1.61433439  -2.10737473
  0.69928576  -0.18970954  -0.43276590   0.36659238   0.67652152   1.04719755   0.36013335   1.61444849  -2.10943559
  0.70138218  -0.18959255  -0.43254160   0.36475225   0.67584765   1.04719755   0.35834800   1.61487927  -2.11107225
  0.70327517  -0.18949646  -0.43238640   0.36306322   0.67516382   1.04719755   0.35676606   1.61535333  -2.11242662
  0.70595754  -0.18869403  -0.43154916   0.36110086   0.67539272   1.04682693   0.35519737   1.61537169  -2.11553020
  0.70622785  -0.18863053  -0.43148572   0.36116088   0.67539812   1.04687326   0.35499733   1.61541998  -2.11544439
  0.70934577  -0.18750948  -0.43174918   0.35850951   0.67400001   1.04719755   0.35257043   1.61759763  -2.11798483
  0.71168948  -0.18691310  -0.43144749   0.35674388   0.67353248   1.04719755   0.35090237   1.61832182  -2.11998103
  0.71390085  -0.18625222  -0.43130640   0.35501664   0.67292590   1.04719755   0.34932946   1.61923974  -2.12182383
  0.71591637  -0.18564917  -0.43120437   0.35345857   0.67234450   1.04719755   0.34790535   1.62028266  -2.12340420
  0.71805799  -0.18482573  -0.43106963   0.35186934   0.67184548   1.04719755   0.34647492   1.62134058  -2.12529380
  0.72043465  -0.18372961  -0.43067087   0.35043093   0.67174512   1.04697696   0.34496384   1.62223680  -2.12771835
  0.72105163  -0.18357387  -0.43053618   0.34999946   0.67174828   1.04701160   0.34515104   1.62230852  -2.12756009
  0.72417085  -0.18175585  -0.43085020   0.34779680   0.67061856   1.04687081   0.34302106   1.62533076  -2.13025922
  0.72629285  -0.18066956  -0.43081222   0.34630727   0.67014066   1.04681832   0.34173396   1.62698047  -2.13213592
  0.72871587  -0.17939583  -0.43035483   0.34500314   0.67021108   1.04635458   0.34035219   1.62812821  -2.13456847
  0.73074089  -0.17812486  -0.43069026   0.34348826   0.66935933   1.04627354   0.33942533   1.63037456  -2.13575848
  0.73319539  -0.17669754  -0.43031723   0.34184043   0.66937078   1.04564451   0.33834811   1.63183377  -2.13835005
  0.73355088  -0.17658896  -0.43022394   0.34196782   0.66940698   1.04569301   0.33814533   1.63191748  -2.13816050
  0.73696845  -0.17412341  -0.43067583   0.33972052   0.66831235   1.04512103   0.33640735   1.63623395  -2.14075097
  0.73914474  -0.17272588  -0.43037066   0.33863344   0.66837692   1.04448332   0.33530347   1.63785998  -2.14286448
  0.74101475  -0.17125525  -0.43068097   0.33743771   0.66777627   1.04404775   0.33468305   1.64044880  -2.14390279
  0.74274567  -0.16991088  -0.43075223   0.33654505   0.66752680   1.04350286   0.33404899   1.64252259  -2.14506323
  0.74450875  -0.16846885  -0.43089301   0.33557006   0.66721357   1.04290409   0.33348374   1.64481648  -2.14621919
  0.74661564  -0.16679646  -0.43087183   0.33449302   0.66707149   1.04211633   0.33263217   1.64725545  -2.14799864
  0.74876372  -0.16504653  -0.43088340   0.33339318   0.66691715   1.04129573   0.33185929   1.64995044  -2.14969681
  0.75082135  -0.16327793  -0.43092623   0.33237370   0.66677438   1.04041768   0.33116336   1.65264059  -2.15131402
  0.75284308  -0.16147659  -0.43099625   0.33139481   0.66663539   1.03950604   0.33053896   1.65543703  -2.15284188
  0.75480040  -0.15966213  -0.43108677   0.33047706   0.66651232   1.03856159   0.32998675   1.65828583  -2.15428209
  0.75693401  -0.15784943  -0.43100827   0.32956482   0.66652974   1.03762866   0.32911833   1.66102164  -2.15612366
  0.75867091  -0.15592588  -0.43138015   0.32869246   0.66618985   1.03663316   0.32896998   1.66433977  -2.15697336
  0.76034754  -0.15415206  -0.43146417   0.32807183   0.66621564   1.03556777   0.32868454   1.66703465  -2.15809967
  0.76228272  -0.15216145  -0.43156753   0.32723288   0.66618962   1.03443151   0.32826126   1.67018776  -2.15955056
  0.76228272  -0.15216145  -0.43156753   0.32723288   0.66618962   1.03443151   0.32826126   1.67018776  -2.15955056
  0.76564113  -0.14895525  -0.43197845   0.32561929   0.66561634   1.03294707   0.32730597   1.67547129  -2.16156971
  0.76564113  -0.14895525  -0.43197845   0.32561929   0.66561634   1.03294707   0.32730597   1.67547129  -2.16156971
  0.76953181  -0.14480542  -0.43240805   0.32383474   0.66528941   1.03070136   0.32645639   1.68235518  -2.16429662
  0.76953181  -0.14480542  -0.43240805   0.32383474   0.66528941   1.03070136   0.32645639   1.68235518  -2.16429662
  0.77277753  -0.13859736  -0.43259273   0.32414374   0.66717905   1.02550160   0.32806010   1.69198450  -2.16645772
  0.77300765  -0.13835805  -0.43266400   0.32414660   0.66706512   1.02534861   0.32802548   1.69190921  -2.16636284
  0.77576976  -0.13555971  -0.43306188   0.32270749   0.66657495   1.02410494   0.32728979   1.69699281  -2.16807885
  0.77576976  -0.13555971  -0.43306188   0.32270749   0.66657495   1.02410494   0.32728979   1.69699281  -2.16807885
  0.77928774  -0.13172479  -0.43367482   0.32096902   0.66592071   1.02225989   0.32637022   1.70361655  -2.17033274
  0.77928774  -0.13172479  -0.43367482   0.32096902   0.66592071   1.02225989   0.32637022   1.70361655  -2.17033274
  0.78230729  -0.12785629  -0.43430882   0.31985113   0.66556996   1.02009860   0.32609687   1.71014359  -2.17181850
  0.78293197  -0.12275167  -0.43410226   0.32238052   0.66892664   1.01449364   0.32978522   1.71723491  -2.17188924
  0.78293197  -0.12275167  -0.43410226   0.32238052   0.66892664   1.01449364   0.32978522   1.71723491  -2.17188924
  0.78616863  -0.11913876  -0.43483761   0.32060734   0.66804511   1.01294336   0.32883698   1.72383662  -2.17385069
  0.78772679  -0.11696883  -0.43523912   0.32005125   0.66783101   1.01181733   0.32858070   1.72793656  -2.17469393
  0.78915847  -0.11462286  -0.43563119   0.31971634   0.66780743   1.01034153   0.32873978   1.73181502  -2.17529976
  0.79031700  -0.11206523  -0.43593367   0.31960720   0.66822537   1.00839871   0.32954370   1.73593071  -2.17584576
  0.79139621  -0.10981317  -0.43620605   0.31969664   0.66855125   1.00677130   0.33002643   1.73958110  -2.17618863
  0.79252115  -0.10757985  -0.43650021   0.31968310   0.66878405   1.00517418   0.33051457   1.74300300  -2.17649964
  0.79252115  -0.10757985  -0.43650021   0.31968310   0.66878405   1.00517418   0.33051457   1.74300300  -2.17649964
  0.79455152  -0.10081154  -0.43703472   0.32100709   0.67094336   0.99950831   0.33332150   1.75399723  -2.17718077
  0.79459388  -0.10066510  -0.43713746   0.32097313   0.67082440   0.99938779   0.33334992   1.75393582  -2.17716073
  0.79673614  -0.09764256  -0.43800784   0.31982083   0.66996218   0.99811632   0.33310272   1.75987348  -2.17775230
  0.79779367  -0.09510939  -0.43839126   0.31986745   0.67023676   0.99632330   0.33373487   1.76406421  -2.17804434
  0.79779367  -0.09510939  -0.43839126   0.31986745   0.67023676   0.99632330   0.33373487   1.76406421  -2.17804434
  0.79895721  -0.08732476  -0.43859906   0.32279746   0.67394645   0.98897490   0.33841709   1.77572648  -2.17786416
  0.79954516  -0.08621188  -0.43935600   0.32232634   0.67303399   0.98878528   0.33827297   1.77839078  -2.17744410
  0.80111268  -0.08404628  -0.43991030   0.32153625   0.67244859   0.98785714   0.33797455   1.78233133  -2.17792964
  0.80103375  -0.08394154  -0.44003791   0.32145984   0.67232901   0.98773964   0.33805606   1.78231731  -2.17799474
  0.80224596  -0.07723591  -0.44015208   0.32365566   0.67534960   0.98162735   0.34190920   1.79233798  -2.17791070
  0.80224596  -0.07723591  -0.44015208   0.32365566   0.67534960   0.98162735   0.34190920   1.79233798  -2.17791070
  0.80315412  -0.07456130  -0.44197780   0.32281585   0.67339536   0.98102340   0.34180544   1.79913285  -2.17687814
  0.80429193  -0.07148250  -0.44217608   0.32298466   0.67411831   0.97864433   0.34296089   1.80375010  -2.17718467
  0.80429193  -0.07148250  -0.44217608   0.32298466   0.67411831   0.97864433   0.34296089   1.80375010  -2.17718467
  0.80464931  -0.06505902  -0.44258037   0.32556175   0.67685905   0.97273305   0.34708901   1.81352782  -2.17637100
  0.80475323  -0.06402055  -0.44325718   0.32557393   0.67628784   0.97232510   0.34750585   1.81582208  -2.17542398
  0.80564260  -0.06107184  -0.44386838   0.32564139   0.67637390   0.97041648   0.34846617   1.82104648  -2.17512241
  0.80564260  -0.06107184  -0.44386838   0.32564139   0.67637390   0.97041648   0.34846617   1.82104648  -2.17512241
  0.80644350  -0.05554230  -0.44463866   0.32696175   0.67762540   0.96605292   0.35124522   1.83002395  -2.17428369
  0.80608305  -0.05444055  -0.44517566   0.32740985   0.67754936   0.96523744   0.35208581   1.83223758  -2.17348757
  0.80613358  -0.04980231  -0.44560637   0.32935181   0.67926064   0.96121672   0.35513843   1.83972317  -2.17221990
  0.80613358  -0.04980231  -0.44560637   0.32935181   0.67926064   0.96121672   0.35513843   1.83972317  -2.17221990
  0.80650940  -0.04606866  -0.44675344   0.32985890   0.67910533   0.95880988   0.35685283   1.84661875  -2.17079872
  0.80650940  -0.04606866  -0.44675344   0.32985890   0.67910533   0.95880988   0.35685283   1.84661875  -2.17079872
  0.80626246  -0.03898058  -0.44730301   0.33298610   0.68192002   0.95241854   0.36207712   1.85747822  -2.16860709
  0.80583317  -0.03841818  -0.44789993   0.33314163   0.68147592   0.95219576   0.36251956   1.85912914  -2.16780401
  0.80596660  -0.03652618  -0.44867264   0.33333809   0.68108140   0.95117677   0.36328082   1.86291347  -2.16673700
  0.80594472  -0.03422122  -0.44920375   0.33392199   0.68133962   0.94948494   0.36461577   1.86699052  -2.16588074
  0.80594472  -0.03422122  -0.44920375   0.33392199   0.68133962   0.94948494   0.36461577   1.86699052  -2.16588074
  0.80525757  -0.02651800  -0.44965053   0.33777707   0.68464113   0.94240305   0.37065996   1.87857497  -2.16307028
  0.80449429  -0.02636511  -0.45044466   0.33806526   0.68387444   0.94260523   0.37085871   1.87996540  -2.16190349
  0.80448346  -0.02500128  -0.45120811   0.33788401   0.68326754   0.94201900   0.37163004   1.88294816  -2.16078744
  0.80400379  -0.02406020  -0.45215002   0.33792053   0.68244916   0.94176904   0.37237431   1.88565775  -2.15925602
  0.80390650  -0.01733372  -0.45153782   0.34153095   0.68647339   0.93508307   0.37728903   1.89439613  -2.15837648
  0.80293634  -0.01724705  -0.45249595   0.34166299   0.68550833   0.93540345   0.37791045   1.89590700  -2.15664689
  0.80277404  -0.01599342  -0.45330736   0.34175793   0.68485097   0.93491285   0.37866822   1.89865967  -2.15511253
  0.80247117  -0.01430659  -0.45382907   0.34228143   0.68489611   0.93372902   0.37965684   1.90189868  -2.15428925
  0.80184490  -0.00845775  -0.45367824   0.34545953   0.68790901   0.92813502   0.38443530   1.91009956  -2.15238116
  0.80078093  -0.00831720  -0.45458506   0.34588323   0.68709729   0.92833067   0.38511836   1.91155125  -2.15053524
  0.80044882  -0.00779848  -0.45516289   0.34610999   0.68658181   0.92819855   0.38545018   1.91285276  -2.14946761
  0.79984936  -0.00240137  -0.45525634   0.34864188   0.68888219   0.92334208   0.38988755   1.92090277  -2.14728675
  0.79881587  -0.00206545  -0.45610007   0.34920410   0.68822454   0.92331750   0.39064808   1.92245205  -2.14549873
  0.79827645   0.00177225  -0.45589824   0.35133965   0.69027771   0.91957063   0.39367864   1.92770909  -2.14460369
  0.79711174   0.00194877  -0.45700443   0.35156228   0.68919139   0.91993178   0.39469249   1.92957588  -2.14208916
  0.79678991   0.00340774  -0.45731956   0.35225648   0.68941087   0.91874723   0.39561849   1.93183468  -2.14138343
  0.79585762   0.00807246  -0.45710654   0.35498899   0.69190552   0.91419153   0.39985342   1.93838392  -2.13955767
  0.79491708   0.00852256  -0.45779930   0.35556473   0.69145223   0.91397798   0.40076091   1.93977419  -2.13789582
  0.79348951   0.01207168  -0.45817986   0.35808191   0.69280810   0.91077999   0.40448215   1.94551707  -2.13483627
  0.79270212   0.01251885  -0.45875052   0.35849015   0.69245092   0.91054812   0.40523150   1.94687432  -2.13361521
  0.79180274   0.01326782  -0.45945838   0.35901721   0.69203763   0.91016447   0.40618222   1.94895373  -2.13204702
  0.79035834   0.01781895  -0.45933144   0.36220330   0.69444659   0.90568876   0.41087834   1.95542372  -2.12923350
  0.78950546   0.01813095  -0.45984875   0.36269863   0.69414905   0.90548209   0.41151006   1.95649577  -2.12820020
  0.78870137   0.01883976  -0.46048965   0.36326348   0.69377139   0.90510177   0.41246169   1.95820131  -2.12655674
  0.78756154   0.01960740  -0.46133452   0.36393649   0.69324417   0.90477557   0.41375618   1.96050833  -2.12427609
  0.78603274   0.02414346  -0.46074331   0.36753564   0.69628353   0.89984178   0.41846633   1.96629599  -2.12232715
  0.78477011   0.02452290  -0.46160648   0.36819480   0.69564621   0.89981905   0.41966639   1.96803752  -2.11992660
  0.78391461   0.02514502  -0.46212270   0.36882836   0.69543300   0.89936757   0.42061605   1.96944104  -2.11855696
  0.78229056   0.02815718  -0.46198314   0.37174251   0.69727240   0.89616416   0.42416431   1.97379745  -2.11616546
  0.78088354   0.02812907  -0.46306949   0.37200397   0.69621184   0.89664175   0.42515487   1.97541597  -2.11369746
  0.77977496   0.02855124  -0.46383049   0.37250280   0.69565479   0.89651646   0.42638498   1.97688045  -2.11156717
  0.77801426   0.03228080  -0.46299550   0.37630351   0.69874379   0.89197358   0.43083790   1.98120335  -2.10985826
  0.77711598   0.03261474  -0.46362380   0.37678782   0.69827388   0.89186786   0.43162187   1.98233755  -2.10830340
  0.77564715   0.03272679  -0.46483939   0.37736411   0.69710318   0.89233287   0.43275684   1.98403265  -2.10508148
  0.77432074   0.03322243  -0.46518216   0.37847729   0.69727022   0.89170888   0.43412226   1.98543712  -2.10360259
  0.77302231   0.03381150  -0.46561654   0.37954648   0.69731294   0.89107343   0.43558284   1.98686277  -2.10186929
  0.77050678   0.03817017  -0.46455718   0.38461468   0.70107478   0.88558313   0.44155168   1.99180752  -2.09885454
  0.76932054   0.03801675  -0.46543391   0.38496781   0.70021195   0.88602638   0.44190731   1.99294985  -2.09726856
  0.76815348   0.03813652  -0.46602294   0.38553489   0.69981829   0.88600473   0.44314384   1.99380925  -2.09527708
  0.76674571   0.03824592  -0.46657823   0.38645934   0.69957446   0.88584786   0.44436256   1.99475654  -2.09339788
  0.76513549   0.03817780  -0.46749244   0.38744404   0.69885314   0.88611876   0.44541874   1.99593307  -2.09073499
  0.76276834   0.04016727  -0.46665501   0.39121066   0.70147076   0.88274982   0.44967792   1.99779546  -2.08868768
  0.76146532   0.04020174  -0.46770941   0.39157210   0.70042799   0.88321430   0.45061233   1.99922529  -2.08604189
  0.76012925   0.04024839  -0.46803364   0.39257196   0.70046056   0.88290553   0.45179354   1.99981242  -2.08464607
  0.75855809   0.04025735  -0.46851109   0.39379344   0.70035540   0.88268669   0.45316935   2.00047252  -2.08261599
  0.75684390   0.04021900  -0.46895450   0.39513762   0.70033250   0.88242712   0.45467972   2.00112415  -2.08053591
  0.75517972   0.04022570  -0.46933434   0.39654821   0.70039364   0.88207725   0.45623728   2.00165514  -2.07848221
  0.75339000   0.04016201  -0.46971801   0.39803179   0.70046975   0.88174799   0.45785466   2.00219936  -2.07637550
  0.75159312   0.04007669  -0.47007357   0.39957134   0.70058047   0.88140303   0.45949399   2.00264800  -2.07425449
  0.74987733   0.03999519  -0.47036410   0.40109293   0.70075258   0.88100942   0.46110365   2.00294840  -2.07228662
  0.74801337   0.03979302  -0.47070251   0.40266478   0.70087271   0.88071324   0.46274851   2.00324764  -2.07018505
  0.74611348   0.03942305  -0.47130294   0.40403448   0.70059526   0.88080881   0.46428871   2.00356843  -2.06757306
  0.74427265   0.03912387  -0.47130106   0.40587612   0.70115855   0.88023749   0.46598373   2.00327968  -2.06604777
  0.74243527   0.03870930  -0.47189298   0.40722928   0.70085966   0.88037422   0.46733488   2.00353152  -2.06360672
  0.74050847   0.03824306  -0.47190836   0.40904975   0.70137344   0.87991753   0.46906948   2.00303922  -2.06201007
  0.73859458   0.03770933  -0.47250257   0.41047103   0.70106626   0.88011265   0.47040800   2.00311433  -2.05954185
  0.73661019   0.03707565  -0.47247857   0.41233409   0.70160405   0.87973084   0.47214877   2.00235654  -2.05796052
  0.73469389   0.03648124  -0.47277251   0.41391839   0.70168546   0.87966957   0.47362059   2.00204106  -2.05599413
  0.73269885   0.03575589  -0.47304706   0.41558063   0.70178780   0.87966053   0.47512859   2.00149809  -2.05397752
  0.73069046   0.03495182  -0.47331132   0.41724640   0.70188753   0.87969774   0.47660699   2.00082909  -2.05198896
  0.72871666   0.03408899  -0.47356843   0.41886543   0.70196953   0.87979519   0.47801087   2.00008603  -2.05006065
  0.72662740   0.03311078  -0.47384859   0.42055563   0.70202781   0.87995013   0.47945768   1.99917935  -2.04804069
  0.72460776   0.03209729  -0.47410032   0.42219103   0.70209197   0.88014258   0.48081941   1.99820623  -2.04612483
  0.72248960   0.03097786  -0.47437398   0.42387886   0.70213030   0.88039289   0.48220627   1.99708959  -2.04414172
  0.72042837   0.02982218  -0.47462312   0.42552247   0.70217326   0.88068077   0.48352289   1.99590537  -2.04223812
  0.71832408   0.02858810  -0.47488467   0.42717291   0.70219208   0.88102578   0.48482336   1.99462548  -2.04031941
  0.71619079   0.02727968  -0.47514416   0.42883808   0.70220340   0.88141763   0.48610858   1.99322936  -2.03839696
  0.71404155   0.02590678  -0.47539781   0.43050491   0.70221003   0.88185091   0.48736938   1.99173228  -2.03649394
  0.71187569   0.02447172  -0.47564928   0.43217259   0.70220786   0.88232798   0.48860596   1.99014091  -2.03460130
  0.70969398   0.02297575  -0.47589679   0.43384037   0.70219913   0.88284718   0.48981828   1.98845685  -2.03272340
  0.70749658   0.02142087  -0.47614106   0.43550789   0.70218325   0.88340840   0.49100679   1.98668351  -2.03085777
  0.70524358   0.01977404  -0.47638333   0.43719619   0.70216152   0.88403626   0.49218650   1.98482973  -2.02896782
  0.70304213   0.01813321  -0.47663180   0.43885179   0.70211756   0.88467547   0.49332635   1.98288928  -2.02709652
  0.70080902   0.01641787  -0.47685116   0.44051245   0.70209932   0.88534087   0.49444405   1.98085023  -2.02531018
  0.69850595   0.01461079  -0.47708667   0.44220519   0.70205663   0.88608614   0.49556193   1.97874432  -2.02344038
  0.69625976   0.01281751  -0.47731881   0.44386575   0.70200400   0.88683036   0.49664426   1.97654768  -2.02160748
  0.69399440   0.01095623  -0.47750846   0.44551616   0.70199065   0.88759518   0.49769633   1.97427956  -2.01989589
  0.69162088   0.00900829  -0.47776110   0.44722863   0.70190509   0.88846144   0.49877179   1.97195777  -2.01797058
  0.68933973   0.00707077  -0.47794652   0.44889616   0.70188019   0.88928480   0.49980302   1.96949650  -2.01623099
  0.68685880   0.00517262  -0.47842589   0.45049819   0.70153225   0.89032716   0.50092844   1.96761719  -2.01382416
  0.68447692   0.00287137  -0.47825108   0.45250005   0.70191424   0.89105220   0.50197338   1.96412655  -2.01261807
  0.68228649   0.00100314  -0.47854614   0.45394984   0.70172757   0.89199427   0.50285498   1.96191703  -2.01085171
  0.67984721  -0.00116784  -0.47871400   0.45568539   0.70170095   0.89297894   0.50386976   1.95917064  -2.00905948
  0.67755762  -0.00325337  -0.47883493   0.45730340   0.70170694   0.89390923   0.50479464   1.95645582  -2.00748934
  0.67522518  -0.00533575  -0.47901102   0.45893714   0.70165103   0.89487962   0.50571461   1.95381039  -2.00579379
  0.67273898  -0.00756134  -0.47920031   0.46069651   0.70158598   0.89593304   0.50675053   1.95091799  -2.00386281
  0.67020705  -0.00987478  -0.47932652   0.46248554   0.70158613   0.89699196   0.50775136   1.94790105  -2.00209297
  0.66762827  -0.01199291  -0.47971361   0.46418346   0.70130419   0.89813149   0.50881738   1.94550613  -1.99977949
  0.66528613  -0.01442647  -0.47944784   0.46601808   0.70170988   0.89899696   0.50973157   1.94177993  -1.99879432
  0.66304070  -0.01647941  -0.47962057   0.46750649   0.70162099   0.90002158   0.51051678   1.93918545  -1.99723178
  0.66061540  -0.01875149  -0.47967634   0.46921633   0.70166895   0.90105639   0.51142257   1.93612887  -1.99565591
  0.65818148  -0.02101502  -0.47975005   0.47093321   0.70169355   0.90209382   0.51233867   1.93302453  -1.99402942
  0.65548662  -0.02345112  -0.47992182   0.47277037   0.70161989   0.90330215   0.51344199   1.92983368  -1.99192065
  0.65293591  -0.02584977  -0.47995288   0.47458195   0.70168750   0.90440569   0.51443626   1.92652720  -1.99018189
  0.65032298  -0.02828277  -0.48000238   0.47639902   0.70173274   0.90553739   0.51542174   1.92322255  -1.98843740
  0.64778065  -0.03066724  -0.48003057   0.47816846   0.70179259   0.90664369   0.51637861   1.91993619  -1.98675936
  0.64538407  -0.03291984  -0.48003245   0.47982191   0.70187061   0.90767411   0.51727784   1.91682209  -1.98523741
  0.64280749  -0.03530789  -0.48004222   0.48163556   0.70194616   0.90877122   0.51827321   1.91352656  -1.98349395
  0.64023537  -0.03768742  -0.48003490   0.48344982   0.70203697   0.90985571   0.51927306   1.91022941  -1.98176494
  0.63755175  -0.04015610  -0.48000972   0.48533311   0.70214705   0.91094840   0.52032629   1.90674275  -1.98002625
  0.63508019  -0.04246758  -0.47993252   0.48708473   0.70229895   0.91194721   0.52123021   1.90343674  -1.97857748
  0.63258043  -0.04480118  -0.47985599   0.48880327   0.70244589   0.91298594   0.52223764   1.90018609  -1.97698251
  0.62986609  -0.04724205  -0.47983904   0.49075380   0.70253853   0.91407866   0.52331196   1.89674386  -1.97508576
  0.62717832  -0.04970069  -0.47973668   0.49264863   0.70271389   0.91512858   0.52440571   1.89325070  -1.97337463
  0.62455177  -0.05209989  -0.47962955   0.49451333   0.70288835   0.91615569   0.52546280   1.88983748  -1.97169124
  0.62205204  -0.05437180  -0.47950502   0.49629006   0.70307422   0.91709936   0.52647066   1.88657254  -1.97014266
  0.61940771  -0.05674031  -0.47938696   0.49819042   0.70325531   0.91808961   0.52758913   1.88318566  -1.96837060
  0.61675282  -0.05916309  -0.47916850   0.50010706   0.70353553   0.91903848   0.52870937   1.87967134  -1.96678269
  0.61414565  -0.06146951  -0.47903704   0.50199075   0.70372134   0.91998265   0.52979847   1.87637867  -1.96505672
  0.61143065  -0.06388220  -0.47882523   0.50395705   0.70398818   0.92090216   0.53097420   1.87286388  -1.96337940
  0.60900786  -0.06602133  -0.47857249   0.50585255   0.70428883   0.92163541   0.53175911   1.86974816  -1.96222747
  0.60635089  -0.06851639  -0.47814765   0.50779094   0.70476079   0.92247946   0.53311048   1.86580377  -1.96071112
  0.60353241  -0.07089432  -0.47815925   0.50970234   0.70478296   0.92357660   0.53435464   1.86259930  -1.95846922
  0.60095463  -0.07307546  -0.47794709   0.51157297   0.70503060   0.92433210   0.53552578   1.85944972  -1.95685314
  0.59825329  -0.07541992  -0.47763264   0.51360770   0.70537932   0.92512825   0.53682994   1.85602397  -1.95508158
  0.59558930  -0.07767035  -0.47736026   0.51561469   0.70568014   0.92587496   0.53807702   1.85275332  -1.95334559
  0.59287959  -0.07997128  -0.47701410   0.51765423   0.70604981   0.92657651   0.53938968   1.84935075  -1.95168280
  0.59023756  -0.08217134  -0.47672353   0.51966069   0.70635811   0.92726709   0.54067469   1.84612262  -1.94992414
  0.58758689  -0.08438288  -0.47633979   0.52171012   0.70675311   0.92786243   0.54194129   1.84281526  -1.94837952
  0.58511180  -0.08646694  -0.47594134   0.52355179   0.70715452   0.92841082   0.54322310   1.83974489  -1.94693984
  0.58245978  -0.08867213  -0.47554268   0.52566305   0.70755207   0.92901999   0.54456236   1.83651371  -1.94516597
  0.57964656  -0.09089063  -0.47525635   0.52778961   0.70783142   0.92964049   0.54604003   1.83330177  -1.94315273
  0.57687870  -0.09313529  -0.47478839   0.52996725   0.70828241   0.93013643   0.54749620   1.82995798  -1.94145528
  0.57421580  -0.09526581  -0.47436779   0.53205413   0.70867920   0.93061883   0.54892189   1.82684288  -1.93971558
  0.57166993  -0.09731721  -0.47387771   0.53408030   0.70913713   0.93100459   0.55032575   1.82379010  -1.93815854
  0.56905476  -0.09933442  -0.47346320   0.53617882   0.70951206   0.93137626   0.55171888   1.82082182  -1.93646710
  0.56641378  -0.10143003  -0.47295044   0.53828772   0.70997431   0.93174822   0.55326433   1.81776600  -1.93470408
  0.56373566  -0.10347145  -0.47249471   0.54046538   0.71037217   0.93207784   0.55477552   1.81477877  -1.93287634
  0.56102844  -0.10555343  -0.47195578   0.54266258   0.71083962   0.93235599   0.55637150   1.81174725  -1.93109353
  0.55849632  -0.10748612  -0.47139019   0.54475595   0.71132503   0.93252498   0.55788860   1.80889213  -1.92951679
  0.55588133  -0.10943028  -0.47090249   0.54691404   0.71172502   0.93274806   0.55946304   1.80610352  -1.92765266
  0.55329027  -0.11138959  -0.47026718   0.54909680   0.71225473   0.93284438   0.56108123   1.80323860  -1.92601431
  0.55069351  -0.11328894  -0.46972337   0.55131501   0.71268693   0.93296688   0.56267107   1.80052947  -1.92417589
  0.54813672  -0.11514932  -0.46909947   0.55346423   0.71318212   0.93295266   0.56434861   1.79778619  -1.92253280
  0.54543634  -0.11708336  -0.46853327   0.55576017   0.71360761   0.93302847   0.56606718   1.79511238  -1.92054751
  0.54295227  -0.11888400  -0.46783192   0.55795790   0.71415275   0.93291921   0.56773485   1.79250317  -1.91894224
  0.54030841  -0.12070419  -0.46726406   0.56022664   0.71455383   0.93286067   0.56949704   1.78993920  -1.91699286
  0.53785967  -0.12244445  -0.46653097   0.56242750   0.71510215   0.93265899   0.57122226   1.78744950  -1.91536974
  0.53531691  -0.12416661  -0.46593683   0.56466918   0.71550448   0.93251530   0.57297636   1.78506163  -1.91344949
  0.53275446  -0.12591170  -0.46520843   0.56698895   0.71601237   0.93223511   0.57478062   1.78260839  -1.91170162
  0.53020636  -0.12763451  -0.46451968   0.56929256   0.71647146   0.93199385   0.57663651   1.78028304  -1.90975549
  0.52780250  -0.12923526  -0.46375497   0.57152565   0.71698698   0.93158266   0.57845153   1.77804400  -1.90810727
  0.52559340  -0.13070119  -0.46297476   0.57362018   0.71751054   0.93111334   0.58007691   1.77612224  -1.90676198
  0.52280127  -0.13245317  -0.46217447   0.57632950   0.71798515   0.93059528   0.58233232   1.77370490  -1.90435096
  0.52033682  -0.13400002  -0.46154010   0.57855994   0.71833313   0.93021232   0.58421612   1.77175213  -1.90236617
  0.51811283  -0.13542985  -0.46066817   0.58073657   0.71888625   0.92956065   0.58608450   1.76977426  -1.90088562
  0.51568787  -0.13691468  -0.45993952   0.58311611   0.71928143   0.92901242   0.58793880   1.76786537  -1.89897868
  0.51349810  -0.13829811  -0.45910859   0.58525848   0.71976846   0.92837759   0.58980011   1.76612239  -1.89738408
  0.51108152  -0.13974981  -0.45826855   0.58771534   0.72021762   0.92764654   0.59178880   1.76419242  -1.89550764
  0.50866075  -0.14119689  -0.45758455   0.59005779   0.72052313   0.92710766   0.59388124   1.76245956  -1.89317803
  0.50608486  -0.14271490  -0.45680126   0.59253191   0.72087435   0.92641710   0.59600751   1.76072198  -1.89104123
  0.50391623  -0.14398404  -0.45583427   0.59484127   0.72138526   0.92545883   0.59803456   1.75917740  -1.88943813
  0.50160866  -0.14524216  -0.45504534   0.59724890   0.72170950   0.92457446   0.60012800   1.75765167  -1.88738967
  0.49919199  -0.14660282  -0.45423192   0.59971164   0.72202936   0.92374675   0.60228944   1.75622181  -1.88519381
  0.49701170  -0.14779219  -0.45326203   0.60212000   0.72246605   0.92264772   0.60444414   1.75484771  -1.88338831
  0.49504599  -0.14884764  -0.45232923   0.60433908   0.72287745   0.92156686   0.60640260   1.75378320  -1.88181423
  0.49287040  -0.14996271  -0.45140139   0.60682404   0.72322875   0.92040199   0.60860492   1.75247980  -1.87981920
  0.49039339  -0.15112008  -0.45003463   0.60999869   0.72377088   0.91855829   0.61154268   1.75138433  -1.87739824
  0.48846046  -0.15200812  -0.44955101   0.61191824   0.72376900   0.91775822   0.61337298   1.75082116  -1.87538090
  0.48645970  -0.15307295  -0.44859002   0.61418564   0.72412354   0.91661692   0.61541199   1.74982258  -1.87371008
  0.48440273  -0.15407318  -0.44753842   0.61674521   0.72448165   0.91522056   0.61768205   1.74874030  -1.87177136
  0.48215055  -0.15509624  -0.44697036   0.61903445   0.72443084   0.91425981   0.61989884   1.74804598  -1.86924250
  0.47988006  -0.15491272  -0.44338919   0.62499547   0.72576515   0.90790150   0.62589582   1.74957212  -1.86618307
  0.47811233  -0.15573255  -0.44340623   0.62633654   0.72539424   0.90771645   0.62721142   1.74932277  -1.86410025
  0.47626895  -0.15677467  -0.44289798   0.62805861   0.72542466   0.90718408   0.62879938   1.74829436  -1.86236091
  0.47429708  -0.15782214  -0.44229317   0.63005027   0.72545375   0.90644230   0.63060255   1.74733255  -1.86039844
  0.47239370  -0.15877615  -0.44155502   0.63213354   0.72553412   0.90545235   0.63253337   1.74658750  -1.85850035
  0.47047834  -0.15964047  -0.44081591   0.63434080   0.72555250   0.90431041   0.63461685   1.74599283  -1.85637504
  0.46865467  -0.16043278  -0.43995176   0.63656826   0.72562875   0.90298143   0.63674978   1.74564462  -1.85441983
  0.46658206  -0.15982155  -0.43612802   0.64301647   0.72652329   0.89573497   0.64342852   1.74818684  -1.85071175
  0.46514981  -0.16038134  -0.43625712   0.64406682   0.72604312   0.89555552   0.64453503   1.74841293  -1.84880595
  0.46346314  -0.16122781  -0.43591904   0.64562878   0.72586142   0.89504275   0.64602832   1.74784644  -1.84695401
  0.46174158  -0.16203720  -0.43539711   0.64746588   0.72573139   0.89422805   0.64776561   1.74737591  -1.84497592
  0.45990131  -0.16164780  -0.43203015   0.65307372   0.72633542   0.88802462   0.65360752   1.74946071  -1.84170966
  0.45881022  -0.16206877  -0.43208975   0.65384339   0.72596941   0.88781399   0.65442669   1.74972866  -1.84045375
  0.45722117  -0.16276490  -0.43191355   0.65527823   0.72561326   0.88734050   0.65599546   1.74942945  -1.83828662
  0.45534828  -0.16346847  -0.43134567   0.65754687   0.72529766   0.88618265   0.65798141   1.74947447  -1.83584511
  0.45377411  -0.16271847  -0.42784315   0.66328513   0.72563892   0.87942474   0.66427629   1.75238921  -1.83230347
  0.45257104  -0.16312469  -0.42842512   0.66389777   0.72492099   0.87975227   0.66464328   1.75294291  -1.83059931
  0.45103577  -0.16379314  -0.42827769   0.66522646   0.72452016   0.87930427   0.66614742   1.75277893  -1.82853842
  0.44962666  -0.16305470  -0.42482962   0.67078552   0.72475021   0.87274312   0.67227646   1.75553406  -1.82513132
  0.44849300  -0.16338015  -0.42546383   0.67134732   0.72398967   0.87306690   0.67263707   1.75614601  -1.82336763
  0.44707277  -0.16378758  -0.42460055   0.67343371   0.72376001   0.87142512   0.67497489   1.75645897  -1.82129146
  0.44585115  -0.16395317  -0.42429014   0.67504441   0.72322312   0.87025468   0.67674795   1.75738793  -1.81913309
  0.44482813  -0.16409221  -0.42381702   0.67655532   0.72286715   0.86899326   0.67843387   1.75803112  -1.81746625
  0.44337079  -0.16285853  -0.42056766   0.68265554   0.72227050   0.86182652   0.68547057   1.76252010  -1.81235834
  0.44245788  -0.16306382  -0.42095390   0.68312322   0.72164740   0.86182951   0.68606886   1.76330328  -1.81090871
  0.44141887  -0.16314680  -0.42047898   0.68479050   0.72119554   0.86046498   0.68773970   1.76415738  -1.80916681
  0.44047649  -0.16171223  -0.41737550   0.69035029   0.72053059   0.85357932   0.69429155   1.76874539  -1.80467158
  0.43959739  -0.16186591  -0.41788923   0.69094152   0.71985330   0.85370908   0.69450543   1.76944235  -1.80323505
  0.43845192  -0.16212207  -0.41794662   0.69191792   0.71921714   0.85316562   0.69567782   1.77028596  -1.80154479
  0.43780414  -0.16052399  -0.41491003   0.69723351   0.71841784   0.84633764   0.70227796   1.77500042  -1.79702614
  0.43762479  -0.16049335  -0.41504110   0.69722139   0.71826541   0.84623387   0.70232810   1.77500062  -1.79707943
  0.43622089  -0.16065590  -0.41550915   0.69831765   0.71716980   0.84586756   0.70371100   1.77647293  -1.79422573
  0.43591408  -0.15881016  -0.41209025   0.70387917   0.71639439   0.83842976   0.71033998   1.78181757  -1.79037200
  0.43524834  -0.15868026  -0.41240042   0.70437594   0.71566977   0.83801150   0.71130035   1.78293078  -1.78874570
  0.43432704  -0.15745713  -0.41093083   0.70820454   0.71422965   0.83348890   0.71614283   1.78749676  -1.78419561
  0.43341538  -0.15756376  -0.41139952   0.70876091   0.71347581   0.83344246   0.71664875   1.78845398  -1.78265094
  0.43342259  -0.15562464  -0.40897606   0.71318514   0.71233422   0.82739335   0.72224776   1.79352664  -1.77871941
  0.43266809  -0.15559094  -0.40956760   0.71360708   0.71153452   0.82743745   0.72279075   1.79438918  -1.77690038
  0.43298115  -0.15363345  -0.40702569   0.71766212   0.71058348   0.82143131   0.72801092   1.79942728  -1.77401314
  0.43218081  -0.15349847  -0.40747306   0.71824405   0.70966719   0.82109075   0.72910775   1.80069401  -1.77185055
  0.43162786  -0.15320060  -0.40758128   0.71901830   0.70889847   0.82025744   0.73022537   1.80224973  -1.77027916
  0.43177473  -0.15087473  -0.40525963   0.72346004   0.70723916   0.81385001   0.73648638   1.80859006  -1.76559150
  0.43094936  -0.15093809  -0.40573476   0.72400098   0.70651267   0.81382017   0.73676032   1.80954355  -1.76429084
  0.43015565  -0.15069208  -0.40639163   0.72431229   0.70543496   0.81355830   0.73786663   1.81122270  -1.76202095
  0.43188190  -0.14688538  -0.40248189   0.73020809   0.70393032   0.80418736   0.74565303   1.81936829  -1.75787523
  0.43102671  -0.14691554  -0.40302559   0.73063668   0.70310369   0.80418572   0.74634547   1.82023682  -1.75602532
  0.43148976  -0.14458544  -0.40120291   0.73427545   0.70144964   0.79871029   0.75153854   1.82615908  -1.75207897
  0.43127917  -0.14424091  -0.40134005   0.73463873   0.70091405   0.79814326   0.75226721   1.82710644  -1.75109702
  0.43079029  -0.14374136  -0.40172746   0.73515074   0.69988530   0.79743653   0.75341508   1.82932972  -1.74912632
  0.43182440  -0.14046069  -0.39926470   0.73972598   0.69778547   0.79020442   0.76028230   1.83698837  -1.74412665
  0.43112978  -0.14033814  -0.39997110   0.73996691   0.69692533   0.79033269   0.76075132   1.83795976  -1.74227117
  0.43114918  -0.13949152  -0.40003197   0.74046524   0.69607040   0.78908946   0.76196788   1.84044184  -1.74099118
  0.43229410  -0.13633355  -0.39783484   0.74447201   0.69409427   0.78249583   0.76806168   1.84784006  -1.73673423
  0.43226775  -0.13577885  -0.39783195   0.74506313   0.69351488   0.78162416   0.76904944   1.84893534  -1.73551867
  0.43327430  -0.13312881  -0.39659959   0.74761619   0.69180611   0.77692127   0.77332193   1.85502689  -1.73226609
  0.43281514  -0.13280127  -0.39676820   0.74817096   0.69100933   0.77624906   0.77444784   1.85652308  -1.73066846
  0.43198829  -0.13245970  -0.39789679   0.74826114   0.68973857   0.77651075   0.77498892   1.85836819  -1.72800149
  0.43449869  -0.12773061  -0.39433820   0.75354953   0.68742947   0.76705730   0.78352583   1.86816265  -1.72321793
  0.43380850  -0.12758168  -0.39516305   0.75336654   0.68653214   0.76731943   0.78411984   1.86934689  -1.72132169
  0.43442932  -0.12613594  -0.39532994   0.75366904   0.68562340   0.76586983   0.78507989   1.87241987  -1.72019508
  0.43618054  -0.12257564  -0.39307083   0.75734086   0.68369510   0.75925833   0.79114318   1.87985455  -1.71640928
  0.43539519  -0.12239388  -0.39405135   0.75711316   0.68265603   0.75963787   0.79192593   1.88104184  -1.71394064
  0.43552527  -0.12163144  -0.39438964   0.75725715   0.68199750   0.75901082   0.79214708   1.88299511  -1.71328749
  0.43807266  -0.11673512  -0.39113613   0.76218979   0.67944355   0.74996529   0.80092477   1.89276394  -1.70792339
  0.43765571  -0.11654435  -0.39173113   0.76210573   0.67883501   0.75007615   0.80098121   1.89376209  -1.70700503
  0.43850144  -0.11474353  -0.39216693   0.76187664   0.67777282   0.74871372   0.80205025   1.89745467  -1.70556657
  0.43814420  -0.11426321  -0.39290900   0.76168490   0.67689756   0.74868171   0.80256355   1.89904938  -1.70392415
  0.44132236  -0.10870797  -0.38909928   0.76708327   0.67433590   0.73868089   0.81204730   1.90958303  -1.69869993
  0.44136155  -0.10784212  -0.38987777   0.76667507   0.67347259   0.73848352   0.81241272   1.91164956  -1.69726859
  0.44136155  -0.10784212  -0.38987777   0.76667507   0.67347259   0.73848352   0.81241272   1.91164956  -1.69726859
  0.44394873  -0.10239776  -0.38845906   0.76949445   0.67043967   0.73130404   0.81939807   1.92239041  -1.69175290
  0.44367485  -0.10186646  -0.38931728   0.76918847   0.66962539   0.73145439   0.81953784   1.92388545  -1.69022528
  0.44356153  -0.10180259  -0.38943304   0.76910441   0.66949443   0.73134470   0.81961450   1.92392211  -1.69030488
  0.44681727  -0.09577987  -0.38723390   0.77245454   0.66661014   0.72313511   0.82752359   1.93531335  -1.68485203
  0.44709916  -0.09490433  -0.38779080   0.77183571   0.66602683   0.72285137   0.82775690   1.93725711  -1.68414582
  0.44709968  -0.09398785  -0.38875965   0.77108148   0.66510739   0.72286519   0.82797647   1.93978636  -1.68261265
  0.44976381  -0.08975963  -0.38656433   0.77366310   0.66360305   0.71663009   0.83374595   1.94655355  -1.67994888
  0.44999371  -0.08864494  -0.38752160   0.77280321   0.66273068   0.71657833   0.83397494   1.94909623  -1.67840169
  0.45094051  -0.08681809  -0.38793010   0.77230047   0.66191328   0.71535348   0.83459949   1.95256849  -1.67763826
  0.45094051  -0.08681809  -0.38793010   0.77230047   0.66191328   0.71535348   0.83459949   1.95256849  -1.67763826
  0.45458636  -0.07952562  -0.38527684   0.77609375   0.65854930   0.70574792   0.84455270   1.96580034  -1.67085964
  0.45520653  -0.07841374  -0.38574811   0.77559035   0.65812087   0.70533196   0.84452327   1.96740504  -1.67038799
  0.45520653  -0.07841374  -0.38574811   0.77559035   0.65812087   0.70533196   0.84452327   1.96740504  -1.67038799
  0.45846862  -0.07205787  -0.38471437   0.77669078   0.65544775   0.69878658   0.85106115   1.97880209  -1.66545223
  0.45846862  -0.07205787  -0.38471437   0.77669078   0.65544775   0.69878658   0.85106115   1.97880209  -1.66545223
  0.45985380  -0.06936879  -0.38592864   0.77488406   0.65437337   0.69788137   0.85110240   1.98371049  -1.66445669
  0.46096050  -0.06731899  -0.38629131   0.77420481   0.65361720   0.69661959   0.85185663   1.98741225  -1.66354353
  0.46362391  -0.06212529  -0.38377628   0.77728809   0.65169305   0.68965053   0.85944592   1.99574366  -1.65899978
  0.46362391  -0.06212529  -0.38377628   0.77728809   0.65169305   0.68965053   0.85944592   1.99574366  -1.65899978
  0.46509315  -0.05950883  -0.38518030   0.77491803   0.65083352   0.68917515   0.85891418   2.00036733  -1.65842651
  0.46643391  -0.05726484  -0.38566976   0.77375178   0.65019607   0.68804989   0.85935185   2.00421961  -1.65782798
  0.46770908  -0.05512532  -0.38577715   0.77317985   0.64961766   0.68658020   0.86034902   2.00746276  -1.65706526
  0.47065277  -0.04959397  -0.38294104   0.77624469   0.64801135   0.67937217   0.86817018   2.01564518  -1.65294847
  0.47065277  -0.04959397  -0.38294104   0.77624469   0.64801135   0.67937217   0.86817018   2.01564518  -1.65294847
  0.47233568  -0.04668837  -0.38450962   0.77335540   0.64719598   0.67899688   0.86729661   2.02090519  -1.65253189
  0.47233568  -0.04668837  -0.38450962   0.77335540   0.64719598   0.67899688   0.86729661   2.02090519  -1.65253189
  0.47477847  -0.04281412  -0.38557422   0.77063412   0.64635691   0.67750955   0.86733558   2.02734898  -1.65207297
  0.47477847  -0.04281412  -0.38557422   0.77063412   0.64635691   0.67750955   0.86733558   2.02734898  -1.65207297
  0.47912076  -0.03448059  -0.38320214   0.77213630   0.64432113   0.66917927   0.87574623   2.03986404  -1.64730553
  0.47929114  -0.03420349  -0.38334543   0.77204067   0.64425329   0.66909265   0.87568771   2.03973612  -1.64722057
  0.48117286  -0.03163184  -0.38421103   0.76947663   0.64397869   0.66852473   0.87500962   2.04405724  -1.64755600
  0.48247629  -0.02962749  -0.38461895   0.76822500   0.64365991   0.66767878   0.87498781   2.04714019  -1.64746941
  0.48400395  -0.02731330  -0.38501392   0.76662912   0.64334548   0.66667484   0.87509022   2.05088972  -1.64747820
  0.48580380  -0.02473680  -0.38540812   0.76490040   0.64307828   0.66553527   0.87495304   2.05507266  -1.64778416
  0.48595206  -0.02448895  -0.38551776   0.76473842   0.64302451   0.66545170   0.87500970   2.05496074  -1.64768961
  0.48826834  -0.02097357  -0.38587202   0.76263693   0.64261857   0.66379615   0.87552830   2.06046029  -1.64739959
  0.48997657  -0.01833947  -0.38596693   0.76139247   0.64233374   0.66232495   0.87606914   2.06439292  -1.64728110
  0.49025541  -0.01796152  -0.38606852   0.76110476   0.64230413   0.66219124   0.87615872   2.06438779  -1.64721052
  0.49278425  -0.01421077  -0.38637959   0.75884952   0.64198502   0.66040260   0.87642489   2.07043122  -1.64732071
  0.49443274  -0.01166635  -0.38638130   0.75771945   0.64177170   0.65895457   0.87706899   2.07400013  -1.64715034
  0.49597844  -0.00931400  -0.38636096   0.75653590   0.64162162   0.65762663   0.87768387   2.07733569  -1.64711778
  0.49763706  -0.00688696  -0.38637740   0.75534645   0.64150152   0.65633042   0.87804298   2.08078075  -1.64716547
  0.49946737  -0.00457640  -0.38630470   0.75370372   0.64161325   0.65503315   0.87811425   2.08424549  -1.64823012
  0.49978512  -0.00420070  -0.38643640   0.75369978   0.64157559   0.65496822   0.87794538   2.08409881  -1.64797557
  0.50212851  -0.00076063  -0.38702321   0.75080474   0.64137799   0.65378510   0.87758201   2.08952267  -1.64841631
  0.50393758   0.00182852  -0.38696990   0.74936942   0.64135913   0.65243066   0.87780299   2.09300520  -1.64878072
  0.50496041   0.00336777  -0.38692356   0.74828928   0.64135608   0.65178512   0.87797910   2.09439510  -1.64877152
  0.50496041   0.00336777  -0.38692356   0.74828928   0.64135608   0.65178512   0.87797910   2.09439510  -1.64877152
  0.50498868   0.00455823  -0.38586821   0.74303835   0.64176955   0.65360771   0.87144338   2.09439510  -1.65256460
  0.50544561   0.00495035  -0.38585821   0.74272461   0.64187359   0.65361090   0.87131074   2.09439510  -1.65244167
  0.50412820   0.00646324  -0.38448530   0.73601127   0.64180491   0.65636247   0.86317118   2.09439510  -1.65592271
  0.50456733   0.00685136  -0.38441168   0.73574246   0.64192041   0.65629501   0.86304156   2.09439510  -1.65593374
  0.50291012   0.00946260  -0.38167583   0.72875198   0.64196227   0.65870971   0.85453150   2.09439510  -1.65958731
  0.50346689   0.00994542  -0.38137427   0.72813224   0.64222575   0.65863847   0.85450982   2.09439510  -1.65978493
  0.41320849   0.10215733  -0.24873788   0.69163588   0.63764889   0.64719586   0.80792077   2.09438049  -1.63760346
  0.41367280   0.10243477  -0.24867514   0.69133996   0.63779811   0.64721424   0.80784566   2.09437453  -1.63761167
  0.41438026   0.10342443  -0.24912409   0.68722102   0.63799463   0.64965968   0.80260814   2.09439510  -1.64147346
  0.41397102   0.10494363  -0.24905278   0.68344806   0.63817823   0.65260180   0.79794706   2.09439510  -1.64426153
  0.41450026   0.10600101  -0.24858733   0.68225667   0.63858909   0.65304241   0.79652477   2.09439510  -1.64587243
  0.41326187   0.10872509  -0.24802246   0.67756251   0.63889214   0.65720817   0.79040508   2.09439510  -1.64923682
  0.41359509   0.11004468  -0.24724634   0.67644895   0.63943465   0.65761781   0.78922308   2.09439510  -1.65090410
  0.41172570   0.11381253  -0.24600717   0.67194482   0.63995323   0.66196687   0.78338220   2.09439510  -1.65401887
  0.41206722   0.11533107  -0.24497132   0.67109492   0.64064545   0.66225635   0.78205069   2.09439510  -1.65600961
  0.40904831   0.12052172  -0.24311797   0.66600043   0.64134121   0.66777509   0.77515990   2.09439510  -1.65929569
  0.37931916   0.16315896  -0.21445448   0.66504803   0.65215987   0.68372430   0.76714380   2.09384095  -1.66402055
  0.37966411   0.16333106  -0.21438989   0.66489399   0.65227949   0.68378507   0.76710608   2.09375996  -1.66388859
  0.38119754   0.16459162  -0.21459415   0.66204296   0.65255912   0.68469219   0.76413307   2.09439510  -1.66678959
  0.38174495   0.16541220  -0.21498109   0.65873261   0.65265899   0.68691527   0.76016971   2.09439510  -1.66940300
  0.38232395   0.16643386  -0.21497490   0.65639102   0.65292265   0.68838029   0.75715671   2.09439510  -1.67165266
  0.38312279   0.16731643  -0.21471813   0.65462076   0.65334313   0.68913727   0.75514567   2.09439510  -1.67376973
  0.38316150   0.16886439  -0.21504115   0.65046433   0.65343328   0.69242972   0.74983545   2.09439510  -1.67677075
  0.38404715   0.16981057  -0.21448449   0.64918932   0.65402562   0.69267944   0.74841334   2.09439510  -1.67892346
  0.38372177   0.17204174  -0.21458873   0.64477758   0.65419840   0.69640728   0.74272785   2.09439510  -1.68191980
  0.38489991   0.17294623  -0.21396805   0.64412131   0.65482508   0.69608468   0.74189396   2.09439510  -1.68372535
  0.38424794   0.17507242  -0.21396417   0.63967929   0.65503541   0.69994556   0.73632787   2.09439510  -1.68683787
  0.38550145   0.17602928  -0.21315815   0.63899516   0.65581017   0.69956282   0.73529464   2.09439510  -1.68917023
  0.38531919   0.17780266  -0.21331244   0.63532265   0.65590677   0.70261880   0.73089290   2.09439510  -1.69140492
  0.38590832   0.17871585  -0.21298508   0.63412649   0.65628871   0.70315757   0.72957189   2.09439510  -1.69274399
  0.38667368   0.17956760  -0.21267856   0.63248088   0.65671543   0.70394128   0.72744100   2.09439510  -1.69497032
  0.38748031   0.18082605  -0.21267859   0.62920054   0.65702412   0.70597290   0.72350147   2.09439510  -1.69813401
  0.38850691   0.18167802  -0.21242556   0.62777394   0.65741818   0.70652194   0.72147881   2.09439510  -1.70020395
  0.38943217   0.18234557  -0.21235462   0.62574567   0.65771323   0.70750991   0.71922852   2.09439510  -1.70235874
  0.39020032   0.18327250  -0.21313198   0.62138054   0.65749649   0.71069782   0.71389121   2.09439510  -1.70547517
  0.39135830   0.18381029  -0.21276463   0.62045051   0.65795959   0.71068493   0.71268068   2.09439510  -1.70736213
  0.39298216   0.18431355  -0.21224646   0.61916705   0.65861202   0.71049204   0.71111386   2.09439510  -1.71033009
  0.39407434   0.18438773  -0.21333817   0.61588736   0.65810219   0.71275472   0.70736990   2.09439510  -1.71201691
  0.39551506   0.18443023  -0.21352403   0.61407739   0.65822532   0.71330758   0.70528883   2.09439510  -1.71426348
  0.39705784   0.18451572  -0.21363953   0.61258474   0.65838640   0.71358419   0.70348708   2.09439510  -1.71632985
  0.39853312   0.18424681  -0.21412367   0.61066366   0.65828602   0.71433749   0.70143025   2.09439510  -1.71806102
  0.40027067   0.18424856  -0.21383809   0.60950296   0.65875972   0.71406110   0.70004169   2.09421836  -1.72074253
  0.40333354   0.17815925  -0.21846804   0.60209959   0.65603960   0.71975147   0.69078635   2.09067946  -1.72477949
  0.40474305   0.17825449  -0.21773734   0.60164971   0.65679596   0.71909035   0.69030259   2.08996528  -1.72703791
  0.40492671   0.17821512  -0.21762349   0.60167095   0.65691987   0.71918686   0.69020327   2.09000250  -1.72698050
  0.40894261   0.17324176  -0.22118117   0.59472022   0.65491702   0.72341501   0.68152465   2.08706419  -1.73259163
  0.40996904   0.17304292  -0.22082342   0.59432065   0.65534192   0.72324049   0.68085541   2.08644135  -1.73401892
  0.41138567   0.17274984  -0.22073293   0.59327514   0.65560572   0.72329725   0.67949243   2.08601283  -1.73600332
  0.41414194   0.16785690  -0.22388328   0.58753368   0.65365494   0.72740695   0.67246865   2.08282525  -1.73977576
  0.41546659   0.16770454  -0.22316394   0.58745726   0.65439010   0.72679693   0.67173559   2.08178806  -1.74195310
  0.41672847   0.16701730  -0.22335146   0.58609914   0.65441946   0.72728900   0.67015240   2.08126405  -1.74368524
  0.41935769   0.16123861  -0.22673809   0.58013114   0.65219343   0.73195751   0.66265941   2.07717971  -1.74739908
  0.42069924   0.16106903  -0.22597579   0.58005206   0.65296723   0.73132242   0.66190100   2.07610661  -1.74970051
  0.42196664   0.16071883  -0.22575476   0.57927287   0.65329917   0.73135028   0.66077600   2.07543046  -1.75142785
  0.42425504   0.15579265  -0.22884761   0.57381244   0.65113851   0.73562549   0.65401694   2.07227653  -1.75453114
  0.42528120   0.15493924  -0.22841696   0.57336195   0.65163678   0.73558375   0.65312967   2.07080042  -1.75644212
  0.42769596   0.14910457  -0.23137619   0.56787722   0.64955442   0.74007430   0.64598994   2.06617385  -1.76011901
  0.42889943   0.14892137  -0.23056782   0.56758819   0.65036818   0.73953440   0.64557504   2.06513455  -1.76222999
  0.42999424   0.14856772  -0.23023219   0.56721100   0.65075859   0.73937749   0.64455260   2.06426999  -1.76397785
  0.43226398   0.14261963  -0.23340877   0.56145352   0.64838026   0.74427203   0.63726623   2.05978320  -1.76717348
  0.43320287   0.14185311  -0.23290686   0.56137100   0.64891283   0.74409041   0.63611833   2.05861552  -1.76933191
  0.43553273   0.13584960  -0.23571790   0.55574283   0.64677444   0.74876714   0.62916739   2.05337593  -1.77278392
  0.43678899   0.13562519  -0.23485285   0.55552055   0.64764303   0.74819850   0.62864400   2.05217848  -1.77503185
  0.43695480   0.13555782  -0.23473223   0.55557590   0.64776684   0.74829228   0.62853051   2.05218836  -1.77498601
  0.44027171   0.12808437  -0.23763937   0.54913084   0.64552989   0.75347356   0.61934864   2.04508880  -1.78084482
  0.44109650   0.12769273  -0.23719519   0.54891645   0.64599233   0.75337920   0.61875901   2.04414481  -1.78210237
  0.44271447   0.12256664  -0.23933772   0.54453267   0.64420931   0.75731899   0.61313342   2.03956787  -1.78478846
  0.44377369   0.12221443  -0.23853535   0.54439373   0.64501351   0.75685831   0.61250740   2.03846821  -1.78697957
  0.44544416   0.11661091  -0.24091586   0.53969760   0.64295677   0.76123861   0.60629249   2.03339499  -1.78970723
  0.44646261   0.11599280  -0.24032316   0.53945670   0.64356339   0.76106650   0.60530061   2.03213969  -1.79177178
  0.44823325   0.10982916  -0.24276129   0.53438398   0.64139208   0.76582554   0.59857029   2.02641680  -1.79488040
  0.44927167   0.10916151  -0.24226349   0.53394551   0.64190459   0.76578037   0.59756197   2.02501021  -1.79680815
  0.44999448   0.10806964  -0.24220464   0.53321432   0.64198952   0.76632789   0.59635702   2.02358733  -1.79804741
  0.45204964   0.10097930  -0.24458793   0.52772058   0.63978039   0.77145700   0.58865740   2.01655175  -1.80228131
  0.45294189   0.10049333  -0.24417950   0.52732125   0.64019363   0.77148169   0.58785459   2.01546651  -1.80367965
  0.45393389   0.09970651  -0.24346092   0.52693545   0.64091564   0.77126668   0.58695829   2.01381554  -1.80611075
  0.45548204   0.09188810  -0.24650152   0.52108613   0.63792267   0.77747089   0.57890348   2.00631976  -1.80884237
  0.45657413   0.09160881  -0.24568986   0.52072017   0.63873364   0.77706886   0.57825827   2.00530106  -1.81111650
  0.45776135   0.08760137  -0.24702097   0.51751697   0.63736207   0.78028258   0.57400423   2.00105418  -1.81274171
  0.45862608   0.08636831  -0.24675257   0.51679001   0.63761431   0.78069118   0.57249086   1.99921800  -1.81478526
  0.46003699   0.08007904  -0.24878988   0.51205054   0.63544786   0.78551445   0.56588510   1.99276721  -1.81776787
  0.46063252   0.07957254  -0.24852974   0.51161153   0.63569347   0.78571287   0.56526572   1.99189849  -1.81869066
  0.46166398   0.07859806  -0.24786717   0.51116627   0.63633710   0.78574605   0.56412575   1.98989458  -1.82090161
  0.46291288   0.07208575  -0.24994450   0.50629977   0.63402704   0.79083957   0.55757559   1.98309244  -1.82350780
  0.46420754   0.07190849  -0.24902744   0.50614841   0.63493863   0.79031499   0.55678320   1.98166293  -1.82578760
  0.46506992   0.06614048  -0.25077266   0.50201637   0.63291413   0.79477066   0.55096356   1.97590967  -1.82832244
  0.46601474   0.06564633  -0.24997635   0.50167603   0.63369983   0.79451514   0.55032938   1.97450633  -1.83039510
  0.46662812   0.06082326  -0.25145110   0.49839104   0.63193653   0.79834568   0.54583513   1.96925099  -1.83161263
  0.46771650   0.06051573  -0.25063413   0.49801580   0.63274049   0.79801095   0.54510785   1.96803473  -1.83381629
  0.46848710   0.05564142  -0.25210664   0.49438119   0.63091519   0.80197145   0.54031323   1.96283714  -1.83542253
  0.46934860   0.05468906  -0.25166341   0.49384268   0.63129823   0.80223200   0.53896288   1.96111737  -1.83735227
  0.47002378   0.05029686  -0.25275875   0.49066739   0.62985009   0.80565196   0.53483881   1.95621416  -1.83899554
  0.47108461   0.04993396  -0.25185526   0.49039431   0.63074238   0.80525779   0.53413627   1.95475177  -1.84128305
  0.47123998   0.04985987  -0.25173000   0.49043464   0.63086369   0.80535984   0.53404614   1.95473754  -1.84121282
  0.47245590   0.04252722  -0.25313895   0.48568967   0.62882281   0.81057570   0.52704401   1.94571316  -1.84471586
  0.47359382   0.04218816  -0.25257257   0.48517329   0.62933255   0.81052762   0.52587978   1.94457496  -1.84666201
  0.47365256   0.04204523  -0.25243745   0.48507270   0.62946561   0.81065667   0.52594059   1.94461541  -1.84666181
  0.47444149   0.03454795  -0.25426587   0.47993401   0.62686779   0.81643960   0.51900878   1.93588710  -1.84924298
  0.47444149   0.03454795  -0.25426587   0.47993401   0.62686779   0.81643960   0.51900878   1.93588710  -1.84924298
  0.47620423   0.03399889  -0.25268343   0.47944613   0.62843034   0.81578291   0.51794798   1.93344349  -1.85297872
  0.47633309   0.03391587  -0.25257654   0.47947466   0.62853124   0.81589454   0.51786496   1.93343595  -1.85289585
  0.47691892   0.02524538  -0.25488650   0.47354000   0.62517451   0.82284815   0.50978263   1.92374956  -1.85535011
  0.47822275   0.02527494  -0.25410791   0.47297884   0.62591264   0.82245703   0.50911593   1.92257216  -1.85733461
  0.47862995   0.02421291  -0.25367484   0.47252717   0.62626525   0.82279045   0.50814575   1.92087234  -1.85890604
  0.47878060   0.02414277  -0.25356003   0.47256586   0.62637284   0.82289808   0.50805400   1.92086261  -1.85881256
  0.47938747   0.01658699  -0.25537637   0.46734870   0.62350125   0.82893364   0.50093001   1.91199586  -1.86114262
  0.47938747   0.01658699  -0.25537637   0.46734870   0.62350125   0.82893364   0.50093001   1.91199586  -1.86114262
  0.48041196   0.01574715  -0.25468625   0.46662299   0.62407612   0.82919138   0.49975439   1.91023537  -1.86310423
  0.48119126   0.01415800  -0.25440614   0.46552621   0.62412604   0.83007772   0.49804226   1.90750691  -1.86477821
  0.48119126   0.01415800  -0.25440614   0.46552621   0.62412604   0.83007772   0.49804226   1.90750691  -1.86477821
  0.48190262   0.00736199  -0.25569552   0.46074108   0.62175809   0.83550375   0.49160921   1.89943797  -1.86719467
  0.48292671   0.00733336  -0.25501143   0.46028551   0.62240396   0.83520124   0.49101357   1.89848027  -1.86894395
  0.48292671   0.00733336  -0.25501143   0.46028551   0.62240396   0.83520124   0.49101357   1.89848027  -1.86894395
  0.48352948   0.00606327  -0.25438801   0.45983827   0.62289628   0.83563115   0.48982076   1.89613160  -1.87060455
  0.48352948   0.00606327  -0.25438801   0.45983827   0.62289628   0.83563115   0.48982076   1.89613160  -1.87060455
  0.48406275  -0.00007664  -0.25569077   0.45537349   0.62049150   0.84074718   0.48409656   1.88886300  -1.87223669
  0.48406275  -0.00007664  -0.25569077   0.45537349   0.62049150   0.84074718   0.48409656   1.88886300  -1.87223669
  0.48520572  -0.00100821  -0.25498698   0.45447783   0.62101302   0.84106154   0.48262353   1.88670958  -1.87448772
  0.48520572  -0.00100821  -0.25498698   0.45447783   0.62101302   0.84106154   0.48262353   1.88670958  -1.87448772
  0.48584165  -0.00609673  -0.25580245   0.45069832   0.61920950   0.84519400   0.47771493   1.88041150  -1.87641834
  0.48584165  -0.00609673  -0.25580245   0.45069832   0.61920950   0.84519400   0.47771493   1.88041150  -1.87641834
  0.48659952  -0.00655579  -0.25518943   0.45031716   0.61974570   0.84520834   0.47692730   1.87912421  -1.87794457
  0.48659952  -0.00655579  -0.25518943   0.45031716   0.61974570   0.84520834   0.47692730   1.87912421  -1.87794457
  0.48714603  -0.00813227  -0.25484158   0.44935135   0.61983041   0.84609074   0.47549286   1.87647343  -1.87932610
  0.48714603  -0.00813227  -0.25484158   0.44935135   0.61983041   0.84609074   0.47549286   1.87647343  -1.87932610
  0.48778399  -0.00987506  -0.25459876   0.44812223   0.61973774   0.84718390   0.47373736   1.87360971  -1.88080454
  0.48778399  -0.00987506  -0.25459876   0.44812223   0.61973774   0.84718390   0.47373736   1.87360971  -1.88080454
  0.48778399  -0.00987506  -0.25459876   0.44812223   0.61973774   0.84718390   0.47373736   1.87360971  -1.88080454
  0.48857718  -0.01488832  -0.25519560   0.44437800   0.61806527   0.85121719   0.46868957   1.86719843  -1.88305822
  0.48857718  -0.01488832  -0.25519560   0.44437800   0.61806527   0.85121719   0.46868957   1.86719843  -1.88305822
  0.48857718  -0.01488832  -0.25519560   0.44437800   0.61806527   0.85121719   0.46868957   1.86719843  -1.88305822
  0.48915089  -0.01565636  -0.25484823   0.44380494   0.61824898   0.85165534   0.46771377   1.86579990  -1.88410588
  0.48915089  -0.01565636  -0.25484823   0.44380494   0.61824898   0.85165534   0.46771377   1.86579990  -1.88410588
  0.48915089  -0.01565636  -0.25484823   0.44380494   0.61824898   0.85165534   0.46771377   1.86579990  -1.88410588
  0.49006516  -0.01991064  -0.25521830   0.44044285   0.61687661   0.85503897   0.46323323   1.85997335  -1.88639145
  0.49006516  -0.01991064  -0.25521830   0.44044285   0.61687661   0.85503897   0.46323323   1.85997335  -1.88639145
  0.49006516  -0.01991064  -0.25521830   0.44044285   0.61687661   0.85503897   0.46323323   1.85997335  -1.88639145
  0.49013909  -0.02001702  -0.25508818   0.44040453   0.61700455   0.85513980   0.46324195   1.86001638  -1.88639260
  0.49091620  -0.02042634  -0.25438236   0.44000524   0.61763923   0.85496474   0.46260474   1.85832269  -1.88809490
  0.49091620  -0.02042634  -0.25438236   0.44000524   0.61763923   0.85496474   0.46260474   1.85832269  -1.88809490
  0.49091620  -0.02042634  -0.25438236   0.44000524   0.61763923   0.85496474   0.46260474   1.85832269  -1.88809490
  0.49091620  -0.02042634  -0.25438236   0.44000524   0.61763923   0.85496474   0.46260474   1.85832269  -1.88809490
  0.49091620  -0.02042634  -0.25438236   0.44000524   0.61763923   0.85496474   0.46260474   1.85832269  -1.88809490
  0.49091620  -0.02042634  -0.25438236   0.44000524   0.61763923   0.85496474   0.46260474   1.85832269  -1.88809490
  0.49122152  -0.02587274  -0.25526846   0.43612878   0.61548647   0.85951396   0.45757750   1.85168249  -1.88952527
  0.49122152  -0.02587274  -0.25526846   0.43612878   0.61548647   0.85951396   0.45757750   1.85168249  -1.88952527
  0.49122152  -0.02587274  -0.25526846   0.43612878   0.61548647   0.85951396   0.45757750   1.85168249  -1.88952527
  0.49122152  -0.02587274  -0.25526846   0.43612878   0.61548647   0.85951396   0.45757750   1.85168249  -1.88952527
  0.49122152  -0.02587274  -0.25526846   0.43612878   0.61548647   0.85951396   0.45757750   1.85168249  -1.88952527
  0.49122152  -0.02587274  -0.25526846   0.43612878   0.61548647   0.85951396   0.45757750   1.85168249  -1.88952527
  0.49122152  -0.02587274  -0.25526846   0.43612878   0.61548647   0.85951396   0.45757750   1.85168249  -1.88952527
  0.49122152  -0.02587274  -0.25526846   0.43612878   0.61548647   0.85951396   0.45757750   1.85168249  -1.88952527
  0.49199023  -0.02633882  -0.25467332   0.43564929   0.61596808   0.85960251   0.45675301   1.85039754  -1.89098864
  0.49199023  -0.02633882  -0.25467332   0.43564929   0.61596808   0.85960251   0.45675301   1.85039754  -1.89098864
  0.49199023  -0.02633882  -0.25467332   0.43564929   0.61596808   0.85960251   0.45675301   1.85039754  -1.89098864
  0.49199023  -0.02633882  -0.25467332   0.43564929   0.61596808   0.85960251   0.45675301   1.85039754  -1.89098864
  0.49199023  -0.02633882  -0.25467332   0.43564929   0.61596808   0.85960251   0.45675301   1.85039754  -1.89098864
  0.49199023  -0.02633882  -0.25467332   0.43564929   0.61596808   0.85960251   0.45675301   1.85039754  -1.89098864
  0.49199023  -0.02633882  -0.25467332   0.43564929   0.61596808   0.85960251   0.45675301   1.85039754  -1.89098864
  0.49199023  -0.02633882  -0.25467332   0.43564929   0.61596808   0.85960251   0.45675301   1.85039754  -1.89098864
  0.49199023  -0.02633882  -0.25467332   0.43564929   0.61596808   0.85960251   0.45675301   1.85039754  -1.89098864
  0.49199023  -0.02633882  -0.25467332   0.43564929   0.61596808   0.85960251   0.45675301   1.85039754  -1.89098864
  0.49199023  -0.02633882  -0.25467332   0.43564929   0.61596808   0.85960251   0.45675301   1.85039754  -1.89098864
  0.49239582  -0.02721328  -0.25435466   0.43515841   0.61610782   0.86007899   0.45583702   1.84881476  -1.89187525
  0.49239582  -0.02721328  -0.25435466   0.43515841   0.61610782   0.86007899   0.45583702   1.84881476  -1.89187525
  0.49239582  -0.02721328  -0.25435466   0.43515841   0.61610782   0.86007899   0.45583702   1.84881476  -1.89187525
  0.49239582  -0.02721328  -0.25435466   0.43515841   0.61610782   0.86007899   0.45583702   1.84881476  -1.89187525
  0.49239582  -0.02721328  -0.25435466   0.43515841   0.61610782   0.86007899   0.45583702   1.84881476  -1.89187525
  0.49239582  -0.02721328  -0.25435466   0.43515841   0.61610782   0.86007899   0.45583702   1.84881476  -1.89187525
  0.49239582  -0.02721328  -0.25435466   0.43515841   0.61610782   0.86007899   0.45583702   1.84881476  -1.89187525
  0.49239582  -0.02721328  -0.25435466   0.43515841   0.61610782   0.86007899   0.45583702   1.84881476  -1.89187525
  0.49239582  -0.02721328  -0.25435466   0.43515841   0.61610782   0.86007899   0.45583702   1.84881476  -1.89187525
  0.49239582  -0.02721328  -0.25435466   0.43515841   0.61610782   0.86007899   0.45583702   1.84881476  -1.89187525
  0.49239582  -0.02721328  -0.25435466   0.43515841   0.61610782   0.86007899   0.45583702   1.84881476  -1.89187525
  0.49239582  -0.02721328  -0.25435466   0.43515841   0.61610782   0.86007899   0.45583702   1.84881476  -1.89187525
  0.49239582  -0.02721328  -0.25435466   0.43515841   0.61610782   0.86007899   0.45583702   1.84881476  -1.89187525
  0.49239582  -0.02721328  -0.25435466   0.43515841   0.61610782   0.86007899   0.45583702   1.84881476  -1.89187525
  0.49239582  -0.02721328  -0.25435466   0.43515841   0.61610782   0.86007899   0.45583702   1.84881476  -1.89187525
  0.49239582  -0.02721328  -0.25435466   0.43515841   0.61610782   0.86007899   0.45583702   1.84881476  -1.89187525
