  0.56543409   0.03862034  -0.45118282   0.57096207   0.70151475   1.04719755   0.59045293   1.84932439  -2.00267012
  0.56543409   0.03862034  -0.45118282   0.57096207   0.70151475   1.04719755   0.59045293   1.84932439  -2.00267012
  0.56543409   0.03862034  -0.45118282   0.57096207   0.70151475   1.04719755   0.59045293   1.84932439  -2.00267012
  0.56543409   0.03862034  -0.45118282   0.57096207   0.70151475   1.04719755   0.59045293   1.84932439  -2.00267012
  0.56543409   0.03862034  -0.45118282   0.57096207   0.70151475   1.04719755   0.59045293   1.84932439  -2.00267012
  0.56543409   0.03862034  -0.45118282   0.57096207   0.70151475   1.04719755   0.59045293   1.84932439  -2.00267012
  0.56543409   0.03862034  -0.45118282   0.57096207   0.70151475   1.04719755   0.59045293   1.84932439  -2.00267012
  0.56543409   0.03862034  -0.45118282   0.57096207   0.70151475   1.04719755   0.59045293   1.84932439  -2.00267012
  0.56543409   0.03862034  -0.45118282   0.57096207   0.70151475   1.04719755   0.59045293   1.84932439  -2.00267012
  0.56543409   0.03862034  -0.45118282   0.57096207   0.70151475   1.04719755   0.59045293   1.84932439  -2.00267012
  0.56543409   0.03862034  -0.45118282   0.57096207   0.70151475   1.04719755   0.59045293   1.84932439  -2.00267012
  0.56543409   0.03862034  -0.45118282   0.57096207   0.70151475   1.04719755   0.59045293   1.84932439  -2.00267012
  0.56543409   0.03862034  -0.45118282   0.57096207   0.70151475   1.04719755   0.59045293   1.84932439  -2.00267012
  0.56543409   0.03862034  -0.45118282   0.57096207   0.70151475   1.04719755   0.59045293   1.84932439  -2.00267012
  0.56543409   0.03862034  -0.45118282   0.57096207   0.70151475   1.04719755   0.59045293   1.84932439  -2.00267012
  0.56543409   0.03862034  -0.45118282   0.57096207   0.70151475   1.04719755   0.59045293   1.84932439  -2.00267012
  0.56543409   0.03862034  -0.45118282   0.57096207   0.70151475   1.04719755   0.59045293   1.84932439  -2.00267012
  0.56543409   0.03862034  -0.45118282   0.57096207   0.70151475   1.04719755   0.59045293   1.84932439  -2.00267012
  0.56543409   0.03862034  -0.45118282   0.57096207   0.70151475   1.04719755   0.59045293   1.84932439  -2.00267012
  0.56543409   0.03862034  -0.45118282   0.57096207   0.70151475   1.04719755   0.59045293   1.84932439  -2.00267012
  0.56543409   0.03862034  -0.45118282   0.57096207   0.70151475   1.04719755   0.59045293   1.84932439  -2.00267012
  0.56543409   0.03862034  -0.45118282   0.57096207   0.70151475   1.04719755   0.59045293   1.84932439  -2.00267012
  0.56543409   0.03862034  -0.45118282   0.57096207   0.70151475   1.04719755   0.59045293   1.84932439  -2.00267012
  0.56543409   0.03862034  -0.45118282   0.57096207   0.70151475   1.04719755   0.59045293   1.84932439  -2.00267012
  0.56543409   0.03862034  -0.45118282   0.57096207   0.70151475   1.04719755   0.59045293   1.84932439  -2.00267012
  0.56543409   0.03862034  -0.45118282   0.57096207   0.70151475   1.04719755   0.59045293   1.84932439  -2.00267012
  0.56630900   0.03861812  -0.45066450   0.57056981   0.70206451   1.04674562   0.59000366   1.84873988  -2.00400537
  0.56630900   0.03861812  -0.45066450   0.57056981   0.70206451   1.04674562   0.59000366   1.84873988  -2.00400537
  0.56630900   0.03861812  -0.45066450   0.57056981   0.70206451   1.04674562   0.59000366   1.84873988  -2.00400537
  0.56630900   0.03861812  -0.45066450   0.57056981   0.70206451   1.04674562   0.59000366   1.84873988  -2.00400537
  0.56630900   0.03861812  -0.45066450   0.57056981   0.70206451   1.04674562   0.59000366   1.84873988  -2.00400537
  0.56630900   0.03861812  -0.45066450   0.57056981   0.70206451   1.04674562   0.59000366   1.84873988  -2.00400537
  0.56630900   0.03861812  -0.45066450   0.57056981   0.70206451   1.04674562   0.59000366   1.84873988  -2.00400537
  0.56641939   0.03851999  -0.45053009   0.57057553   0.70220151   1.04677386   0.58998786   1.84877301  -2.00395489
  0.56696733   0.03772364  -0.45001673   0.57029618   0.70276997   1.04691103   0.58959769   1.84679916  -2.00544904
  0.56696733   0.03772364  -0.45001673   0.57029618   0.70276997   1.04691103   0.58959769   1.84679916  -2.00544904
  0.56696733   0.03772364  -0.45001673   0.57029618   0.70276997   1.04691103   0.58959769   1.84679916  -2.00544904
  0.56696733   0.03772364  -0.45001673   0.57029618   0.70276997   1.04691103   0.58959769   1.84679916  -2.00544904
  0.56696733   0.03772364  -0.45001673   0.57029618   0.70276997   1.04691103   0.58959769   1.84679916  -2.00544904
  0.56696733   0.03772364  -0.45001673   0.57029618   0.70276997   1.04691103   0.58959769   1.84679916  -2.00544904
  0.56736778   0.03668134  -0.44967080   0.57014134   0.70319504   1.04707415   0.58902971   1.84473130  -2.00660429
  0.56736778   0.03668134  -0.44967080   0.57014134   0.70319504   1.04707415   0.58902971   1.84473130  -2.00660429
  0.56748367   0.03657547  -0.44954717   0.57017055   0.70332343   1.04708186   0.58898405   1.84477116  -2.00651055
  0.56748367   0.03657547  -0.44954717   0.57017055   0.70332343   1.04708186   0.58898405   1.84477116  -2.00651055
  0.56748367   0.03657547  -0.44954717   0.57017055   0.70332343   1.04708186   0.58898405   1.84477116  -2.00651055
  0.56748367   0.03657547  -0.44954717   0.57017055   0.70332343   1.04708186   0.58898405   1.84477116  -2.00651055
  0.57137517   0.02166438  -0.45444642   0.55995910   0.70093583   1.04719755   0.57834588   1.83472324  -2.00539469
  0.57137517   0.02166438  -0.45444642   0.55995910   0.70093583   1.04719755   0.57834588   1.83472324  -2.00539469
  0.57137517   0.02166438  -0.45444642   0.55995910   0.70093583   1.04719755   0.57834588   1.83472324  -2.00539469
  0.57226446   0.02165816  -0.45379084   0.55972416   0.70160165   1.04663132   0.57804949   1.83401744  -2.00655160
  0.57226446   0.02165816  -0.45379084   0.55972416   0.70160165   1.04663132   0.57804949   1.83401744  -2.00655160
  0.57226446   0.02165816  -0.45379084   0.55972416   0.70160165   1.04663132   0.57804949   1.83401744  -2.00655160
  0.57253513   0.02062356  -0.45345954   0.55954545   0.70199142   1.04719755   0.57752756   1.83217027  -2.00758152
  0.57253513   0.02062356  -0.45345954   0.55954545   0.70199142   1.04719755   0.57752756   1.83217027  -2.00758152
  0.57253513   0.02062356  -0.45345954   0.55954545   0.70199142   1.04719755   0.57752756   1.83217027  -2.00758152
  0.57319527   0.01863103  -0.45302234   0.55892082   0.70258060   1.04719755   0.57649838   1.82922071  -2.00886617
  0.57319527   0.01863103  -0.45302234   0.55892082   0.70258060   1.04719755   0.57649838   1.82922071  -2.00886617
  0.57319527   0.01863103  -0.45302234   0.55892082   0.70258060   1.04719755   0.57649838   1.82922071  -2.00886617
  0.57403425   0.01671395  -0.45259389   0.55820913   0.70317159   1.04719755   0.57533562   1.82638049  -2.01015729
  0.57403425   0.01671395  -0.45259389   0.55820913   0.70317159   1.04719755   0.57533562   1.82638049  -2.01015729
  0.57827478   0.00187022  -0.45753389   0.54709031   0.70018232   1.04719755   0.56379970   1.81722456  -2.00901521
  0.57827478   0.00187022  -0.45753389   0.54709031   0.70018232   1.04719755   0.56379970   1.81722456  -2.00901521
  0.57917149   0.00169819  -0.45666034   0.54680878   0.70105752   1.04648837   0.56355954   1.81611488  -2.01058329
  0.57917149   0.00169819  -0.45666034   0.54680878   0.70105752   1.04648837   0.56355954   1.81611488  -2.01058329
  0.57956043   0.00074257  -0.45587776   0.54689896   0.70185110   1.04658202   0.56298139   1.81404215  -2.01220220
  0.57978093   0.00070486  -0.45577038   0.54690383   0.70196529   1.04665896   0.56297863   1.81395986  -2.01201147
  0.57978093   0.00070486  -0.45577038   0.54690383   0.70196529   1.04665896   0.56297863   1.81395986  -2.01201147
  0.58245265  -0.01137148  -0.45873060   0.53909680   0.69997257   1.04719755   0.55452699   1.80455749  -2.01168744
  0.58245265  -0.01137148  -0.45873060   0.53909680   0.69997257   1.04719755   0.55452699   1.80455749  -2.01168744
  0.58367012  -0.01150466  -0.45771032   0.53858276   0.70100110   1.04638778   0.55411359   1.80327130  -2.01371144
  0.58375901  -0.01159169  -0.45760281   0.53866390   0.70110916   1.04643839   0.55402295   1.80330888  -2.01364160
  0.58375901  -0.01159169  -0.45760281   0.53866390   0.70110916   1.04643839   0.55402295   1.80330888  -2.01364160
  0.58430822  -0.01383934  -0.45693863   0.53819042   0.70183842   1.04719755   0.55288843   1.79906355  -2.01540999
  0.58430822  -0.01383934  -0.45693863   0.53819042   0.70183842   1.04719755   0.55288843   1.79906355  -2.01540999
  0.58761327  -0.02756526  -0.46006165   0.52890950   0.69938604   1.04719755   0.54274004   1.78929653  -2.01491790
  0.58786100  -0.02759614  -0.45989301   0.52892170   0.69955556   1.04719755   0.54267676   1.78929884  -2.01485847
  0.58920370  -0.02756542  -0.45891175   0.52840434   0.70054091   1.04681811   0.54197889   1.78759563  -2.01737843
  0.58920370  -0.02756542  -0.45891175   0.52840434   0.70054091   1.04681811   0.54197889   1.78759563  -2.01737843
  0.58980306  -0.02813663  -0.45823546   0.52820620   0.70122141   1.04673030   0.54169877   1.78604178  -2.01840855
  0.59257307  -0.04132587  -0.46141164   0.51924133   0.69822591   1.04719755   0.53175768   1.77689964  -2.01739242
  0.59257307  -0.04132587  -0.46141164   0.51924133   0.69822591   1.04719755   0.53175768   1.77689964  -2.01739242
  0.59356138  -0.04201381  -0.46044640   0.51881594   0.69918398   1.04703376   0.53107836   1.77482780  -2.01924190
  0.59433010  -0.04257301  -0.45960248   0.51841882   0.70002273   1.04671541   0.53060460   1.77299355  -2.02098514
  0.59444982  -0.04265523  -0.45948309   0.51847955   0.70014165   1.04674554   0.53053064   1.77300463  -2.02090433
  0.59477876  -0.04469319  -0.45906073   0.51791803   0.70053859   1.04719755   0.52947124   1.76966285  -2.02184568
  0.59768067  -0.05613967  -0.46128688   0.50981156   0.69800256   1.04719755   0.52029339   1.76153160  -2.02162624
  0.59791742  -0.05624300  -0.46107102   0.50968563   0.69821556   1.04719755   0.52037004   1.76156515  -2.02156427
  0.59906457  -0.05630431  -0.46016178   0.50905264   0.69911178   1.04694504   0.51985082   1.75978229  -2.02387888
  0.59928793  -0.05640807  -0.45996995   0.50918924   0.69930115   1.04697661   0.51967104   1.75973829  -2.02378752
  0.59986162  -0.05884733  -0.45942256   0.50814008   0.69975238   1.04719755   0.51820970   1.75573151  -2.02525463
  0.60073754  -0.05966284  -0.45871773   0.50737337   0.70041565   1.04705375   0.51730881   1.75393664  -2.02706878
  0.60106730  -0.05977608  -0.45849284   0.50744338   0.70063435   1.04707173   0.51717541   1.75386388  -2.02688092
  0.60532099  -0.07772233  -0.46208936   0.49434852   0.69574496   1.04719755   0.50284619   1.74158322  -2.02577901
  0.60532099  -0.07772233  -0.46208936   0.49434852   0.69574496   1.04719755   0.50284619   1.74158322  -2.02577901
  0.60692664  -0.07780547  -0.46059500   0.49367587   0.69722398   1.04610742   0.50232985   1.73992966  -2.02837738
  0.60730334  -0.07870359  -0.46039069   0.49335002   0.69733322   1.04719755   0.50138957   1.73780117  -2.02915424
  0.60730334  -0.07870359  -0.46039069   0.49335002   0.69733322   1.04719755   0.50138957   1.73780117  -2.02915424
  0.60851886  -0.08061402  -0.45929166   0.49216329   0.69825524   1.04719755   0.49983490   1.73411844  -2.03136111
  0.61173100  -0.09287279  -0.46112115   0.48304280   0.69479866   1.04719755   0.48950514   1.72551131  -2.03101025
  0.61251867  -0.09287979  -0.46063523   0.48248808   0.69524038   1.04696328   0.48897856   1.72491576  -2.03236865
  0.61272314  -0.09298179  -0.46043690   0.48250100   0.69543316   1.04697792   0.48894834   1.72495270  -2.03226187
  0.61381217  -0.09366200  -0.45946429   0.48182242   0.69629639   1.04719755   0.48799370   1.72219786  -2.03443952
  0.61460343  -0.09490334  -0.45899141   0.48096127   0.69657535   1.04719755   0.48698303   1.72016303  -2.03516011
  0.61756771  -0.10635870  -0.46033276   0.47225408   0.69319788   1.04719755   0.47728961   1.71209411  -2.03509485
  0.61848371  -0.10628408  -0.45974940   0.47182407   0.69373252   1.04679685   0.47666670   1.71146692  -2.03648707
  0.61863149  -0.10640253  -0.45956590   0.47181153   0.69391150   1.04682189   0.47665343   1.71152375  -2.03643030
  0.61977054  -0.10729849  -0.45867871   0.47083660   0.69459419   1.04719755   0.47544634   1.70871632  -2.03856333
  0.62076582  -0.10863879  -0.45814106   0.46964565   0.69483292   1.04719755   0.47405972   1.70654469  -2.03975573
  0.62149894  -0.11005143  -0.45780685   0.46853818   0.69486758   1.04719755   0.47277116   1.70493830  -2.04042471
  0.62488036  -0.12046252  -0.45870866   0.46005756   0.69145307   1.04719755   0.46314010   1.69731128  -2.04092574
  0.62488036  -0.12046252  -0.45870866   0.46005756   0.69145307   1.04719755   0.46314010   1.69731128  -2.04092574
  0.62599007  -0.12097631  -0.45784960   0.45923946   0.69215101   1.04719755   0.46231047   1.69600858  -2.04246162
  0.62707633  -0.12139382  -0.45728001   0.45844525   0.69250911   1.04719755   0.46132346   1.69426119  -2.04385098
  0.62827156  -0.12167564  -0.45624820   0.45762385   0.69343409   1.04660256   0.46071966   1.69286344  -2.04576938
  0.63063523  -0.13240302  -0.45746876   0.44971603   0.68927212   1.04719755   0.45133078   1.68606642  -2.04477092
  0.63172576  -0.13222203  -0.45695448   0.44900487   0.68966811   1.04719618   0.45065049   1.68533300  -2.04630082
  0.63281265  -0.13217603  -0.45613767   0.44839654   0.69041395   1.04672313   0.45025014   1.68435091  -2.04780283
  0.63393927  -0.13234591  -0.45522223   0.44773253   0.69119933   1.04658353   0.44922881   1.68286919  -2.05004501
  0.63431592  -0.13237002  -0.45502147   0.44774488   0.69136813   1.04666028   0.44915488   1.68279028  -2.04983911
  0.63584592  -0.13334362  -0.45440462   0.44596158   0.69146995   1.04719755   0.44731338   1.68018376  -2.05214591
  0.63923078  -0.14410621  -0.45531116   0.43685197   0.68683079   1.04719755   0.43704608   1.67373174  -2.05202569
  0.63952589  -0.14416216  -0.45508174   0.43686998   0.68704385   1.04719755   0.43698608   1.67373668  -2.05192883
  0.64104713  -0.14380809  -0.45393712   0.43600046   0.68811717   1.04659316   0.43626154   1.67223889  -2.05475832
  0.64194773  -0.14409917  -0.45374493   0.43532113   0.68801251   1.04719755   0.43531348   1.67136822  -2.05531817
  0.64353622  -0.14405525  -0.45268422   0.43438193   0.68888778   1.04679613   0.43427309   1.66996225  -2.05774343
  0.64353622  -0.14405525  -0.45268422   0.43438193   0.68888778   1.04679613   0.43427309   1.66996225  -2.05774343
  0.64511425  -0.14455341  -0.45217990   0.43284070   0.68890379   1.04719755   0.43276638   1.66863473  -2.05942138
  0.64679655  -0.14570141  -0.45166206   0.43083364   0.68871056   1.04719755   0.43067070   1.66706608  -2.06119435
  0.64815483  -0.14659857  -0.45132215   0.42938322   0.68845858   1.04719755   0.42894221   1.66587881  -2.06228264
  0.65116183  -0.15439449  -0.45186767   0.42198263   0.68447794   1.04719755   0.42096733   1.66187497  -2.06255384
  0.65238833  -0.15426445  -0.45101798   0.42139582   0.68520566   1.04676135   0.42030944   1.66080174  -2.06422136
  0.65357509  -0.15416860  -0.45050489   0.42055178   0.68548751   1.04672328   0.41939381   1.66008272  -2.06580668
  0.65468455  -0.15409550  -0.45018450   0.41961171   0.68554158   1.04688188   0.41864459   1.65953102  -2.06697779
  0.65600344  -0.15455809  -0.44990706   0.41842397   0.68530823   1.04719755   0.41715294   1.65916291  -2.06792410
  0.65749294  -0.15439749  -0.44926553   0.41723633   0.68566463   1.04706037   0.41619930   1.65828419  -2.06992270
  0.65775441  -0.15440882  -0.44913023   0.41728222   0.68576598   1.04707752   0.41602254   1.65827881  -2.06986937
  0.66023741  -0.15466502  -0.44878064   0.41478067   0.68524117   1.04719755   0.41356352   1.65770795  -2.07237547
  0.66216992  -0.15467937  -0.44808209   0.41305347   0.68545027   1.04707194   0.41216518   1.65682405  -2.07469110
  0.66245872  -0.15471903  -0.44792638   0.41319542   0.68556585   1.04708764   0.41190817   1.65686590  -2.07453269
  0.66484063  -0.15525968  -0.44788102   0.41050186   0.68455606   1.04719755   0.40924468   1.65672414  -2.07650113
  0.66484063  -0.15525968  -0.44788102   0.41050186   0.68455606   1.04719755   0.40924468   1.65672414  -2.07650113
  0.66758562  -0.15516677  -0.44731740   0.40825816   0.68431977   1.04719755   0.40697025   1.65636627  -2.07899702
  0.67170664  -0.16333436  -0.44792390   0.39953127   0.67888349   1.04719755   0.39725445   1.65345668  -2.07981256
  0.67227212  -0.16319608  -0.44771910   0.39936105   0.67902014   1.04719460   0.39733700   1.65322838  -2.07964082
  0.67377320  -0.16266310  -0.44725101   0.39825532   0.67922988   1.04694401   0.39623377   1.65315727  -2.08184960
  0.67544418  -0.16210865  -0.44697547   0.39706962   0.67914447   1.04703754   0.39512271   1.65341281  -2.08345475
  0.67700630  -0.16161418  -0.44682449   0.39586812   0.67890692   1.04719755   0.39403891   1.65377904  -2.08485263
  0.67836673  -0.16127188  -0.44677058   0.39477335   0.67856884   1.04719755   0.39312972   1.65423092  -2.08574463
  0.68014103  -0.16071533  -0.44663342   0.39340674   0.67824262   1.04713273   0.39179517   1.65477430  -2.08736140
  0.68214647  -0.16037084  -0.44620228   0.39177154   0.67814986   1.04672449   0.39029516   1.65535866  -2.08936996
  0.68383709  -0.15972378  -0.44589261   0.39059345   0.67811366   1.04672180   0.38907736   1.65565236  -2.09129791
  0.68419751  -0.15967688  -0.44576246   0.39049639   0.67818967   1.04678127   0.38907968   1.65566531  -2.09113696
  0.68653754  -0.15854747  -0.44603062   0.38853597   0.67728762   1.04707763   0.38741852   1.65722210  -2.09305856
  0.68841227  -0.15786156  -0.44592293   0.38715937   0.67692398   1.04719755   0.38617244   1.65796754  -2.09454586
  0.69073361  -0.15681532  -0.44536988   0.38547719   0.67710743   1.04680872   0.38486933   1.65838138  -2.09739805
  0.69106845  -0.15684390  -0.44518879   0.38554160   0.67724342   1.04685732   0.38471987   1.65852150  -2.09719362
  0.69382758  -0.15537098  -0.44570979   0.38319491   0.67594128   1.04719755   0.38272641   1.66097734  -2.09929229
  0.69543597  -0.15469164  -0.44537402   0.38195036   0.67599545   1.04703425   0.38201884   1.66142753  -2.10092601
  0.69569401  -0.15450709  -0.44539542   0.38208168   0.67593379   1.04698402   0.38177342   1.66139616  -2.10086601
  0.69889572  -0.15281579  -0.44559623   0.37962700   0.67499475   1.04692985   0.37971195   1.66431024  -2.10342429
  0.70074863  -0.15186683  -0.44536781   0.37852720   0.67490063   1.04672483   0.37845937   1.66525403  -2.10528156
  0.70233874  -0.15097861  -0.44551577   0.37717096   0.67438474   1.04676531   0.37750919   1.66696659  -2.10660433
  0.70270992  -0.15070180  -0.44557131   0.37708869   0.67426112   1.04662717   0.37752525   1.66679125  -2.10643094
  0.70534508  -0.14918799  -0.44568658   0.37518343   0.67362540   1.04635358   0.37605226   1.66957589  -2.10836737
  0.70717925  -0.14806772  -0.44566859   0.37399133   0.67332674   1.04607574   0.37506765   1.67103358  -2.10985430
  0.70875440  -0.14706886  -0.44577255   0.37292400   0.67293177   1.04590136   0.37434860   1.67259270  -2.11080800
  0.71025859  -0.14599162  -0.44587371   0.37189712   0.67259255   1.04557621   0.37351907   1.67423280  -2.11211331
  0.71213077  -0.14475581  -0.44582467   0.37082438   0.67238651   1.04516955   0.37260915   1.67597659  -2.11350497
  0.71363242  -0.14364374  -0.44596848   0.36987249   0.67202206   1.04483039   0.37203397   1.67772023  -2.11434398
  0.71535480  -0.14235381  -0.44607195   0.36886732   0.67170498   1.04441818   0.37123511   1.67994206  -2.11548537
  0.71730624  -0.14108617  -0.44564110   0.36779341   0.67199364   1.04365072   0.37034069   1.68110614  -2.11765358
  0.71730624  -0.14108617  -0.44564110   0.36779341   0.67199364   1.04365072   0.37034069   1.68110614  -2.11765358
  0.72007800  -0.13874354  -0.44621744   0.36606389   0.67100716   1.04295952   0.36916881   1.68521217  -2.11903141
  0.72253093  -0.13699575  -0.44593530   0.36466488   0.67109721   1.04205449   0.36824019   1.68745490  -2.12119595
  0.72253093  -0.13699575  -0.44593530   0.36466488   0.67109721   1.04205449   0.36824019   1.68745490  -2.12119595
  0.72519582  -0.13430812  -0.44658649   0.36309573   0.67022891   1.04096994   0.36721205   1.69246749  -2.12270513
  0.72690848  -0.13280595  -0.44644187   0.36233579   0.67036253   1.04006714   0.36654184   1.69464244  -2.12425381
  0.72806681  -0.13147091  -0.44679266   0.36182658   0.66997510   1.03946320   0.36612891   1.69712987  -2.12472407
  0.72932456  -0.13042018  -0.44669820   0.36117481   0.67003415   1.03884823   0.36587383   1.69855469  -2.12558619
  0.73096454  -0.12889580  -0.44686033   0.36018955   0.66976817   1.03811652   0.36546045   1.70106462  -2.12657323
  0.73268646  -0.12685547  -0.44718672   0.35936005   0.66949227   1.03695820   0.36512026   1.70460226  -2.12755244
  0.73268646  -0.12685547  -0.44718672   0.35936005   0.66949227   1.03695820   0.36512026   1.70460226  -2.12755244
  0.73534284  -0.12410942  -0.44751665   0.35806858   0.66910133   1.03551804   0.36442951   1.70911173  -2.12901215
  0.73730798  -0.12214681  -0.44744986   0.35719048   0.66923541   1.03428868   0.36401658   1.71214665  -2.13044084
  0.73730798  -0.12214681  -0.44744986   0.35719048   0.66923541   1.03428868   0.36401658   1.71214665  -2.13044084
  0.73963206  -0.11893415  -0.44805031   0.35620162   0.66885928   1.03233713   0.36382035   1.71785333  -2.13154466
  0.73963206  -0.11893415  -0.44805031   0.35620162   0.66885928   1.03233713   0.36382035   1.71785333  -2.13154466
  0.74196646  -0.11607485  -0.44842516   0.35528000   0.66861526   1.03063025   0.36350734   1.72258364  -2.13260676
  0.74324541  -0.11387767  -0.44859188   0.35496917   0.66887661   1.02892500   0.36378210   1.72635422  -2.13342903
  0.74495645  -0.11167667  -0.44860671   0.35443364   0.66913199   1.02738396   0.36356142   1.72998666  -2.13470655
  0.74561901  -0.11010897  -0.44888799   0.35448519   0.66921620   1.02615543   0.36409344   1.73271210  -2.13456202
  0.74691991  -0.10804749  -0.44901645   0.35419633   0.66943545   1.02460122   0.36429798   1.73600890  -2.13524081
  0.74691991  -0.10804749  -0.44901645   0.35419633   0.66943545   1.02460122   0.36429798   1.73600890  -2.13524081
  0.74911740  -0.10507247  -0.44953736   0.35327782   0.66906752   1.02285349   0.36413876   1.74107644  -2.13605242
  0.74911740  -0.10507247  -0.44953736   0.35327782   0.66906752   1.02285349   0.36413876   1.74107644  -2.13605242
  0.75131791  -0.10136167  -0.45003764   0.35262140   0.66912427   1.02028525   0.36445180   1.74765457  -2.13703598
  0.75131791  -0.10136167  -0.45003764   0.35262140   0.66912427   1.02028525   0.36445180   1.74765457  -2.13703598
  0.75357008  -0.09781053  -0.45069465   0.35178534   0.66881003   1.01809398   0.36448909   1.75408351  -2.13781438
  0.75357008  -0.09781053  -0.45069465   0.35178534   0.66881003   1.01809398   0.36448909   1.75408351  -2.13781438
  0.75498154  -0.09156384  -0.45045003   0.35383371   0.67175388   1.01146394   0.36815870   1.76338485  -2.13803223
  0.75498154  -0.09156384  -0.45045003   0.35383371   0.67175388   1.01146394   0.36815870   1.76338485  -2.13803223
  0.75639296  -0.08927267  -0.45114393   0.35324019   0.67113365   1.01034125   0.36786341   1.76789256  -2.13829294
  0.75639296  -0.08927267  -0.45114393   0.35324019   0.67113365   1.01034125   0.36786341   1.76789256  -2.13829294
  0.75788068  -0.08370803  -0.45140253   0.35427859   0.67282499   1.00518089   0.37058667   1.77714245  -2.13833052
  0.75788068  -0.08370803  -0.45140253   0.35427859   0.67282499   1.00518089   0.37058667   1.77714245  -2.13833052
  0.75932250  -0.08108247  -0.45225936   0.35365378   0.67208199   1.00384663   0.37054274   1.78215941  -2.13827680
  0.75932250  -0.08108247  -0.45225936   0.35365378   0.67208199   1.00384663   0.37054274   1.78215941  -2.13827680
  0.76089387  -0.07794547  -0.45323250   0.35294450   0.67133957   1.00214819   0.37075271   1.78831093  -2.13815447
  0.76089387  -0.07794547  -0.45323250   0.35294450   0.67133957   1.00214819   0.37075271   1.78831093  -2.13815447
  0.76124070  -0.07215396  -0.45302169   0.35577717   0.67437928   0.99576611   0.37470354   1.79712104  -2.13767496
  0.76137764  -0.07124729  -0.45385323   0.35545896   0.67349428   0.99564427   0.37495337   1.79981995  -2.13663313
  0.76259749  -0.06899910  -0.45408355   0.35509939   0.67357618   0.99406500   0.37522896   1.80339055  -2.13712205
  0.76259749  -0.06899910  -0.45408355   0.35509939   0.67357618   0.99406500   0.37522896   1.80339055  -2.13712205
  0.76335741  -0.06629769  -0.45528227   0.35481247   0.67265592   0.99266454   0.37585904   1.80917749  -2.13598122
  0.76335741  -0.06629769  -0.45528227   0.35481247   0.67265592   0.99266454   0.37585904   1.80917749  -2.13598122
  0.76312912  -0.05928540  -0.45472118   0.35894347   0.67697337   0.98447185   0.38168125   1.81937594  -2.13475610
  0.76312912  -0.05928540  -0.45472118   0.35894347   0.67697337   0.98447185   0.38168125   1.81937594  -2.13475610
  0.76393329  -0.05698012  -0.45615445   0.35803229   0.67543020   0.98381410   0.38163130   1.82500029  -2.13387196
  0.76393329  -0.05698012  -0.45615445   0.35803229   0.67543020   0.98381410   0.38163130   1.82500029  -2.13387196
  0.76475717  -0.05222497  -0.45643484   0.35919244   0.67673136   0.97949825   0.38418543   1.83260025  -2.13322094
  0.76443792  -0.05149454  -0.45675861   0.35973165   0.67672575   0.97882350   0.38469246   1.83395970  -2.13262612
  0.76446075  -0.04979971  -0.45732423   0.35998676   0.67660682   0.97763768   0.38575442   1.83758589  -2.13154125
  0.76446075  -0.04979971  -0.45732423   0.35998676   0.67660682   0.97763768   0.38575442   1.83758589  -2.13154125
  0.76523505  -0.04474558  -0.45818105   0.36078448   0.67711685   0.97362652   0.38797231   1.84672563  -2.13050658
  0.76523505  -0.04474558  -0.45818105   0.36078448   0.67711685   0.97362652   0.38797231   1.84672563  -2.13050658
  0.76467144  -0.04071147  -0.45864125   0.36305013   0.67843834   0.96959319   0.39129957   1.85344612  -2.12827318
  0.76385693  -0.04044278  -0.45925869   0.36350212   0.67802311   0.96949850   0.39213356   1.85494631  -2.12671304
  0.76400636  -0.03650186  -0.45902812   0.36522187   0.67991730   0.96533265   0.39496843   1.86056179  -2.12615955
  0.76400636  -0.03650186  -0.45902812   0.36522187   0.67991730   0.96533265   0.39496843   1.86056179  -2.12615955
  0.76340530  -0.03499324  -0.46011818   0.36562598   0.67917223   0.96449155   0.39598554   1.86433237  -2.12435646
  0.76340530  -0.03499324  -0.46011818   0.36562598   0.67917223   0.96449155   0.39598554   1.86433237  -2.12435646
  0.76310948  -0.02833279  -0.46018701   0.36882630   0.68187137   0.95775563   0.40096421   1.87487897  -2.12222908
  0.76310948  -0.02833279  -0.46018701   0.36882630   0.68187137   0.95775563   0.40096421   1.87487897  -2.12222908
  0.76222557  -0.02752249  -0.46116164   0.36923710   0.68112952   0.95736643   0.40190538   1.87734593  -2.12043560
  0.76135144  -0.02695484  -0.46226687   0.36966928   0.68011324   0.95742027   0.40247464   1.87987224  -2.11831734
  0.76129067  -0.02685109  -0.46237312   0.36958636   0.68001081   0.95730741   0.40258062   1.87986195  -2.11834678
  0.76058998  -0.01896135  -0.46159718   0.37430276   0.68447308   0.94854180   0.40953199   1.89142745  -2.11582239
  0.76058998  -0.01896135  -0.46159718   0.37430276   0.68447308   0.94854180   0.40953199   1.89142745  -2.11582239
  0.75980651  -0.01826061  -0.46260272   0.37457004   0.68357863   0.94836431   0.41026265   1.89366984  -2.11401248
  0.75919071  -0.01730243  -0.46338899   0.37488782   0.68302253   0.94788138   0.41119836   1.89629397  -2.11235310
  0.75868824  -0.01606316  -0.46386111   0.37541832   0.68297436   0.94688491   0.41229988   1.89896485  -2.11119688
  0.75783279  -0.01108785  -0.46332661   0.37881895   0.68587725   0.94123367   0.41694219   1.90618394  -2.10928049
  0.75783279  -0.01108785  -0.46332661   0.37881895   0.68587725   0.94123367   0.41694219   1.90618394  -2.10928049
  0.75670390  -0.01047421  -0.46441743   0.37932074   0.68496149   0.94106735   0.41796957   1.90839703  -2.10700058
  0.75600805  -0.00953920  -0.46494774   0.37986648   0.68478288   0.94034035   0.41900701   1.91067880  -2.10569646
  0.75485862  -0.00523823  -0.46466101   0.38302112   0.68710674   0.93551081   0.42347968   1.91721913  -2.10318409
  0.75413899  -0.00496054  -0.46529073   0.38352695   0.68658653   0.93546962   0.42406872   1.91830236  -2.10160643
  0.75356158  -0.00432920  -0.46563617   0.38391006   0.68650875   0.93490614   0.42483669   1.91982263  -2.10084055
  0.75356158  -0.00432920  -0.46563617   0.38391006   0.68650875   0.93490614   0.42483669   1.91982263  -2.10084055
  0.75226714  -0.00333766  -0.46665527   0.38461192   0.68585558   0.93428533   0.42620725   1.92281796  -2.09862537
  0.75079743   0.00267040  -0.46565276   0.38938893   0.68977631   0.92708193   0.43253413   1.93105975  -2.09583376
  0.75079743   0.00267040  -0.46565276   0.38938893   0.68977631   0.92708193   0.43253413   1.93105975  -2.09583376
  0.74913699   0.00264696  -0.46707048   0.38977945   0.68837016   0.92765684   0.43369307   1.93292945  -2.09264521
  0.74804816   0.00565102  -0.46654125   0.39266770   0.69044310   0.92386140   0.43685698   1.93696091  -2.09128993
  0.74716104   0.00585130  -0.46707402   0.39299320   0.69006150   0.92375258   0.43767809   1.93807414  -2.09002737
  0.74602953   0.00601203  -0.46797518   0.39326709   0.68923494   0.92395381   0.43872674   1.93962510  -2.08779026
  0.74528327   0.00645672  -0.46835607   0.39391395   0.68910124   0.92357823   0.43953756   1.94095994  -2.08651133
  0.74394345   0.00994660  -0.46749425   0.39747099   0.69181268   0.91890895   0.44352914   1.94531697  -2.08504887
  0.74312481   0.01016962  -0.46808027   0.39782460   0.69133576   0.91887839   0.44438821   1.94636726  -2.08341981
  0.74183480   0.01024917  -0.46895443   0.39827496   0.69057895   0.91906903   0.44543736   1.94785588  -2.08119215
  0.74099230   0.01080444  -0.46918837   0.39928971   0.69071176   0.91837897   0.44638465   1.94906093  -2.08001331
  0.73993148   0.01135000  -0.46954985   0.40024209   0.69072562   0.91772219   0.44764378   1.95046032  -2.07848464
  0.73827536   0.01419666  -0.46876689   0.40376963   0.69316139   0.91361538   0.45161962   1.95405056  -2.07664554
  0.73701057   0.01418714  -0.46978704   0.40421678   0.69217104   0.91403374   0.45238372   1.95544994  -2.07424515
  0.73701057   0.01418714  -0.46978704   0.40421678   0.69217104   0.91403374   0.45238372   1.95544994  -2.07424515
  0.73533115   0.01433806  -0.47043617   0.40521373   0.69186797   0.91372816   0.45398644   1.95675281  -2.07204136
  0.73386535   0.01505655  -0.47060933   0.40692864   0.69231135   0.91256833   0.45590273   1.95825441  -2.07004982
  0.73273127   0.01549126  -0.47084858   0.40795570   0.69246134   0.91187183   0.45730495   1.95937108  -2.06857678
  0.73119489   0.01571112  -0.47164699   0.40906138   0.69192904   0.91177024   0.45891693   1.96073794  -2.06551936
  0.73054534   0.01557464  -0.47178465   0.40927648   0.69190962   0.91164644   0.45895635   1.96103712  -2.06589990
  0.72791233   0.01802679  -0.47053199   0.41431292   0.69509815   0.90705093   0.46426025   1.96368679  -2.06295245
  0.72681436   0.01809412  -0.47148321   0.41463315   0.69415765   0.90743224   0.46495970   1.96509309  -2.06071615
  0.72652990   0.01812898  -0.47165593   0.41457442   0.69400981   0.90731013   0.46511524   1.96509097  -2.06082031
  0.72439395   0.01764856  -0.47259925   0.41576717   0.69328743   0.90775500   0.46660763   1.96612419  -2.05765094
  0.72439395   0.01764856  -0.47259925   0.41576717   0.69328743   0.90775500   0.46660763   1.96612419  -2.05765094
  0.72221194   0.01740370  -0.47275560   0.41795932   0.69371366   0.90706288   0.46864170   1.96615672  -2.05540183
  0.72052069   0.01740458  -0.47291156   0.41957899   0.69402026   0.90644213   0.47044112   1.96669187  -2.05341077
  0.71915185   0.01757634  -0.47285847   0.42118274   0.69454649   0.90554890   0.47186732   1.96709980  -2.05225687
  0.71760776   0.01755645  -0.47288991   0.42277211   0.69495877   0.90494452   0.47360909   1.96759094  -2.05037342
  0.71606104   0.01735009  -0.47360590   0.42382655   0.69441964   0.90506997   0.47463968   1.96817609  -2.04811810
  0.71430054   0.01731621  -0.47326701   0.42586932   0.69537032   0.90391897   0.47691855   1.96796597  -2.04658637
  0.71430054   0.01731621  -0.47326701   0.42586932   0.69537032   0.90391897   0.47691855   1.96796597  -2.04658637
  0.71168938   0.01657341  -0.47395179   0.42773867   0.69505486   0.90401843   0.47879226   1.96810448  -2.04359015
  0.71168938   0.01657341  -0.47395179   0.42773867   0.69505486   0.90401843   0.47879226   1.96810448  -2.04359015
  0.70860553   0.01546592  -0.47447436   0.43020562   0.69501291   0.90405015   0.48107967   1.96750323  -2.04031223
  0.70860553   0.01546592  -0.47447436   0.43020562   0.69501291   0.90405015   0.48107967   1.96750323  -2.04031223
  0.70541810   0.01421854  -0.47484667   0.43287700   0.69515879   0.90400254   0.48348050   1.96653587  -2.03714070
  0.70351250   0.01362879  -0.47474802   0.43485907   0.69568937   0.90352263   0.48525452   1.96584417  -2.03538129
  0.70182643   0.01315096  -0.47480087   0.43645643   0.69597383   0.90318845   0.48672476   1.96548215  -2.03377273
  0.70021565   0.01254860  -0.47509777   0.43779207   0.69589929   0.90328735   0.48798830   1.96517811  -2.03173779
  0.69852629   0.01185566  -0.47496448   0.43943488   0.69637356   0.90292895   0.48934925   1.96428464  -2.03063859
  0.69686995   0.01116277  -0.47507690   0.44086934   0.69651945   0.90286664   0.49059167   1.96368381  -2.02910393
  0.69507403   0.01030883  -0.47542243   0.44226544   0.69637335   0.90315111   0.49189400   1.96304788  -2.02689752
  0.69467803   0.01024474  -0.47557630   0.44234470   0.69625515   0.90305244   0.49195146   1.96304608  -2.02708586
  0.69186019   0.00846281  -0.47557726   0.44490516   0.69663593   0.90339234   0.49391462   1.96099697  -2.02443520
  0.68998178   0.00740518  -0.47579065   0.44648690   0.69663565   0.90368247   0.49519416   1.95990470  -2.02239417
  0.68956030   0.00732075  -0.47594486   0.44653822   0.69651564   0.90359093   0.49528215   1.95990057  -2.02259533
  0.68638736   0.00515110  -0.47573781   0.44958236   0.69715548   0.90389657   0.49745659   1.95706645  -2.01994474
  0.68470620   0.00415798  -0.47584929   0.45092000   0.69722827   0.90409766   0.49855488   1.95599151  -2.01848186
  0.68286698   0.00300362  -0.47596915   0.45242435   0.69729924   0.90437486   0.49969844   1.95465015  -2.01686531
  0.68106832   0.00179672  -0.47601060   0.45388897   0.69744371   0.90464983   0.50078723   1.95321351  -2.01546219
  0.67917349   0.00051964  -0.47615196   0.45539059   0.69747229   0.90504665   0.50188205   1.95174529  -2.01380631
  0.67736975  -0.00076751  -0.47620050   0.45684616   0.69758988   0.90539512   0.50292589   1.95012325  -2.01240035
  0.67551934  -0.00211392  -0.47627887   0.45828901   0.69766630   0.90582223   0.50394121   1.94852023  -2.01094705
  0.67367139  -0.00347449  -0.47638217   0.45973660   0.69770821   0.90627665   0.50495014   1.94681228  -2.00943500
  0.67174623  -0.00482499  -0.47667299   0.46107035   0.69753443   0.90691375   0.50592971   1.94550324  -2.00760004
  0.66978281  -0.00649157  -0.47646550   0.46280464   0.69792398   0.90726667   0.50700789   1.94294516  -2.00650867
  0.66808790  -0.00781589  -0.47656360   0.46403310   0.69793406   0.90777502   0.50784077   1.94135044  -2.00523911
  0.66620194  -0.00930646  -0.47666606   0.46546199   0.69795092   0.90834859   0.50877213   1.93946317  -2.00375556
  0.66425324  -0.01088393  -0.47674785   0.46693209   0.69798830   0.90896777   0.50973340   1.93747137  -2.00223571
  0.66232345  -0.01249535  -0.47676200   0.46838681   0.69809234   0.90955219   0.51066524   1.93534680  -2.00091655
  0.66044414  -0.01405499  -0.47682184   0.46978686   0.69813747   0.91016552   0.51152849   1.93334556  -1.99956656
  0.65856547  -0.01565939  -0.47682692   0.47119394   0.69823693   0.91077524   0.51238069   1.93125543  -1.99831681
  0.65651297  -0.01713008  -0.47727086   0.47270408   0.69787017   0.91160947   0.51328106   1.92961641  -1.99602973
  0.65443430  -0.01918165  -0.47685866   0.47434881   0.69842646   0.91213260   0.51437805   1.92645198  -1.99529015
  0.65263507  -0.02070270  -0.47697226   0.47558562   0.69838598   0.91282391   0.51514074   1.92456155  -1.99396496
  0.65061004  -0.02247108  -0.47699574   0.47708485   0.69845355   0.91356118   0.51604297   1.92221307  -1.99251511
  0.64860246  -0.02421418  -0.47704090   0.47855860   0.69849392   0.91430117   0.51694582   1.91986011  -1.99103523
  0.64651761  -0.02606119  -0.47702990   0.48009039   0.69859310   0.91505777   0.51785361   1.91737166  -1.98963567
  0.64438337  -0.02777216  -0.47725290   0.48153145   0.69844309   0.91590777   0.51882014   1.91536677  -1.98776796
  0.64246456  -0.02967684  -0.47693328   0.48312014   0.69885779   0.91647981   0.51965712   1.91233422  -1.98697365
  0.64061713  -0.03130004  -0.47698844   0.48438869   0.69886209   0.91721726   0.52041121   1.91022424  -1.98568997
  0.63857328  -0.03312711  -0.47695442   0.48587850   0.69896848   0.91796366   0.52129132   1.90768282  -1.98435017
  0.63654065  -0.03495744  -0.47691365   0.48736189   0.69907760   0.91873114   0.52215756   1.90517433  -1.98299213
  0.63443454  -0.03682854  -0.47690104   0.48889939   0.69915754   0.91953357   0.52307375   1.90259676  -1.98149347
  0.63207240  -0.03873298  -0.47709341   0.49051960   0.69903081   0.92044398   0.52414665   1.90021355  -1.97947248
  0.63020926  -0.04064561  -0.47668079   0.49206302   0.69951580   0.92100445   0.52491538   1.89712193  -1.97885746
  0.62833879  -0.04229780  -0.47669677   0.49333295   0.69954603   0.92174891   0.52568044   1.89493067  -1.97758872
  0.62625551  -0.04418458  -0.47659220   0.49486102   0.69970831   0.92250829   0.52658352   1.89227325  -1.97625047
  0.62418432  -0.04603586  -0.47650465   0.49636980   0.69984963   0.92324840   0.52747186   1.88964567  -1.97492680
  0.62211711  -0.04789931  -0.47639181   0.49788496   0.70001395   0.92399405   0.52836586   1.88701742  -1.97360095
  0.62004011  -0.04974884  -0.47628269   0.49940296   0.70017211   0.92471588   0.52926581   1.88437123  -1.97228922
  0.61784159  -0.05167630  -0.47621022   0.50101294   0.70029320   0.92550804   0.53025387   1.88165360  -1.97072732
  0.61577127  -0.05352312  -0.47606010   0.50254008   0.70048829   0.92620091   0.53115678   1.87899557  -1.96946598
  0.61364787  -0.05540156  -0.47593290   0.50411146   0.70065852   0.92693628   0.53211936   1.87630810  -1.96803043
  0.61149727  -0.05732085  -0.47574559   0.50570267   0.70088740   0.92763867   0.53308092   1.87353433  -1.96672631
  0.60944613  -0.05911748  -0.47560488   0.50721758   0.70106358   0.92831164   0.53398739   1.87095230  -1.96541862
  0.60694958  -0.06111092  -0.47568334   0.50892587   0.70102124   0.92919281   0.53521083   1.86839342  -1.96330471
  0.60508080  -0.06298431  -0.47512053   0.51055639   0.70162024   0.92962290   0.53603174   1.86524177  -1.96274172
  0.60310280  -0.06466979  -0.47503220   0.51193890   0.70173188   0.93028582   0.53691766   1.86292854  -1.96141970
  0.60102998  -0.06649330  -0.47479641   0.51350256   0.70199233   0.93090535   0.53788649   1.86029263  -1.96014464
  0.59884019  -0.06834909  -0.47462309   0.51515018   0.70218880   0.93155189   0.53893205   1.85759970  -1.95865104
  0.59670400  -0.07019504  -0.47435410   0.51679784   0.70247765   0.93211967   0.53992436   1.85486384  -1.95739950
  0.59422846  -0.07211997  -0.47441020   0.51850363   0.70243734   0.93294242   0.54118943   1.85241844  -1.95521662
  0.59236734  -0.07391793  -0.47377215   0.52015145   0.70308850   0.93323154   0.54209864   1.84934223  -1.95468706
  0.59036016  -0.07556928  -0.47361772   0.52160015   0.70324938   0.93378676   0.54306216   1.84705650  -1.95335314
  0.58821675  -0.07735880  -0.47336228   0.52325689   0.70350953   0.93432066   0.54414365   1.84444513  -1.95192615
  0.58602708  -0.07918857  -0.47305409   0.52495388   0.70381766   0.93481742   0.54525333   1.84176281  -1.95056888
  0.58355898  -0.08109168  -0.47300005   0.52670537   0.70386833   0.93551562   0.54658207   1.83926982  -1.94847770
  0.58175690  -0.08276057  -0.47234893   0.52834692   0.70450849   0.93569547   0.54748799   1.83645533  -1.94794153
  0.57979839  -0.08408625  -0.47249971   0.52968436   0.70434964   0.93619366   0.54839196   1.83483540  -1.94628037
  0.57751708  -0.08601915  -0.47197365   0.53163591   0.70485561   0.93653779   0.54973069   1.83172743  -1.94486575
  0.57546480  -0.08780378  -0.47144715   0.53329778   0.70535637   0.93688082   0.55088610   1.82914188  -1.94376197
  0.57333074  -0.08950346  -0.47110730   0.53497008   0.70566662   0.93723601   0.55204844   1.82669884  -1.94240845
  0.57090856  -0.09129235  -0.47100831   0.53670199   0.70573366   0.93778140   0.55342628   1.82436880  -1.94037360
  0.57043816  -0.09167489  -0.47089154   0.53700900   0.70584072   0.93786608   0.55336161   1.82440216  -1.94054272
  0.56695064  -0.09456484  -0.46990601   0.54018348   0.70674782   0.93809377   0.55567619   1.81926426  -1.93832938
  0.56496438  -0.09605900  -0.46961132   0.54175160   0.70699364   0.93834241   0.55682134   1.81717632  -1.93695931
  0.56253787  -0.09778313  -0.46950111   0.54345977   0.70704934   0.93878886   0.55828149   1.81497109  -1.93491233
  0.56072241  -0.09933934  -0.46871540   0.54530168   0.70775973   0.93871192   0.55938528   1.81234491  -1.93417967
  0.55877959  -0.10078901  -0.46834588   0.54688151   0.70806014   0.93886176   0.56057178   1.81035772  -1.93286403
  0.55677829  -0.10229354  -0.46789360   0.54858302   0.70843113   0.93895397   0.56177161   1.80825260  -1.93160566
  0.55484101  -0.10372458  -0.46742812   0.55025699   0.70880898   0.93896165   0.56300572   1.80611148  -1.93039327
  0.55262908  -0.10532301  -0.46704262   0.55209172   0.70909702   0.93910864   0.56442895   1.80390972  -1.92868220
  0.55037065  -0.10686565  -0.46691635   0.55381004   0.70913589   0.93944585   0.56580468   1.80204751  -1.92660127
  0.54835620  -0.10844145  -0.46603925   0.55579406   0.70987291   0.93913387   0.56722780   1.79940867  -1.92575089
  0.54649410  -0.10969940  -0.46565633   0.55735513   0.71014212   0.93905290   0.56847520   1.79770173  -1.92448495
  0.54438031  -0.11120007  -0.46516507   0.55925069   0.71049964   0.93903651   0.56992644   1.79564309  -1.92282452
  0.54232270  -0.11262804  -0.46463881   0.56109236   0.71087953   0.93890554   0.57134195   1.79368597  -1.92138928
  0.54031069  -0.11399541  -0.46413438   0.56289181   0.71123124   0.93874570   0.57277140   1.79181485  -1.91993181
  0.53840427  -0.11528239  -0.46359073   0.56463453   0.71161350   0.93850296   0.57417323   1.79002382  -1.91862105
  0.53632922  -0.11656781  -0.46348270   0.56617627   0.71159129   0.93862372   0.57556229   1.78857483  -1.91669014
  0.53433034  -0.11803654  -0.46251971   0.56834457   0.71233113   0.93810943   0.57710278   1.78625783  -1.91561959
  0.53246468  -0.11921950  -0.46203501   0.57007308   0.71262972   0.93783191   0.57851006   1.78480515  -1.91416005
  0.53055178  -0.12042870  -0.46148110   0.57187049   0.71297749   0.93745962   0.58001786   1.78317561  -1.91273242
  0.52878400  -0.12154960  -0.46088265   0.57356341   0.71336276   0.93702336   0.58138711   1.78176278  -1.91159701
  0.52660894  -0.12285215  -0.46027016   0.57574043   0.71370868   0.93653458   0.58320727   1.78006060  -1.90964930
  0.52470444  -0.12400339  -0.45978490   0.57750607   0.71396478   0.93617335   0.58472195   1.77868959  -1.90807250
  0.52287942  -0.12511476  -0.45916189   0.57931290   0.71433361   0.93564978   0.58625775   1.77724920  -1.90671332
  0.52071734  -0.12639736  -0.45897279   0.58128656   0.71430201   0.93566678   0.58784673   1.77589107  -1.90411179
  0.51940189  -0.12730262  -0.45811997   0.58277510   0.71490918   0.93495528   0.58908128   1.77437670  -1.90368402
  0.51725378  -0.12849268  -0.45759727   0.58469815   0.71512282   0.93439694   0.59079398   1.77320596  -1.90204166
  0.51550682  -0.12947635  -0.45687112   0.58656828   0.71552449   0.93362857   0.59244663   1.77203403  -1.90070794
  0.51369137  -0.13043039  -0.45631543   0.58844685   0.71576119   0.93295816   0.59408891   1.77096376  -1.89907450
  0.51184015  -0.13141817  -0.45569552   0.59038492   0.71603678   0.93223959   0.59575924   1.76991683  -1.89747725
  0.51000444  -0.13239322  -0.45507582   0.59230340   0.71629992   0.93151958   0.59749898   1.76892769  -1.89578102
  0.50830401  -0.13325213  -0.45441560   0.59417945   0.71658949   0.93067544   0.59919186   1.76801115  -1.89427302
  0.50637268  -0.13425735  -0.45417437   0.59581490   0.71652897   0.93036443   0.60082250   1.76730275  -1.89217119
  0.50610685  -0.13430758  -0.45422519   0.59601121   0.71644729   0.93024740   0.60077675   1.76727855  -1.89226700
  0.50324043  -0.13607257  -0.45302288   0.59908782   0.71705231   0.92920970   0.60347085   1.76506139  -1.88980948
  0.50136103  -0.13688620  -0.45221739   0.60133827   0.71734065   0.92798871   0.60557896   1.76442225  -1.88791194
  0.49976161  -0.13749930  -0.45144370   0.60337628   0.71761148   0.92672193   0.60752394   1.76402065  -1.88626869
  0.49817759  -0.13811977  -0.45074873   0.60530903   0.71781859   0.92556932   0.60936033   1.76370316  -1.88465409
  0.49768447  -0.13829311  -0.45081097   0.60557894   0.71769445   0.92546384   0.60940819   1.76378942  -1.88465969
  0.49453190  -0.13815375  -0.44710977   0.61260078   0.71917732   0.91846217   0.61678204   1.76554908  -1.87997608
  0.49326324  -0.13868882  -0.44753873   0.61352983   0.71863955   0.91877985   0.61717437   1.76563547  -1.87822630
  0.49295078  -0.13885006  -0.44756019   0.61334591   0.71858837   0.91873269   0.61747678   1.76565983  -1.87836196
  0.49033532  -0.14060429  -0.44599822   0.61650862   0.71938030   0.91743223   0.62027501   1.76293673  -1.87621333
  0.48905127  -0.14094890  -0.44617585   0.61756847   0.71892488   0.91712834   0.62128490   1.76348668  -1.87441860
  0.48753366  -0.14157064  -0.44577720   0.61918825   0.71887147   0.91636727   0.62284995   1.76323922  -1.87267629
  0.48604028  -0.14214043  -0.44527554   0.62092074   0.71886506   0.91542633   0.62452245   1.76306426  -1.87093741
  0.48469984  -0.14258263  -0.44459221   0.62265622   0.71897426   0.91418576   0.62624863   1.76307656  -1.86955433
  0.48316613  -0.14311399  -0.44470190   0.62403393   0.71851937   0.91389289   0.62751904   1.76325136  -1.86727708
  0.48161472  -0.14358027  -0.44332105   0.62663261   0.71897752   0.91168126   0.63016505   1.76301624  -1.86566803
  0.48052504  -0.14364991  -0.44281033   0.62822480   0.71887697   0.91028536   0.63186198   1.76385279  -1.86413871
  0.48052504  -0.14364991  -0.44281033   0.62822480   0.71887697   0.91028536   0.63186198   1.76385279  -1.86413871
  0.47771168  -0.14241625  -0.43850015   0.63630651   0.71973541   0.90103193   0.64057806   1.76839976  -1.85875968
  0.47771168  -0.14241625  -0.43850015   0.63630651   0.71973541   0.90103193   0.64057806   1.76839976  -1.85875968
  0.47580402  -0.14316194  -0.43893652   0.63744684   0.71898622   0.90110575   0.64171396   1.76870058  -1.85640965
  0.47580402  -0.14316194  -0.43893652   0.63744684   0.71898622   0.90110575   0.64171396   1.76870058  -1.85640965
  0.47275199  -0.14304896  -0.43629935   0.64353784   0.71901603   0.89532187   0.64823326   1.77122034  -1.85116600
  0.47250715  -0.14302792  -0.43646027   0.64356880   0.71883234   0.89521271   0.64825841   1.77125504  -1.85121298
  0.47104233  -0.14341060  -0.43658675   0.64494132   0.71822562   0.89480229   0.64964294   1.77218813  -1.84868660
  0.47014126  -0.14350700  -0.43625275   0.64615875   0.71802453   0.89379472   0.65103308   1.77270021  -1.84732787
  0.46895428  -0.14367365  -0.43605916   0.64755373   0.71762659   0.89284466   0.65256802   1.77355511  -1.84543241
  0.46765865  -0.14388098  -0.43629761   0.64885624   0.71694884   0.89241830   0.65377191   1.77444428  -1.84299741
  0.46676018  -0.14214486  -0.43248392   0.65465872   0.71756146   0.88442570   0.66047361   1.77883990  -1.84014710
  0.46676018  -0.14214486  -0.43248392   0.65465872   0.71756146   0.88442570   0.66047361   1.77883990  -1.84014710
  0.46527901  -0.14219016  -0.43289289   0.65592939   0.71658196   0.88378244   0.66206392   1.78047795  -1.83727573
  0.46424707  -0.14230846  -0.43329772   0.65677804   0.71589002   0.88361878   0.66283069   1.78132671  -1.83534437
  0.46354365  -0.14012989  -0.42938356   0.66292031   0.71615795   0.87503806   0.67032181   1.78682393  -1.83152339
  0.46276333  -0.14021847  -0.43000093   0.66321677   0.71547844   0.87528277   0.67053472   1.78763726  -1.83015808
  0.46276333  -0.14021847  -0.43000093   0.66321677   0.71547844   0.87528277   0.67053472   1.78763726  -1.83015808
  0.46149862  -0.14025729  -0.43033018   0.66417795   0.71464016   0.87466653   0.67188523   1.78895741  -1.82802540
  0.46067993  -0.13809091  -0.42742934   0.66963908   0.71414348   0.86726936   0.67874922   1.79493198  -1.82336245
  0.46067993  -0.13809091  -0.42742934   0.66963908   0.71414348   0.86726936   0.67874922   1.79493198  -1.82336245
  0.45919885  -0.13813899  -0.42865100   0.67033825   0.71274744   0.86763442   0.67949519   1.79635459  -1.82014243
  0.45880092  -0.13820051  -0.42877787   0.67029089   0.71254909   0.86743912   0.67964581   1.79648895  -1.82039623
  0.45852238  -0.13522302  -0.42525591   0.67654150   0.71193376   0.85857870   0.68761364   1.80425227  -1.81509572
  0.45852238  -0.13522302  -0.42525591   0.67654150   0.71193376   0.85857870   0.68761364   1.80425227  -1.81509572
  0.45744374  -0.13508719  -0.42585023   0.67728963   0.71093901   0.85820129   0.68855320   1.80585429  -1.81296750
  0.45695902  -0.13438978  -0.42559008   0.67870298   0.71027206   0.85646407   0.69033659   1.80817562  -1.81099033
  0.45689815  -0.13194549  -0.42306208   0.68315849   0.70956729   0.84975796   0.69644375   1.81428921  -1.80705170
  0.45625504  -0.13193734  -0.42349310   0.68348745   0.70899177   0.84973407   0.69677162   1.81504512  -1.80594497
  0.45625504  -0.13193734  -0.42349310   0.68348745   0.70899177   0.84973407   0.69677162   1.81504512  -1.80594497
  0.45490090  -0.13167627  -0.42480303   0.68408790   0.70742032   0.84987030   0.69758103   1.81732859  -1.80262491
  0.45477636  -0.13162790  -0.42489256   0.68403056   0.70730499   0.84974102   0.69768654   1.81734672  -1.80270849
  0.45604270  -0.12658205  -0.42069669   0.69072039   0.70613089   0.83823318   0.70725085   1.82889313  -1.79727146
  0.45604270  -0.12658205  -0.42069669   0.69072039   0.70613089   0.83823318   0.70725085   1.82889313  -1.79727146
  0.45459593  -0.12661554  -0.42186966   0.69126100   0.70476288   0.83857081   0.70807510   1.83029146  -1.79416736
  0.45446384  -0.12657209  -0.42196558   0.69124751   0.70464193   0.83845625   0.70813188   1.83031708  -1.79423405
  0.45555001  -0.12194315  -0.41843218   0.69724744   0.70324187   0.82835864   0.71673003   1.84099010  -1.78891209
  0.45555001  -0.12194315  -0.41843218   0.69724744   0.70324187   0.82835864   0.71673003   1.84099010  -1.78891209
  0.45437060  -0.12184294  -0.41961475   0.69739742   0.70196355   0.82872245   0.71739740   1.84248222  -1.78626179
  0.45437060  -0.12184294  -0.41961475   0.69739742   0.70196355   0.82872245   0.71739740   1.84248222  -1.78626179
  0.45589877  -0.11675736  -0.41663448   0.70262680   0.70026062   0.81903288   0.72538627   1.85351261  -1.78128321
  0.45589877  -0.11675736  -0.41663448   0.70262680   0.70026062   0.81903288   0.72538627   1.85351261  -1.78128321
  0.45479324  -0.11648676  -0.41763237   0.70300393   0.69897874   0.81899390   0.72615341   1.85552386  -1.77879001
  0.45584954  -0.11318538  -0.41573513   0.70619471   0.69783486   0.81293047   0.73158062   1.86252640  -1.77521410
  0.45530132  -0.11297574  -0.41620945   0.70651097   0.69714991   0.81279391   0.73206160   1.86364193  -1.77380792
  0.45660678  -0.11023645  -0.41470508   0.70847078   0.69649779   0.80815075   0.73583647   1.86866163  -1.77205321
  0.45611992  -0.10999391  -0.41510840   0.70860441   0.69585469   0.80792814   0.73650656   1.86990476  -1.77078010
  0.45553091  -0.10958528  -0.41591699   0.70877794   0.69488394   0.80792262   0.73679063   1.87194208  -1.76900306
  0.45751802  -0.10587498  -0.41355187   0.71177159   0.69422166   0.80148482   0.74197029   1.87831746  -1.76671370
  0.45712748  -0.10531161  -0.41406234   0.71201235   0.69337734   0.80105450   0.74273658   1.88021033  -1.76503581
  0.45712748  -0.10531161  -0.41406234   0.71201235   0.69337734   0.80105450   0.74273658   1.88021033  -1.76503581
  0.45854757  -0.10098864  -0.41275245   0.71479843   0.69154358   0.79474699   0.74839871   1.88902977  -1.76059827
  0.45811464  -0.10080995  -0.41319676   0.71507982   0.69098432   0.79471146   0.74840653   1.89009798  -1.75971033
  0.45819077  -0.09997466  -0.41381120   0.71465992   0.69024830   0.79441960   0.74895428   1.89228410  -1.75841117
  0.46004973  -0.09560559  -0.41123715   0.71835284   0.68905248   0.78693435   0.75547596   1.90049083  -1.75491432
  0.46004973  -0.09560559  -0.41123715   0.71835284   0.68905248   0.78693435   0.75547596   1.90049083  -1.75491432
  0.45990356  -0.09449429  -0.41239472   0.71783269   0.68785110   0.78673021   0.75569019   1.90355991  -1.75323603
  0.46177430  -0.09061369  -0.41067759   0.72021461   0.68681073   0.78104279   0.76050668   1.91052128  -1.75044639
  0.46177430  -0.09061369  -0.41067759   0.72021461   0.68681073   0.78104279   0.76050668   1.91052128  -1.75044639
  0.46205831  -0.08894541  -0.41166886   0.71956699   0.68557852   0.78027739   0.76129879   1.91433496  -1.74857283
  0.46205831  -0.08894541  -0.41166886   0.71956699   0.68557852   0.78027739   0.76129879   1.91433496  -1.74857283
  0.46441568  -0.08329003  -0.40899581   0.72350030   0.68391474   0.77165090   0.76898722   1.92471673  -1.74408723
  0.46441568  -0.08329003  -0.40899581   0.72350030   0.68391474   0.77165090   0.76898722   1.92471673  -1.74408723
  0.46424164  -0.08239962  -0.41033764   0.72256974   0.68284018   0.77202074   0.76898933   1.92693276  -1.74229422
  0.46568589  -0.08003150  -0.41081300   0.72166018   0.68212130   0.77057957   0.76924904   1.93141129  -1.74202320
  0.46568589  -0.08003150  -0.41081300   0.72166018   0.68212130   0.77057957   0.76924904   1.93141129  -1.74202320
  0.46784809  -0.07432243  -0.40811820   0.72573119   0.68040115   0.76200362   0.77725809   1.94189237  -1.73713693
  0.46784809  -0.07432243  -0.40811820   0.72573119   0.68040115   0.76200362   0.77725809   1.94189237  -1.73713693
  0.46894590  -0.07212582  -0.40944344   0.72402919   0.67938618   0.76163477   0.77695774   1.94608477  -1.73613951
  0.46894590  -0.07212582  -0.40944344   0.72402919   0.67938618   0.76163477   0.77695774   1.94608477  -1.73613951
  0.47074463  -0.06888054  -0.41014692   0.72277586   0.67833736   0.75974984   0.77772141   1.95193459  -1.73511042
  0.47074463  -0.06888054  -0.41014692   0.72277586   0.67833736   0.75974984   0.77772141   1.95193459  -1.73511042
  0.47380849  -0.06232983  -0.40767917   0.72565371   0.67684416   0.75131221   0.78516844   1.96293042  -1.73110556
  0.47380849  -0.06232983  -0.40767917   0.72565371   0.67684416   0.75131221   0.78516844   1.96293042  -1.73110556
  0.47465953  -0.06042313  -0.40872481   0.72437003   0.67596815   0.75088667   0.78501425   1.96669031  -1.73010276
  0.47465953  -0.06042313  -0.40872481   0.72437003   0.67596815   0.75088667   0.78501425   1.96669031  -1.73010276
  0.47639619  -0.05743717  -0.40974611   0.72254754   0.67504777   0.74974376   0.78500804   1.97199685  -1.72939990
  0.47639619  -0.05743717  -0.40974611   0.72254754   0.67504777   0.74974376   0.78500804   1.97199685  -1.72939990
  0.47949120  -0.05102243  -0.40722017   0.72502907   0.67393882   0.74175299   0.79216881   1.98205200  -1.72601987
  0.47966248  -0.05010436  -0.40809734   0.72417308   0.67328669   0.74186698   0.79182885   1.98429639  -1.72520158
  0.48109074  -0.04839688  -0.40826244   0.72319990   0.67318727   0.74104693   0.79165479   1.98677330  -1.72555188
  0.48109074  -0.04839688  -0.40826244   0.72319990   0.67318727   0.74104693   0.79165479   1.98677330  -1.72555188
  0.48301136  -0.04554776  -0.40905479   0.72132162   0.67260653   0.73996812   0.79143199   1.99120440  -1.72543556
  0.48301136  -0.04554776  -0.40905479   0.72132162   0.67260653   0.73996812   0.79143199   1.99120440  -1.72543556
  0.48513970  -0.04226243  -0.40980993   0.71921323   0.67195559   0.73854310   0.79139489   1.99681824  -1.72538955
  0.48513970  -0.04226243  -0.40980993   0.71921323   0.67195559   0.73854310   0.79139489   1.99681824  -1.72538955
  0.48750634  -0.03869226  -0.41044342   0.71725731   0.67134015   0.73685574   0.79144221   2.00261846  -1.72524881
  0.48750634  -0.03869226  -0.41044342   0.71725731   0.67134015   0.73685574   0.79144221   2.00261846  -1.72524881
  0.48987390  -0.03513196  -0.41079357   0.71557046   0.67084360   0.73489971   0.79187074   2.00814240  -1.72512077
  0.48987390  -0.03513196  -0.41079357   0.71557046   0.67084360   0.73489971   0.79187074   2.00814240  -1.72512077
  0.49226708  -0.03157109  -0.41108346   0.71386165   0.67041260   0.73292405   0.79230650   2.01357782  -1.72509953
  0.49457133  -0.02596496  -0.40803103   0.71721171   0.66997877   0.72555620   0.79950947   2.02165854  -1.72179489
  0.49457133  -0.02596496  -0.40803103   0.71721171   0.66997877   0.72555620   0.79950947   2.02165854  -1.72179489
  0.49648124  -0.02379304  -0.40865334   0.71489942   0.66989837   0.72508578   0.79850705   2.02508830  -1.72287594
  0.49780332  -0.02189318  -0.40925073   0.71336414   0.66959657   0.72455657   0.79807601   2.02787399  -1.72299725
  0.49926947  -0.02014075  -0.40945729   0.71207729   0.66957495   0.72380856   0.79758368   2.03052304  -1.72379860
  0.49957178  -0.01972062  -0.40963406   0.71177193   0.66949595   0.72369268   0.79766208   2.03037119  -1.72363933
  0.50159741  -0.01701520  -0.41011779   0.70965392   0.66929035   0.72275496   0.79709326   2.03508520  -1.72419744
  0.50159741  -0.01701520  -0.41011779   0.70965392   0.66929035   0.72275496   0.79709326   2.03508520  -1.72419744
  0.50408822  -0.01397763  -0.41065461   0.70721131   0.66918234   0.72167716   0.79622688   2.03945871  -1.72527640
  0.50538017  -0.01221463  -0.41078207   0.70616461   0.66910428   0.72084953   0.79624779   2.04192450  -1.72544619
  0.50722444  -0.01024786  -0.41070413   0.70493147   0.66931097   0.71977304   0.79569202   2.04456648  -1.72680283
  0.50737643  -0.01005546  -0.41076922   0.70451660   0.66930728   0.71977081   0.79592190   2.04461161  -1.72671003
  0.50957489  -0.00730165  -0.41140892   0.70218780   0.66913568   0.71895891   0.79471449   2.04907204  -1.72778219
  0.50998706  -0.00696886  -0.41142733   0.70192285   0.66920446   0.71893434   0.79476497   2.04898386  -1.72760110
  0.51208758  -0.00418968  -0.41180043   0.69979918   0.66909588   0.71779634   0.79415531   2.05335132  -1.72861405
  0.51341899  -0.00258020  -0.41182475   0.69876369   0.66916082   0.71700004   0.79393788   2.05552308  -1.72926237
  0.51381318  -0.00233003  -0.41177208   0.69852723   0.66928227   0.71699436   0.79393923   2.05555620  -1.72920309
  0.51612983   0.00049389  -0.41221786   0.69613536   0.66924536   0.71593621   0.79291155   2.05976661  -1.73068939
  0.51651015   0.00073255  -0.41216037   0.69590486   0.66936663   0.71591847   0.79290936   2.05979131  -1.73067130
  0.51873740   0.00326706  -0.41256874   0.69358162   0.66940505   0.71503727   0.79172738   2.06353435  -1.73231210
  0.52016822   0.00482813  -0.41269255   0.69228270   0.66950604   0.71444736   0.79119778   2.06559012  -1.73314907
  0.52054331   0.00505073  -0.41262920   0.69201159   0.66963594   0.71443893   0.79120913   2.06561641  -1.73316385
  0.52264042   0.00736295  -0.41309868   0.68962782   0.66966844   0.71377131   0.78996207   2.06898818  -1.73476808
  0.52435514   0.00879499  -0.41293988   0.68843849   0.67005589   0.71302555   0.78910921   2.07056966  -1.73651967
  0.52435514   0.00879499  -0.41293988   0.68843849   0.67005589   0.71302555   0.78910921   2.07056966  -1.73651967
  0.52701973   0.01146669  -0.41358870   0.68536953   0.67015003   0.71259182   0.78736553   2.07435559  -1.73822106
  0.52744861   0.01168572  -0.41351144   0.68511061   0.67030651   0.71262447   0.78732973   2.07434237  -1.73819073
  0.52968944   0.01384507  -0.41395359   0.68257208   0.67045203   0.71205914   0.78566447   2.07741423  -1.74038717
  0.53123734   0.01504291  -0.41394138   0.68112498   0.67078177   0.71160925   0.78468046   2.07890247  -1.74214499
  0.53156761   0.01520308  -0.41390585   0.68107986   0.67087951   0.71167940   0.78454633   2.07885388  -1.74196540
  0.53338334   0.01695629  -0.41461469   0.67839267   0.67084395   0.71164725   0.78307122   2.08133985  -1.74340666
  0.53503215   0.01797924  -0.41435983   0.67729562   0.67135812   0.71113266   0.78215545   2.08206888  -1.74526280
  0.53503215   0.01797924  -0.41435983   0.67729562   0.67135812   0.71113266   0.78215545   2.08206888  -1.74526280
  0.53778167   0.02021076  -0.41506311   0.67402276   0.67154834   0.71104835   0.77953506   2.08541230  -1.74786110
  0.53918279   0.02105181  -0.41514694   0.67263006   0.67184742   0.71087726   0.77825041   2.08636587  -1.74970663
  0.54035228   0.02180380  -0.41552408   0.67105944   0.67193587   0.71106228   0.77690197   2.08751417  -1.75098160
  0.54101510   0.02215399  -0.41548559   0.67065442   0.67211893   0.71114029   0.77681434   2.08723916  -1.75084465
  0.54308660   0.02335116  -0.41623537   0.66767647   0.67225580   0.71155933   0.77408784   2.08924964  -1.75357790
  0.54308660   0.02335116  -0.41623537   0.66767647   0.67225580   0.71155933   0.77408784   2.08924964  -1.75357790
  0.54561037   0.02461173  -0.41633443   0.66523712   0.67285174   0.71148567   0.77177515   2.09044656  -1.75667475
  0.54707844   0.02512894  -0.41703242   0.66296321   0.67291520   0.71222458   0.76949473   2.09123653  -1.75852578
  0.54707844   0.02512894  -0.41703242   0.66296321   0.67291520   0.71222458   0.76949473   2.09123653  -1.75852578
  0.54955506   0.02293758  -0.42040229   0.65590087   0.67254926   0.71766507   0.76040158   2.08913283  -1.76418756
  0.54955506   0.02293758  -0.42040229   0.65590087   0.67254926   0.71766507   0.76040158   2.08913283  -1.76418756
  0.55158045   0.02372968  -0.41982145   0.65475887   0.67339359   0.71713161   0.75916853   2.08922432  -1.76690864
  0.55280232   0.02421638  -0.42014068   0.65318174   0.67353604   0.71749851   0.75769229   2.08979232  -1.76829397
  0.55280232   0.02421638  -0.42014068   0.65318174   0.67353604   0.71749851   0.75769229   2.08979232  -1.76829397
  0.55512662   0.02508766  -0.42005862   0.65106762   0.67418707   0.71748295   0.75544973   2.09049991  -1.77147499
  0.55662605   0.02166979  -0.42362475   0.64454292   0.67341730   0.72370576   0.74636049   2.08684185  -1.77645550
  0.55662605   0.02166979  -0.42362475   0.64454292   0.67341730   0.72370576   0.74636049   2.08684185  -1.77645550
  0.55845195   0.02225242  -0.42301547   0.64358047   0.67424002   0.72327135   0.74520757   2.08674795  -1.77899859
  0.55983107   0.02264071  -0.42298076   0.64229243   0.67462134   0.72335940   0.74376288   2.08687004  -1.78099214
  0.56089778   0.02271309  -0.42324677   0.64090523   0.67478751   0.72392350   0.74217582   2.08678124  -1.78247256
  0.56244933   0.02064766  -0.42522639   0.63659558   0.67450368   0.72770677   0.73586423   2.08431523  -1.78669575
  0.56301958   0.02041895  -0.42503827   0.63607843   0.67484627   0.72790575   0.73525336   2.08363725  -1.78781685
  0.56419052   0.02055280  -0.42472369   0.63538328   0.67536160   0.72778842   0.73402974   2.08325432  -1.78995959
  0.56508121   0.01687710  -0.42795090   0.62963499   0.67438126   0.73396605   0.72607857   2.07920101  -1.79368698
  0.56608902   0.01704436  -0.42726817   0.62937651   0.67507799   0.73352010   0.72589188   2.07844400  -1.79522343
  0.56608902   0.01704436  -0.42726817   0.62937651   0.67507799   0.73352010   0.72589188   2.07844400  -1.79522343
  0.56779630   0.01719624  -0.42693639   0.62821075   0.67574457   0.73364140   0.72390564   2.07814758  -1.79804939
  0.56894941   0.01355897  -0.42992825   0.62243854   0.67486484   0.73967123   0.71577903   2.07384975  -1.80241519
  0.56959473   0.01329955  -0.42944102   0.62238900   0.67540602   0.73959961   0.71516688   2.07288085  -1.80386290
  0.57046176   0.01314969  -0.42925214   0.62175424   0.67579258   0.73982892   0.71407958   2.07215464  -1.80539572
  0.57138759   0.01286573  -0.42918166   0.62072877   0.67614860   0.74031352   0.71276212   2.07128808  -1.80712765
  0.57254035   0.01277384  -0.42868657   0.61995783   0.67681226   0.74028905   0.71182594   2.07033382  -1.80928185
  0.57342089   0.00762879  -0.43251513   0.61326783   0.67543411   0.74823153   0.70132218   2.06428026  -1.81455902
  0.57357448   0.00758617  -0.43239020   0.61328137   0.67556592   0.74831460   0.70128569   2.06426076  -1.81451209
  0.57464161   0.00725372  -0.43178305   0.61289031   0.67631029   0.74832352   0.70025219   2.06265466  -1.81672160
  0.57581424   0.00705397  -0.43116440   0.61251907   0.67706125   0.74822733   0.69900223   2.06139497  -1.81917253
  0.57621868   0.00245899  -0.43436672   0.60670696   0.67576991   0.75525824   0.69079204   2.05585768  -1.82291804
  0.57712907   0.00230722  -0.43358318   0.60651017   0.67657419   0.75495334   0.69040577   2.05467344  -1.82479934
  0.57726750   0.00227852  -0.43349264   0.60658972   0.67667176   0.75502695   0.69028043   2.05467068  -1.82475834
  0.57839679  -0.00363896  -0.43648172   0.60014109   0.67582643   0.76316996   0.67955258   2.04605582  -1.83145013
  0.57839679  -0.00363896  -0.43648172   0.60014109   0.67582643   0.76316996   0.67955258   2.04605582  -1.83145013
  0.57961988  -0.00390581  -0.43569345   0.59969698   0.67672142   0.76316643   0.67856073   2.04465511  -1.83370165
  0.58029543  -0.00797392  -0.43770180   0.59520186   0.67607012   0.76888762   0.67143469   2.03859770  -1.83798630
  0.58100310  -0.00791942  -0.43732720   0.59499604   0.67648844   0.76884416   0.67118943   2.03793043  -1.83862006
  0.58141565  -0.00859230  -0.43705388   0.59451781   0.67689327   0.76935035   0.67008291   2.03685299  -1.84028247
  0.58239647  -0.00887704  -0.43641457   0.59396700   0.67763058   0.76935566   0.66929614   2.03539804  -1.84237875
  0.58251325  -0.00892740  -0.43632755   0.59404549   0.67772414   0.76944566   0.66916223   2.03540043  -1.84234340
  0.58308243  -0.01640681  -0.43975537   0.58681341   0.67643381   0.77957499   0.65690333   2.02443481  -1.84941160
  0.58308243  -0.01640681  -0.43975537   0.58681341   0.67643381   0.77957499   0.65690333   2.02443481  -1.84941160
  0.58425345  -0.01682834  -0.43907541   0.58617403   0.67725035   0.77986368   0.65574081   2.02271082  -1.85158475
  0.58435261  -0.02235076  -0.44190363   0.58052310   0.67589068   0.78791028   0.64706277   2.01468668  -1.85555643
  0.58499461  -0.02248824  -0.44144881   0.58028862   0.67638620   0.78788821   0.64648802   2.01389026  -1.85687553
  0.58566036  -0.02314626  -0.44106204   0.57973872   0.67690511   0.78842324   0.64525440   2.01212705  -1.85873338
  0.58566036  -0.02314626  -0.44106204   0.57973872   0.67690511   0.78842324   0.64525440   2.01212705  -1.85873338
  0.58643528  -0.02900306  -0.44283498   0.57436600   0.67642178   0.79615700   0.63609909   2.00243326  -1.86478697
  0.58643528  -0.02900306  -0.44283498   0.57436600   0.67642178   0.79615700   0.63609909   2.00243326  -1.86478697
  0.58747511  -0.02945514  -0.44212046   0.57386754   0.67723149   0.79644100   0.63502485   2.00068485  -1.86681730
  0.58764493  -0.03368609  -0.44369397   0.56990260   0.67650996   0.80228115   0.62873243   1.99375977  -1.87033492
  0.58848206  -0.03376729  -0.44316367   0.56951254   0.67708668   0.80226438   0.62812861   1.99280316  -1.87178087
  0.58864460  -0.03490130  -0.44324115   0.56884906   0.67718132   0.80360879   0.62648948   1.99085576  -1.87292581
  0.58843630  -0.03907827  -0.44485822   0.56510733   0.67629552   0.80941847   0.62074785   1.98441016  -1.87568178
  0.58957176  -0.03899929  -0.44406016   0.56470534   0.67712096   0.80908500   0.62013790   1.98327927  -1.87773527
  0.58957176  -0.03899929  -0.44406016   0.56470534   0.67712096   0.80908500   0.62013790   1.98327927  -1.87773527
  0.58935198  -0.04481473  -0.44603239   0.55995919   0.67605123   0.81705837   0.61201784   1.97408827  -1.88168975
  0.59019331  -0.04483957  -0.44563758   0.55947308   0.67649668   0.81715145   0.61128210   1.97327050  -1.88299352
  0.59067543  -0.04568720  -0.44530567   0.55879666   0.67693001   0.81796864   0.60999704   1.97124313  -1.88473405
  0.59137248  -0.04614208  -0.44460048   0.55838700   0.67767664   0.81806128   0.60927500   1.96945248  -1.88675807
  0.59151323  -0.04622374  -0.44446983   0.55845731   0.67781102   0.81819615   0.60916373   1.96946630  -1.88667383
  0.59083983  -0.05285225  -0.44681660   0.55321182   0.67633007   0.82727733   0.60059412   1.95842763  -1.89038341
  0.59083983  -0.05285225  -0.44681660   0.55321182   0.67633007   0.82727733   0.60059412   1.95842763  -1.89038341
  0.59222783  -0.05550195  -0.44731099   0.54947234   0.67625048   0.83150587   0.59496218   1.95329262  -1.89500853
  0.59222783  -0.05550195  -0.44731099   0.54947234   0.67625048   0.83150587   0.59496218   1.95329262  -1.89500853
  0.59284894  -0.05631719  -0.44645995   0.54934349   0.67713887   0.83192247   0.59411626   1.95075554  -1.89674864
  0.59253065  -0.06065877  -0.44780905   0.54570673   0.67621463   0.83798850   0.58857349   1.94328595  -1.89930462
  0.59253065  -0.06065877  -0.44780905   0.54570673   0.67621463   0.83798850   0.58857349   1.94328595  -1.89930462
  0.59344492  -0.06134086  -0.44713853   0.54502291   0.67694647   0.83863766   0.58712014   1.94114688  -1.90153359
  0.59413845  -0.06182024  -0.44645359   0.54452841   0.67766369   0.83883459   0.58637766   1.93914863  -1.90346696
  0.59424186  -0.06191941  -0.44632866   0.54460230   0.67779021   0.83897361   0.58626942   1.93918602  -1.90339612
  0.59370059  -0.06831139  -0.44877174   0.53888138   0.67588713   0.84844566   0.57754246   1.92843035  -1.90688135
  0.59370059  -0.06831139  -0.44877174   0.53888138   0.67588713   0.84844566   0.57754246   1.92843035  -1.90688135
  0.59461328  -0.06886070  -0.44804210   0.53828099   0.67665158   0.84890673   0.57628597   1.92642915  -1.90905451
  0.59461328  -0.06886070  -0.44804210   0.53828099   0.67665158   0.84890673   0.57628597   1.92642915  -1.90905451
  0.59556448  -0.06942815  -0.44681334   0.53798310   0.67789252   0.84885747   0.57552258   1.92392828  -1.91171780
  0.59556448  -0.06942815  -0.44681334   0.53798310   0.67789252   0.84885747   0.57552258   1.92392828  -1.91171780
  0.59507999  -0.07651575  -0.44954115   0.53143425   0.67556772   0.85973947   0.56566885   1.91214460  -1.91535966
  0.59507999  -0.07651575  -0.44954115   0.53143425   0.67556772   0.85973947   0.56566885   1.91214460  -1.91535966
  0.59597338  -0.07655676  -0.44870115   0.53109706   0.67640999   0.85949322   0.56543134   1.91096664  -1.91691708
  0.59610474  -0.07664375  -0.44854902   0.53126099   0.67656239   0.85960732   0.56522762   1.91095670  -1.91690742
  0.59610474  -0.07664375  -0.44854902   0.53126099   0.67656239   0.85960732   0.56522762   1.91095670  -1.91690742
  0.59594129  -0.08185135  -0.44955325   0.52698661   0.67569845   0.86674849   0.55844466   1.90091555  -1.92094119
  0.59594129  -0.08185135  -0.44955325   0.52698661   0.67569845   0.86674849   0.55844466   1.90091555  -1.92094119
  0.59667993  -0.08208805  -0.44902576   0.52657570   0.67623033   0.86701175   0.55773653   1.89975174  -1.92215934
  0.59667993  -0.08208805  -0.44902576   0.52657570   0.67623033   0.86701175   0.55773653   1.89975174  -1.92215934
  0.59752700  -0.08244095  -0.44803988   0.52639716   0.67721844   0.86693455   0.55699790   1.89762993  -1.92428484
  0.59752700  -0.08244095  -0.44803988   0.52639716   0.67721844   0.86693455   0.55699790   1.89762993  -1.92428484
  0.59674467  -0.08733822  -0.44959176   0.52240670   0.67570741   0.87411751   0.55132320   1.88951823  -1.92602003
  0.59674467  -0.08733822  -0.44959176   0.52240670   0.67570741   0.87411751   0.55132320   1.88951823  -1.92602003
  0.59749758  -0.08744854  -0.44903309   0.52205413   0.67626412   0.87417388   0.55034954   1.88862958  -1.92780223
  0.59749758  -0.08744854  -0.44903309   0.52205413   0.67626412   0.87417388   0.55034954   1.88862958  -1.92780223
  0.59799580  -0.08808343  -0.44862610   0.52143731   0.67666663   0.87487863   0.54955039   1.88662415  -1.92892143
  0.59799580  -0.08808343  -0.44862610   0.52143731   0.67666663   0.87487863   0.54955039   1.88662415  -1.92892143
  0.59850599  -0.08843411  -0.44805583   0.52102365   0.67723449   0.87505241   0.54917280   1.88516557  -1.93015685
  0.59850599  -0.08843411  -0.44805583   0.52102365   0.67723449   0.87505241   0.54917280   1.88516557  -1.93015685
  0.59785532  -0.09302105  -0.44951807   0.51736867   0.67571807   0.88194233   0.54343815   1.87739118  -1.93189126
  0.59785532  -0.09302105  -0.44951807   0.51736867   0.67571807   0.88194233   0.54343815   1.87739118  -1.93189126
  0.59785532  -0.09302105  -0.44951807   0.51736867   0.67571807   0.88194233   0.54343815   1.87739118  -1.93189126
  0.59886109  -0.09290173  -0.44879602   0.51690014   0.67643574   0.88169450   0.54303226   1.87634941  -1.93347581
  0.59874408  -0.09311991  -0.44867812   0.51706090   0.67655450   0.88183560   0.54276768   1.87645085  -1.93371574
  0.59874408  -0.09311991  -0.44867812   0.51706090   0.67655450   0.88183560   0.54276768   1.87645085  -1.93371574
  0.59908174  -0.09386447  -0.44839394   0.51640819   0.67681848   0.88265220   0.54164832   1.87412398  -1.93514304
  0.59908174  -0.09386447  -0.44839394   0.51640819   0.67681848   0.88265220   0.54164832   1.87412398  -1.93514304
  0.59908174  -0.09386447  -0.44839394   0.51640819   0.67681848   0.88265220   0.54164832   1.87412398  -1.93514304
  0.59908174  -0.09386447  -0.44839394   0.51640819   0.67681848   0.88265220   0.54164832   1.87412398  -1.93514304
  0.59901545  -0.09863925  -0.44991551   0.51162227   0.67512642   0.89030069   0.53517517   1.86548703  -1.93759147
  0.59901545  -0.09863925  -0.44991551   0.51162227   0.67512642   0.89030069   0.53517517   1.86548703  -1.93759147
  0.59901545  -0.09863925  -0.44991551   0.51162227   0.67512642   0.89030069   0.53517517   1.86548703  -1.93759147
  0.59901545  -0.09863925  -0.44991551   0.51162227   0.67512642   0.89030069   0.53517517   1.86548703  -1.93759147
  0.59901545  -0.09863925  -0.44991551   0.51162227   0.67512642   0.89030069   0.53517517   1.86548703  -1.93759147
  0.60015037  -0.09865903  -0.44875729   0.51119401   0.67628130   0.88987642   0.53455734   1.86400975  -1.94018112
  0.60015037  -0.09865903  -0.44875729   0.51119401   0.67628130   0.88987642   0.53455734   1.86400975  -1.94018112
  0.60015037  -0.09865903  -0.44875729   0.51119401   0.67628130   0.88987642   0.53455734   1.86400975  -1.94018112
  0.60033847  -0.09869082  -0.44865155   0.51133343   0.67638458   0.89001122   0.53438239   1.86398150  -1.94000041
  0.60033847  -0.09869082  -0.44865155   0.51133343   0.67638458   0.89001122   0.53438239   1.86398150  -1.94000041
  0.60033847  -0.09869082  -0.44865155   0.51133343   0.67638458   0.89001122   0.53438239   1.86398150  -1.94000041
  0.60033847  -0.09869082  -0.44865155   0.51133343   0.67638458   0.89001122   0.53438239   1.86398150  -1.94000041
  0.60033847  -0.09869082  -0.44865155   0.51133343   0.67638458   0.89001122   0.53438239   1.86398150  -1.94000041
  0.60033847  -0.09869082  -0.44865155   0.51133343   0.67638458   0.89001122   0.53438239   1.86398150  -1.94000041
  0.60033847  -0.09869082  -0.44865155   0.51133343   0.67638458   0.89001122   0.53438239   1.86398150  -1.94000041
  0.60087862  -0.09923509  -0.44785250   0.51117637   0.67716757   0.89019015   0.53361629   1.86141507  -1.94176143
  0.60074347  -0.09944625  -0.44779644   0.51103265   0.67722342   0.89035534   0.53371664   1.86152084  -1.94180533
  0.60074347  -0.09944625  -0.44779644   0.51103265   0.67722342   0.89035534   0.53371664   1.86152084  -1.94180533
  0.60074347  -0.09944625  -0.44779644   0.51103265   0.67722342   0.89035534   0.53371664   1.86152084  -1.94180533
  0.60074347  -0.09944625  -0.44779644   0.51103265   0.67722342   0.89035534   0.53371664   1.86152084  -1.94180533
  0.60074347  -0.09944625  -0.44779644   0.51103265   0.67722342   0.89035534   0.53371664   1.86152084  -1.94180533
  0.60074347  -0.09944625  -0.44779644   0.51103265   0.67722342   0.89035534   0.53371664   1.86152084  -1.94180533
  0.60074347  -0.09944625  -0.44779644   0.51103265   0.67722342   0.89035534   0.53371664   1.86152084  -1.94180533
  0.60074347  -0.09944625  -0.44779644   0.51103265   0.67722342   0.89035534   0.53371664   1.86152084  -1.94180533
  0.60074347  -0.09944625  -0.44779644   0.51103265   0.67722342   0.89035534   0.53371664   1.86152084  -1.94180533
  0.60074347  -0.09944625  -0.44779644   0.51103265   0.67722342   0.89035534   0.53371664   1.86152084  -1.94180533
  0.60074347  -0.09944625  -0.44779644   0.51103265   0.67722342   0.89035534   0.53371664   1.86152084  -1.94180533
  0.60074347  -0.09944625  -0.44779644   0.51103265   0.67722342   0.89035534   0.53371664   1.86152084  -1.94180533
  0.60074347  -0.09944625  -0.44779644   0.51103265   0.67722342   0.89035534   0.53371664   1.86152084  -1.94180533
  0.60074347  -0.09944625  -0.44779644   0.51103265   0.67722342   0.89035534   0.53371664   1.86152084  -1.94180533
  0.60074347  -0.09944625  -0.44779644   0.51103265   0.67722342   0.89035534   0.53371664   1.86152084  -1.94180533
  0.60074347  -0.09944625  -0.44779644   0.51103265   0.67722342   0.89035534   0.53371664   1.86152084  -1.94180533
  0.60074347  -0.09944625  -0.44779644   0.51103265   0.67722342   0.89035534   0.53371664   1.86152084  -1.94180533
  0.60074347  -0.09944625  -0.44779644   0.51103265   0.67722342   0.89035534   0.53371664   1.86152084  -1.94180533
  0.60074347  -0.09944625  -0.44779644   0.51103265   0.67722342   0.89035534   0.53371664   1.86152084  -1.94180533
  0.60021024  -0.10408363  -0.44942544   0.50682726   0.67532348   0.89766327   0.52796923   1.85325048  -1.94333816
  0.60021024  -0.10408363  -0.44942544   0.50682726   0.67532348   0.89766327   0.52796923   1.85325048  -1.94333816
  0.60021024  -0.10408363  -0.44942544   0.50682726   0.67532348   0.89766327   0.52796923   1.85325048  -1.94333816
  0.60021024  -0.10408363  -0.44942544   0.50682726   0.67532348   0.89766327   0.52796923   1.85325048  -1.94333816
  0.60021024  -0.10408363  -0.44942544   0.50682726   0.67532348   0.89766327   0.52796923   1.85325048  -1.94333816
  0.60021024  -0.10408363  -0.44942544   0.50682726   0.67532348   0.89766327   0.52796923   1.85325048  -1.94333816
  0.60021024  -0.10408363  -0.44942544   0.50682726   0.67532348   0.89766327   0.52796923   1.85325048  -1.94333816
  0.60021024  -0.10408363  -0.44942544   0.50682726   0.67532348   0.89766327   0.52796923   1.85325048  -1.94333816
  0.60021024  -0.10408363  -0.44942544   0.50682726   0.67532348   0.89766327   0.52796923   1.85325048  -1.94333816
  0.60021024  -0.10408363  -0.44942544   0.50682726   0.67532348   0.89766327   0.52796923   1.85325048  -1.94333816
