  0.56543409   0.03862034  -0.45118282   0.57096207   0.70151475   1.04719755   0.59045293   1.84932439  -2.00267012
  0.56543409   0.03862034  -0.45118282   0.57096207   0.70151475   1.04719755   0.59045293   1.84932439  -2.00267012
  0.56543409   0.03862034  -0.45118282   0.57096207   0.70151475   1.04719755   0.59045293   1.84932439  -2.00267012
  0.56543409   0.03862034  -0.45118282   0.57096207   0.70151475   1.04719755   0.59045293   1.84932439  -2.00267012
  0.56543409   0.03862034  -0.45118282   0.57096207   0.70151475   1.04719755   0.59045293   1.84932439  -2.00267012
  0.56543409   0.03862034  -0.45118282   0.57096207   0.70151475   1.04719755   0.59045293   1.84932439  -2.00267012
  0.56543409   0.03862034  -0.45118282   0.57096207   0.70151475   1.04719755   0.59045293   1.84932439  -2.00267012
  0.56543409   0.03862034  -0.45118282   0.57096207   0.70151475   1.04719755   0.59045293   1.84932439  -2.00267012
  0.56543409   0.03862034  -0.45118282   0.57096207   0.70151475   1.04719755   0.59045293   1.84932439  -2.00267012
  0.56543409   0.03862034  -0.45118282   0.57096207   0.70151475   1.04719755   0.59045293   1.84932439  -2.00267012
  0.56543409   0.03862034  -0.45118282   0.57096207   0.70151475   1.04719755   0.59045293   1.84932439  -2.00267012
  0.56543409   0.03862034  -0.45118282   0.57096207   0.70151475   1.04719755   0.59045293   1.84932439  -2.00267012
  0.56543409   0.03862034  -0.45118282   0.57096207   0.70151475   1.04719755   0.59045293   1.84932439  -2.00267012
  0.56543409   0.03862034  -0.45118282   0.57096207   0.70151475   1.04719755   0.59045293   1.84932439  -2.00267012
  0.56543409   0.03862034  -0.45118282   0.57096207   0.70151475   1.04719755   0.59045293   1.84932439  -2.00267012
  0.56543409   0.03862034  -0.45118282   0.57096207   0.70151475   1.04719755   0.59045293   1.84932439  -2.00267012
  0.56543409   0.03862034  -0.45118282   0.57096207   0.70151475   1.04719755   0.59045293   1.84932439  -2.00267012
  0.56543409   0.03862034  -0.45118282   0.57096207   0.70151475   1.04719755   0.59045293   1.84932439  -2.00267012
  0.56543409   0.03862034  -0.45118282   0.57096207   0.70151475   1.04719755   0.59045293   1.84932439  -2.00267012
  0.56543409   0.03862034  -0.45118282   0.57096207   0.70151475   1.04719755   0.59045293   1.84932439  -2.00267012
  0.56543409   0.03862034  -0.45118282   0.57096207   0.70151475   1.04719755   0.59045293   1.84932439  -2.00267012
  0.56543409   0.03862034  -0.45118282   0.57096207   0.70151475   1.04719755   0.59045293   1.84932439  -2.00267012
  0.56543409   0.03862034  -0.45118282   0.57096207   0.70151475   1.04719755   0.59045293   1.84932439  -2.00267012
  0.56543409   0.03862034  -0.45118282   0.57096207   0.70151475   1.04719755   0.59045293   1.84932439  -2.00267012
  0.56634253   0.03858023  -0.45060615   0.57056865   0.70212134   1.04670566   0.58998304   1.84865402  -2.00412301
  0.56634253   0.03858023  -0.45060615   0.57056865   0.70212134   1.04670566   0.58998304   1.84865402  -2.00412301
  0.56634253   0.03858023  -0.45060615   0.57056865   0.70212134   1.04670566   0.58998304   1.84865402  -2.00412301
  0.56634253   0.03858023  -0.45060615   0.57056865   0.70212134   1.04670566   0.58998304   1.84865402  -2.00412301
  0.56634253   0.03858023  -0.45060615   0.57056865   0.70212134   1.04670566   0.58998304   1.84865402  -2.00412301
  0.56634253   0.03858023  -0.45060615   0.57056865   0.70212134   1.04670566   0.58998304   1.84865402  -2.00412301
  0.56646010   0.03848539  -0.45047206   0.57057794   0.70225849   1.04673640   0.58996522   1.84868378  -2.00406234
  0.56690456   0.03763238  -0.45002747   0.57027857   0.70276112   1.04689248   0.58957767   1.84665392  -2.00557720
  0.56706391   0.03758709  -0.44995866   0.57041639   0.70283888   1.04693061   0.58943185   1.84665669  -2.00537145
  0.56706391   0.03758709  -0.44995866   0.57041639   0.70283888   1.04693061   0.58943185   1.84665669  -2.00537145
  0.56706391   0.03758709  -0.44995866   0.57041639   0.70283888   1.04693061   0.58943185   1.84665669  -2.00537145
  0.56706391   0.03758709  -0.44995866   0.57041639   0.70283888   1.04693061   0.58943185   1.84665669  -2.00537145
  0.56706391   0.03758709  -0.44995866   0.57041639   0.70283888   1.04693061   0.58943185   1.84665669  -2.00537145
  0.56706391   0.03758709  -0.44995866   0.57041639   0.70283888   1.04693061   0.58943185   1.84665669  -2.00537145
  0.56706391   0.03758709  -0.44995866   0.57041639   0.70283888   1.04693061   0.58943185   1.84665669  -2.00537145
  0.56757544   0.03561913  -0.44946334   0.57003420   0.70348688   1.04696083   0.58863547   1.84367618  -2.00666509
  0.56757544   0.03561913  -0.44946334   0.57003420   0.70348688   1.04696083   0.58863547   1.84367618  -2.00666509
  0.56757544   0.03561913  -0.44946334   0.57003420   0.70348688   1.04696083   0.58863547   1.84367618  -2.00666509
  0.57167599   0.02095147  -0.45456088   0.55946185   0.70092153   1.04719755   0.57777134   1.83408625  -2.00561506
  0.57167599   0.02095147  -0.45456088   0.55946185   0.70092153   1.04719755   0.57777134   1.83408625  -2.00561506
  0.57167599   0.02095147  -0.45456088   0.55946185   0.70092153   1.04719755   0.57777134   1.83408625  -2.00561506
  0.57267557   0.02094679  -0.45384503   0.55919980   0.70165097   1.04659993   0.57754244   1.83319352  -2.00675969
  0.57267557   0.02094679  -0.45384503   0.55919980   0.70165097   1.04659993   0.57754244   1.83319352  -2.00675969
  0.57265937   0.02068245  -0.45363705   0.55921271   0.70185360   1.04667464   0.57747492   1.83331971  -2.00688486
  0.57265937   0.02068245  -0.45363705   0.55921271   0.70185360   1.04667464   0.57747492   1.83331971  -2.00688486
  0.57325337   0.01959390  -0.45294956   0.55911233   0.70258815   1.04717816   0.57678926   1.83022799  -2.00903140
  0.57325337   0.01959390  -0.45294956   0.55911233   0.70258815   1.04717816   0.57678926   1.83022799  -2.00903140
  0.57325337   0.01959390  -0.45294956   0.55911233   0.70258815   1.04717816   0.57678926   1.83022799  -2.00903140
  0.57380835   0.01745600  -0.45244635   0.55864924   0.70323344   1.04719755   0.57583984   1.82712727  -2.01016038
  0.57380835   0.01745600  -0.45244635   0.55864924   0.70323344   1.04719755   0.57583984   1.82712727  -2.01016038
  0.57797447   0.00209861  -0.45719439   0.54771536   0.70043841   1.04719755   0.56436313   1.81697080  -2.00918752
  0.57797447   0.00209861  -0.45719439   0.54771536   0.70043841   1.04719755   0.56436313   1.81697080  -2.00918752
  0.57908453   0.00205099  -0.45636743   0.54722665   0.70127944   1.04652892   0.56406806   1.81591059  -2.01081097
  0.57908453   0.00205099  -0.45636743   0.54722665   0.70127944   1.04652892   0.56406806   1.81591059  -2.01081097
  0.57943888   0.00076983  -0.45592503   0.54711232   0.70177299   1.04719755   0.56331006   1.81352683  -2.01195918
  0.57943888   0.00076983  -0.45592503   0.54711232   0.70177299   1.04719755   0.56331006   1.81352683  -2.01195918
  0.58157737  -0.00911061  -0.45794286   0.54103764   0.70051981   1.04719755   0.55653030   1.80594556  -2.01195928
  0.58185214  -0.00912004  -0.45779002   0.54105535   0.70067665   1.04719755   0.55646593   1.80592555  -2.01185336
  0.58298664  -0.00912798  -0.45710379   0.54059060   0.70138088   1.04704438   0.55584602   1.80450687  -2.01378189
  0.58298664  -0.00912798  -0.45710379   0.54059060   0.70138088   1.04704438   0.55584602   1.80450687  -2.01378189
  0.58345506  -0.01054902  -0.45645818   0.54028644   0.70206584   1.04719755   0.55496282   1.80198761  -2.01540676
  0.58401202  -0.01165475  -0.45607782   0.53969311   0.70249389   1.04719755   0.55435421   1.80003742  -2.01643226
  0.58729844  -0.02562933  -0.46021088   0.52971065   0.69919218   1.04719755   0.54384035   1.79149389  -2.01432161
  0.58729844  -0.02562933  -0.46021088   0.52971065   0.69919218   1.04719755   0.54384035   1.79149389  -2.01432161
  0.58838359  -0.02621655  -0.45937685   0.52919074   0.70003692   1.04703001   0.54303881   1.78974068  -2.01616140
  0.58838359  -0.02621655  -0.45937685   0.52919074   0.70003692   1.04703001   0.54303881   1.78974068  -2.01616140
  0.58929538  -0.02785734  -0.45852174   0.52852140   0.70091227   1.04719755   0.54199030   1.78647401  -2.01803904
  0.58929538  -0.02785734  -0.45852174   0.52852140   0.70091227   1.04719755   0.54199030   1.78647401  -2.01803904
  0.59289388  -0.04146659  -0.46117230   0.51911250   0.69844096   1.04719755   0.53153806   1.77633049  -2.01800067
  0.59384247  -0.04133724  -0.46064752   0.51857952   0.69896185   1.04675390   0.53121488   1.77580950  -2.01917204
  0.59393261  -0.04144109  -0.46051028   0.51863032   0.69909902   1.04678163   0.53114149   1.77586282  -2.01914820
  0.59477007  -0.04214311  -0.45968278   0.51824628   0.69991752   1.04700059   0.53043070   1.77341163  -2.02110866
  0.59477007  -0.04214311  -0.45968278   0.51824628   0.69991752   1.04700059   0.53043070   1.77341163  -2.02110866
  0.59797872  -0.05507474  -0.46182209   0.50944158   0.69745938   1.04719755   0.52050428   1.76345823  -2.02114131
  0.59882315  -0.05500610  -0.46127239   0.50898683   0.69799990   1.04678029   0.52015966   1.76303596  -2.02230071
  0.59957807  -0.05522944  -0.46065304   0.50874022   0.69860537   1.04663530   0.51951042   1.76172130  -2.02380537
  0.59971871  -0.05533637  -0.46049358   0.50873566   0.69876331   1.04667044   0.51949648   1.76175409  -2.02373549
  0.60041525  -0.05651079  -0.45986345   0.50809821   0.69934372   1.04719755   0.51855169   1.75895772  -2.02542327
  0.60124341  -0.05783196  -0.45943400   0.50723854   0.69970014   1.04719755   0.51741293   1.75679988  -2.02648182
  0.60217859  -0.05886143  -0.45870553   0.50631953   0.70037326   1.04713227   0.51630202   1.75468530  -2.02855043
  0.60531011  -0.07254210  -0.46185154   0.49654994   0.69622146   1.04719755   0.50557904   1.74614333  -2.02600717
  0.60531011  -0.07254210  -0.46185154   0.49654994   0.69622146   1.04719755   0.50557904   1.74614333  -2.02600717
  0.60667833  -0.07288007  -0.46093465   0.49567602   0.69707498   1.04674610   0.50458526   1.74492763  -2.02812405
  0.60801317  -0.07302398  -0.46000572   0.49484199   0.69795487   1.04652263   0.50395583   1.74314491  -2.03031335
  0.60859734  -0.07373436  -0.45972796   0.49428724   0.69814593   1.04698638   0.50299468   1.74145021  -2.03145366
  0.61123642  -0.08416365  -0.46139420   0.48665532   0.69521175   1.04719755   0.49426337   1.73447440  -2.03099766
  0.61152525  -0.08421584  -0.46119406   0.48658763   0.69540238   1.04719755   0.49427273   1.73447804  -2.03090302
  0.61312350  -0.08405119  -0.46014192   0.48564846   0.69640032   1.04690651   0.49352083   1.73289207  -2.03358887
  0.61312350  -0.08405119  -0.46014192   0.48564846   0.69640032   1.04690651   0.49352083   1.73289207  -2.03358887
  0.61431794  -0.08494210  -0.45961939   0.48474343   0.69674227   1.04719755   0.49208636   1.73073780  -2.03506641
  0.61788391  -0.09581292  -0.46110278   0.47572261   0.69339289   1.04719755   0.48224617   1.72333882  -2.03557633
  0.61815510  -0.09591009  -0.46087002   0.47574910   0.69361681   1.04719755   0.48217630   1.72339551  -2.03545645
  0.61953099  -0.09570557  -0.45996854   0.47493936   0.69446010   1.04686552   0.48149710   1.72198053  -2.03785552
  0.61953099  -0.09570557  -0.45996854   0.47493936   0.69446010   1.04686552   0.48149710   1.72198053  -2.03785552
  0.62112668  -0.09652202  -0.45930908   0.47360649   0.69484782   1.04719755   0.47980069   1.71987262  -2.03985831
  0.62231289  -0.09677768  -0.45866390   0.47267575   0.69536365   1.04699799   0.47905899   1.71861413  -2.04142727
  0.62543075  -0.10788926  -0.46072341   0.46371172   0.69080138   1.04719755   0.46866880   1.71281189  -2.04041891
  0.62666855  -0.10762738  -0.45989882   0.46322428   0.69158179   1.04680457   0.46807066   1.71173542  -2.04224486
  0.62751736  -0.10760257  -0.45947188   0.46265150   0.69192483   1.04676464   0.46761960   1.71103686  -2.04330109
  0.62846941  -0.10762873  -0.45899011   0.46189913   0.69230074   1.04671000   0.46708157   1.71027184  -2.04459732
  0.62951259  -0.10808923  -0.45881477   0.46088576   0.69221422   1.04719755   0.46587608   1.70944334  -2.04554341
  0.63076799  -0.10806578  -0.45822785   0.45992169   0.69265936   1.04700911   0.46521536   1.70845434  -2.04713550
  0.63098415  -0.10814585  -0.45805506   0.46000871   0.69281826   1.04703266   0.46500270   1.70848263  -2.04712078
  0.63288759  -0.10794346  -0.45722725   0.45852481   0.69343371   1.04702485   0.46358548   1.70712324  -2.05025387
  0.63324123  -0.10791703  -0.45710766   0.45856524   0.69352164   1.04704644   0.46342789   1.70705253  -2.05007694
  0.63875088  -0.11887031  -0.45922590   0.44691871   0.68765954   1.04719755   0.45088547   1.70201371  -2.05071434
  0.63875088  -0.11887031  -0.45922590   0.44691871   0.68765954   1.04719755   0.45088547   1.70201371  -2.05071434
  0.63993150  -0.11892483  -0.45856454   0.44612619   0.68816937   1.04708904   0.45027577   1.70108903  -2.05205962
  0.64118575  -0.11878706  -0.45825502   0.44518298   0.68825911   1.04716282   0.44927784   1.70052830  -2.05347554
  0.64249625  -0.11884855  -0.45785271   0.44405072   0.68841203   1.04696716   0.44821149   1.70032272  -2.05491436
  0.64419614  -0.11836030  -0.45725270   0.44296710   0.68882957   1.04685282   0.44732802   1.69964593  -2.05687102
  0.64419614  -0.11836030  -0.45725270   0.44296710   0.68882957   1.04685282   0.44732802   1.69964593  -2.05687102
  0.64656192  -0.11789270  -0.45699844   0.44113230   0.68864418   1.04698564   0.44540274   1.69997222  -2.05901202
  0.64803365  -0.11812008  -0.45710358   0.43944749   0.68806515   1.04719755   0.44379881   1.70026869  -2.06011586
  0.65001218  -0.11766982  -0.45657233   0.43809174   0.68829497   1.04711034   0.44226237   1.69973226  -2.06254293
  0.65031053  -0.11771657  -0.45641414   0.43796368   0.68841835   1.04712124   0.44227203   1.69978803  -2.06241440
  0.65267177  -0.11727346  -0.45661133   0.43568064   0.68762763   1.04719755   0.44014442   1.70059708  -2.06431991
  0.65267177  -0.11727346  -0.45661133   0.43568064   0.68762763   1.04719755   0.44014442   1.70059708  -2.06431991
  0.65565758  -0.11657724  -0.45636380   0.43327488   0.68728353   1.04719755   0.43791781   1.70122831  -2.06685233
  0.65768864  -0.11656413  -0.45644308   0.43121976   0.68660259   1.04719755   0.43597635   1.70183226  -2.06830817
  0.65941479  -0.11667359  -0.45648929   0.42943982   0.68600568   1.04719755   0.43427370   1.70218216  -2.06951741
  0.66125966  -0.11640895  -0.45633399   0.42782449   0.68571961   1.04715934   0.43261627   1.70248265  -2.07134052
  0.66155610  -0.11637151  -0.45625210   0.42769676   0.68575947   1.04716411   0.43264703   1.70247203  -2.07118425
  0.66411848  -0.11561164  -0.45651887   0.42531755   0.68485091   1.04719755   0.43053401   1.70398126  -2.07306619
  0.66589487  -0.11540155  -0.45661767   0.42360444   0.68423322   1.04719755   0.42895533   1.70474658  -2.07427691
  0.66633283  -0.11527725  -0.45652826   0.42340972   0.68426002   1.04719755   0.42889828   1.70471436  -2.07424538
  0.66877177  -0.11439454  -0.45678747   0.42108140   0.68340582   1.04716216   0.42694579   1.70648181  -2.07624010
  0.67041449  -0.11401687  -0.45692236   0.41966508   0.68281912   1.04719755   0.42553288   1.70743540  -2.07722535
  0.67240929  -0.11340503  -0.45698710   0.41789663   0.68226098   1.04719755   0.42393883   1.70843420  -2.07886263
  0.67240929  -0.11340503  -0.45698710   0.41789663   0.68226098   1.04719755   0.42393883   1.70843420  -2.07886263
  0.67551023  -0.11174716  -0.45701759   0.41559964   0.68170758   1.04712307   0.42200849   1.71048172  -2.08137332
  0.67799982  -0.11030991  -0.45728738   0.41363698   0.68095586   1.04716983   0.42014312   1.71258014  -2.08350541
  0.67827447  -0.11032231  -0.45715693   0.41351052   0.68105057   1.04717330   0.42023961   1.71262478  -2.08330427
  0.68005996  -0.10909267  -0.45763566   0.41201960   0.68019294   1.04719755   0.41920572   1.71445239  -2.08420468
  0.68158312  -0.10826667  -0.45771920   0.41085521   0.67983809   1.04679930   0.41819419   1.71622623  -2.08524968
  0.68329328  -0.10713598  -0.45782272   0.40960333   0.67947288   1.04658080   0.41722169   1.71782843  -2.08655913
  0.68533735  -0.10572692  -0.45774876   0.40806031   0.67930668   1.04603291   0.41610828   1.71964236  -2.08869017
  0.68572146  -0.10565870  -0.45761762   0.40813424   0.67939650   1.04613732   0.41600635   1.71970484  -2.08839244
  0.68813236  -0.10351759  -0.45828480   0.40625281   0.67836762   1.04563806   0.41472054   1.72350973  -2.08976530
  0.68813236  -0.10351759  -0.45828480   0.40625281   0.67836762   1.04563806   0.41472054   1.72350973  -2.08976530
  0.69086899  -0.10132815  -0.45845548   0.40444767   0.67790479   1.04482557   0.41346398   1.72682022  -2.09165351
  0.69086899  -0.10132815  -0.45845548   0.40444767   0.67790479   1.04482557   0.41346398   1.72682022  -2.09165351
  0.69379818  -0.09876624  -0.45881398   0.40252662   0.67724837   1.04386861   0.41218808   1.73101791  -2.09339892
  0.69379818  -0.09876624  -0.45881398   0.40252662   0.67724837   1.04386861   0.41218808   1.73101791  -2.09339892
  0.69658884  -0.09613903  -0.45915752   0.40077441   0.67668326   1.04273410   0.41109493   1.73536512  -2.09501302
  0.69658884  -0.09613903  -0.45915752   0.40077441   0.67668326   1.04273410   0.41109493   1.73536512  -2.09501302
  0.69969496  -0.09324944  -0.45940001   0.39897445   0.67622367   1.04139741   0.40973955   1.73997731  -2.09704422
  0.69969496  -0.09324944  -0.45940001   0.39897445   0.67622367   1.04139741   0.40973955   1.73997731  -2.09704422
  0.70167873  -0.09095787  -0.45999928   0.39767861   0.67548909   1.04042198   0.40921897   1.74421996  -2.09757738
  0.70167873  -0.09095787  -0.45999928   0.39767861   0.67548909   1.04042198   0.40921897   1.74421996  -2.09757738
  0.70434703  -0.08773028  -0.46038804   0.39621446   0.67511786   1.03852744   0.40868540   1.74967250  -2.09890099
  0.70434703  -0.08773028  -0.46038804   0.39621446   0.67511786   1.03852744   0.40868540   1.74967250  -2.09890099
  0.70649176  -0.08475277  -0.46073732   0.39531633   0.67491753   1.03659139   0.40852166   1.75472378  -2.09962713
  0.70649176  -0.08475277  -0.46073732   0.39531633   0.67491753   1.03659139   0.40852166   1.75472378  -2.09962713
  0.70825260  -0.08157854  -0.46116760   0.39477418   0.67482554   1.03426291   0.40857378   1.76029803  -2.10031815
  0.70825260  -0.08157854  -0.46116760   0.39477418   0.67482554   1.03426291   0.40857378   1.76029803  -2.10031815
  0.71004773  -0.07612410  -0.46076884   0.39582625   0.67677146   1.02851335   0.41089418   1.76922637  -2.10077562
  0.71036123  -0.07583579  -0.46084046   0.39562022   0.67665044   1.02835106   0.41108588   1.76916051  -2.10057834
  0.71036123  -0.07583579  -0.46084046   0.39562022   0.67665044   1.02835106   0.41108588   1.76916051  -2.10057834
  0.71289926  -0.07222458  -0.46166230   0.39409985   0.67582697   1.02651522   0.41045619   1.77620653  -2.10138866
  0.71289926  -0.07222458  -0.46166230   0.39409985   0.67582697   1.02651522   0.41045619   1.77620653  -2.10138866
  0.71459633  -0.06923842  -0.46223657   0.39330405   0.67544888   1.02461942   0.41048921   1.78174752  -2.10172225
  0.71459633  -0.06923842  -0.46223657   0.39330405   0.67544888   1.02461942   0.41048921   1.78174752  -2.10172225
  0.71548203  -0.06337983  -0.46153579   0.39562149   0.67828024   1.01766327   0.41428095   1.79076544  -2.10132544
  0.71548203  -0.06337983  -0.46153579   0.39562149   0.67828024   1.01766327   0.41428095   1.79076544  -2.10132544
  0.71631560  -0.06159986  -0.46262238   0.39480839   0.67706433   1.01721364   0.41401925   1.79506150  -2.10061587
  0.71631560  -0.06159986  -0.46262238   0.39480839   0.67706433   1.01721364   0.41401925   1.79506150  -2.10061587
  0.71796843  -0.05868628  -0.46327594   0.39397694   0.67652836   1.01549940   0.41401878   1.80034464  -2.10069642
  0.71796843  -0.05868628  -0.46327594   0.39397694   0.67652836   1.01549940   0.41401878   1.80034464  -2.10069642
  0.71847580  -0.05310794  -0.46318138   0.39611481   0.67847266   1.00942647   0.41727212   1.80983245  -2.09969372
  0.71841158  -0.05298835  -0.46332218   0.39596278   0.67832640   1.00930388   0.41744745   1.80981562  -2.09968991
  0.71844753  -0.05177199  -0.46446743   0.39540408   0.67712716   1.00915517   0.41796247   1.81368289  -2.09798962
  0.71962912  -0.04947346  -0.46430673   0.39544491   0.67768103   1.00712377   0.41822239   1.81706894  -2.09865133
  0.71962912  -0.04947346  -0.46430673   0.39544491   0.67768103   1.00712377   0.41822239   1.81706894  -2.09865133
  0.71966609  -0.04402378  -0.46415642   0.39781006   0.67974840   1.00098124   0.42213053   1.82621881  -2.09710153
  0.71961518  -0.04386068  -0.46433081   0.39795053   0.67957687   1.00085604   0.42203093   1.82620207  -2.09702510
  0.71964444  -0.04215736  -0.46507090   0.39805129   0.67909521   0.99982288   0.42276564   1.83040007  -2.09569692
  0.71964444  -0.04215736  -0.46507090   0.39805129   0.67909521   0.99982288   0.42276564   1.83040007  -2.09569692
  0.71978578  -0.03718785  -0.46501200   0.40013139   0.68075944   0.99445532   0.42595924   1.83872592  -2.09429976
  0.71941683  -0.03657876  -0.46545700   0.40028779   0.68046412   0.99400916   0.42665196   1.84028275  -2.09333803
  0.71941683  -0.03657876  -0.46545700   0.40028779   0.68046412   0.99400916   0.42665196   1.84028275  -2.09333803
  0.71945985  -0.03186879  -0.46565652   0.40206486   0.68165736   0.98920206   0.42984156   1.84840108  -2.09136768
  0.71889064  -0.03139460  -0.46615036   0.40236544   0.68132079   0.98886998   0.43041320   1.84999699  -2.09037593
  0.71889064  -0.03139460  -0.46615036   0.40236544   0.68132079   0.98886998   0.43041320   1.84999699  -2.09037593
  0.71876770  -0.02628588  -0.46617480   0.40451168   0.68288094   0.98345191   0.43388921   1.85873541  -2.08857850
  0.71876770  -0.02628588  -0.46617480   0.40451168   0.68288094   0.98345191   0.43388921   1.85873541  -2.08857850
  0.71788861  -0.02522223  -0.46714891   0.40499963   0.68215500   0.98279337   0.43498964   1.86175489  -2.08651367
  0.71788861  -0.02522223  -0.46714891   0.40499963   0.68215500   0.98279337   0.43498964   1.86175489  -2.08651367
  0.71762918  -0.02057247  -0.46733253   0.40687992   0.68333646   0.97800996   0.43818860   1.86994154  -2.08457777
  0.71672300  -0.02052623  -0.46796971   0.40728233   0.68278848   0.97808468   0.43894929   1.87086313  -2.08294532
  0.71672300  -0.02052623  -0.46796971   0.40728233   0.68278848   0.97808468   0.43894929   1.87086313  -2.08294532
  0.71563302  -0.01563562  -0.46794213   0.41030418   0.68456904   0.97246151   0.44345404   1.87930448  -2.07995200
  0.71563302  -0.01563562  -0.46794213   0.41030418   0.68456904   0.97246151   0.44345404   1.87930448  -2.07995200
  0.71456017  -0.01498094  -0.46876208   0.41091008   0.68397906   0.97199131   0.44444256   1.88149248  -2.07814739
  0.71360841  -0.01085622  -0.46811956   0.41395863   0.68626618   0.96671664   0.44868469   1.88795085  -2.07597410
  0.71360841  -0.01085622  -0.46811956   0.41395863   0.68626618   0.96671664   0.44868469   1.88795085  -2.07597410
  0.71243617  -0.01035123  -0.46912735   0.41448460   0.68540378   0.96654423   0.44953485   1.89008697  -2.07392398
  0.71172968  -0.00965146  -0.46988947   0.41501876   0.68478419   0.96627435   0.45041425   1.89229980  -2.07174588
  0.71151728  -0.00957462  -0.47005011   0.41496887   0.68464365   0.96612665   0.45049156   1.89229585  -2.07189974
  0.71016986  -0.00396660  -0.46877149   0.41944488   0.68820431   0.95862401   0.45621177   1.90093372  -2.06957284
  0.70925207  -0.00395362  -0.46931621   0.41991967   0.68775755   0.95865789   0.45691875   1.90168475  -2.06810039
  0.70830198  -0.00380776  -0.47007224   0.42036194   0.68707047   0.95878456   0.45753930   1.90302766  -2.06630502
  0.70830198  -0.00380776  -0.47007224   0.42036194   0.68707047   0.95878456   0.45753930   1.90302766  -2.06630502
  0.70631818   0.00037839  -0.46967176   0.42409064   0.68916514   0.95326088   0.46272789   1.91005192  -2.06287855
  0.70631818   0.00037839  -0.46967176   0.42409064   0.68916514   0.95326088   0.46272789   1.91005192  -2.06287855
  0.70477782   0.00035430  -0.47075632   0.42460052   0.68816233   0.95355149   0.46370845   1.91156234  -2.06046250
  0.70477782   0.00035430  -0.47075632   0.42460052   0.68816233   0.95355149   0.46370845   1.91156234  -2.06046250
  0.70241921   0.00455811  -0.46967759   0.42954117   0.69119066   0.94716680   0.46947023   1.91784289  -2.05722584
  0.70142841   0.00463128  -0.47032477   0.42992874   0.69062388   0.94724500   0.47023544   1.91893505  -2.05557967
  0.70052222   0.00458426  -0.47087834   0.43039745   0.69013901   0.94738007   0.47059546   1.91980496  -2.05439003
  0.70052222   0.00458426  -0.47087834   0.43039745   0.69013901   0.94738007   0.47059546   1.91980496  -2.05439003
  0.69871487   0.00455321  -0.47213594   0.43117925   0.68897971   0.94772424   0.47179657   1.92139980  -2.05126780
  0.69846390   0.00458967  -0.47226852   0.43109629   0.68887088   0.94759458   0.47199228   1.92142075  -2.05136101
  0.69540967   0.00763682  -0.47114130   0.43636797   0.69177130   0.94206586   0.47815147   1.92622681  -2.04719962
  0.69540967   0.00763682  -0.47114130   0.43636797   0.69177130   0.94206586   0.47815147   1.92622681  -2.04719962
  0.69399259   0.00771299  -0.47179741   0.43716303   0.69129436   0.94192490   0.47920293   1.92751034  -2.04532771
  0.69275042   0.00767719  -0.47236484   0.43797843   0.69087332   0.94191836   0.48012354   1.92843336  -2.04344133
  0.69275042   0.00767719  -0.47236484   0.43797843   0.69087332   0.94191836   0.48012354   1.92843336  -2.04344133
  0.69074254   0.00764382  -0.47277900   0.43958322   0.69083413   0.94129525   0.48195347   1.92925370  -2.04118448
  0.68824467   0.00942551  -0.47148542   0.44392838   0.69341826   0.93703320   0.48656378   1.93160218  -2.03880347
  0.68824467   0.00942551  -0.47148542   0.44392838   0.69341826   0.93703320   0.48656378   1.93160218  -2.03880347
  0.68650966   0.00929818  -0.47218856   0.44511471   0.69291303   0.93696506   0.48768798   1.93260727  -2.03656862
  0.68488514   0.00899078  -0.47300738   0.44589248   0.69219728   0.93729848   0.48900593   1.93334157  -2.03386223
  0.68488514   0.00899078  -0.47300738   0.44589248   0.69219728   0.93729848   0.48900593   1.93334157  -2.03386223
  0.68210812   0.00855271  -0.47264756   0.44898724   0.69321032   0.93589554   0.49182040   1.93297042  -2.03154393
  0.68092044   0.00846092  -0.47318980   0.44989833   0.69278545   0.93593998   0.49269172   1.93360270  -2.02954546
  0.68055886   0.00836049  -0.47327906   0.44985035   0.69272557   0.93588701   0.49286926   1.93368505  -2.02970019
  0.67833170   0.00768853  -0.47334696   0.45207845   0.69302646   0.93548726   0.49478405   1.93328327  -2.02723604
  0.67656999   0.00730804  -0.47331748   0.45378301   0.69337560   0.93493635   0.49654307   1.93316464  -2.02538761
  0.67656999   0.00730804  -0.47331748   0.45378301   0.69337560   0.93493635   0.49654307   1.93316464  -2.02538761
  0.67386858   0.00635378  -0.47361393   0.45599624   0.69342236   0.93475509   0.49858623   1.93269917  -2.02270920
  0.67205272   0.00582192  -0.47345246   0.45790764   0.69390903   0.93416567   0.50031933   1.93216403  -2.02101142
  0.67205272   0.00582192  -0.47345246   0.45790764   0.69390903   0.93416567   0.50031933   1.93216403  -2.02101142
  0.66924745   0.00466076  -0.47371070   0.46021182   0.69397425   0.93408621   0.50235425   1.93134880  -2.01833657
  0.66724849   0.00382255  -0.47379404   0.46192602   0.69413583   0.93397263   0.50410773   1.93061258  -2.01616700
  0.66697394   0.00379526  -0.47390072   0.46211230   0.69405405   0.93387896   0.50404724   1.93061746  -2.01627569
  0.66434161   0.00239944  -0.47373242   0.46463686   0.69455606   0.93373555   0.50611649   1.92905477  -2.01392492
  0.66385017   0.00223122  -0.47384558   0.46487042   0.69448165   0.93369940   0.50617526   1.92910899  -2.01396439
  0.66132841   0.00078882  -0.47361507   0.46741945   0.69501921   0.93359341   0.50828403   1.92719241  -2.01150781
  0.65937009  -0.00016569  -0.47362163   0.46913550   0.69522215   0.93351006   0.50980419   1.92622239  -2.00970600
  0.65765420  -0.00106591  -0.47348488   0.47074536   0.69555452   0.93334433   0.51112932   1.92515332  -2.00836104
  0.65718937  -0.00122046  -0.47362210   0.47098245   0.69544624   0.93332549   0.51116209   1.92517462  -2.00834626
  0.65484330  -0.00282583  -0.47343609   0.47314249   0.69585149   0.93354806   0.51299193   1.92312267  -2.00611441
  0.65266070  -0.00412329  -0.47352280   0.47496441   0.69593639   0.93375412   0.51441520   1.92167412  -2.00416896
  0.65070248  -0.00533626  -0.47365677   0.47661937   0.69593954   0.93406096   0.51567797   1.92029289  -2.00219684
  0.65035590  -0.00548408  -0.47371051   0.47664086   0.69590482   0.93403530   0.51577198   1.92032292  -2.00237460
  0.64723598  -0.00783303  -0.47329482   0.47962520   0.69658085   0.93429303   0.51785965   1.91695845  -2.00011764
  0.64680165  -0.00800813  -0.47341181   0.47983744   0.69648462   0.93430428   0.51788742   1.91695564  -2.00009864
  0.64406268  -0.01006199  -0.47333199   0.48221637   0.69673662   0.93484922   0.51961060   1.91430377  -1.99768875
  0.64205472  -0.01156636  -0.47323913   0.48385217   0.69695064   0.93518384   0.52092045   1.91228742  -1.99613257
  0.64028859  -0.01290229  -0.47318032   0.48531316   0.69710810   0.93552198   0.52193428   1.91058539  -1.99481182
  0.63848957  -0.01429216  -0.47309985   0.48677044   0.69728345   0.93586083   0.52295819   1.90874462  -1.99357094
  0.63667601  -0.01569925  -0.47308075   0.48822267   0.69738777   0.93628679   0.52395469   1.90693573  -1.99218166
  0.63467676  -0.01716299  -0.47324682   0.48970513   0.69729740   0.93687334   0.52498881   1.90527695  -1.99040238
  0.63290976  -0.01877423  -0.47286488   0.49129329   0.69777512   0.93714057   0.52599770   1.90276458  -1.98961852
  0.63105941  -0.02010747  -0.47311726   0.49257089   0.69757678   0.93777453   0.52689864   1.90137890  -1.98787256
  0.62922564  -0.02181366  -0.47272652   0.49419444   0.69805442   0.93809834   0.52791806   1.89870014  -1.98706123
  0.62728149  -0.02322772  -0.47299589   0.49553789   0.69783479   0.93877189   0.52885459   1.89713422  -1.98523278
  0.62555416  -0.02490030  -0.47257612   0.49706175   0.69832758   0.93910876   0.52978672   1.89451602  -1.98454998
  0.62355873  -0.02632940  -0.47286924   0.49839736   0.69807930   0.93977567   0.53072229   1.89289759  -1.98275845
  0.62161811  -0.02821429  -0.47242854   0.50013933   0.69859300   0.94019676   0.53197129   1.88970075  -1.98161998
  0.61996889  -0.02966051  -0.47234218   0.50133007   0.69872009   0.94074363   0.53256650   1.88809123  -1.98077914
  0.61810831  -0.03127052  -0.47226445   0.50275693   0.69884280   0.94132317   0.53346559   1.88589526  -1.97950307
  0.61617254  -0.03298102  -0.47211736   0.50425621   0.69903523   0.94189727   0.53439493   1.88352217  -1.97830097
  0.61436368  -0.03456719  -0.47199927   0.50561786   0.69919066   0.94243779   0.53527028   1.88132068  -1.97717362
  0.61239263  -0.03627764  -0.47189869   0.50713868   0.69932951   0.94304795   0.53623170   1.87894039  -1.97580878
  0.61015000  -0.03809978  -0.47196663   0.50878024   0.69929721   0.94383616   0.53732464   1.87671297  -1.97389427
  0.60825806  -0.03993750  -0.47147268   0.51045409   0.69983344   0.94416799   0.53842951   1.87346705  -1.97309838
  0.60798070  -0.04018393  -0.47142709   0.51054671   0.69988352   0.94427984   0.53842443   1.87359554  -1.97316990
  0.60469081  -0.04298273  -0.47121912   0.51314588   0.70013586   0.94518553   0.54006449   1.86951939  -1.97090876
  0.60284907  -0.04432466  -0.47140358   0.51447016   0.69996950   0.94574128   0.54080211   1.86784219  -1.96944892
  0.60097847  -0.04604302  -0.47108631   0.51594853   0.70030894   0.94621228   0.54193367   1.86517732  -1.96827746
  0.59886993  -0.04804172  -0.47068950   0.51764136   0.70072490   0.94681065   0.54298020   1.86233599  -1.96715324
  0.59672488  -0.04978693  -0.47072136   0.51919898   0.70070546   0.94755316   0.54401594   1.86014942  -1.96534983
  0.59499053  -0.05148571  -0.47023004   0.52067046   0.70120630   0.94788668   0.54489701   1.85737249  -1.96477563
  0.59308649  -0.05312204  -0.47008636   0.52207971   0.70135529   0.94844848   0.54579825   1.85514193  -1.96355432
  0.59117658  -0.05478846  -0.46986982   0.52355262   0.70157450   0.94896617   0.54675497   1.85277123  -1.96234925
  0.58879373  -0.05664001  -0.46991497   0.52523813   0.70152959   0.94968392   0.54801343   1.85034359  -1.96032696
  0.58724793  -0.05819375  -0.46933282   0.52665218   0.70210594   0.94990196   0.54880126   1.84778777  -1.95993818
  0.58496062  -0.05993601  -0.46943430   0.52820523   0.70199791   0.95064599   0.54999176   1.84572603  -1.95788503
  0.58328418  -0.06157385  -0.46879354   0.52978542   0.70262415   0.95080570   0.55086571   1.84292271  -1.95746266
  0.58143896  -0.06307576  -0.46864607   0.53115443   0.70275732   0.95125964   0.55181071   1.84090353  -1.95620600
  0.57949840  -0.06469930  -0.46837485   0.53270054   0.70300866   0.95166493   0.55285459   1.83856848  -1.95494842
  0.57720264  -0.06648224  -0.46830635   0.53438503   0.70305377   0.95227778   0.55412354   1.83628588  -1.95300472
  0.57554181  -0.06802676  -0.46768336   0.53592879   0.70364298   0.95237130   0.55504488   1.83371136  -1.95251128
  0.57374799  -0.06945551  -0.46745813   0.53734658   0.70383737   0.95269010   0.55597477   1.83174877  -1.95137118
  0.57146619  -0.07114063  -0.46746526   0.53894803   0.70379594   0.95327854   0.55728591   1.82968123  -1.94931931
  0.56974329  -0.07273437  -0.46673970   0.54061993   0.70446887   0.95329657   0.55831721   1.82699866  -1.94877666
  0.56761749  -0.07421411  -0.46681819   0.54203142   0.70435116   0.95379543   0.55955095   1.82524013  -1.94686485
  0.56743754  -0.07443666  -0.46670469   0.54220123   0.70445810   0.95388580   0.55949402   1.82529805  -1.94691299
  0.56410875  -0.07716613  -0.46585471   0.54517446   0.70520609   0.95407249   0.56159789   1.82078219  -1.94498342
  0.56194157  -0.07873289  -0.46575801   0.54680860   0.70524268   0.95449064   0.56285901   1.81887124  -1.94309623
  0.56021885  -0.08020022  -0.46504511   0.54847133   0.70586998   0.95436983   0.56397937   1.81647555  -1.94247285
  0.55850623  -0.08148306  -0.46471327   0.54993884   0.70612865   0.95447151   0.56498576   1.81478860  -1.94134543
  0.55633266  -0.08298277  -0.46468903   0.55146496   0.70608117   0.95488273   0.56635443   1.81306125  -1.93931129
  0.55581883  -0.08321163  -0.46472362   0.55173684   0.70602646   0.95479742   0.56632978   1.81297398  -1.93952172
  0.55270128  -0.08584127  -0.46354848   0.55483428   0.70701944   0.95475291   0.56870567   1.80865736  -1.93737988
  0.55065914  -0.08718861  -0.46351356   0.55627485   0.70696698   0.95505578   0.57007636   1.80720836  -1.93539198
  0.55016254  -0.08740921  -0.46353587   0.55663696   0.70691985   0.95497114   0.56995017   1.80716780  -1.93559928
  0.54676911  -0.09019235  -0.46211712   0.56010048   0.70808505   0.95464770   0.57258112   1.80255210  -1.93350026
  0.54676911  -0.09019235  -0.46211712   0.56010048   0.70808505   0.95464770   0.57258112   1.80255210  -1.93350026
  0.54381261  -0.09213625  -0.46187500   0.56234540   0.70815453   0.95485514   0.57455686   1.80039702  -1.93089624
  0.54188836  -0.09345013  -0.46123259   0.56422310   0.70861989   0.95448868   0.57603893   1.79851587  -1.92965018
  0.53994364  -0.09461954  -0.46115872   0.56578252   0.70856629   0.95457966   0.57733614   1.79729138  -1.92770849
  0.53819837  -0.09586927  -0.46024795   0.56769039   0.70926359   0.95395795   0.57885362   1.79535972  -1.92684393
  0.53663917  -0.09679979  -0.45983726   0.56914364   0.70950838   0.95361370   0.58008864   1.79430999  -1.92567267
  0.53493327  -0.09782920  -0.45938396   0.57079899   0.70977611   0.95324253   0.58143720   1.79300493  -1.92432787
  0.53304531  -0.09897355  -0.45932334   0.57225180   0.70969362   0.95339298   0.58273173   1.79208134  -1.92230774
  0.53131501  -0.10006309  -0.45846817   0.57415667   0.71029237   0.95258490   0.58426920   1.79032462  -1.92147844
  0.53000502  -0.10081907  -0.45788430   0.57564476   0.71066919   0.95199495   0.58536987   1.78947092  -1.92065961
  0.52846913  -0.10163339  -0.45749431   0.57721234   0.71085248   0.95151141   0.58669651   1.78838863  -1.91928983
  0.52641917  -0.10279307  -0.45719459   0.57896596   0.71091797   0.95127186   0.58839563   1.78733275  -1.91719327
  0.52466697  -0.10375322  -0.45663564   0.58073577   0.71120876   0.95064952   0.58995898   1.78625879  -1.91576877
  0.52304404  -0.10458268  -0.45613282   0.58240783   0.71144566   0.95001153   0.59144120   1.78542978  -1.91436732
  0.52144771  -0.10537353  -0.45563929   0.58407057   0.71166482   0.94935050   0.59292388   1.78467147  -1.91294892
  0.51989153  -0.10612566  -0.45513646   0.58571402   0.71188361   0.94865522   0.59440051   1.78398967  -1.91156062
  0.51831622  -0.10685061  -0.45467063   0.58738064   0.71205570   0.94794742   0.59591322   1.78334828  -1.91006011
  0.51685370  -0.10751717  -0.45416270   0.58896438   0.71226408   0.94719636   0.59735418   1.78283541  -1.90874842
  0.51542252  -0.10813386  -0.45364483   0.59058777   0.71246886   0.94638558   0.59882123   1.78233380  -1.90739302
  0.51369732  -0.10880336  -0.45307244   0.59254149   0.71264420   0.94537647   0.60066445   1.78199605  -1.90556890
  0.51226056  -0.10935894  -0.45267957   0.59407729   0.71271948   0.94462308   0.60215400   1.78173424  -1.90402508
  0.51226056  -0.10935894  -0.45267957   0.59407729   0.71271948   0.94462308   0.60215400   1.78173424  -1.90402508
  0.50910375  -0.11045834  -0.45093532   0.59832780   0.71348742   0.94176333   0.60608854   1.78101094  -1.90103164
  0.50788364  -0.11079440  -0.45136013   0.59912361   0.71293322   0.94182053   0.60667504   1.78163353  -1.89940821
  0.50659900  -0.11123144  -0.45054865   0.60080888   0.71329405   0.94051499   0.60859603   1.78131009  -1.89810464
  0.50659900  -0.11123144  -0.45054865   0.60080888   0.71329405   0.94051499   0.60859603   1.78131009  -1.89810464
  0.50416235  -0.11218451  -0.45036420   0.60298225   0.71300706   0.93979409   0.61068756   1.78115905  -1.89534508
  0.50416235  -0.11218451  -0.45036420   0.60298225   0.71300706   0.93979409   0.61068756   1.78115905  -1.89534508
  0.50080674  -0.11091979  -0.44617467   0.61102003   0.71460562   0.93066457   0.61929354   1.78522964  -1.89009536
  0.50080674  -0.11091979  -0.44617467   0.61102003   0.71460562   0.93066457   0.61929354   1.78522964  -1.89009536
  0.49900057  -0.11158897  -0.44667354   0.61204004   0.71390056   0.93081317   0.62031897   1.78558752  -1.88787897
  0.49900057  -0.11158897  -0.44667354   0.61204004   0.71390056   0.93081317   0.62031897   1.78558752  -1.88787897
  0.49698628  -0.11229412  -0.44666772   0.61378227   0.71348434   0.93025235   0.62199803   1.78558814  -1.88547158
  0.49564830  -0.11257053  -0.44630159   0.61533685   0.71337784   0.92920480   0.62361445   1.78607751  -1.88376832
  0.49374581  -0.11142889  -0.44388905   0.62017493   0.71393298   0.92340796   0.62916590   1.78968818  -1.87998589
  0.49374581  -0.11142889  -0.44388905   0.62017493   0.71393298   0.92340796   0.62916590   1.78968818  -1.87998589
  0.49216216  -0.11177036  -0.44469594   0.62119768   0.71295785   0.92366904   0.62985530   1.79064412  -1.87735801
  0.49197979  -0.11175280  -0.44479705   0.62114768   0.71283914   0.92355196   0.62996282   1.79063249  -1.87744993
  0.48992050  -0.11004439  -0.44099631   0.62773606   0.71390377   0.91522282   0.63750943   1.79536556  -1.87314503
  0.48911793  -0.11004470  -0.44176741   0.62801587   0.71310943   0.91554306   0.63772362   1.79638575  -1.87151348
  0.48886744  -0.11004429  -0.44190697   0.62794177   0.71294814   0.91543563   0.63787023   1.79643071  -1.87157036
  0.48760402  -0.11028375  -0.44256957   0.62867313   0.71211708   0.91568573   0.63871172   1.79759416  -1.86900719
  0.48760402  -0.11028375  -0.44256957   0.62867313   0.71211708   0.91568573   0.63871172   1.79759416  -1.86900719
  0.48596926  -0.10725827  -0.43842275   0.63595907   0.71283447   0.90540024   0.64738671   1.80489821  -1.86411323
  0.48544455  -0.10712699  -0.43888517   0.63612003   0.71229075   0.90536579   0.64784587   1.80574029  -1.86292895
  0.48442361  -0.10720170  -0.43961185   0.63669992   0.71145899   0.90560176   0.64823337   1.80683416  -1.86093730
  0.48369152  -0.10708930  -0.43985095   0.63738533   0.71095681   0.90522304   0.64898531   1.80808260  -1.85939662
  0.48350720  -0.10701864  -0.44000140   0.63730400   0.71078996   0.90506325   0.64911158   1.80805127  -1.85950012
  0.48263016  -0.10392406  -0.43717735   0.64267872   0.71073479   0.89693994   0.65622445   1.81555123  -1.85460162
  0.48263016  -0.10392406  -0.43717735   0.64267872   0.71073479   0.89693994   0.65622445   1.81555123  -1.85460162
  0.48160173  -0.10371098  -0.43767835   0.64337505   0.70991674   0.89646153   0.65715799   1.81719487  -1.85272880
  0.48133501  -0.10069023  -0.43497630   0.64799046   0.70998074   0.88906516   0.66311610   1.82394965  -1.84920856
  0.48133501  -0.10069023  -0.43497630   0.64799046   0.70998074   0.88906516   0.66311610   1.82394965  -1.84920856
  0.48023538  -0.10038419  -0.43573959   0.64859615   0.70892996   0.88874643   0.66411751   1.82583015  -1.84681107
  0.48002623  -0.09968932  -0.43574883   0.64925245   0.70852063   0.88765878   0.66508155   1.82745384  -1.84565542
  0.47958788  -0.09715048  -0.43408269   0.65281247   0.70804597   0.88208316   0.66991294   1.83364603  -1.84193793
  0.47958788  -0.09715048  -0.43408269   0.65281247   0.70804597   0.88208316   0.66991294   1.83364603  -1.84193793
  0.47899739  -0.09658163  -0.43450133   0.65320608   0.70729918   0.88135597   0.67084887   1.83558930  -1.84045122
  0.47885024  -0.09382049  -0.43294569   0.65637662   0.70675504   0.87586197   0.67563518   1.84193117  -1.83685802
  0.47885024  -0.09382049  -0.43294569   0.65637662   0.70675504   0.87586197   0.67563518   1.84193117  -1.83685802
  0.47781255  -0.09349491  -0.43402542   0.65655277   0.70555361   0.87595882   0.67629206   1.84391041  -1.83449176
  0.47781255  -0.09349491  -0.43402542   0.65655277   0.70555361   0.87595882   0.67629206   1.84391041  -1.83449176
  0.47845258  -0.08808137  -0.43030266   0.66267324   0.70522234   0.86503982   0.68479757   1.85488438  -1.82960196
  0.47845258  -0.08808137  -0.43030266   0.66267324   0.70522234   0.86503982   0.68479757   1.85488438  -1.82960196
  0.47811965  -0.08726198  -0.43105700   0.66261583   0.70430764   0.86460319   0.68521598   1.85732885  -1.82827050
  0.47754514  -0.08675986  -0.43203021   0.66240882   0.70329588   0.86475352   0.68591182   1.85920356  -1.82604474
  0.47861201  -0.08276791  -0.42947512   0.66613835   0.70318461   0.85743481   0.69102015   1.86672678  -1.82372000
  0.47861201  -0.08276791  -0.42947512   0.66613835   0.70318461   0.85743481   0.69102015   1.86672678  -1.82372000
  0.47837037  -0.08160725  -0.43026376   0.66612542   0.70212739   0.85676407   0.69195189   1.86977894  -1.82158372
  0.47837037  -0.08160725  -0.43026376   0.66612542   0.70212739   0.85676407   0.69195189   1.86977894  -1.82158372
  0.47887835  -0.07740127  -0.42830425   0.66973370   0.70131307   0.84965494   0.69799898   1.87820489  -1.81734612
  0.47897477  -0.07646446  -0.42874988   0.66965689   0.70070773   0.84908627   0.69826527   1.88050410  -1.81647874
  0.47897477  -0.07646446  -0.42874988   0.66965689   0.70070773   0.84908627   0.69826527   1.88050410  -1.81647874
  0.47995335  -0.07266721  -0.42781731   0.67142916   0.69983653   0.84405786   0.70215625   1.88780237  -1.81358709
  0.47958904  -0.07220226  -0.42854375   0.67145263   0.69908406   0.84414153   0.70232749   1.88936837  -1.81204243
  0.47947251  -0.07214672  -0.42864578   0.67137542   0.69897030   0.84403452   0.70240322   1.88939790  -1.81213696
  0.48035118  -0.06990770  -0.42941961   0.67066029   0.69799697   0.84285331   0.70278033   1.89425087  -1.81089576
  0.48035118  -0.06990770  -0.42941961   0.67066029   0.69799697   0.84285331   0.70278033   1.89425087  -1.81089576
  0.48181023  -0.06372726  -0.42607718   0.67557555   0.69741822   0.83268535   0.71104260   1.90566399  -1.80624668
  0.48181023  -0.06372726  -0.42607718   0.67557555   0.69741822   0.83268535   0.71104260   1.90566399  -1.80624668
  0.48232060  -0.06216530  -0.42708179   0.67457290   0.69651226   0.83233077   0.71105330   1.90885368  -1.80522753
  0.48232060  -0.06216530  -0.42708179   0.67457290   0.69651226   0.83233077   0.71105330   1.90885368  -1.80522753
  0.48370717  -0.05923165  -0.42778764   0.67365690   0.69555608   0.83062227   0.71160890   1.91426300  -1.80409662
  0.48370717  -0.05923165  -0.42778764   0.67365690   0.69555608   0.83062227   0.71160890   1.91426300  -1.80409662
  0.48509157  -0.05591036  -0.42803895   0.67326055   0.69465399   0.82798969   0.71309746   1.92042014  -1.80260486
  0.48509157  -0.05591036  -0.42803895   0.67326055   0.69465399   0.82798969   0.71309746   1.92042014  -1.80260486
  0.48699328  -0.04968269  -0.42485843   0.67737512   0.69432423   0.81863803   0.72067924   1.93094015  -1.79869173
  0.48699328  -0.04968269  -0.42485843   0.67737512   0.69432423   0.81863803   0.72067924   1.93094015  -1.79869173
  0.48801816  -0.04753362  -0.42589143   0.67603075   0.69344365   0.81804963   0.72038970   1.93503032  -1.79797652
  0.48801816  -0.04753362  -0.42589143   0.67603075   0.69344365   0.81804963   0.72038970   1.93503032  -1.79797652
  0.48951438  -0.04497539  -0.42661066   0.67468591   0.69277281   0.81691652   0.72028731   1.93928762  -1.79768284
  0.49058158  -0.04277565  -0.42653633   0.67442986   0.69241170   0.81513404   0.72124326   1.94318907  -1.79700660
  0.49058158  -0.04277565  -0.42653633   0.67442986   0.69241170   0.81513404   0.72124326   1.94318907  -1.79700660
  0.49217714  -0.03999621  -0.42709132   0.67319213   0.69179221   0.81367975   0.72133382   1.94788098  -1.79671779
  0.49217714  -0.03999621  -0.42709132   0.67319213   0.69179221   0.81367975   0.72133382   1.94788098  -1.79671779
  0.49418665  -0.03673141  -0.42764108   0.67165209   0.69118720   0.81201731   0.72144450   1.95336695  -1.79642453
  0.49418665  -0.03673141  -0.42764108   0.67165209   0.69118720   0.81201731   0.72144450   1.95336695  -1.79642453
  0.49618184  -0.03350415  -0.42787882   0.67051162   0.69075066   0.81002337   0.72184890   1.95835679  -1.79621986
  0.49618184  -0.03350415  -0.42787882   0.67051162   0.69075066   0.81002337   0.72184890   1.95835679  -1.79621986
  0.49830200  -0.02990119  -0.42788298   0.66943079   0.69037335   0.80751846   0.72271105   1.96412321  -1.79597823
  0.49830200  -0.02990119  -0.42788298   0.66943079   0.69037335   0.80751846   0.72271105   1.96412321  -1.79597823
  0.50057759  -0.02650919  -0.42814804   0.66790508   0.69002882   0.80561123   0.72274803   1.96945947  -1.79622964
  0.50057759  -0.02650919  -0.42814804   0.66790508   0.69002882   0.80561123   0.72274803   1.96945947  -1.79622964
  0.50282106  -0.02324270  -0.42835124   0.66637713   0.68976521   0.80377013   0.72279224   1.97445834  -1.79658682
  0.50282106  -0.02324270  -0.42835124   0.66637713   0.68976521   0.80377013   0.72279224   1.97445834  -1.79658682
  0.50513340  -0.01997966  -0.42855906   0.66475522   0.68954465   0.80199348   0.72272568   1.97933414  -1.79706953
  0.50513340  -0.01997966  -0.42855906   0.66475522   0.68954465   0.80199348   0.72272568   1.97933414  -1.79706953
  0.50753368  -0.01670720  -0.42876603   0.66302830   0.68937147   0.80027691   0.72254066   1.98412993  -1.79768542
  0.50880112  -0.01468242  -0.42855548   0.66254325   0.68935321   0.79877080   0.72303732   1.98710182  -1.79776447
  0.50880112  -0.01468242  -0.42855548   0.66254325   0.68935321   0.79877080   0.72303732   1.98710182  -1.79776447
  0.51124721  -0.01167364  -0.42876497   0.66063177   0.68930333   0.79736833   0.72252356   1.99134405  -1.79875220
  0.51178667  -0.01112999  -0.42881475   0.66029402   0.68932114   0.79717351   0.72261432   1.99140775  -1.79865006
  0.51369962  -0.00861648  -0.42901650   0.65863604   0.68923024   0.79599106   0.72198739   1.99568397  -1.79971916
  0.51369962  -0.00861648  -0.42901650   0.65863604   0.68923024   0.79599106   0.72198739   1.99568397  -1.79971916
  0.51622481  -0.00574812  -0.42924353   0.65659812   0.68925629   0.79479216   0.72111093   1.99961966  -1.80105034
  0.51684998  -0.00526392  -0.42920526   0.65616287   0.68937658   0.79468361   0.72120709   1.99971417  -1.80099101
  0.51851299  -0.00306974  -0.42954306   0.65449206   0.68922367   0.79377817   0.72037437   2.00344832  -1.80217152
  0.52008061  -0.00137963  -0.42952253   0.65342293   0.68935340   0.79294060   0.71987054   2.00556807  -1.80314310
  0.52141172   0.00012995  -0.42963249   0.65232734   0.68937834   0.79233484   0.71941585   2.00763513  -1.80380928
  0.52141172   0.00012995  -0.42963249   0.65232734   0.68937834   0.79233484   0.71941585   2.00763513  -1.80380928
  0.52394836   0.00256935  -0.42986789   0.65010016   0.68952863   0.79155226   0.71813311   2.01070193  -1.80558751
  0.52527731   0.00393707  -0.43008063   0.64880203   0.68953632   0.79119466   0.71747356   2.01258638  -1.80635349
  0.52527731   0.00393707  -0.43008063   0.64880203   0.68953632   0.79119466   0.71747356   2.01258638  -1.80635349
  0.52787726   0.00619083  -0.43025930   0.64651223   0.68978463   0.79053568   0.71594953   2.01531024  -1.80850552
  0.52920300   0.00740884  -0.43056662   0.64509410   0.68976919   0.79041195   0.71507984   2.01693836  -1.80932231
  0.52920300   0.00740884  -0.43056662   0.64509410   0.68976919   0.79041195   0.71507984   2.01693836  -1.80932231
  0.53174048   0.00939144  -0.43072579   0.64278824   0.69006755   0.78994673   0.71337763   2.01932028  -1.81168021
  0.53217629   0.00960450  -0.43065834   0.64251931   0.69020165   0.78998264   0.71334003   2.01930023  -1.81166927
  0.53437200   0.01142865  -0.43119008   0.64000309   0.69019962   0.78983295   0.71142132   2.02185177  -1.81387241
  0.53580019   0.01234365  -0.43139687   0.63857848   0.69033060   0.78984222   0.71014794   2.02285245  -1.81534488
  0.53718040   0.01316451  -0.43143013   0.63735082   0.69056954   0.78968954   0.70895082   2.02367238  -1.81707815
  0.53839812   0.01391189  -0.43192788   0.63570387   0.69049100   0.79013391   0.70768364   2.02464479  -1.81797413
  0.53839812   0.01391189  -0.43192788   0.63570387   0.69049100   0.79013391   0.70768364   2.02464479  -1.81797413
  0.54083738   0.01526958  -0.43203175   0.63345606   0.69089282   0.79010171   0.70571798   2.02586970  -1.82056588
  0.54083738   0.01526958  -0.43203175   0.63345606   0.69089282   0.79010171   0.70571798   2.02586970  -1.82056588
  0.54341539   0.01663285  -0.43233497   0.63082380   0.69120235   0.79031909   0.70335935   2.02721004  -1.82335918
  0.54341539   0.01663285  -0.43233497   0.63082380   0.69120235   0.79031909   0.70335935   2.02721004  -1.82335918
  0.54604136   0.01759246  -0.43343331   0.62714318   0.69108507   0.79171984   0.69988911   2.02830604  -1.82618954
  0.54604136   0.01759246  -0.43343331   0.62714318   0.69108507   0.79171984   0.69988911   2.02830604  -1.82618954
  0.54825498   0.01818514  -0.43332544   0.62525448   0.69166398   0.79195594   0.69775027   2.02819046  -1.82920709
  0.54825498   0.01818514  -0.43332544   0.62525448   0.69166398   0.79195594   0.69775027   2.02819046  -1.82920709
  0.55141374   0.01566821  -0.43714537   0.61728985   0.69047757   0.79900572   0.68798378   2.02496412  -1.83526709
  0.55167961   0.01566536  -0.43698816   0.61727566   0.69065216   0.79909566   0.68794660   2.02488300  -1.83519721
  0.55307075   0.01601615  -0.43627236   0.61671958   0.69143581   0.79849551   0.68720031   2.02419773  -1.83769831
  0.55307075   0.01601615  -0.43627236   0.61671958   0.69143581   0.79849551   0.68720031   2.02419773  -1.83769831
  0.55514392   0.01660773  -0.43631046   0.61480872   0.69183493   0.79887707   0.68512167   2.02424693  -1.84027983
  0.55647857   0.01666689  -0.43630133   0.61334840   0.69217443   0.79926006   0.68340892   2.02389483  -1.84279633
  0.55801648   0.01458543  -0.43911487   0.60843067   0.69094005   0.80449254   0.67727426   2.02119953  -1.84532868
  0.55801648   0.01458543  -0.43911487   0.60843067   0.69094005   0.80449254   0.67727426   2.02119953  -1.84532868
  0.55960131   0.01455241  -0.43805693   0.60802771   0.69206725   0.80405458   0.67624824   2.01992731  -1.84832368
  0.56091723   0.01139816  -0.44118420   0.60237567   0.69066164   0.81041707   0.66919967   2.01596052  -1.85172338
  0.56149602   0.01113961  -0.44082370   0.60229706   0.69108547   0.81048318   0.66859609   2.01489124  -1.85286924
  0.56245846   0.01113248  -0.44031549   0.60170363   0.69167699   0.81035082   0.66802183   2.01410786  -1.85465934
  0.56261894   0.01111840  -0.44022864   0.60175146   0.69177421   0.81043161   0.66791467   2.01410245  -1.85459800
  0.56458770   0.00745787  -0.44354957   0.59530910   0.69032368   0.81766616   0.65922214   2.00887899  -1.85949416
  0.56520618   0.00718739  -0.44302214   0.59524286   0.69088405   0.81762655   0.65883349   2.00767362  -1.86071823
  0.56592866   0.00689985  -0.44270793   0.59476290   0.69131011   0.81785735   0.65796102   2.00674385  -1.86226268
  0.56681865   0.00653993  -0.44255741   0.59397290   0.69165434   0.81838519   0.65670418   2.00558506  -1.86396141
  0.56771632   0.00630505  -0.44218745   0.59330981   0.69215155   0.81856911   0.65580186   2.00451338  -1.86578625
  0.56867696   0.00168922  -0.44565298   0.58739756   0.69035255   0.82658632   0.64765090   1.99818005  -1.86933939
  0.56957883   0.00160723  -0.44482343   0.58723631   0.69117912   0.82617516   0.64723241   1.99715896  -1.87134031
  0.56986422   0.00159331  -0.44467297   0.58736104   0.69134314   0.82630230   0.64703279   1.99711219  -1.87121390
  0.57070830   0.00105260  -0.44445834   0.58656507   0.69173840   0.82680295   0.64562431   1.99538950  -1.87347209
  0.57178120  -0.00364224  -0.44717807   0.58117933   0.69042242   0.83426760   0.63783652   1.98831495  -1.87784025
  0.57178120  -0.00364224  -0.44717807   0.58117933   0.69042242   0.83426760   0.63783652   1.98831495  -1.87784025
  0.57299123  -0.00393408  -0.44645977   0.58067322   0.69123665   0.83439176   0.63686053   1.98674499  -1.87994806
  0.57378216  -0.00433535  -0.44592529   0.58019621   0.69185114   0.83453291   0.63598923   1.98537475  -1.88197060
  0.57395157  -0.00437703  -0.44581721   0.58020528   0.69196888   0.83464436   0.63592421   1.98534527  -1.88188938
  0.57480746  -0.01079069  -0.44937131   0.57369659   0.69002651   0.84454739   0.62631752   1.97531147  -1.88665696
  0.57610883  -0.01059343  -0.44853798   0.57335035   0.69088596   0.84407522   0.62560351   1.97430848  -1.88888650
  0.57615606  -0.01072399  -0.44840840   0.57331581   0.69101600   0.84419936   0.62560988   1.97438433  -1.88889530
  0.57674653  -0.01156691  -0.44809047   0.57266335   0.69146482   0.84491581   0.62436584   1.97244697  -1.89089363
  0.57741060  -0.01685849  -0.45108103   0.56717409   0.68966563   0.85340903   0.61645553   1.96412625  -1.89443850
  0.57844873  -0.01674702  -0.45029117   0.56699454   0.69046086   0.85296844   0.61594832   1.96318698  -1.89630006
  0.57844873  -0.01674702  -0.45029117   0.56699454   0.69046086   0.85296844   0.61594832   1.96318698  -1.89630006
  0.57945538  -0.01718455  -0.44933452   0.56689112   0.69144838   0.85291942   0.61505901   1.96140353  -1.89857735
  0.57945538  -0.01718455  -0.44933452   0.56689112   0.69144838   0.85291942   0.61505901   1.96140353  -1.89857735
  0.57977380  -0.02445244  -0.45244831   0.56063496   0.68957529   0.86348030   0.60587126   1.94980422  -1.90312729
  0.58060586  -0.02443347  -0.45221902   0.56004093   0.68986675   0.86370084   0.60507247   1.94936252  -1.90427084
  0.58060586  -0.02443347  -0.45221902   0.56004093   0.68986675   0.86370084   0.60507247   1.94936252  -1.90427084
  0.58182774  -0.02778543  -0.45254086   0.55719914   0.69002013   0.86801695   0.60015094   1.94256032  -1.90885931
  0.58182774  -0.02778543  -0.45254086   0.55719914   0.69002013   0.86801695   0.60015094   1.94256032  -1.90885931
  0.58276411  -0.02820543  -0.45164214   0.55676926   0.69094976   0.86804084   0.59950323   1.94092924  -1.91103391
  0.58286457  -0.03315486  -0.45400063   0.55250302   0.68927441   0.87569963   0.59308809   1.93289076  -1.91346984
  0.58286457  -0.03315486  -0.45400063   0.55250302   0.68927441   0.87569963   0.59308809   1.93289076  -1.91346984
  0.58431085  -0.03328103  -0.45270250   0.55201510   0.69058601   0.87524465   0.59235443   1.93109962  -1.91653835
  0.58442268  -0.03332369  -0.45262388   0.55210555   0.69066735   0.87533914   0.59223610   1.93109356  -1.91645521
  0.58442268  -0.03332369  -0.45262388   0.55210555   0.69066735   0.87533914   0.59223610   1.93109356  -1.91645521
  0.58501742  -0.04064914  -0.45552716   0.54562230   0.68864308   0.88641726   0.58248484   1.91854622  -1.92152166
  0.58501742  -0.04064914  -0.45552716   0.54562230   0.68864308   0.88641726   0.58248484   1.91854622  -1.92152166
  0.58608608  -0.04081347  -0.45444514   0.54553597   0.68972707   0.88606683   0.58179070   1.91703039  -1.92384123
  0.58622228  -0.04177203  -0.45435117   0.54508113   0.68987982   0.88710086   0.58096060   1.91497741  -1.92464526
  0.58622228  -0.04177203  -0.45435117   0.54508113   0.68987982   0.88710086   0.58096060   1.91497741  -1.92464526
  0.58662244  -0.04600512  -0.45527368   0.54181995   0.68929392   0.89292319   0.57611069   1.90703268  -1.92780667
  0.58662244  -0.04600512  -0.45527368   0.54181995   0.68929392   0.89292319   0.57611069   1.90703268  -1.92780667
  0.58739006  -0.04647463  -0.45471728   0.54142048   0.68988325   0.89332763   0.57491850   1.90561682  -1.92972870
  0.58762423  -0.04979393  -0.45624150   0.53819538   0.68862137   0.89880039   0.57070839   1.89984540  -1.93125177
  0.58762423  -0.04979393  -0.45624150   0.53819538   0.68862137   0.89880039   0.57070839   1.89984540  -1.93125177
  0.58867540  -0.04995204  -0.45515122   0.53788946   0.68971421   0.89842211   0.57012872   1.89826095  -1.93374301
  0.58867540  -0.04995204  -0.45515122   0.53788946   0.68971421   0.89842211   0.57012872   1.89826095  -1.93374301
  0.58857913  -0.05445020  -0.45665033   0.53464721   0.68845612   0.90504109   0.56479356   1.89056278  -1.93609812
  0.58857913  -0.05445020  -0.45665033   0.53464721   0.68845612   0.90504109   0.56479356   1.89056278  -1.93609812
  0.58955699  -0.05448539  -0.45588795   0.53407689   0.68922718   0.90485640   0.56446556   1.88932948  -1.93785701
  0.58955699  -0.05448539  -0.45588795   0.53407689   0.68922718   0.90485640   0.56446556   1.88932948  -1.93785701
  0.58970617  -0.05788770  -0.45668297   0.53170899   0.68856525   0.90971479   0.56044798   1.88307068  -1.94001865
  0.58970617  -0.05788770  -0.45668297   0.53170899   0.68856525   0.90971479   0.56044798   1.88307068  -1.94001865
  0.58970617  -0.05788770  -0.45668297   0.53170899   0.68856525   0.90971479   0.56044798   1.88307068  -1.94001865
  0.59035333  -0.05846573  -0.45619169   0.53116794   0.68907344   0.91030414   0.55953985   1.88144426  -1.94153922
  0.59035333  -0.05846573  -0.45619169   0.53116794   0.68907344   0.91030414   0.55953985   1.88144426  -1.94153922
  0.59078325  -0.05932914  -0.45591219   0.53065405   0.68937468   0.91128201   0.55846417   1.87921586  -1.94277679
  0.59078325  -0.05932914  -0.45591219   0.53065405   0.68937468   0.91128201   0.55846417   1.87921586  -1.94277679
  0.59078325  -0.05932914  -0.45591219   0.53065405   0.68937468   0.91128201   0.55846417   1.87921586  -1.94277679
  0.59140379  -0.06364406  -0.45696987   0.52677223   0.68843400   0.91777101   0.55300554   1.87079439  -1.94631594
  0.59140379  -0.06364406  -0.45696987   0.52677223   0.68843400   0.91777101   0.55300554   1.87079439  -1.94631594
  0.59140379  -0.06364406  -0.45696987   0.52677223   0.68843400   0.91777101   0.55300554   1.87079439  -1.94631594
  0.59153833  -0.06372267  -0.45682865   0.52678519   0.68857545   0.91788600   0.55295918   1.87082748  -1.94627201
  0.59194357  -0.06425980  -0.45672324   0.52619094   0.68868851   0.91864344   0.55204938   1.86930467  -1.94731336
  0.59251844  -0.06451001  -0.45631796   0.52575165   0.68909711   0.91883580   0.55149154   1.86800313  -1.94861116
  0.59251844  -0.06451001  -0.45631796   0.52575165   0.68909711   0.91883580   0.55149154   1.86800313  -1.94861116
  0.59251844  -0.06451001  -0.45631796   0.52575165   0.68909711   0.91883580   0.55149154   1.86800313  -1.94861116
  0.59251844  -0.06451001  -0.45631796   0.52575165   0.68909711   0.91883580   0.55149154   1.86800313  -1.94861116
  0.59230341  -0.06836870  -0.45762387   0.52287400   0.68781768   0.92469428   0.54712404   1.86146644  -1.95031539
  0.59230341  -0.06836870  -0.45762387   0.52287400   0.68781768   0.92469428   0.54712404   1.86146644  -1.95031539
  0.59230341  -0.06836870  -0.45762387   0.52287400   0.68781768   0.92469428   0.54712404   1.86146644  -1.95031539
  0.59230341  -0.06836870  -0.45762387   0.52287400   0.68781768   0.92469428   0.54712404   1.86146644  -1.95031539
  0.59308932  -0.06845582  -0.45727194   0.52234371   0.68816776   0.92494225   0.54643654   1.86055996  -1.95146975
  0.59308932  -0.06845582  -0.45727194   0.52234371   0.68816776   0.92494225   0.54643654   1.86055996  -1.95146975
  0.59308932  -0.06845582  -0.45727194   0.52234371   0.68816776   0.92494225   0.54643654   1.86055996  -1.95146975
  0.59308932  -0.06845582  -0.45727194   0.52234371   0.68816776   0.92494225   0.54643654   1.86055996  -1.95146975
  0.59308932  -0.06845582  -0.45727194   0.52234371   0.68816776   0.92494225   0.54643654   1.86055996  -1.95146975
  0.59308932  -0.06845582  -0.45727194   0.52234371   0.68816776   0.92494225   0.54643654   1.86055996  -1.95146975
  0.59390759  -0.06875906  -0.45643104   0.52210404   0.68900749   0.92490974   0.54575612   1.85872300  -1.95339856
  0.59390759  -0.06875906  -0.45643104   0.52210404   0.68900749   0.92490974   0.54575612   1.85872300  -1.95339856
  0.59390759  -0.06875906  -0.45643104   0.52210404   0.68900749   0.92490974   0.54575612   1.85872300  -1.95339856
  0.59390759  -0.06875906  -0.45643104   0.52210404   0.68900749   0.92490974   0.54575612   1.85872300  -1.95339856
  0.59390759  -0.06875906  -0.45643104   0.52210404   0.68900749   0.92490974   0.54575612   1.85872300  -1.95339856
  0.59390759  -0.06875906  -0.45643104   0.52210404   0.68900749   0.92490974   0.54575612   1.85872300  -1.95339856
  0.59390759  -0.06875906  -0.45643104   0.52210404   0.68900749   0.92490974   0.54575612   1.85872300  -1.95339856
  0.59390759  -0.06875906  -0.45643104   0.52210404   0.68900749   0.92490974   0.54575612   1.85872300  -1.95339856
  0.59390759  -0.06875906  -0.45643104   0.52210404   0.68900749   0.92490974   0.54575612   1.85872300  -1.95339856
  0.59390759  -0.06875906  -0.45643104   0.52210404   0.68900749   0.92490974   0.54575612   1.85872300  -1.95339856
  0.59390759  -0.06875906  -0.45643104   0.52210404   0.68900749   0.92490974   0.54575612   1.85872300  -1.95339856
  0.59390759  -0.06875906  -0.45643104   0.52210404   0.68900749   0.92490974   0.54575612   1.85872300  -1.95339856
  0.59373341  -0.07264196  -0.45788097   0.51887934   0.68752432   0.93104091   0.54151858   1.85212053  -1.95480998
  0.59373341  -0.07264196  -0.45788097   0.51887934   0.68752432   0.93104091   0.54151858   1.85212053  -1.95480998
  0.59373341  -0.07264196  -0.45788097   0.51887934   0.68752432   0.93104091   0.54151858   1.85212053  -1.95480998
  0.59373341  -0.07264196  -0.45788097   0.51887934   0.68752432   0.93104091   0.54151858   1.85212053  -1.95480998
  0.59373341  -0.07264196  -0.45788097   0.51887934   0.68752432   0.93104091   0.54151858   1.85212053  -1.95480998
  0.59373341  -0.07264196  -0.45788097   0.51887934   0.68752432   0.93104091   0.54151858   1.85212053  -1.95480998
  0.59373341  -0.07264196  -0.45788097   0.51887934   0.68752432   0.93104091   0.54151858   1.85212053  -1.95480998
  0.59373341  -0.07264196  -0.45788097   0.51887934   0.68752432   0.93104091   0.54151858   1.85212053  -1.95480998
  0.59373341  -0.07264196  -0.45788097   0.51887934   0.68752432   0.93104091   0.54151858   1.85212053  -1.95480998
  0.59373341  -0.07264196  -0.45788097   0.51887934   0.68752432   0.93104091   0.54151858   1.85212053  -1.95480998
  0.59373341  -0.07264196  -0.45788097   0.51887934   0.68752432   0.93104091   0.54151858   1.85212053  -1.95480998
  0.59373341  -0.07264196  -0.45788097   0.51887934   0.68752432   0.93104091   0.54151858   1.85212053  -1.95480998
  0.59373341  -0.07264196  -0.45788097   0.51887934   0.68752432   0.93104091   0.54151858   1.85212053  -1.95480998
  0.59373341  -0.07264196  -0.45788097   0.51887934   0.68752432   0.93104091   0.54151858   1.85212053  -1.95480998
  0.59373341  -0.07264196  -0.45788097   0.51887934   0.68752432   0.93104091   0.54151858   1.85212053  -1.95480998
