  0.49858159   0.47205664   0.01395179   1.21507335   0.78375375   0.57690092   1.31927485   2.09439510  -1.84996773
  0.49858159   0.47205664   0.01395179   1.21507335   0.78375375   0.57690092   1.31927485   2.09439510  -1.84996773
  0.49858159   0.47205664   0.01395179   1.21507335   0.78375375   0.57690092   1.31927485   2.09439510  -1.84996773
  0.49858159   0.47205664   0.01395179   1.21507335   0.78375375   0.57690092   1.31927485   2.09439510  -1.84996773
  0.49879595   0.47219970   0.01394468   1.21502995   0.78391711   0.57701210   1.31925287   2.09426525  -1.84988169
  0.49879595   0.47219970   0.01394468   1.21502995   0.78391711   0.57701210   1.31925287   2.09426525  -1.84988169
  0.49978859   0.47245191   0.01409189   1.21483916   0.78431954   0.57643019   1.31919588   2.09415203  -1.85130309
  0.49993999   0.47237017   0.01421245   1.21489025   0.78438695   0.57653232   1.31914074   2.09416722  -1.85124738
  0.50137252   0.47254206   0.01437976   1.21462107   0.78501411   0.57591732   1.31887964   2.09420216  -1.85318076
  0.50137252   0.47254206   0.01437976   1.21462107   0.78501411   0.57591732   1.31887964   2.09420216  -1.85318076
  0.50204675   0.47253912   0.01418795   1.21460178   0.78522515   0.57587556   1.31838899   2.09420228  -1.85386122
  0.50215738   0.47236029   0.01436514   1.21447348   0.78524678   0.57601895   1.31848848   2.09422638  -1.85391739
  0.50215738   0.47236029   0.01436514   1.21447348   0.78524678   0.57601895   1.31848848   2.09422638  -1.85391739
  0.50367561   0.47258536   0.01441419   1.21401900   0.78528299   0.57576269   1.31826141   2.09402133  -1.85554820
  0.50383363   0.47234231   0.01458966   1.21414562   0.78529739   0.57590115   1.31811478   2.09406805  -1.85550515
  0.50383363   0.47234231   0.01458966   1.21414562   0.78529739   0.57590115   1.31811478   2.09406805  -1.85550515
  0.50625864   0.46961225   0.01086276   1.21147113   0.78505901   0.57878438   1.31454645   2.09417133  -1.85949599
  0.50625864   0.46961225   0.01086276   1.21147113   0.78505901   0.57878438   1.31454645   2.09417133  -1.85949599
  0.50648459   0.46956119   0.01101297   1.21136192   0.78510141   0.57892952   1.31462471   2.09415562  -1.85951482
  0.50798449   0.46943091   0.01128556   1.21114161   0.78513992   0.57848945   1.31441927   2.09389608  -1.86136605
  0.50798449   0.46943091   0.01128556   1.21114161   0.78513992   0.57848945   1.31441927   2.09389608  -1.86136605
  0.50798449   0.46943091   0.01128556   1.21114161   0.78513992   0.57848945   1.31441927   2.09389608  -1.86136605
  0.50832452   0.46949797   0.01135077   1.21116046   0.78517220   0.57865810   1.31431372   2.09383107  -1.86127600
  0.50832452   0.46949797   0.01135077   1.21116046   0.78517220   0.57865810   1.31431372   2.09383107  -1.86127600
  0.51018825   0.46868914   0.00998221   1.20975157   0.78526828   0.57957654   1.31284753   2.09400620  -1.86387562
  0.51018825   0.46868914   0.00998221   1.20975157   0.78526828   0.57957654   1.31284753   2.09400620  -1.86387562
  0.51018825   0.46868914   0.00998221   1.20975157   0.78526828   0.57957654   1.31284753   2.09400620  -1.86387562
  0.51164346   0.46830014   0.00980141   1.20957315   0.78531253   0.57952238   1.31210248   2.09385652  -1.86556562
  0.51164346   0.46830014   0.00980141   1.20957315   0.78531253   0.57952238   1.31210248   2.09385652  -1.86556562
  0.51302774   0.46793396   0.00974827   1.20898876   0.78531732   0.57963578   1.31173293   2.09379224  -1.86722813
  0.51302774   0.46793396   0.00974827   1.20898876   0.78531732   0.57963578   1.31173293   2.09379224  -1.86722813
  0.51329578   0.46798834   0.00978332   1.20895055   0.78532742   0.57981843   1.31167557   2.09371446  -1.86713363
  0.51329578   0.46798834   0.00978332   1.20895055   0.78532742   0.57981843   1.31167557   2.09371446  -1.86713363
  0.51449749   0.46735107   0.00881277   1.20789665   0.78532949   0.58060420   1.31070381   2.09383052  -1.86879608
  0.51449749   0.46735107   0.00881277   1.20789665   0.78532949   0.58060420   1.31070381   2.09383052  -1.86879608
  0.51591959   0.46684054   0.00844173   1.20745297   0.78539816   0.58074815   1.30994217   2.09367288  -1.87059138
  0.51591959   0.46684054   0.00844173   1.20745297   0.78539816   0.58074815   1.30994217   2.09367288  -1.87059138
  0.51591959   0.46684054   0.00844173   1.20745297   0.78539816   0.58074815   1.30994217   2.09367288  -1.87059138
  0.51730142   0.46625289   0.00764137   1.20664054   0.78539816   0.58146557   1.30894665   2.09361915  -1.87214400
  0.51730142   0.46625289   0.00764137   1.20664054   0.78539816   0.58146557   1.30894665   2.09361915  -1.87214400
  0.51917147   0.46600843   0.00778241   1.20622195   0.78517379   0.58140590   1.30851902   2.09333693  -1.87405807
  0.51917147   0.46600843   0.00778241   1.20622195   0.78517379   0.58140590   1.30851902   2.09333693  -1.87405807
  0.51917147   0.46600843   0.00778241   1.20622195   0.78517379   0.58140590   1.30851902   2.09333693  -1.87405807
  0.52182567   0.46164647   0.00238372   1.20260690   0.78539816   0.58576972   1.30376598   2.09295907  -1.87900739
  0.52182567   0.46164647   0.00238372   1.20260690   0.78539816   0.58576972   1.30376598   2.09295907  -1.87900739
  0.52182567   0.46164647   0.00238372   1.20260690   0.78539816   0.58576972   1.30376598   2.09295907  -1.87900739
  0.52311753   0.46175928   0.00284159   1.20240120   0.78536812   0.58555114   1.30379693   2.09276673  -1.88010834
  0.52311753   0.46175928   0.00284159   1.20240120   0.78536812   0.58555114   1.30379693   2.09276673  -1.88010834
  0.52311753   0.46175928   0.00284159   1.20240120   0.78536812   0.58555114   1.30379693   2.09276673  -1.88010834
  0.52464361   0.46179724   0.00323823   1.20224336   0.78538278   0.58516943   1.30352744   2.09284321  -1.88170703
  0.52464361   0.46179724   0.00323823   1.20224336   0.78538278   0.58516943   1.30352744   2.09284321  -1.88170703
  0.52464361   0.46179724   0.00323823   1.20224336   0.78538278   0.58516943   1.30352744   2.09284321  -1.88170703
  0.52501239   0.46190143   0.00329291   1.20228707   0.78538470   0.58531604   1.30339842   2.09275392  -1.88162099
  0.52501239   0.46190143   0.00329291   1.20228707   0.78538470   0.58531604   1.30339842   2.09275392  -1.88162099
  0.52641546   0.46169732   0.00288945   1.20147875   0.78526760   0.58563478   1.30273706   2.09298237  -1.88329158
  0.52760502   0.46164047   0.00287478   1.20126389   0.78529563   0.58533883   1.30242094   2.09268707  -1.88479170
  0.52771644   0.46153959   0.00298299   1.20128306   0.78530204   0.58546307   1.30238769   2.09276406  -1.88472382
  0.52771644   0.46153959   0.00298299   1.20128306   0.78530204   0.58546307   1.30238769   2.09276406  -1.88472382
  0.52771644   0.46153959   0.00298299   1.20128306   0.78530204   0.58546307   1.30238769   2.09276406  -1.88472382
  0.52904300   0.46113773   0.00227770   1.20041185   0.78533548   0.58611273   1.30152545   2.09282777  -1.88621036
  0.52904300   0.46113773   0.00227770   1.20041185   0.78533548   0.58611273   1.30152545   2.09282777  -1.88621036
  0.53064050   0.46083634   0.00263716   1.20028271   0.78519320   0.58581431   1.30115662   2.09274833  -1.88799283
  0.53083408   0.46106433   0.00243393   1.20009981   0.78524444   0.58596665   1.30111949   2.09250296  -1.88795683
  0.53083408   0.46106433   0.00243393   1.20009981   0.78524444   0.58596665   1.30111949   2.09250296  -1.88795683
  0.53356841   0.45695303  -0.00247502   1.19678192   0.78539816   0.58990271   1.29657332   2.09221224  -1.89295397
  0.53356841   0.45695303  -0.00247502   1.19678192   0.78539816   0.58990271   1.29657332   2.09221224  -1.89295397
  0.53356841   0.45695303  -0.00247502   1.19678192   0.78539816   0.58990271   1.29657332   2.09221224  -1.89295397
  0.53503062   0.45699501  -0.00197302   1.19664460   0.78528263   0.58955411   1.29649949   2.09203945  -1.89435263
  0.53503062   0.45699501  -0.00197302   1.19664460   0.78528263   0.58955411   1.29649949   2.09203945  -1.89435263
  0.53503062   0.45699501  -0.00197302   1.19664460   0.78528263   0.58955411   1.29649949   2.09203945  -1.89435263
  0.53621945   0.45706613  -0.00174342   1.19624870   0.78537289   0.58945127   1.29640029   2.09205218  -1.89554962
  0.53621945   0.45706613  -0.00174342   1.19624870   0.78537289   0.58945127   1.29640029   2.09205218  -1.89554962
  0.53651956   0.45709627  -0.00168202   1.19637938   0.78537605   0.58957046   1.29621335   2.09203527  -1.89544661
  0.53651956   0.45709627  -0.00168202   1.19637938   0.78537605   0.58957046   1.29621335   2.09203527  -1.89544661
  0.53775634   0.45693597  -0.00194371   1.19580534   0.78530033   0.58962045   1.29566541   2.09216744  -1.89706661
  0.53775634   0.45693597  -0.00194371   1.19580534   0.78530033   0.58962045   1.29566541   2.09216744  -1.89706661
  0.53939727   0.45674253  -0.00169352   1.19536449   0.78537676   0.58943128   1.29540332   2.09204466  -1.89895008
  0.53957091   0.45685011  -0.00178264   1.19547475   0.78537944   0.58953453   1.29520240   2.09195433  -1.89879281
  0.53957091   0.45685011  -0.00178264   1.19547475   0.78537944   0.58953453   1.29520240   2.09195433  -1.89879281
  0.53957091   0.45685011  -0.00178264   1.19547475   0.78537944   0.58953453   1.29520240   2.09195433  -1.89879281
  0.54119762   0.45683228  -0.00165653   1.19499471   0.78520442   0.58952721   1.29485858   2.09186718  -1.90036694
  0.54119762   0.45683228  -0.00165653   1.19499471   0.78520442   0.58952721   1.29485858   2.09186718  -1.90036694
  0.54119762   0.45683228  -0.00165653   1.19499471   0.78520442   0.58952721   1.29485858   2.09186718  -1.90036694
  0.54119762   0.45683228  -0.00165653   1.19499471   0.78520442   0.58952721   1.29485858   2.09186718  -1.90036694
  0.54332283   0.45595508  -0.00279199   1.19374970   0.78530929   0.59039234   1.29334155   2.09193198  -1.90307813
  0.54332283   0.45595508  -0.00279199   1.19374970   0.78530929   0.59039234   1.29334155   2.09193198  -1.90307813
  0.54332283   0.45595508  -0.00279199   1.19374970   0.78530929   0.59039234   1.29334155   2.09193198  -1.90307813
  0.54624765   0.45214376  -0.00718709   1.19069130   0.78539816   0.59398833   1.28916287   2.09128618  -1.90798755
  0.54624765   0.45214376  -0.00718709   1.19069130   0.78539816   0.59398833   1.28916287   2.09128618  -1.90798755
  0.54624765   0.45214376  -0.00718709   1.19069130   0.78539816   0.59398833   1.28916287   2.09128618  -1.90798755
  0.54756433   0.45216952  -0.00676526   1.19047410   0.78531109   0.59374967   1.28908647   2.09120217  -1.90925653
  0.54756433   0.45216952  -0.00676526   1.19047410   0.78531109   0.59374967   1.28908647   2.09120217  -1.90925653
  0.54785141   0.45219731  -0.00667335   1.19051108   0.78532198   0.59390447   1.28899623   2.09117617  -1.90915374
  0.54785141   0.45219731  -0.00667335   1.19051108   0.78532198   0.59390447   1.28899623   2.09117617  -1.90915374
  0.54943154   0.45233020  -0.00635671   1.19024614   0.78515982   0.59348446   1.28874317   2.09114192  -1.91089315
  0.54943154   0.45233020  -0.00635671   1.19024614   0.78515982   0.59348446   1.28874317   2.09114192  -1.91089315
  0.54943154   0.45233020  -0.00635671   1.19024614   0.78515982   0.59348446   1.28874317   2.09114192  -1.91089315
  0.55046840   0.45209681  -0.00680392   1.18959657   0.78539816   0.59387533   1.28812042   2.09126968  -1.91210337
  0.55046840   0.45209681  -0.00680392   1.18959657   0.78539816   0.59387533   1.28812042   2.09126968  -1.91210337
  0.55208003   0.45192945  -0.00654539   1.18920899   0.78524019   0.59374930   1.28784907   2.09109632  -1.91380661
  0.55208003   0.45192945  -0.00654539   1.18920899   0.78524019   0.59374930   1.28784907   2.09109632  -1.91380661
  0.55208003   0.45192945  -0.00654539   1.18920899   0.78524019   0.59374930   1.28784907   2.09109632  -1.91380661
  0.55300927   0.45138291  -0.00754862   1.18848282   0.78539816   0.59453918   1.28673605   2.09120354  -1.91497582
  0.55300927   0.45138291  -0.00754862   1.18848282   0.78539816   0.59453918   1.28673605   2.09120354  -1.91497582
  0.55458204   0.45120360  -0.00725271   1.18817082   0.78511924   0.59443427   1.28648867   2.09095716  -1.91653845
  0.55458204   0.45120360  -0.00725271   1.18817082   0.78511924   0.59443427   1.28648867   2.09095716  -1.91653845
  0.55458204   0.45120360  -0.00725271   1.18817082   0.78511924   0.59443427   1.28648867   2.09095716  -1.91653845
  0.55562824   0.45072275  -0.00816040   1.18740190   0.78539816   0.59508253   1.28547862   2.09100982  -1.91792067
  0.55562824   0.45072275  -0.00816040   1.18740190   0.78539816   0.59508253   1.28547862   2.09100982  -1.91792067
  0.55746454   0.45051369  -0.00791677   1.18708390   0.78516220   0.59494838   1.28506602   2.09071933  -1.91977753
  0.55746454   0.45051369  -0.00791677   1.18708390   0.78516220   0.59494838   1.28506602   2.09071933  -1.91977753
  0.55746454   0.45051369  -0.00791677   1.18708390   0.78516220   0.59494838   1.28506602   2.09071933  -1.91977753
  0.55887955   0.45038536  -0.00817929   1.18652864   0.78534655   0.59505102   1.28446355   2.09067906  -1.92140276
  0.55887955   0.45038536  -0.00817929   1.18652864   0.78534655   0.59505102   1.28446355   2.09067906  -1.92140276
  0.55903749   0.45020176  -0.00801554   1.18649192   0.78535300   0.59521996   1.28445508   2.09080391  -1.92140039
  0.55903749   0.45020176  -0.00801554   1.18649192   0.78535300   0.59521996   1.28445508   2.09080391  -1.92140039
  0.56210340   0.44640665  -0.01274364   1.18317779   0.78539816   0.59896155   1.27998875   2.09019894  -1.92664208
  0.56210340   0.44640665  -0.01274364   1.18317779   0.78539816   0.59896155   1.27998875   2.09019894  -1.92664208
  0.56210340   0.44640665  -0.01274364   1.18317779   0.78539816   0.59896155   1.27998875   2.09019894  -1.92664208
  0.56240123   0.44642436  -0.01261171   1.18314622   0.78539816   0.59909058   1.27998352   2.09015480  -1.92662338
  0.56412570   0.44652152  -0.01212133   1.18294660   0.78523822   0.59856072   1.27982136   2.08996438  -1.92849811
  0.56412570   0.44652152  -0.01212133   1.18294660   0.78523822   0.59856072   1.27982136   2.08996438  -1.92849811
  0.56412570   0.44652152  -0.01212133   1.18294660   0.78523822   0.59856072   1.27982136   2.08996438  -1.92849811
  0.56518361   0.44656911  -0.01206032   1.18249816   0.78536318   0.59854141   1.27963799   2.08998609  -1.92963533
  0.56518361   0.44656911  -0.01206032   1.18249816   0.78536318   0.59854141   1.27963799   2.08998609  -1.92963533
  0.56545971   0.44656117  -0.01198228   1.18261293   0.78536755   0.59865496   1.27947051   2.08999495  -1.92956200
  0.56545971   0.44656117  -0.01198228   1.18261293   0.78536755   0.59865496   1.27947051   2.08999495  -1.92956200
  0.56715301   0.44660093  -0.01174336   1.18232629   0.78520266   0.59826247   1.27908189   2.08992542  -1.93148676
  0.56715301   0.44660093  -0.01174336   1.18232629   0.78520266   0.59826247   1.27908189   2.08992542  -1.93148676
  0.56738463   0.44655324  -0.01161750   1.18221619   0.78522710   0.59845186   1.27911751   2.08993949  -1.93146121
  0.56738463   0.44655324  -0.01161750   1.18221619   0.78522710   0.59845186   1.27911751   2.08993949  -1.93146121
  0.56905311   0.44588751  -0.01274819   1.18102587   0.78532474   0.59924506   1.27779977   2.09000884  -1.93374132
  0.56905311   0.44588751  -0.01274819   1.18102587   0.78532474   0.59924506   1.27779977   2.09000884  -1.93374132
  0.56905311   0.44588751  -0.01274819   1.18102587   0.78532474   0.59924506   1.27779977   2.09000884  -1.93374132
  0.57095331   0.44564243  -0.01235625   1.18065704   0.78522013   0.59898538   1.27749524   2.08977059  -1.93583467
  0.57095331   0.44564243  -0.01235625   1.18065704   0.78522013   0.59898538   1.27749524   2.08977059  -1.93583467
  0.57121550   0.44573371  -0.01238512   1.18073129   0.78524239   0.59910690   1.27731981   2.08968640  -1.93573045
  0.57121550   0.44573371  -0.01238512   1.18073129   0.78524239   0.59910690   1.27731981   2.08968640  -1.93573045
  0.57256495   0.44571679  -0.01228237   1.18020306   0.78533975   0.59907552   1.27711291   2.08958416  -1.93718569
  0.57256495   0.44571679  -0.01228237   1.18020306   0.78533975   0.59907552   1.27711291   2.08958416  -1.93718569
  0.57408478   0.44526732  -0.01263964   1.17963555   0.78538721   0.59928946   1.27621854   2.08973006  -1.93909851
  0.57408478   0.44526732  -0.01263964   1.17963555   0.78538721   0.59928946   1.27621854   2.08973006  -1.93909851
  0.57408478   0.44526732  -0.01263964   1.17963555   0.78538721   0.59928946   1.27621854   2.08973006  -1.93909851
  0.57537837   0.44507020  -0.01291467   1.17901235   0.78539816   0.59953512   1.27575142   2.08948981  -1.94052094
  0.57545935   0.44494653  -0.01302347   1.17926814   0.78539564   0.59954280   1.27536998   2.08959184  -1.94054418
  0.57545935   0.44494653  -0.01302347   1.17926814   0.78539564   0.59954280   1.27536998   2.08959184  -1.94054418
  0.57796452   0.44085129  -0.01845931   1.17539683   0.78539816   0.60417355   1.27069381   2.08906807  -1.94522629
  0.57796452   0.44085129  -0.01845931   1.17539683   0.78539816   0.60417355   1.27069381   2.08906807  -1.94522629
  0.57928325   0.44066996  -0.01781628   1.17547261   0.78519649   0.60376224   1.27064614   2.08880117  -1.94654310
  0.57928325   0.44066996  -0.01781628   1.17547261   0.78519649   0.60376224   1.27064614   2.08880117  -1.94654310
  0.57966489   0.44087963  -0.01781748   1.17538081   0.78524691   0.60387196   1.27061854   2.08859657  -1.94654769
  0.57966489   0.44087963  -0.01781748   1.17538081   0.78524691   0.60387196   1.27061854   2.08859657  -1.94654769
  0.58088030   0.44086728  -0.01743465   1.17526577   0.78534144   0.60330659   1.27044134   2.08864170  -1.94820402
  0.58088030   0.44086728  -0.01743465   1.17526577   0.78534144   0.60330659   1.27044134   2.08864170  -1.94820402
  0.58194517   0.44089090  -0.01734898   1.17478715   0.78538576   0.60335904   1.27028439   2.08864291  -1.94927674
  0.58194517   0.44089090  -0.01734898   1.17478715   0.78538576   0.60335904   1.27028439   2.08864291  -1.94927674
  0.58223196   0.44090104  -0.01728689   1.17493241   0.78538731   0.60345879   1.27008401   2.08864004  -1.94919869
  0.58223196   0.44090104  -0.01728689   1.17493241   0.78538731   0.60345879   1.27008401   2.08864004  -1.94919869
  0.58402174   0.44096900  -0.01702311   1.17465173   0.78520985   0.60304412   1.26966770   2.08853711  -1.95119149
  0.58402174   0.44096900  -0.01702311   1.17465173   0.78520985   0.60304412   1.26966770   2.08853711  -1.95119149
  0.58421681   0.44087751  -0.01687469   1.17451890   0.78523339   0.60323286   1.26973514   2.08858758  -1.95118719
  0.58421681   0.44087751  -0.01687469   1.17451890   0.78523339   0.60323286   1.26973514   2.08858758  -1.95118719
  0.58586907   0.44034487  -0.01781876   1.17345152   0.78526420   0.60386942   1.26854967   2.08860976  -1.95337708
  0.58586907   0.44034487  -0.01781876   1.17345152   0.78526420   0.60386942   1.26854967   2.08860976  -1.95337708
  0.58586907   0.44034487  -0.01781876   1.17345152   0.78526420   0.60386942   1.26854967   2.08860976  -1.95337708
  0.58751159   0.44014104  -0.01751493   1.17312580   0.78531206   0.60365921   1.26823350   2.08842949  -1.95519645
  0.58751159   0.44014104  -0.01751493   1.17312580   0.78531206   0.60365921   1.26823350   2.08842949  -1.95519645
  0.58751159   0.44014104  -0.01751493   1.17312580   0.78531206   0.60365921   1.26823350   2.08842949  -1.95519645
  0.58869762   0.43959654  -0.01845649   1.17234920   0.78539816   0.60442025   1.26707611   2.08846490  -1.95662578
  0.58869762   0.43959654  -0.01845649   1.17234920   0.78539816   0.60442025   1.26707611   2.08846490  -1.95662578
  0.59021865   0.43866771  -0.01948367   1.17129290   0.78533648   0.60534155   1.26588408   2.08818462  -1.95863312
  0.59021865   0.43866771  -0.01948367   1.17129290   0.78533648   0.60534155   1.26588408   2.08818462  -1.95863312
  0.59021865   0.43866771  -0.01948367   1.17129290   0.78533648   0.60534155   1.26588408   2.08818462  -1.95863312
  0.59137243   0.43818066  -0.01986996   1.17083472   0.78534856   0.60572864   1.26509990   2.08816981  -1.95996658
  0.59304397   0.43784866  -0.01983621   1.17052450   0.78531105   0.60543768   1.26454006   2.08785228  -1.96214670
  0.59325077   0.43782589  -0.01974109   1.17042357   0.78532194   0.60573174   1.26456009   2.08783748  -1.96193468
  0.59325077   0.43782589  -0.01974109   1.17042357   0.78532194   0.60573174   1.26456009   2.08783748  -1.96193468
  0.59325077   0.43782589  -0.01974109   1.17042357   0.78532194   0.60573174   1.26456009   2.08783748  -1.96193468
  0.59464912   0.43776610  -0.01966979   1.16984879   0.78514841   0.60573807   1.26428209   2.08778265  -1.96348116
  0.59464912   0.43776610  -0.01966979   1.16984879   0.78514841   0.60573807   1.26428209   2.08778265  -1.96348116
  0.59491591   0.43782000  -0.01965552   1.16991213   0.78517963   0.60585077   1.26413200   2.08772736  -1.96341457
  0.59491591   0.43782000  -0.01965552   1.16991213   0.78517963   0.60585077   1.26413200   2.08772736  -1.96341457
  0.59654413   0.43783282  -0.01941135   1.16940888   0.78531621   0.60570592   1.26390568   2.08758266  -1.96512876
  0.59654413   0.43783282  -0.01941135   1.16940888   0.78531621   0.60570592   1.26390568   2.08758266  -1.96512876
  0.59654413   0.43783282  -0.01941135   1.16940888   0.78531621   0.60570592   1.26390568   2.08758266  -1.96512876
  0.59945440   0.43397874  -0.02432795   1.16606164   0.78539816   0.60958450   1.25914999   2.08712142  -1.97038759
  0.59945440   0.43397874  -0.02432795   1.16606164   0.78539816   0.60958450   1.25914999   2.08712142  -1.97038759
  0.59945440   0.43397874  -0.02432795   1.16606164   0.78539816   0.60958450   1.25914999   2.08712142  -1.97038759
  0.60086307   0.43391046  -0.02375226   1.16584226   0.78539205   0.60923367   1.25918191   2.08689278  -1.97187874
  0.60104254   0.43404369  -0.02382780   1.16598603   0.78539281   0.60929725   1.25897771   2.08679633  -1.97172342
  0.60104254   0.43404369  -0.02382780   1.16598603   0.78539281   0.60929725   1.25897771   2.08679633  -1.97172342
  0.60104254   0.43404369  -0.02382780   1.16598603   0.78539281   0.60929725   1.25897771   2.08679633  -1.97172342
  0.60265711   0.43420437  -0.02337118   1.16568560   0.78517555   0.60906502   1.25882682   2.08670118  -1.97316149
  0.60265711   0.43420437  -0.02337118   1.16568560   0.78517555   0.60906502   1.25882682   2.08670118  -1.97316149
  0.60265711   0.43420437  -0.02337118   1.16568560   0.78517555   0.60906502   1.25882682   2.08670118  -1.97316149
  0.60265711   0.43420437  -0.02337118   1.16568560   0.78517555   0.60906502   1.25882682   2.08670118  -1.97316149
  0.60459175   0.43434513  -0.02290730   1.16538417   0.78511856   0.60867917   1.25849564   2.08666704  -1.97509451
  0.60459175   0.43434513  -0.02290730   1.16538417   0.78511856   0.60867917   1.25849564   2.08666704  -1.97509451
  0.60459175   0.43434513  -0.02290730   1.16538417   0.78511856   0.60867917   1.25849564   2.08666704  -1.97509451
  0.60615872   0.43438930  -0.02293151   1.16497059   0.78533700   0.60852621   1.25792793   2.08667972  -1.97685033
  0.60615872   0.43438930  -0.02293151   1.16497059   0.78533700   0.60852621   1.25792793   2.08667972  -1.97685033
  0.60630228   0.43421557  -0.02275311   1.16487440   0.78534465   0.60871216   1.25798174   2.08679635  -1.97684574
  0.60630228   0.43421557  -0.02275311   1.16487440   0.78534465   0.60871216   1.25798174   2.08679635  -1.97684574
  0.60778093   0.43353436  -0.02385819   1.16378924   0.78537035   0.60949478   1.25672572   2.08670775  -1.97891896
  0.60778093   0.43353436  -0.02385819   1.16378924   0.78537035   0.60949478   1.25672572   2.08670775  -1.97891896
  0.60778093   0.43353436  -0.02385819   1.16378924   0.78537035   0.60949478   1.25672572   2.08670775  -1.97891896
  0.60949912   0.43335111  -0.02345151   1.16346936   0.78535988   0.60926070   1.25646281   2.08648596  -1.98075742
  0.60949912   0.43335111  -0.02345151   1.16346936   0.78535988   0.60926070   1.25646281   2.08648596  -1.98075742
  0.60949912   0.43335111  -0.02345151   1.16346936   0.78535988   0.60926070   1.25646281   2.08648596  -1.98075742
  0.61056308   0.43286913  -0.02435234   1.16274547   0.78539816   0.61003790   1.25536396   2.08651927  -1.98196443
  0.61184373   0.43271755  -0.02428316   1.16232412   0.78526135   0.60997195   1.25514890   2.08613773  -1.98342910
  0.61199695   0.43256988  -0.02416896   1.16243582   0.78527846   0.61011385   1.25500201   2.08626203  -1.98334292
  0.61199695   0.43256988  -0.02416896   1.16243582   0.78527846   0.61011385   1.25500201   2.08626203  -1.98334292
  0.61199695   0.43256988  -0.02416896   1.16243582   0.78527846   0.61011385   1.25500201   2.08626203  -1.98334292
  0.61365536   0.43193881  -0.02512273   1.16135823   0.78532810   0.61080206   1.25378461   2.08619924  -1.98556938
  0.61365536   0.43193881  -0.02512273   1.16135823   0.78532810   0.61080206   1.25378461   2.08619924  -1.98556938
  0.61508542   0.43160080  -0.02492190   1.16101873   0.78526591   0.61070841   1.25344029   2.08600410  -1.98724820
  0.61508542   0.43160080  -0.02492190   1.16101873   0.78526591   0.61070841   1.25344029   2.08600410  -1.98724820
  0.61508542   0.43160080  -0.02492190   1.16101873   0.78526591   0.61070841   1.25344029   2.08600410  -1.98724820
  0.61544272   0.43171673  -0.02490200   1.16107746   0.78528244   0.61083458   1.25328372   2.08589016  -1.98716982
  0.61734603   0.43171777  -0.02483547   1.16062835   0.78517971   0.61054966   1.25270732   2.08572373  -1.98936784
  0.61734603   0.43171777  -0.02483547   1.16062835   0.78517971   0.61054966   1.25270732   2.08572373  -1.98936784
  0.61744784   0.43152934  -0.02467168   1.16051067   0.78520702   0.61073409   1.25277552   2.08585532  -1.98937340
  0.61744784   0.43152934  -0.02467168   1.16051067   0.78520702   0.61073409   1.25277552   2.08585532  -1.98937340
  0.62010845   0.42816935  -0.02901221   1.15744119   0.78539816   0.61416703   1.24862403   2.08524713  -1.99414697
  0.62010845   0.42816935  -0.02901221   1.15744119   0.78539816   0.61416703   1.24862403   2.08524713  -1.99414697
  0.62010845   0.42816935  -0.02901221   1.15744119   0.78539816   0.61416703   1.24862403   2.08524713  -1.99414697
  0.62046108   0.42820460  -0.02886713   1.15745090   0.78539816   0.61431253   1.24857886   2.08518708  -1.99408707
  0.62046108   0.42820460  -0.02886713   1.15745090   0.78539816   0.61431253   1.24857886   2.08518708  -1.99408707
  0.62206175   0.42822804  -0.02846211   1.15707557   0.78521396   0.61397014   1.24839018   2.08512692  -1.99589105
  0.62206175   0.42822804  -0.02846211   1.15707557   0.78521396   0.61397014   1.24839018   2.08512692  -1.99589105
  0.62206175   0.42822804  -0.02846211   1.15707557   0.78521396   0.61397014   1.24839018   2.08512692  -1.99589105
  0.62359810   0.42838580  -0.02799899   1.15677031   0.78527149   0.61369924   1.24833878   2.08488726  -1.99730423
  0.62359810   0.42838580  -0.02799899   1.15677031   0.78527149   0.61369924   1.24833878   2.08488726  -1.99730423
  0.62359810   0.42838580  -0.02799899   1.15677031   0.78527149   0.61369924   1.24833878   2.08488726  -1.99730423
  0.62535992   0.42849747  -0.02769516   1.15669379   0.78527166   0.61315882   1.24778665   2.08485517  -1.99926503
  0.62535992   0.42849747  -0.02769516   1.15669379   0.78527166   0.61315882   1.24778665   2.08485517  -1.99926503
  0.62563720   0.42843841  -0.02753173   1.15662808   0.78528747   0.61340703   1.24778658   2.08488382  -1.99914530
  0.62563720   0.42843841  -0.02753173   1.15662808   0.78528747   0.61340703   1.24778658   2.08488382  -1.99914530
  0.62563720   0.42843841  -0.02753173   1.15662808   0.78528747   0.61340703   1.24778658   2.08488382  -1.99914530
  0.62773535   0.42849666  -0.02705802   1.15611270   0.78504453   0.61298982   1.24750196   2.08481105  -2.00148991
  0.62773535   0.42849666  -0.02705802   1.15611270   0.78504453   0.61298982   1.24750196   2.08481105  -2.00148991
  0.62800563   0.42859805  -0.02706991   1.15615544   0.78508873   0.61312913   1.24736071   2.08471898  -2.00136986
  0.62800563   0.42859805  -0.02706991   1.15615544   0.78508873   0.61312913   1.24736071   2.08471898  -2.00136986
  0.62923430   0.42803999  -0.02793334   1.15522836   0.78528462   0.61367177   1.24633833   2.08473593  -2.00325753
  0.62923430   0.42803999  -0.02793334   1.15522836   0.78528462   0.61367177   1.24633833   2.08473593  -2.00325753
  0.62923430   0.42803999  -0.02793334   1.15522836   0.78528462   0.61367177   1.24633833   2.08473593  -2.00325753
  0.62923430   0.42803999  -0.02793334   1.15522836   0.78528462   0.61367177   1.24633833   2.08473593  -2.00325753
  0.63097795   0.42792208  -0.02721614   1.15509397   0.78522475   0.61320378   1.24629185   2.08438729  -2.00506288
  0.63097795   0.42792208  -0.02721614   1.15509397   0.78522475   0.61320378   1.24629185   2.08438729  -2.00506288
  0.63097795   0.42792208  -0.02721614   1.15509397   0.78522475   0.61320378   1.24629185   2.08438729  -2.00506288
  0.63121556   0.42803405  -0.02721415   1.15521055   0.78524643   0.61324548   1.24614721   2.08428097  -2.00497943
  0.63121556   0.42803405  -0.02721415   1.15521055   0.78524643   0.61324548   1.24614721   2.08428097  -2.00497943
  0.63121556   0.42803405  -0.02721415   1.15521055   0.78524643   0.61324548   1.24614721   2.08428097  -2.00497943
  0.63232463   0.42810405  -0.02637549   1.15532042   0.78534126   0.61256267   1.24647285   2.08388986  -2.00616100
  0.63232463   0.42810405  -0.02637549   1.15532042   0.78534126   0.61256267   1.24647285   2.08388986  -2.00616100
  0.63232463   0.42810405  -0.02637549   1.15532042   0.78534126   0.61256267   1.24647285   2.08388986  -2.00616100
  0.63232463   0.42810405  -0.02637549   1.15532042   0.78534126   0.61256267   1.24647285   2.08388986  -2.00616100
  0.63232463   0.42810405  -0.02637549   1.15532042   0.78534126   0.61256267   1.24647285   2.08388986  -2.00616100
  0.63232463   0.42810405  -0.02637549   1.15532042   0.78534126   0.61256267   1.24647285   2.08388986  -2.00616100
  0.63242125   0.43236818  -0.01908504   1.15909281   0.78254976   0.60775102   1.25196044   2.08389724  -2.00247830
  0.63242125   0.43236818  -0.01908504   1.15909281   0.78254976   0.60775102   1.25196044   2.08389724  -2.00247830
  0.63242125   0.43236818  -0.01908504   1.15909281   0.78254976   0.60775102   1.25196044   2.08389724  -2.00247830
  0.63242125   0.43236818  -0.01908504   1.15909281   0.78254976   0.60775102   1.25196044   2.08389724  -2.00247830
  0.63242125   0.43236818  -0.01908504   1.15909281   0.78254976   0.60775102   1.25196044   2.08389724  -2.00247830
  0.63242125   0.43236818  -0.01908504   1.15909281   0.78254976   0.60775102   1.25196044   2.08389724  -2.00247830
  0.63199177   0.43918923  -0.00924559   1.16393556   0.77855363   0.60162267   1.25964186   2.08489086  -1.99615474
  0.63199177   0.43918923  -0.00924559   1.16393556   0.77855363   0.60162267   1.25964186   2.08489086  -1.99615474
  0.63199177   0.43918923  -0.00924559   1.16393556   0.77855363   0.60162267   1.25964186   2.08489086  -1.99615474
  0.63199177   0.43918923  -0.00924559   1.16393556   0.77855363   0.60162267   1.25964186   2.08489086  -1.99615474
  0.63199177   0.43918923  -0.00924559   1.16393556   0.77855363   0.60162267   1.25964186   2.08489086  -1.99615474
  0.63215590   0.44258257  -0.00363679   1.16682086   0.77647765   0.59798409   1.26384840   2.08488049  -1.99344724
  0.63215590   0.44258257  -0.00363679   1.16682086   0.77647765   0.59798409   1.26384840   2.08488049  -1.99344724
  0.63215590   0.44258257  -0.00363679   1.16682086   0.77647765   0.59798409   1.26384840   2.08488049  -1.99344724
  0.63215590   0.44258257  -0.00363679   1.16682086   0.77647765   0.59798409   1.26384840   2.08488049  -1.99344724
  0.63215590   0.44258257  -0.00363679   1.16682086   0.77647765   0.59798409   1.26384840   2.08488049  -1.99344724
  0.63178804   0.44668925   0.00280388   1.17012505   0.77386389   0.59411334   1.26890417   2.08507868  -1.98942120
  0.63178804   0.44668925   0.00280388   1.17012505   0.77386389   0.59411334   1.26890417   2.08507868  -1.98942120
  0.63178804   0.44668925   0.00280388   1.17012505   0.77386389   0.59411334   1.26890417   2.08507868  -1.98942120
  0.63178804   0.44668925   0.00280388   1.17012505   0.77386389   0.59411334   1.26890417   2.08507868  -1.98942120
  0.63192362   0.45116061   0.00920429   1.17328068   0.77147298   0.59000316   1.27371802   2.08560719  -1.98612045
  0.63192362   0.45116061   0.00920429   1.17328068   0.77147298   0.59000316   1.27371802   2.08560719  -1.98612045
  0.63192362   0.45116061   0.00920429   1.17328068   0.77147298   0.59000316   1.27371802   2.08560719  -1.98612045
  0.63192362   0.45116061   0.00920429   1.17328068   0.77147298   0.59000316   1.27371802   2.08560719  -1.98612045
  0.63192362   0.45116061   0.00920429   1.17328068   0.77147298   0.59000316   1.27371802   2.08560719  -1.98612045
  0.63138410   0.45604119   0.01682424   1.17730421   0.76831626   0.58549611   1.27971450   2.08570183  -1.98129438
  0.63138410   0.45604119   0.01682424   1.17730421   0.76831626   0.58549611   1.27971450   2.08570183  -1.98129438
  0.63138410   0.45604119   0.01682424   1.17730421   0.76831626   0.58549611   1.27971450   2.08570183  -1.98129438
  0.63138410   0.45604119   0.01682424   1.17730421   0.76831626   0.58549611   1.27971450   2.08570183  -1.98129438
  0.63226344   0.45672908   0.01823541   1.17804408   0.76817382   0.58423582   1.28039285   2.08555043  -1.98191270
  0.63164845   0.45952186   0.02187101   1.17984198   0.76651866   0.58226425   1.28344353   2.08595200  -1.97894627
  0.63164845   0.45952186   0.02187101   1.17984198   0.76651866   0.58226425   1.28344353   2.08595200  -1.97894627
  0.63164845   0.45952186   0.02187101   1.17984198   0.76651866   0.58226425   1.28344353   2.08595200  -1.97894627
  0.63121480   0.46391383   0.02834172   1.18320307   0.76386353   0.57845079   1.28850065   2.08626615  -1.97492743
  0.63121480   0.46391383   0.02834172   1.18320307   0.76386353   0.57845079   1.28850065   2.08626615  -1.97492743
  0.63121480   0.46391383   0.02834172   1.18320307   0.76386353   0.57845079   1.28850065   2.08626615  -1.97492743
  0.63121480   0.46391383   0.02834172   1.18320307   0.76386353   0.57845079   1.28850065   2.08626615  -1.97492743
  0.63121480   0.46391383   0.02834172   1.18320307   0.76386353   0.57845079   1.28850065   2.08626615  -1.97492743
  0.63121480   0.46391383   0.02834172   1.18320307   0.76386353   0.57845079   1.28850065   2.08626615  -1.97492743
  0.63119288   0.47016169   0.03729901   1.18780161   0.76046389   0.57299993   1.29529784   2.08665442  -1.97009713
  0.63119288   0.47016169   0.03729901   1.18780161   0.76046389   0.57299993   1.29529784   2.08665442  -1.97009713
  0.63119288   0.47016169   0.03729901   1.18780161   0.76046389   0.57299993   1.29529784   2.08665442  -1.97009713
  0.63119288   0.47016169   0.03729901   1.18780161   0.76046389   0.57299993   1.29529784   2.08665442  -1.97009713
  0.63119288   0.47016169   0.03729901   1.18780161   0.76046389   0.57299993   1.29529784   2.08665442  -1.97009713
  0.63075747   0.47386703   0.04325432   1.19112244   0.75799501   0.56957683   1.29993599   2.08639844  -1.96647825
  0.63075747   0.47386703   0.04325432   1.19112244   0.75799501   0.56957683   1.29993599   2.08639844  -1.96647825
  0.63075747   0.47386703   0.04325432   1.19112244   0.75799501   0.56957683   1.29993599   2.08639844  -1.96647825
  0.63075747   0.47386703   0.04325432   1.19112244   0.75799501   0.56957683   1.29993599   2.08639844  -1.96647825
  0.63063347   0.47842924   0.04923194   1.19421867   0.75563273   0.56594434   1.30446675   2.08690461  -1.96308320
  0.63063347   0.47842924   0.04923194   1.19421867   0.75563273   0.56594434   1.30446675   2.08690461  -1.96308320
  0.63063347   0.47842924   0.04923194   1.19421867   0.75563273   0.56594434   1.30446675   2.08690461  -1.96308320
  0.63063347   0.47842924   0.04923194   1.19421867   0.75563273   0.56594434   1.30446675   2.08690461  -1.96308320
  0.63063347   0.47842924   0.04923194   1.19421867   0.75563273   0.56594434   1.30446675   2.08690461  -1.96308320
  0.63063347   0.47842924   0.04923194   1.19421867   0.75563273   0.56594434   1.30446675   2.08690461  -1.96308320
  0.63063347   0.47842924   0.04923194   1.19421867   0.75563273   0.56594434   1.30446675   2.08690461  -1.96308320
  0.63063347   0.47842924   0.04923194   1.19421867   0.75563273   0.56594434   1.30446675   2.08690461  -1.96308320
  0.63045993   0.48680880   0.06147006   1.20062503   0.75099974   0.55878420   1.31380848   2.08697524  -1.95652540
  0.63045993   0.48680880   0.06147006   1.20062503   0.75099974   0.55878420   1.31380848   2.08697524  -1.95652540
  0.63045993   0.48680880   0.06147006   1.20062503   0.75099974   0.55878420   1.31380848   2.08697524  -1.95652540
  0.63045993   0.48680880   0.06147006   1.20062503   0.75099974   0.55878420   1.31380848   2.08697524  -1.95652540
  0.63045993   0.48680880   0.06147006   1.20062503   0.75099974   0.55878420   1.31380848   2.08697524  -1.95652540
  0.63045993   0.48680880   0.06147006   1.20062503   0.75099974   0.55878420   1.31380848   2.08697524  -1.95652540
  0.63045993   0.48680880   0.06147006   1.20062503   0.75099974   0.55878420   1.31380848   2.08697524  -1.95652540
  0.62995262   0.49351771   0.07122387   1.20597541   0.74709438   0.55324396   1.32128344   2.08690425  -1.95082828
  0.62995262   0.49351771   0.07122387   1.20597541   0.74709438   0.55324396   1.32128344   2.08690425  -1.95082828
  0.62995262   0.49351771   0.07122387   1.20597541   0.74709438   0.55324396   1.32128344   2.08690425  -1.95082828
  0.62995262   0.49351771   0.07122387   1.20597541   0.74709438   0.55324396   1.32128344   2.08690425  -1.95082828
  0.62995262   0.49351771   0.07122387   1.20597541   0.74709438   0.55324396   1.32128344   2.08690425  -1.95082828
  0.63061882   0.49392680   0.07233276   1.20673560   0.74688007   0.55219338   1.32187950   2.08638474  -1.95136999
  0.63061882   0.49392680   0.07233276   1.20673560   0.74688007   0.55219338   1.32187950   2.08638474  -1.95136999
  0.63061882   0.49392680   0.07233276   1.20673560   0.74688007   0.55219338   1.32187950   2.08638474  -1.95136999
  0.63061882   0.49392680   0.07233276   1.20673560   0.74688007   0.55219338   1.32187950   2.08638474  -1.95136999
  0.62976218   0.50144351   0.08280824   1.21225774   0.74268620   0.54662239   1.33016689   2.08638927  -1.94468394
  0.62976218   0.50144351   0.08280824   1.21225774   0.74268620   0.54662239   1.33016689   2.08638927  -1.94468394
  0.62976218   0.50144351   0.08280824   1.21225774   0.74268620   0.54662239   1.33016689   2.08638927  -1.94468394
  0.62976218   0.50144351   0.08280824   1.21225774   0.74268620   0.54662239   1.33016689   2.08638927  -1.94468394
  0.62948546   0.50674857   0.08970127   1.21599795   0.73994970   0.54264755   1.33529712   2.08692067  -1.94081943
  0.62948546   0.50674857   0.08970127   1.21599795   0.73994970   0.54264755   1.33529712   2.08692067  -1.94081943
  0.62948546   0.50674857   0.08970127   1.21599795   0.73994970   0.54264755   1.33529712   2.08692067  -1.94081943
  0.62948546   0.50674857   0.08970127   1.21599795   0.73994970   0.54264755   1.33529712   2.08692067  -1.94081943
  0.62948546   0.50674857   0.08970127   1.21599795   0.73994970   0.54264755   1.33529712   2.08692067  -1.94081943
  0.62941154   0.51048305   0.09533980   1.21920073   0.73780612   0.53946526   1.33956373   2.08640008  -1.93794352
  0.62941154   0.51048305   0.09533980   1.21920073   0.73780612   0.53946526   1.33956373   2.08640008  -1.93794352
  0.62941154   0.51048305   0.09533980   1.21920073   0.73780612   0.53946526   1.33956373   2.08640008  -1.93794352
  0.62941154   0.51048305   0.09533980   1.21920073   0.73780612   0.53946526   1.33956373   2.08640008  -1.93794352
  0.62941154   0.51048305   0.09533980   1.21920073   0.73780612   0.53946526   1.33956373   2.08640008  -1.93794352
  0.62899727   0.51670559   0.10371951   1.22378802   0.73450867   0.53482573   1.34591462   2.08651455  -1.93320774
  0.62899727   0.51670559   0.10371951   1.22378802   0.73450867   0.53482573   1.34591462   2.08651455  -1.93320774
  0.62899727   0.51670559   0.10371951   1.22378802   0.73450867   0.53482573   1.34591462   2.08651455  -1.93320774
  0.62899727   0.51670559   0.10371951   1.22378802   0.73450867   0.53482573   1.34591462   2.08651455  -1.93320774
  0.62899727   0.51670559   0.10371951   1.22378802   0.73450867   0.53482573   1.34591462   2.08651455  -1.93320774
  0.62878485   0.52152721   0.11048208   1.22759428   0.73189640   0.53108026   1.35100815   2.08624191  -1.92959835
  0.62878485   0.52152721   0.11048208   1.22759428   0.73189640   0.53108026   1.35100815   2.08624191  -1.92959835
  0.62878485   0.52152721   0.11048208   1.22759428   0.73189640   0.53108026   1.35100815   2.08624191  -1.92959835
  0.62878485   0.52152721   0.11048208   1.22759428   0.73189640   0.53108026   1.35100815   2.08624191  -1.92959835
  0.62878485   0.52152721   0.11048208   1.22759428   0.73189640   0.53108026   1.35100815   2.08624191  -1.92959835
  0.62878485   0.52152721   0.11048208   1.22759428   0.73189640   0.53108026   1.35100815   2.08624191  -1.92959835
  0.62881420   0.52359878   0.11460679   1.23017393   0.73011808   0.52854113   1.35430421   2.08515096  -1.92717845
  0.62881420   0.52359878   0.11460679   1.23017393   0.73011808   0.52854113   1.35430421   2.08515096  -1.92717845
  0.62881420   0.52359878   0.11460679   1.23017393   0.73011808   0.52854113   1.35430421   2.08515096  -1.92717845
  0.63807144   0.52359878   0.11823439   1.22877357   0.72313391   0.51175803   1.36413255   2.08789221  -1.91237585
  0.63807144   0.52359878   0.11823439   1.22877357   0.72313391   0.51175803   1.36413255   2.08789221  -1.91237585
  0.63807144   0.52359878   0.11823439   1.22877357   0.72313391   0.51175803   1.36413255   2.08789221  -1.91237585
  0.63807144   0.52359878   0.11823439   1.22877357   0.72313391   0.51175803   1.36413255   2.08789221  -1.91237585
  0.63807144   0.52359878   0.11823439   1.22877357   0.72313391   0.51175803   1.36413255   2.08789221  -1.91237585
  0.63807144   0.52359878   0.11823439   1.22877357   0.72313391   0.51175803   1.36413255   2.08789221  -1.91237585
  0.63870881   0.52359878   0.11971492   1.22992893   0.72251455   0.51027339   1.36528411   2.08678189  -1.91235388
  0.63870881   0.52359878   0.11971492   1.22992893   0.72251455   0.51027339   1.36528411   2.08678189  -1.91235388
  0.63870881   0.52359878   0.11971492   1.22992893   0.72251455   0.51027339   1.36528411   2.08678189  -1.91235388
  0.63870881   0.52359878   0.11971492   1.22992893   0.72251455   0.51027339   1.36528411   2.08678189  -1.91235388
  0.64991491   0.52359878   0.12418319   1.22810718   0.71290842   0.48874530   1.37848756   2.09018407  -1.89100622
  0.64991491   0.52359878   0.12418319   1.22810718   0.71290842   0.48874530   1.37848756   2.09018407  -1.89100622
  0.64991491   0.52359878   0.12418319   1.22810718   0.71290842   0.48874530   1.37848756   2.09018407  -1.89100622
  0.64991491   0.52359878   0.12418319   1.22810718   0.71290842   0.48874530   1.37848756   2.09018407  -1.89100622
  0.64991491   0.52359878   0.12418319   1.22810718   0.71290842   0.48874530   1.37848756   2.09018407  -1.89100622
  0.64991491   0.52359878   0.12418319   1.22810718   0.71290842   0.48874530   1.37848756   2.09018407  -1.89100622
  0.64991491   0.52359878   0.12418319   1.22810718   0.71290842   0.48874530   1.37848756   2.09018407  -1.89100622
  0.64880905   0.52352553   0.12408855   1.22822683   0.71232152   0.48902337   1.37879037   2.09026916  -1.88957837
  0.64880905   0.52352553   0.12408855   1.22822683   0.71232152   0.48902337   1.37879037   2.09026916  -1.88957837
  0.64880905   0.52352553   0.12408855   1.22822683   0.71232152   0.48902337   1.37879037   2.09026916  -1.88957837
  0.64880905   0.52352553   0.12408855   1.22822683   0.71232152   0.48902337   1.37879037   2.09026916  -1.88957837
  0.64819615   0.52359878   0.12488034   1.22893525   0.71133708   0.48831485   1.37990810   2.08982590  -1.88777876
  0.64819615   0.52359878   0.12488034   1.22893525   0.71133708   0.48831485   1.37990810   2.08982590  -1.88777876
  0.64819615   0.52359878   0.12488034   1.22893525   0.71133708   0.48831485   1.37990810   2.08982590  -1.88777876
  0.64709634   0.52359878   0.12476214   1.22904445   0.71056245   0.48840935   1.38033202   2.09006675  -1.88571301
  0.64709634   0.52359878   0.12476214   1.22904445   0.71056245   0.48840935   1.38033202   2.09006675  -1.88571301
  0.64629415   0.52359878   0.12464727   1.22896954   0.70998734   0.48851116   1.38082803   2.09003826  -1.88388384
  0.64629415   0.52359878   0.12464727   1.22896954   0.70998734   0.48851116   1.38082803   2.09003826  -1.88388384
  0.64614497   0.52359878   0.12460869   1.22893588   0.70986154   0.48840286   1.38090120   2.09006430  -1.88395693
  0.64574030   0.52359878   0.12477367   1.22904068   0.70961374   0.48837376   1.38109012   2.09039298  -1.88356478
  0.64579061   0.52359878   0.12461688   1.22903668   0.70960477   0.48846190   1.38104671   2.09011997  -1.88314002
  0.64554082   0.52359878   0.12520873   1.22926259   0.70857365   0.48734885   1.38231483   2.09015480  -1.88095172
  0.64554082   0.52359878   0.12520873   1.22926259   0.70857365   0.48734885   1.38231483   2.09015480  -1.88095172
  0.64521301   0.52359878   0.12520849   1.22919300   0.70797467   0.48691300   1.38286120   2.09032854  -1.87945076
  0.64521301   0.52359878   0.12520849   1.22919300   0.70797467   0.48691300   1.38286120   2.09032854  -1.87945076
  0.64436201   0.52359878   0.12507053   1.22913767   0.70743280   0.48703132   1.38319477   2.09059719  -1.87791566
  0.64436201   0.52359878   0.12507053   1.22913767   0.70743280   0.48703132   1.38319477   2.09059719  -1.87791566
  0.64436201   0.52359878   0.12507053   1.22913767   0.70743280   0.48703132   1.38319477   2.09059719  -1.87791566
  0.65222768   0.52359878   0.12793990   1.22756592   0.70031252   0.47101967   1.39300735   2.09312794  -1.86168337
  0.65222768   0.52359878   0.12793990   1.22756592   0.70031252   0.47101967   1.39300735   2.09312794  -1.86168337
  0.65197977   0.52359260   0.12782161   1.22757197   0.70012458   0.47091884   1.39299852   2.09323112  -1.86171438
  0.65079456   0.52359878   0.12734206   1.22743973   0.69978829   0.47168762   1.39279618   2.09391027  -1.86014457
  0.65079456   0.52359878   0.12734206   1.22743973   0.69978829   0.47168762   1.39279618   2.09391027  -1.86014457
  0.65079456   0.52359878   0.12734206   1.22743973   0.69978829   0.47168762   1.39279618   2.09391027  -1.86014457
  0.65079456   0.52359878   0.12734206   1.22743973   0.69978829   0.47168762   1.39279618   2.09391027  -1.86014457
  0.64967240   0.52348679   0.12700628   1.22728616   0.69939372   0.47225995   1.39299362   2.09378730  -1.85883615
  0.64967240   0.52348679   0.12700628   1.22728616   0.69939372   0.47225995   1.39299362   2.09378730  -1.85883615
  0.64940860   0.52342954   0.12693762   1.22730472   0.69919310   0.47213874   1.39304110   2.09385435  -1.85889543
  0.64940860   0.52342954   0.12693762   1.22730472   0.69919310   0.47213874   1.39304110   2.09385435  -1.85889543
  0.64864386   0.52358163   0.12707217   1.22756351   0.69883846   0.47247338   1.39331787   2.09376006  -1.85764724
  0.64864386   0.52358163   0.12707217   1.22756351   0.69883846   0.47247338   1.39331787   2.09376006  -1.85764724
  0.64723342   0.52321713   0.12691697   1.22776105   0.69826801   0.47308271   1.39344707   2.09386733  -1.85600050
  0.64723342   0.52321713   0.12691697   1.22776105   0.69826801   0.47308271   1.39344707   2.09386733  -1.85600050
  0.64723342   0.52321713   0.12691697   1.22776105   0.69826801   0.47308271   1.39344707   2.09386733  -1.85600050
  0.64606967   0.52327824   0.12685720   1.22772055   0.69776770   0.47348207   1.39386509   2.09390974  -1.85461196
  0.64606967   0.52327824   0.12685720   1.22772055   0.69776770   0.47348207   1.39386509   2.09390974  -1.85461196
  0.64606967   0.52327824   0.12685720   1.22772055   0.69776770   0.47348207   1.39386509   2.09390974  -1.85461196
  0.64591814   0.52329827   0.12672440   1.22774026   0.69761108   0.47337452   1.39384671   2.09386180  -1.85462941
  0.64492403   0.52331712   0.12669576   1.22801828   0.69719430   0.47387062   1.39394579   2.09399511  -1.85313836
  0.64492403   0.52331712   0.12669576   1.22801828   0.69719430   0.47387062   1.39394579   2.09399511  -1.85313836
  0.64473898   0.52333472   0.12659693   1.22794408   0.69705037   0.47377011   1.39402979   2.09394141  -1.85320068
  0.64385347   0.52337158   0.12668269   1.22792572   0.69677734   0.47428077   1.39440995   2.09393077  -1.85191635
  0.64385347   0.52337158   0.12668269   1.22792572   0.69677734   0.47428077   1.39440995   2.09393077  -1.85191635
  0.64368276   0.52338578   0.12656250   1.22798060   0.69659768   0.47415147   1.39438269   2.09391574  -1.85194641
  0.64234913   0.52345099   0.12666241   1.22831297   0.69597930   0.47462446   1.39473876   2.09402130  -1.85018893
  0.64234913   0.52345099   0.12666241   1.22831297   0.69597930   0.47462446   1.39473876   2.09402130  -1.85018893
  0.64234913   0.52345099   0.12666241   1.22831297   0.69597930   0.47462446   1.39473876   2.09402130  -1.85018893
  0.64173254   0.52359878   0.12710318   1.22872367   0.69539273   0.47442767   1.39543999   2.09366488  -1.84890854
  0.64173254   0.52359878   0.12710318   1.22872367   0.69539273   0.47442767   1.39543999   2.09366488  -1.84890854
  0.64082126   0.52359878   0.12707266   1.22887206   0.69489016   0.47462789   1.39568993   2.09384006  -1.84760824
  0.64082126   0.52359878   0.12707266   1.22887206   0.69489016   0.47462789   1.39568993   2.09384006  -1.84760824
  0.64082126   0.52359878   0.12707266   1.22887206   0.69489016   0.47462789   1.39568993   2.09384006  -1.84760824
  0.64005205   0.52359878   0.12727341   1.22915839   0.69422163   0.47445468   1.39625054   2.09378153  -1.84614849
  0.64005205   0.52359878   0.12727341   1.22915839   0.69422163   0.47445468   1.39625054   2.09378153  -1.84614849
  0.63959166   0.52359878   0.12694528   1.22905197   0.69392649   0.47458266   1.39636155   2.09348981  -1.84524316
  0.63929891   0.52337546   0.12718464   1.22913110   0.69379182   0.47454595   1.39653553   2.09371614  -1.84519086
  0.63896081   0.52351503   0.12699830   1.22908585   0.69359691   0.47475316   1.39663149   2.09356824  -1.84412000
  0.63896081   0.52351503   0.12699830   1.22908585   0.69359691   0.47475316   1.39663149   2.09356824  -1.84412000
  0.63814051   0.52359878   0.12734847   1.22932583   0.69287766   0.47446362   1.39730655   2.09364845  -1.84262155
  0.63814051   0.52359878   0.12734847   1.22932583   0.69287766   0.47446362   1.39730655   2.09364845  -1.84262155
  0.63719807   0.52359878   0.12737877   1.22936193   0.69229956   0.47458641   1.39776397   2.09392439  -1.84091737
  0.63712547   0.52359878   0.12720845   1.22941460   0.69212073   0.47438844   1.39771037   2.09381912  -1.84097053
  0.63712547   0.52359878   0.12720845   1.22941460   0.69212073   0.47438844   1.39771037   2.09381912  -1.84097053
  0.63712547   0.52359878   0.12720845   1.22941460   0.69212073   0.47438844   1.39771037   2.09381912  -1.84097053
  0.63591625   0.52359878   0.12726701   1.22955942   0.69155953   0.47488408   1.39812280   2.09407433  -1.83879036
  0.63578708   0.52359878   0.12714679   1.22952206   0.69140311   0.47472230   1.39816630   2.09400205  -1.83889674
  0.63578708   0.52359878   0.12714679   1.22952206   0.69140311   0.47472230   1.39816630   2.09400205  -1.83889674
  0.63578708   0.52359878   0.12714679   1.22952206   0.69140311   0.47472230   1.39816630   2.09400205  -1.83889674
  0.63467038   0.52359878   0.12719597   1.22961200   0.69076779   0.47493752   1.39872118   2.09399443  -1.83708994
  0.63467038   0.52359878   0.12719597   1.22961200   0.69076779   0.47493752   1.39872118   2.09399443  -1.83708994
  0.63467038   0.52359878   0.12719597   1.22961200   0.69076779   0.47493752   1.39872118   2.09399443  -1.83708994
  0.63462189   0.52359878   0.12793292   1.23013436   0.68954119   0.47334380   1.40015387   2.09375228  -1.83453815
  0.63462189   0.52359878   0.12793292   1.23013436   0.68954119   0.47334380   1.40015387   2.09375228  -1.83453815
  0.63462189   0.52359878   0.12793292   1.23013436   0.68954119   0.47334380   1.40015387   2.09375228  -1.83453815
  0.63405590   0.52359878   0.12794792   1.23010547   0.68887239   0.47295162   1.40070906   2.09398657  -1.83290325
  0.63405590   0.52359878   0.12794792   1.23010547   0.68887239   0.47295162   1.40070906   2.09398657  -1.83290325
  0.63300553   0.52359878   0.12758656   1.22998468   0.68827256   0.47326632   1.40098654   2.09403682  -1.83075886
  0.63300553   0.52359878   0.12758656   1.22998468   0.68827256   0.47326632   1.40098654   2.09403682  -1.83075886
  0.63300553   0.52359878   0.12758656   1.22998468   0.68827256   0.47326632   1.40098654   2.09403682  -1.83075886
  0.63301364   0.52359878   0.12814534   1.23020930   0.68748562   0.47203931   1.40186309   2.09401815  -1.82940235
  0.63301364   0.52359878   0.12814534   1.23020930   0.68748562   0.47203931   1.40186309   2.09401815  -1.82940235
  0.63301364   0.52359878   0.12814534   1.23020930   0.68748562   0.47203931   1.40186309   2.09401815  -1.82940235
  0.63211923   0.52359878   0.12839640   1.23033097   0.68648637   0.47147723   1.40271283   2.09439510  -1.82684852
  0.63211923   0.52359878   0.12839640   1.23033097   0.68648637   0.47147723   1.40271283   2.09439510  -1.82684852
  0.63206215   0.52359272   0.12857128   1.23029425   0.68580546   0.47058483   1.40341724   2.09417253  -1.82515064
  0.63206215   0.52359272   0.12857128   1.23029425   0.68580546   0.47058483   1.40341724   2.09417253  -1.82515064
  0.63206215   0.52359272   0.12857128   1.23029425   0.68580546   0.47058483   1.40341724   2.09417253  -1.82515064
  0.63135009   0.52359878   0.12871537   1.23034433   0.68504494   0.47015657   1.40399242   2.09430877  -1.82323646
  0.63135009   0.52359878   0.12871537   1.23034433   0.68504494   0.47015657   1.40399242   2.09430877  -1.82323646
  0.63057020   0.52359878   0.12905800   1.23053860   0.68430624   0.46977981   1.40454486   2.09439510  -1.82139448
  0.63057020   0.52359878   0.12905800   1.23053860   0.68430624   0.46977981   1.40454486   2.09439510  -1.82139448
  0.63043425   0.52359878   0.12954334   1.23044012   0.68360752   0.46876590   1.40536467   2.09409354  -1.81962442
  0.63043425   0.52359878   0.12954334   1.23044012   0.68360752   0.46876590   1.40536467   2.09409354  -1.81962442
  0.62973754   0.52359878   0.12923426   1.23041046   0.68316427   0.46886105   1.40535229   2.09426317  -1.81835789
  0.62951779   0.52359878   0.12938322   1.23014891   0.68311712   0.46884985   1.40570725   2.09429615  -1.81830570
  0.62955929   0.52359878   0.12935620   1.23034388   0.68308583   0.46886388   1.40553175   2.09430852  -1.81806225
  0.62836499   0.52359878   0.12939171   1.23030750   0.68247556   0.46908206   1.40591498   2.09439510  -1.81622556
  0.62836499   0.52359878   0.12939171   1.23030750   0.68247556   0.46908206   1.40591498   2.09439510  -1.81622556
  0.62836499   0.52359878   0.12939171   1.23030750   0.68247556   0.46908206   1.40591498   2.09439510  -1.81622556
  0.62793591   0.52359878   0.12972047   1.23033664   0.68169788   0.46827902   1.40662359   2.09439510  -1.81439824
  0.62793591   0.52359878   0.12972047   1.23033664   0.68169788   0.46827902   1.40662359   2.09439510  -1.81439824
  0.63350577   0.52359878   0.13535281   1.22850248   0.67594704   0.45267088   1.41330809   2.09439510  -1.80007925
  0.63350577   0.52359878   0.13535281   1.22850248   0.67594704   0.45267088   1.41330809   2.09439510  -1.80007925
  0.63350577   0.52359878   0.13535281   1.22850248   0.67594704   0.45267088   1.41330809   2.09439510  -1.80007925
  0.63252315   0.52353904   0.13552252   1.22784459   0.67571354   0.45264990   1.41270921   2.09439510  -1.79911917
  0.63117249   0.52357637   0.13554005   1.22761993   0.67537944   0.45322616   1.41236326   2.09439510  -1.79749560
  0.63117249   0.52357637   0.13554005   1.22761993   0.67537944   0.45322616   1.41236326   2.09439510  -1.79749560
  0.63117249   0.52357637   0.13554005   1.22761993   0.67537944   0.45322616   1.41236326   2.09439510  -1.79749560
  0.63095683   0.52357777   0.13548511   1.22757333   0.67522572   0.45311223   1.41242376   2.09439510  -1.79758281
  0.62956732   0.52338384   0.13568961   1.22754956   0.67477795   0.45351851   1.41209077   2.09439510  -1.79587138
  0.62956732   0.52338384   0.13568961   1.22754956   0.67477795   0.45351851   1.41209077   2.09439510  -1.79587138
  0.62956732   0.52338384   0.13568961   1.22754956   0.67477795   0.45351851   1.41209077   2.09439510  -1.79587138
  0.62861999   0.52359878   0.13630841   1.22730511   0.67439966   0.45331477   1.41210614   2.09439510  -1.79489130
  0.62861999   0.52359878   0.13630841   1.22730511   0.67439966   0.45331477   1.41210614   2.09439510  -1.79489130
  0.62861999   0.52359878   0.13630841   1.22730511   0.67439966   0.45331477   1.41210614   2.09439510  -1.79489130
  0.62720400   0.52359878   0.13614773   1.22726267   0.67383575   0.45375564   1.41194692   2.09439510  -1.79308917
  0.62720400   0.52359878   0.13614773   1.22726267   0.67383575   0.45375564   1.41194692   2.09439510  -1.79308917
  0.62720400   0.52359878   0.13614773   1.22726267   0.67383575   0.45375564   1.41194692   2.09439510  -1.79308917
  0.62593319   0.52358977   0.13678297   1.22734681   0.67334960   0.45386587   1.41221339   2.09439510  -1.79192298
  0.62593319   0.52358977   0.13678297   1.22734681   0.67334960   0.45386587   1.41221339   2.09439510  -1.79192298
  0.62593319   0.52358977   0.13678297   1.22734681   0.67334960   0.45386587   1.41221339   2.09439510  -1.79192298
  0.62550100   0.52359456   0.13629870   1.22718405   0.67303969   0.45390198   1.41202925   2.09439510  -1.79105844
  0.62550100   0.52359456   0.13629870   1.22718405   0.67303969   0.45390198   1.41202925   2.09439510  -1.79105844
  0.62453742   0.52359878   0.13656257   1.22687773   0.67250529   0.45375371   1.41231024   2.09439510  -1.78933218
  0.62453742   0.52359878   0.13656257   1.22687773   0.67250529   0.45375371   1.41231024   2.09439510  -1.78933218
  0.62368750   0.52359878   0.13697558   1.22687501   0.67197954   0.45353710   1.41251045   2.09439510  -1.78782543
  0.62368750   0.52359878   0.13697558   1.22687501   0.67197954   0.45353710   1.41251045   2.09439510  -1.78782543
  0.62368750   0.52359878   0.13697558   1.22687501   0.67197954   0.45353710   1.41251045   2.09439510  -1.78782543
  0.62257429   0.52359878   0.13736401   1.22719126   0.67140458   0.45355234   1.41265280   2.09439510  -1.78662031
  0.62257429   0.52359878   0.13736401   1.22719126   0.67140458   0.45355234   1.41265280   2.09439510  -1.78662031
  0.62220384   0.52359878   0.13714922   1.22666586   0.67123235   0.45357767   1.41294614   2.09439510  -1.78591820
  0.62157122   0.52359878   0.13767422   1.22704825   0.67076396   0.45331164   1.41306716   2.09439510  -1.78489963
  0.62157122   0.52359878   0.13767422   1.22704825   0.67076396   0.45331164   1.41306716   2.09439510  -1.78489963
  0.62157122   0.52359878   0.13767422   1.22704825   0.67076396   0.45331164   1.41306716   2.09439510  -1.78489963
  0.62775915   0.52359878   0.14572216   1.22216392   0.66423501   0.43273062   1.41864645   2.09439510  -1.76654828
  0.62775915   0.52359878   0.14572216   1.22216392   0.66423501   0.43273062   1.41864645   2.09439510  -1.76654828
  0.62643334   0.52341795   0.14591662   1.22208468   0.66391303   0.43317805   1.41826961   2.09439510  -1.76544870
  0.62643334   0.52341795   0.14591662   1.22208468   0.66391303   0.43317805   1.41826961   2.09439510  -1.76544870
  0.62643334   0.52341795   0.14591662   1.22208468   0.66391303   0.43317805   1.41826961   2.09439510  -1.76544870
  0.62502971   0.52341956   0.14607282   1.22216170   0.66347791   0.43360159   1.41795834   2.09439510  -1.76422593
  0.62502971   0.52341956   0.14607282   1.22216170   0.66347791   0.43360159   1.41795834   2.09439510  -1.76422593
  0.62502971   0.52341956   0.14607282   1.22216170   0.66347791   0.43360159   1.41795834   2.09439510  -1.76422593
  0.62369019   0.52359878   0.14669105   1.22193000   0.66313606   0.43376302   1.41779554   2.09439510  -1.76317191
  0.62369019   0.52359878   0.14669105   1.22193000   0.66313606   0.43376302   1.41779554   2.09439510  -1.76317191
  0.62315911   0.52359878   0.14687802   1.22135888   0.66290801   0.43341906   1.41732750   2.09439510  -1.76231419
  0.62315911   0.52359878   0.14687802   1.22135888   0.66290801   0.43341906   1.41732750   2.09439510  -1.76231419
  0.62315911   0.52359878   0.14687802   1.22135888   0.66290801   0.43341906   1.41732750   2.09439510  -1.76231419
  0.62208797   0.52356277   0.14696362   1.22103264   0.66247911   0.43348252   1.41714217   2.09439510  -1.76088414
  0.62208797   0.52356277   0.14696362   1.22103264   0.66247911   0.43348252   1.41714217   2.09439510  -1.76088414
  0.62077410   0.52347282   0.14724494   1.22111735   0.66198764   0.43376036   1.41709298   2.09439510  -1.75942155
  0.62077410   0.52347282   0.14724494   1.22111735   0.66198764   0.43376036   1.41709298   2.09439510  -1.75942155
  0.62077410   0.52347282   0.14724494   1.22111735   0.66198764   0.43376036   1.41709298   2.09439510  -1.75942155
  0.61963653   0.52359878   0.14741769   1.22096453   0.66158974   0.43403577   1.41728207   2.09439510  -1.75819338
  0.61963653   0.52359878   0.14741769   1.22096453   0.66158974   0.43403577   1.41728207   2.09439510  -1.75819338
  0.61940858   0.52359878   0.14730044   1.22105113   0.66136499   0.43387199   1.41722100   2.09439510  -1.75819433
  0.61821820   0.52359878   0.14772669   1.22123642   0.66095471   0.43423264   1.41733019   2.09439510  -1.75662352
  0.61821820   0.52359878   0.14772669   1.22123642   0.66095471   0.43423264   1.41733019   2.09439510  -1.75662352
  0.61821820   0.52359878   0.14772669   1.22123642   0.66095471   0.43423264   1.41733019   2.09439510  -1.75662352
  0.61821820   0.52359878   0.14772669   1.22123642   0.66095471   0.43423264   1.41733019   2.09439510  -1.75662352
  0.61753446   0.52359878   0.14797408   1.22092417   0.66029523   0.43359323   1.41759996   2.09439510  -1.75482333
  0.61753446   0.52359878   0.14797408   1.22092417   0.66029523   0.43359323   1.41759996   2.09439510  -1.75482333
  0.61700655   0.52359878   0.14835911   1.22084607   0.65980037   0.43309063   1.41785475   2.09439510  -1.75355095
  0.61700655   0.52359878   0.14835911   1.22084607   0.65980037   0.43309063   1.41785475   2.09439510  -1.75355095
  0.61700655   0.52359878   0.14835911   1.22084607   0.65980037   0.43309063   1.41785475   2.09439510  -1.75355095
  0.61560335   0.52359878   0.14874879   1.22100126   0.65903944   0.43307952   1.41815411   2.09439510  -1.75140203
  0.61560335   0.52359878   0.14874879   1.22100126   0.65903944   0.43307952   1.41815411   2.09439510  -1.75140203
  0.61545200   0.52359878   0.14900817   1.22066198   0.65845121   0.43209975   1.41853339   2.09439510  -1.74975024
  0.61545200   0.52359878   0.14900817   1.22066198   0.65845121   0.43209975   1.41853339   2.09439510  -1.74975024
  0.61545200   0.52359878   0.14900817   1.22066198   0.65845121   0.43209975   1.41853339   2.09439510  -1.74975024
  0.61453585   0.52359878   0.14952425   1.22078096   0.65775208   0.43165936   1.41894697   2.09439510  -1.74800488
  0.61453585   0.52359878   0.14952425   1.22078096   0.65775208   0.43165936   1.41894697   2.09439510  -1.74800488
  0.61399206   0.52359878   0.14890577   1.22047380   0.65737194   0.43177596   1.41884432   2.09439167  -1.74658536
  0.61379867   0.52356254   0.14906536   1.22040413   0.65730083   0.43172230   1.41905885   2.09439210  -1.74663379
  0.61369192   0.52359878   0.14981282   1.22032525   0.65661392   0.43047467   1.41970463   2.09439510  -1.74465911
  0.61369192   0.52359878   0.14981282   1.22032525   0.65661392   0.43047467   1.41970463   2.09439510  -1.74465911
  0.61369192   0.52359878   0.14981282   1.22032525   0.65661392   0.43047467   1.41970463   2.09439510  -1.74465911
  0.61214499   0.52359878   0.15013604   1.22045956   0.65590781   0.43071605   1.42011909   2.09439510  -1.74267170
  0.61214499   0.52359878   0.15013604   1.22045956   0.65590781   0.43071605   1.42011909   2.09439510  -1.74267170
  0.61201651   0.52359878   0.14996662   1.22053632   0.65571061   0.43054676   1.42002786   2.09439510  -1.74261804
  0.61201651   0.52359878   0.14996662   1.22053632   0.65571061   0.43054676   1.42002786   2.09439510  -1.74261804
  0.61899970   0.52359878   0.15874496   1.21685669   0.64806179   0.40793162   1.42823391   2.09439510  -1.72150515
  0.61899970   0.52359878   0.15874496   1.21685669   0.64806179   0.40793162   1.42823391   2.09439510  -1.72150515
  0.61899970   0.52359878   0.15874496   1.21685669   0.64806179   0.40793162   1.42823391   2.09439510  -1.72150515
  0.61774934   0.52358513   0.15878885   1.21652280   0.64776477   0.40833972   1.42792367   2.09439510  -1.72035998
  0.61774934   0.52358513   0.15878885   1.21652280   0.64776477   0.40833972   1.42792367   2.09439510  -1.72035998
  0.61774934   0.52358513   0.15878885   1.21652280   0.64776477   0.40833972   1.42792367   2.09439510  -1.72035998
  0.61656522   0.52359878   0.15909315   1.21623067   0.64743505   0.40844210   1.42740817   2.09439510  -1.71922755
  0.61656522   0.52359878   0.15909315   1.21623067   0.64743505   0.40844210   1.42740817   2.09439510  -1.71922755
  0.61656522   0.52359878   0.15909315   1.21623067   0.64743505   0.40844210   1.42740817   2.09439510  -1.71922755
  0.61541957   0.52359878   0.15926941   1.21580889   0.64705265   0.40848273   1.42704134   2.09439510  -1.71793254
  0.61541957   0.52359878   0.15926941   1.21580889   0.64705265   0.40848273   1.42704134   2.09439510  -1.71793254
  0.61469985   0.52359878   0.16017085   1.21576052   0.64672424   0.40793873   1.42671779   2.09439510  -1.71721599
  0.61469985   0.52359878   0.16017085   1.21576052   0.64672424   0.40793873   1.42671779   2.09439510  -1.71721599
  0.61361620   0.52359878   0.15989935   1.21540944   0.64636875   0.40836973   1.42661936   2.09439510  -1.71574377
  0.61361620   0.52359878   0.15989935   1.21540944   0.64636875   0.40836973   1.42661936   2.09439510  -1.71574377
  0.61361620   0.52359878   0.15989935   1.21540944   0.64636875   0.40836973   1.42661936   2.09439510  -1.71574377
  0.61228574   0.52353292   0.16026153   1.21542018   0.64587661   0.40857517   1.42672291   2.09439510  -1.71436880
  0.61228574   0.52353292   0.16026153   1.21542018   0.64587661   0.40857517   1.42672291   2.09439510  -1.71436880
  0.61137370   0.52358437   0.16060933   1.21549569   0.64545405   0.40855399   1.42668283   2.09439510  -1.71305545
  0.61137370   0.52358437   0.16060933   1.21549569   0.64545405   0.40855399   1.42668283   2.09439510  -1.71305545
  0.61137370   0.52358437   0.16060933   1.21549569   0.64545405   0.40855399   1.42668283   2.09439510  -1.71305545
  0.61049442   0.52359878   0.16047712   1.21544442   0.64498081   0.40859448   1.42661925   2.09439510  -1.71183908
  0.61049442   0.52359878   0.16047712   1.21544442   0.64498081   0.40859448   1.42661925   2.09439510  -1.71183908
  0.60993211   0.52359878   0.16079428   1.21509070   0.64453606   0.40812710   1.42683709   2.09439510  -1.71038539
  0.60993211   0.52359878   0.16079428   1.21509070   0.64453606   0.40812710   1.42683709   2.09439510  -1.71038539
  0.60993211   0.52359878   0.16079428   1.21509070   0.64453606   0.40812710   1.42683709   2.09439510  -1.71038539
  0.60942859   0.52359878   0.16167915   1.21511480   0.64383691   0.40699216   1.42721173   2.09439510  -1.70883959
  0.60942859   0.52359878   0.16167915   1.21511480   0.64383691   0.40699216   1.42721173   2.09439510  -1.70883959
  0.60848998   0.52359878   0.16139395   1.21485836   0.64340815   0.40724399   1.42726900   2.09439510  -1.70733433
  0.60848998   0.52359878   0.16139395   1.21485836   0.64340815   0.40724399   1.42726900   2.09439510  -1.70733433
  0.60848998   0.52359878   0.16139395   1.21485836   0.64340815   0.40724399   1.42726900   2.09439510  -1.70733433
  0.60787996   0.52359878   0.16195828   1.21498596   0.64268131   0.40640097   1.42759858   2.09439510  -1.70556690
  0.60757554   0.52359878   0.16206283   1.21472245   0.64258929   0.40638987   1.42792378   2.09439510  -1.70545660
  0.60670014   0.52359878   0.16223619   1.21490661   0.64209480   0.40643467   1.42799945   2.09439510  -1.70373172
  0.60670014   0.52359878   0.16223619   1.21490661   0.64209480   0.40643467   1.42799945   2.09439510  -1.70373172
  0.60670014   0.52359878   0.16223619   1.21490661   0.64209480   0.40643467   1.42799945   2.09439510  -1.70373172
  0.60670014   0.52359878   0.16223619   1.21490661   0.64209480   0.40643467   1.42799945   2.09439510  -1.70373172
  0.60522703   0.52359878   0.16223471   1.21510863   0.64134187   0.40666902   1.42816251   2.09439510  -1.70158923
  0.60522703   0.52359878   0.16223471   1.21510863   0.64134187   0.40666902   1.42816251   2.09439510  -1.70158923
  0.60498118   0.52359878   0.16221508   1.21493311   0.64118191   0.40652238   1.42838438   2.09439510  -1.70167894
  0.60498118   0.52359878   0.16221508   1.21493311   0.64118191   0.40652238   1.42838438   2.09439510  -1.70167894
  0.60498118   0.52359878   0.16221508   1.21493311   0.64118191   0.40652238   1.42838438   2.09439510  -1.70167894
  0.60432194   0.52359878   0.16269077   1.21500226   0.64049133   0.40597218   1.42900672   2.09439510  -1.69936955
  0.60432194   0.52359878   0.16269077   1.21500226   0.64049133   0.40597218   1.42900672   2.09439510  -1.69936955
  0.61385073   0.52359878   0.17235601   1.21136913   0.63150383   0.37842843   1.43966936   2.09439510  -1.67512497
  0.61385073   0.52359878   0.17235601   1.21136913   0.63150383   0.37842843   1.43966936   2.09439510  -1.67512497
  0.61385073   0.52359878   0.17235601   1.21136913   0.63150383   0.37842843   1.43966936   2.09439510  -1.67512497
  0.61212276   0.52359878   0.17290701   1.21068076   0.63119389   0.37864749   1.43872837   2.09439510  -1.67361503
  0.61212276   0.52359878   0.17290701   1.21068076   0.63119389   0.37864749   1.43872837   2.09439510  -1.67361503
  0.61067585   0.52359878   0.17354694   1.21099004   0.63079705   0.37895760   1.43848100   2.09439510  -1.67251997
  0.61067585   0.52359878   0.17354694   1.21099004   0.63079705   0.37895760   1.43848100   2.09439510  -1.67251997
  0.61067585   0.52359878   0.17354694   1.21099004   0.63079705   0.37895760   1.43848100   2.09439510  -1.67251997
  0.61016638   0.52359878   0.17318186   1.21030970   0.63066303   0.37913573   1.43845509   2.09439510  -1.67184555
  0.61016638   0.52359878   0.17318186   1.21030970   0.63066303   0.37913573   1.43845509   2.09439510  -1.67184555
  0.60887931   0.52359878   0.17350465   1.21009973   0.63023877   0.37923288   1.43803353   2.09439510  -1.67032914
  0.60887931   0.52359878   0.17350465   1.21009973   0.63023877   0.37923288   1.43803353   2.09439510  -1.67032914
  0.60887931   0.52359878   0.17350465   1.21009973   0.63023877   0.37923288   1.43803353   2.09439510  -1.67032914
  0.60762984   0.52359878   0.17391666   1.20980474   0.62982046   0.37923630   1.43780718   2.09439510  -1.66898376
  0.60762984   0.52359878   0.17391666   1.20980474   0.62982046   0.37923630   1.43780718   2.09439510  -1.66898376
  0.60762984   0.52359878   0.17391666   1.20980474   0.62982046   0.37923630   1.43780718   2.09439510  -1.66898376
  0.60762984   0.52359878   0.17391666   1.20980474   0.62982046   0.37923630   1.43780718   2.09439510  -1.66898376
  0.60626883   0.52359878   0.17434147   1.21000851   0.62937866   0.37949220   1.43767637   2.09439510  -1.66786838
  0.60626883   0.52359878   0.17434147   1.21000851   0.62937866   0.37949220   1.43767637   2.09439510  -1.66786838
  0.60626883   0.52359878   0.17434147   1.21000851   0.62937866   0.37949220   1.43767637   2.09439510  -1.66786838
  0.60580741   0.52359878   0.17395299   1.20954621   0.62921059   0.37960156   1.43738746   2.09439510  -1.66723765
  0.60580741   0.52359878   0.17395299   1.20954621   0.62921059   0.37960156   1.43738746   2.09439510  -1.66723765
  0.60580741   0.52359878   0.17395299   1.20954621   0.62921059   0.37960156   1.43738746   2.09439510  -1.66723765
  0.60580741   0.52359878   0.17395299   1.20954621   0.62921059   0.37960156   1.43738746   2.09439510  -1.66723765
  0.60439402   0.52359878   0.17510353   1.20849522   0.62945871   0.37977411   1.43571116   2.09439510  -1.66702014
  0.60439402   0.52359878   0.17510353   1.20849522   0.62945871   0.37977411   1.43571116   2.09439510  -1.66702014
  0.60324688   0.52342823   0.17507144   1.20797809   0.62935021   0.38027690   1.43501102   2.09439510  -1.66628113
  0.60324688   0.52342823   0.17507144   1.20797809   0.62935021   0.38027690   1.43501102   2.09439510  -1.66628113
  0.60324688   0.52342823   0.17507144   1.20797809   0.62935021   0.38027690   1.43501102   2.09439510  -1.66628113
  0.60324688   0.52342823   0.17507144   1.20797809   0.62935021   0.38027690   1.43501102   2.09439510  -1.66628113
  0.60324688   0.52342823   0.17507144   1.20797809   0.62935021   0.38027690   1.43501102   2.09439510  -1.66628113
  0.60324688   0.52342823   0.17507144   1.20797809   0.62935021   0.38027690   1.43501102   2.09439510  -1.66628113
  0.60324688   0.52342823   0.17507144   1.20797809   0.62935021   0.38027690   1.43501102   2.09439510  -1.66628113
  0.59786270   0.51576420   0.17300778   1.19548775   0.63478408   0.38539161   1.41481862   2.09439510  -1.67478835
  0.59786270   0.51576420   0.17300778   1.19548775   0.63478408   0.38539161   1.41481862   2.09439510  -1.67478835
  0.59786270   0.51576420   0.17300778   1.19548775   0.63478408   0.38539161   1.41481862   2.09439510  -1.67478835
  0.59786270   0.51576420   0.17300778   1.19548775   0.63478408   0.38539161   1.41481862   2.09439510  -1.67478835
  0.59786270   0.51576420   0.17300778   1.19548775   0.63478408   0.38539161   1.41481862   2.09439510  -1.67478835
  0.59786270   0.51576420   0.17300778   1.19548775   0.63478408   0.38539161   1.41481862   2.09439510  -1.67478835
  0.59786270   0.51576420   0.17300778   1.19548775   0.63478408   0.38539161   1.41481862   2.09439510  -1.67478835
  0.59438855   0.51045477   0.17048624   1.18768923   0.63788614   0.38941739   1.40262099   2.09439510  -1.67957016
  0.59438855   0.51045477   0.17048624   1.18768923   0.63788614   0.38941739   1.40262099   2.09439510  -1.67957016
  0.59438855   0.51045477   0.17048624   1.18768923   0.63788614   0.38941739   1.40262099   2.09439510  -1.67957016
  0.59438855   0.51045477   0.17048624   1.18768923   0.63788614   0.38941739   1.40262099   2.09439510  -1.67957016
  0.59438855   0.51045477   0.17048624   1.18768923   0.63788614   0.38941739   1.40262099   2.09439510  -1.67957016
  0.59438855   0.51045477   0.17048624   1.18768923   0.63788614   0.38941739   1.40262099   2.09439510  -1.67957016
  0.59438855   0.51045477   0.17048624   1.18768923   0.63788614   0.38941739   1.40262099   2.09439510  -1.67957016
  0.59248303   0.50323443   0.16541177   1.17907357   0.64129732   0.39378097   1.39000959   2.09439510  -1.68545947
  0.59248303   0.50323443   0.16541177   1.17907357   0.64129732   0.39378097   1.39000959   2.09439510  -1.68545947
  0.59248303   0.50323443   0.16541177   1.17907357   0.64129732   0.39378097   1.39000959   2.09439510  -1.68545947
  0.59248303   0.50323443   0.16541177   1.17907357   0.64129732   0.39378097   1.39000959   2.09439510  -1.68545947
  0.59248303   0.50323443   0.16541177   1.17907357   0.64129732   0.39378097   1.39000959   2.09439510  -1.68545947
  0.59084391   0.49958720   0.16263721   1.17463677   0.64281407   0.39646890   1.38357879   2.09439510  -1.68767964
  0.59084391   0.49958720   0.16263721   1.17463677   0.64281407   0.39646890   1.38357879   2.09439510  -1.68767964
  0.59084391   0.49958720   0.16263721   1.17463677   0.64281407   0.39646890   1.38357879   2.09439510  -1.68767964
  0.59084391   0.49958720   0.16263721   1.17463677   0.64281407   0.39646890   1.38357879   2.09439510  -1.68767964
  0.59084391   0.49958720   0.16263721   1.17463677   0.64281407   0.39646890   1.38357879   2.09439510  -1.68767964
  0.59084391   0.49958720   0.16263721   1.17463677   0.64281407   0.39646890   1.38357879   2.09439510  -1.68767964
  0.59084391   0.49958720   0.16263721   1.17463677   0.64281407   0.39646890   1.38357879   2.09439510  -1.68767964
  0.59002769   0.49124253   0.15573835   1.16579984   0.64620420   0.40110861   1.37145234   2.09439510  -1.69375905
  0.59002769   0.49124253   0.15573835   1.16579984   0.64620420   0.40110861   1.37145234   2.09439510  -1.69375905
  0.59002769   0.49124253   0.15573835   1.16579984   0.64620420   0.40110861   1.37145234   2.09439510  -1.69375905
  0.59002769   0.49124253   0.15573835   1.16579984   0.64620420   0.40110861   1.37145234   2.09439510  -1.69375905
  0.59002769   0.49124253   0.15573835   1.16579984   0.64620420   0.40110861   1.37145234   2.09439510  -1.69375905
  0.59002769   0.49124253   0.15573835   1.16579984   0.64620420   0.40110861   1.37145234   2.09439510  -1.69375905
  0.59002769   0.49124253   0.15573835   1.16579984   0.64620420   0.40110861   1.37145234   2.09439510  -1.69375905
  0.58881578   0.48304577   0.14874111   1.15716537   0.64932958   0.40601710   1.35949540   2.09439510  -1.69925090
  0.58881578   0.48304577   0.14874111   1.15716537   0.64932958   0.40601710   1.35949540   2.09439510  -1.69925090
  0.58881578   0.48304577   0.14874111   1.15716537   0.64932958   0.40601710   1.35949540   2.09439510  -1.69925090
  0.58881578   0.48304577   0.14874111   1.15716537   0.64932958   0.40601710   1.35949540   2.09439510  -1.69925090
  0.58881578   0.48304577   0.14874111   1.15716537   0.64932958   0.40601710   1.35949540   2.09439510  -1.69925090
  0.58881578   0.48304577   0.14874111   1.15716537   0.64932958   0.40601710   1.35949540   2.09439510  -1.69925090
  0.58881578   0.48304577   0.14874111   1.15716537   0.64932958   0.40601710   1.35949540   2.09439510  -1.69925090
  0.58798437   0.47581775   0.14231364   1.14966081   0.65200109   0.41036367   1.34927606   2.09439510  -1.70399699
  0.58798437   0.47581775   0.14231364   1.14966081   0.65200109   0.41036367   1.34927606   2.09439510  -1.70399699
  0.58798437   0.47581775   0.14231364   1.14966081   0.65200109   0.41036367   1.34927606   2.09439510  -1.70399699
  0.58798437   0.47581775   0.14231364   1.14966081   0.65200109   0.41036367   1.34927606   2.09439510  -1.70399699
  0.58798437   0.47581775   0.14231364   1.14966081   0.65200109   0.41036367   1.34927606   2.09439510  -1.70399699
  0.58798437   0.47581775   0.14231364   1.14966081   0.65200109   0.41036367   1.34927606   2.09439510  -1.70399699
  0.58716099   0.46911084   0.13614154   1.14281548   0.65433785   0.41447771   1.33990463   2.09439510  -1.70819496
  0.58716099   0.46911084   0.13614154   1.14281548   0.65433785   0.41447771   1.33990463   2.09439510  -1.70819496
  0.58716099   0.46911084   0.13614154   1.14281548   0.65433785   0.41447771   1.33990463   2.09439510  -1.70819496
  0.58716099   0.46911084   0.13614154   1.14281548   0.65433785   0.41447771   1.33990463   2.09439510  -1.70819496
  0.58716099   0.46911084   0.13614154   1.14281548   0.65433785   0.41447771   1.33990463   2.09439510  -1.70819496
  0.58716099   0.46911084   0.13614154   1.14281548   0.65433785   0.41447771   1.33990463   2.09439510  -1.70819496
  0.58716099   0.46911084   0.13614154   1.14281548   0.65433785   0.41447771   1.33990463   2.09439510  -1.70819496
  0.58678170   0.46152218   0.12889755   1.13523256   0.65695234   0.41894592   1.32980716   2.09439510  -1.71301840
  0.58678170   0.46152218   0.12889755   1.13523256   0.65695234   0.41894592   1.32980716   2.09439510  -1.71301840
  0.58678170   0.46152218   0.12889755   1.13523256   0.65695234   0.41894592   1.32980716   2.09439510  -1.71301840
  0.58678170   0.46152218   0.12889755   1.13523256   0.65695234   0.41894592   1.32980716   2.09439510  -1.71301840
  0.58678170   0.46152218   0.12889755   1.13523256   0.65695234   0.41894592   1.32980716   2.09439510  -1.71301840
  0.58678170   0.46152218   0.12889755   1.13523256   0.65695234   0.41894592   1.32980716   2.09439510  -1.71301840
  0.58678170   0.46152218   0.12889755   1.13523256   0.65695234   0.41894592   1.32980716   2.09439510  -1.71301840
  0.58665255   0.45471866   0.12216300   1.12850144   0.65924026   0.42293846   1.32091913   2.09439510  -1.71728570
  0.58665255   0.45471866   0.12216300   1.12850144   0.65924026   0.42293846   1.32091913   2.09439510  -1.71728570
  0.58665255   0.45471866   0.12216300   1.12850144   0.65924026   0.42293846   1.32091913   2.09439510  -1.71728570
  0.58665255   0.45471866   0.12216300   1.12850144   0.65924026   0.42293846   1.32091913   2.09439510  -1.71728570
  0.58665255   0.45471866   0.12216300   1.12850144   0.65924026   0.42293846   1.32091913   2.09439510  -1.71728570
  0.58665255   0.45471866   0.12216300   1.12850144   0.65924026   0.42293846   1.32091913   2.09439510  -1.71728570
  0.58634802   0.44816666   0.11568417   1.12230930   0.66122282   0.42680841   1.31283246   2.09439510  -1.72092571
  0.58634802   0.44816666   0.11568417   1.12230930   0.66122282   0.42680841   1.31283246   2.09439510  -1.72092571
  0.58634802   0.44816666   0.11568417   1.12230930   0.66122282   0.42680841   1.31283246   2.09439510  -1.72092571
  0.58634802   0.44816666   0.11568417   1.12230930   0.66122282   0.42680841   1.31283246   2.09439510  -1.72092571
  0.58634802   0.44816666   0.11568417   1.12230930   0.66122282   0.42680841   1.31283246   2.09439510  -1.72092571
  0.58634802   0.44816666   0.11568417   1.12230930   0.66122282   0.42680841   1.31283246   2.09439510  -1.72092571
  0.58634802   0.44816666   0.11568417   1.12230930   0.66122282   0.42680841   1.31283246   2.09439510  -1.72092571
  0.58646406   0.44002621   0.10732070   1.11444379   0.66382115   0.43157462   1.30264476   2.09439510  -1.72582465
  0.58646406   0.44002621   0.10732070   1.11444379   0.66382115   0.43157462   1.30264476   2.09439510  -1.72582465
  0.58646406   0.44002621   0.10732070   1.11444379   0.66382115   0.43157462   1.30264476   2.09439510  -1.72582465
  0.58646406   0.44002621   0.10732070   1.11444379   0.66382115   0.43157462   1.30264476   2.09439510  -1.72582465
  0.58646406   0.44002621   0.10732070   1.11444379   0.66382115   0.43157462   1.30264476   2.09439510  -1.72582465
  0.58646406   0.44002621   0.10732070   1.11444379   0.66382115   0.43157462   1.30264476   2.09439510  -1.72582465
  0.58646406   0.44002621   0.10732070   1.11444379   0.66382115   0.43157462   1.30264476   2.09439510  -1.72582465
  0.58660638   0.43085701   0.09851398   1.10650285   0.66648519   0.43662102   1.29196900   2.09352917  -1.73107485
  0.58660638   0.43085701   0.09851398   1.10650285   0.66648519   0.43662102   1.29196900   2.09352917  -1.73107485
  0.58660638   0.43085701   0.09851398   1.10650285   0.66648519   0.43662102   1.29196900   2.09352917  -1.73107485
  0.58660638   0.43085701   0.09851398   1.10650285   0.66648519   0.43662102   1.29196900   2.09352917  -1.73107485
  0.58660638   0.43085701   0.09851398   1.10650285   0.66648519   0.43662102   1.29196900   2.09352917  -1.73107485
  0.58660638   0.43085701   0.09851398   1.10650285   0.66648519   0.43662102   1.29196900   2.09352917  -1.73107485
  0.58660638   0.43085701   0.09851398   1.10650285   0.66648519   0.43662102   1.29196900   2.09352917  -1.73107485
  0.58675437   0.42361877   0.09053738   1.09958615   0.66856847   0.44101284   1.28332421   2.09387711  -1.73485621
  0.58675437   0.42361877   0.09053738   1.09958615   0.66856847   0.44101284   1.28332421   2.09387711  -1.73485621
  0.58675437   0.42361877   0.09053738   1.09958615   0.66856847   0.44101284   1.28332421   2.09387711  -1.73485621
  0.58675437   0.42361877   0.09053738   1.09958615   0.66856847   0.44101284   1.28332421   2.09387711  -1.73485621
  0.58675437   0.42361877   0.09053738   1.09958615   0.66856847   0.44101284   1.28332421   2.09387711  -1.73485621
  0.58675437   0.42361877   0.09053738   1.09958615   0.66856847   0.44101284   1.28332421   2.09387711  -1.73485621
  0.58675437   0.42361877   0.09053738   1.09958615   0.66856847   0.44101284   1.28332421   2.09387711  -1.73485621
  0.58747189   0.41516277   0.08181165   1.09218739   0.67101285   0.44558448   1.27364966   2.09332513  -1.73986837
  0.58747189   0.41516277   0.08181165   1.09218739   0.67101285   0.44558448   1.27364966   2.09332513  -1.73986837
  0.58747189   0.41516277   0.08181165   1.09218739   0.67101285   0.44558448   1.27364966   2.09332513  -1.73986837
  0.58747189   0.41516277   0.08181165   1.09218739   0.67101285   0.44558448   1.27364966   2.09332513  -1.73986837
  0.58747189   0.41516277   0.08181165   1.09218739   0.67101285   0.44558448   1.27364966   2.09332513  -1.73986837
  0.58747189   0.41516277   0.08181165   1.09218739   0.67101285   0.44558448   1.27364966   2.09332513  -1.73986837
  0.58747189   0.41516277   0.08181165   1.09218739   0.67101285   0.44558448   1.27364966   2.09332513  -1.73986837
  0.58770999   0.40771740   0.07348678   1.08518662   0.67306006   0.45015026   1.26483219   2.09343023  -1.74370961
  0.58770999   0.40771740   0.07348678   1.08518662   0.67306006   0.45015026   1.26483219   2.09343023  -1.74370961
  0.58770999   0.40771740   0.07348678   1.08518662   0.67306006   0.45015026   1.26483219   2.09343023  -1.74370961
  0.58770999   0.40771740   0.07348678   1.08518662   0.67306006   0.45015026   1.26483219   2.09343023  -1.74370961
  0.58770999   0.40771740   0.07348678   1.08518662   0.67306006   0.45015026   1.26483219   2.09343023  -1.74370961
  0.58874525   0.39814455   0.06357810   1.07728317   0.67563430   0.45519819   1.25452408   2.09260707  -1.74905011
  0.58874525   0.39814455   0.06357810   1.07728317   0.67563430   0.45519819   1.25452408   2.09260707  -1.74905011
  0.58874525   0.39814455   0.06357810   1.07728317   0.67563430   0.45519819   1.25452408   2.09260707  -1.74905011
  0.58874525   0.39814455   0.06357810   1.07728317   0.67563430   0.45519819   1.25452408   2.09260707  -1.74905011
  0.58874525   0.39814455   0.06357810   1.07728317   0.67563430   0.45519819   1.25452408   2.09260707  -1.74905011
