  0.49864143   0.47202776   0.01391829   1.21504518   0.78375424   0.57691728   1.31924564   2.09439510  -1.85002891
  0.49864143   0.47202776   0.01391829   1.21504518   0.78375424   0.57691728   1.31924564   2.09439510  -1.85002891
  0.49864143   0.47202776   0.01391829   1.21504518   0.78375424   0.57691728   1.31924564   2.09439510  -1.85002891
  0.49949375   0.47228915   0.01405286   1.21468434   0.78418271   0.57676050   1.31933109   2.09421263  -1.85088124
  0.50045565   0.47220630   0.01384613   1.21452134   0.78470003   0.57665009   1.31870252   2.09421928  -1.85208856
  0.50242760   0.47191858   0.01366141   1.21385970   0.78510629   0.57659563   1.31775837   2.09421177  -1.85458285
  0.50492514   0.47189367   0.01433488   1.21351214   0.78517289   0.57608367   1.31747354   2.09394691  -1.85712567
  0.50851014   0.46816164   0.00906640   1.20930559   0.78534829   0.58052658   1.31221995   2.09428661  -1.86275893
  0.51152881   0.46787488   0.00942507   1.20889460   0.78534199   0.58016453   1.31157062   2.09370800  -1.86583086
  0.51419744   0.46766662   0.00939351   1.20814742   0.78539816   0.58017799   1.31070484   2.09373346  -1.86860880
  0.51902079   0.46320136   0.00399245   1.20379976   0.78539816   0.58465907   1.30540471   2.09329731  -1.87565951
  0.52146746   0.46320489   0.00496598   1.20364342   0.78539816   0.58397457   1.30540352   2.09291951  -1.87804579
  0.52308980   0.46320447   0.00460117   1.20318165   0.78533641   0.58417364   1.30453139   2.09302009  -1.87956522
  0.52526603   0.46304857   0.00457522   1.20259136   0.78539816   0.58417572   1.30384790   2.09292777  -1.88180865
  0.52880106   0.45949312   0.00053801   1.19944043   0.78539816   0.58749836   1.29979013   2.09254945  -1.88720700
  0.53038505   0.45947445   0.00105566   1.19910982   0.78539816   0.58727262   1.29976453   2.09242134  -1.88872697
  0.53206772   0.45972198   0.00133880   1.19877198   0.78539816   0.58713840   1.29954829   2.09221881  -1.89009216
  0.53406301   0.45974667   0.00168881   1.19854532   0.78532982   0.58676003   1.29905024   2.09227348  -1.89213139
  0.53765205   0.45609592  -0.00308755   1.19486219   0.78539816   0.59066691   1.29445440   2.09214140  -1.89770015
  0.53933824   0.45612987  -0.00257324   1.19459321   0.78539816   0.59041493   1.29445109   2.09171959  -1.89920325
  0.54089597   0.45587608  -0.00311460   1.19406575   0.78517849   0.59083445   1.29338813   2.09187077  -1.90073416
  0.54295561   0.45552756  -0.00310188   1.19345460   0.78539816   0.59080612   1.29273818   2.09182558  -1.90310977
  0.54519378   0.45483927  -0.00375876   1.19237981   0.78539816   0.59142038   1.29160865   2.09169752  -1.90569812
  0.54752113   0.45472806  -0.00326330   1.19190371   0.78537157   0.59109913   1.29132222   2.09143445  -1.90810797
  0.55107916   0.45036392  -0.00880956   1.18802757   0.78539816   0.59564968   1.28605371   2.09096064  -1.91389197
  0.55276613   0.45050790  -0.00824675   1.18778158   0.78539816   0.59534095   1.28605018   2.09064907  -1.91536260
  0.55452260   0.45058456  -0.00814581   1.18733380   0.78539816   0.59528686   1.28555836   2.09067440  -1.91703734
  0.55648474   0.45004638  -0.00861858   1.18664247   0.78539816   0.59560254   1.28442322   2.09077715  -1.91936182
  0.55851170   0.44952488  -0.00910727   1.18576940   0.78539816   0.59608258   1.28344324   2.09063712  -1.92160703
  0.56078642   0.44945373  -0.00854237   1.18536071   0.78529109   0.59573148   1.28318259   2.09040159  -1.92390929
  0.56270220   0.44952881  -0.00847538   1.18479117   0.78536303   0.59568877   1.28271947   2.09026505  -1.92578214
  0.56639188   0.44464953  -0.01443572   1.18064387   0.78539816   0.60063780   1.27699309   2.08977813  -1.93202733
  0.56814399   0.44479825  -0.01379220   1.18040369   0.78539816   0.60027262   1.27702904   2.08944442  -1.93357722
  0.56987393   0.44491172  -0.01365002   1.17999484   0.78539816   0.60018123   1.27656015   2.08946307  -1.93520740
  0.57163860   0.44483792  -0.01367036   1.17939342   0.78539816   0.60031797   1.27601848   2.08942812  -1.93692864
  0.57402528   0.44469986  -0.01301168   1.17916071   0.78524402   0.59974703   1.27559439   2.08935215  -1.93952759
  0.57539232   0.44425553  -0.01396631   1.17832425   0.78539816   0.60051212   1.27436283   2.08949088  -1.94106688
  0.57942838   0.44036069  -0.01836426   1.17477388   0.78539816   0.60426265   1.26986170   2.08865210  -1.94717294
  0.58111928   0.44041945  -0.01772582   1.17457912   0.78539816   0.60384878   1.26981011   2.08847280  -1.94881473
  0.58306024   0.44075587  -0.01734583   1.17427950   0.78539816   0.60346966   1.26952422   2.08826413  -1.95058410
  0.58469686   0.44078043  -0.01699302   1.17410885   0.78539816   0.60320639   1.26910483   2.08832737  -1.95217017
  0.58791854   0.43760228  -0.02115609   1.17093907   0.78539816   0.60672379   1.26490113   2.08801007  -1.95706460
  0.58958789   0.43745740  -0.02082076   1.17055042   0.78539816   0.60658960   1.26464287   2.08782403  -1.95878404
  0.59175080   0.43760221  -0.02005358   1.17021308   0.78529343   0.60611456   1.26459485   2.08758623  -1.96084672
  0.59362945   0.43777369  -0.01971726   1.16991412   0.78536380   0.60577302   1.26418613   2.08755315  -1.96270860
  0.59537969   0.43720784  -0.02049304   1.16894744   0.78539816   0.60648807   1.26296802   2.08767667  -1.96474711
  0.59766015   0.43714364  -0.01989419   1.16851371   0.78537556   0.60611072   1.26273675   2.08738200  -1.96709791
  0.59949770   0.43639929  -0.02110099   1.16741552   0.78539816   0.60709444   1.26113633   2.08741124  -1.96929256
  0.60172391   0.43622950  -0.02054083   1.16702442   0.78532045   0.60675908   1.26082981   2.08714278  -1.97162311
  0.60514444   0.43261953  -0.02512582   1.16362248   0.78539816   0.61057463   1.25622913   2.08655249  -1.97701473
  0.60673817   0.43279263  -0.02461273   1.16331800   0.78539816   0.61035787   1.25625227   2.08618465  -1.97833019
  0.60813028   0.43258908  -0.02461354   1.16294030   0.78508843   0.61060334   1.25559454   2.08642278  -1.97958995
  0.61026619   0.43264024  -0.02458982   1.16236475   0.78520241   0.61041701   1.25494525   2.08625397  -1.98190825
  0.61206627   0.43239996  -0.02459666   1.16194969   0.78539816   0.61041162   1.25421592   2.08620284  -1.98386259
  0.61469849   0.43191433  -0.02476958   1.16095262   0.78509251   0.61077117   1.25326158   2.08598130  -1.98668381
  0.61672484   0.43184316  -0.02429846   1.16056504   0.78516830   0.61044361   1.25296596   2.08575202  -1.98882146
  0.61868518   0.43186451  -0.02410114   1.16003617   0.78532274   0.61028126   1.25251918   2.08560667  -1.99086550
  0.62198636   0.42728040  -0.03006575   1.15595664   0.78535542   0.61534343   1.24677867   2.08505442  -1.99654483
  0.62432795   0.42739555  -0.02895187   1.15577065   0.78505674   0.61466758   1.24694919   2.08452417  -1.99871132
  0.62592238   0.42763524  -0.02854044   1.15561321   0.78522879   0.61425007   1.24666280   2.08448482  -2.00025667
  0.62738335   0.42758950  -0.02853262   1.15519856   0.78535597   0.61426496   1.24607504   2.08463496  -2.00178296
  0.62926079   0.42747750  -0.02847836   1.15467698   0.78539816   0.61425464   1.24544082   2.08458842  -2.00375685
  0.63146590   0.42716326  -0.02865812   1.15389803   0.78537604   0.61446656   1.24457993   2.08439044  -2.00614923
  0.63371200   0.42715237  -0.02800729   1.15347559   0.78527820   0.61408941   1.24438081   2.08409733  -2.00840419
  0.63564027   0.42722468  -0.02779119   1.15305715   0.78535880   0.61388160   1.24387943   2.08398359  -2.01035782
  0.63707876   0.42665999  -0.02856260   1.15221474   0.78535973   0.61465326   1.24269272   2.08412601  -2.01199110
  0.64085802   0.42372168  -0.03175616   1.14947288   0.78539816   0.61732071   1.23897561   2.08324180  -2.01747348
  0.64268574   0.42368126  -0.03111248   1.14919109   0.78529058   0.61692339   1.23882504   2.08311008  -2.01937873
  0.64414986   0.42373815  -0.03124986   1.14872305   0.78539578   0.61707748   1.23820928   2.08307911  -2.02070926
  0.64634946   0.42382334  -0.03055346   1.14830573   0.78529672   0.61668537   1.23808194   2.08279426  -2.02284118
  0.64787719   0.42355647  -0.03122822   1.14763441   0.78536515   0.61715568   1.23689248   2.08294561  -2.02453963
  0.65045174   0.42360996  -0.03042600   1.14718386   0.78522881   0.61670855   1.23675607   2.08245529  -2.02700628
  0.65207533   0.42350282  -0.03012077   1.14690464   0.78539816   0.61641232   1.23629432   2.08251993  -2.02888182
  0.65480495   0.42049054  -0.03422067   1.14365368   0.78536977   0.62010518   1.23224508   2.08232368  -2.03315321
  0.65695469   0.42032375  -0.03377530   1.14342974   0.78532746   0.61974953   1.23182481   2.08174764  -2.03535106
  0.65907461   0.42041329  -0.03297373   1.14312592   0.78526307   0.61924355   1.23174388   2.08150576  -2.03744412
  0.66094230   0.42070615  -0.03262875   1.14283155   0.78534528   0.61888010   1.23138454   2.08131266  -2.03920382
  0.66266992   0.42076858  -0.03220934   1.14258396   0.78539816   0.61859673   1.23102032   2.08127555  -2.04089035
  0.66457287   0.42014912  -0.03290949   1.14153592   0.78537992   0.61927006   1.22974271   2.08142469  -2.04322069
  0.66650051   0.41987934  -0.03290288   1.14101251   0.78539816   0.61932526   1.22903548   2.08120341  -2.04528246
  0.66863972   0.41946086  -0.03319932   1.14017335   0.78539816   0.61965992   1.22808288   2.08097523  -2.04765308
  0.67092204   0.41943123  -0.03250931   1.13974605   0.78527473   0.61927401   1.22788026   2.08065104  -2.04995062
  0.67283208   0.41952715  -0.03227506   1.13935242   0.78535766   0.61904673   1.22738312   2.08049661  -2.05186720
  0.67431361   0.41904572  -0.03295675   1.13853886   0.78537408   0.61973540   1.22624832   2.08059118  -2.05350860
  0.67709161   0.41890692  -0.03209819   1.13813109   0.78497035   0.61921667   1.22590641   2.08022622  -2.05637381
  0.67855507   0.41852673  -0.03283392   1.13732921   0.78530497   0.61975725   1.22476942   2.08028107  -2.05813881
  0.68066581   0.41786069  -0.03342902   1.13634240   0.78539816   0.62032525   1.22359986   2.07997192  -2.06063155
  0.68303156   0.41777121  -0.03274034   1.13589226   0.78525030   0.61994810   1.22335414   2.07961474  -2.06304902
  0.68488939   0.41787655  -0.03258958   1.13547820   0.78534965   0.61977780   1.22283261   2.07941104  -2.06488534
  0.68673390   0.41789280  -0.03232292   1.13516138   0.78539816   0.61959662   1.22232063   2.07925951  -2.06667480
  0.68825633   0.41723340  -0.03300648   1.13421044   0.78537266   0.62032331   1.22116235   2.07944599  -2.06857689
  0.69017353   0.41675731  -0.03335052   1.13342405   0.78539816   0.62066661   1.22020253   2.07927100  -2.07080229
  0.69238513   0.41634742  -0.03341963   1.13273684   0.78539816   0.62083924   1.21931838   2.07903206  -2.07320982
  0.69472474   0.41608747  -0.03338788   1.13204761   0.78533652   0.62083281   1.21854166   2.07869858  -2.07577429
  0.69684987   0.41548804  -0.03389388   1.13109919   0.78539816   0.62135618   1.21740277   2.07844167  -2.07821263
  0.69911102   0.41537986  -0.03320595   1.13071045   0.78526666   0.62097145   1.21713992   2.07812975  -2.08053700
  0.70092889   0.41487400  -0.03399549   1.12976906   0.78539816   0.62160948   1.21583922   2.07805664  -2.08266710
  0.70315392   0.41478556  -0.03331332   1.12936659   0.78531139   0.62122668   1.21561089   2.07772489  -2.08495256
  0.70508262   0.41495884  -0.03308769   1.12896837   0.78536969   0.62099510   1.21514229   2.07745852  -2.08680735
  0.70680044   0.41488476  -0.03273359   1.12874398   0.78539816   0.62075083   1.21464436   2.07742762  -2.08857375
  0.71007600   0.41167856  -0.03663720   1.12559421   0.78539816   0.62411497   1.21039809   2.07684061  -2.09364697
  0.71175100   0.41168598  -0.03586315   1.12539076   0.78536031   0.62369804   1.21044418   2.07654561  -2.09526047
  0.71335209   0.41196482  -0.03532510   1.12508197   0.78537584   0.62345610   1.21042217   2.07628345  -2.09653210
  0.71509097   0.41211795  -0.03515091   1.12474327   0.78532113   0.62327800   1.20981604   2.07635788  -2.09822819
  0.71740171   0.41211434  -0.03420069   1.12461143   0.78502599   0.62264286   1.20956118   2.07620320  -2.10055402
  0.71907462   0.41222882  -0.03421111   1.12404074   0.78529392   0.62259830   1.20900436   2.07616191  -2.10229535
  0.72128835   0.41230175  -0.03344488   1.12365008   0.78520388   0.62214502   1.20887307   2.07586222  -2.10448159
  0.72319034   0.41240185  -0.03301301   1.12334268   0.78531954   0.62176230   1.20846524   2.07576695  -2.10645268
  0.72499163   0.41248477  -0.03264878   1.12294215   0.78537237   0.62153636   1.20811721   2.07563289  -2.10822962
  0.72649380   0.41219778  -0.03328428   1.12223300   0.78538792   0.62206141   1.20698334   2.07568098  -2.10982686
  0.72911179   0.41217693  -0.03236161   1.12204554   0.78512121   0.62146733   1.20666142   2.07525373  -2.11235398
  0.73042672   0.41189220  -0.03266005   1.12132167   0.78539816   0.62174068   1.20596015   2.07536109  -2.11400795
  0.73234758   0.41166323  -0.03257992   1.12076638   0.78539816   0.62177432   1.20528334   2.07521371  -2.11605348
  0.73459734   0.41137301  -0.03258018   1.12004808   0.78538380   0.62183901   1.20448906   2.07491734  -2.11851123
  0.73647282   0.41121520  -0.03242274   1.11957774   0.78539816   0.62177540   1.20388989   2.07473695  -2.12048351
  0.73835069   0.41105361  -0.03225538   1.11907519   0.78539816   0.62173616   1.20329777   2.07460436  -2.12245474
  0.74080151   0.41111068  -0.03150431   1.11889681   0.78512154   0.62118271   1.20287936   2.07425995  -2.12482328
  0.74234791   0.41097501  -0.03140077   1.11817749   0.78539816   0.62118631   1.20250467   2.07428856  -2.12667978
  0.74447769   0.41108773  -0.03090130   1.11802695   0.78525003   0.62078613   1.20200897   2.07396909  -2.12863729
  0.74626022   0.41112979  -0.03040928   1.11758002   0.78534956   0.62052317   1.20181113   2.07383246  -2.13045286
  0.74801372   0.41102170  -0.03048675   1.11700895   0.78539816   0.62062596   1.20105343   2.07382678  -2.13227692
  0.74986003   0.41083294  -0.03038834   1.11648361   0.78539816   0.62064622   1.20042182   2.07367702  -2.13420670
  0.75159639   0.41064975  -0.03031787   1.11594317   0.78539816   0.62070745   1.19982564   2.07355419  -2.13601590
  0.75390636   0.41065225  -0.02992506   1.11545789   0.78529389   0.62041822   1.19931516   2.07321841  -2.13836477
  0.75615892   0.41070659  -0.02911194   1.11507964   0.78523572   0.61993508   1.19919219   2.07288950  -2.14059628
  0.75809900   0.41086469  -0.02867234   1.11481933   0.78531801   0.61950892   1.19876900   2.07272717  -2.14254971
  0.75972910   0.41050412  -0.02903429   1.11408807   0.78539816   0.61988168   1.19782145   2.07275378  -2.14438512
  0.76197869   0.41052447  -0.02819756   1.11372859   0.78531193   0.61937758   1.19770996   2.07240229  -2.14664271
  0.76331682   0.41045216  -0.02836043   1.11339942   0.78526432   0.61953548   1.19693319   2.07244489  -2.14788565
  0.76564983   0.41028434  -0.02808316   1.11271893   0.78509361   0.61947372   1.19632126   2.07222285  -2.15030197
  0.76782940   0.41036262  -0.02726830   1.11237427   0.78511585   0.61892647   1.19623212   2.07187895  -2.15251713
  0.76960821   0.41058995  -0.02688726   1.11224563   0.78522488   0.61845760   1.19578572   2.07169240  -2.15426656
  0.77095893   0.41033893  -0.02670208   1.11176249   0.78537319   0.61843602   1.19533402   2.07190613  -2.15591282
  0.77328549   0.41054839  -0.02603715   1.11164743   0.78520707   0.61788435   1.19491005   2.07151350  -2.15802355
  0.77495915   0.41063222  -0.02551367   1.11125099   0.78533403   0.61759039   1.19477011   2.07139578  -2.15970292
  0.77666232   0.41063691  -0.02542210   1.11078921   0.78538622   0.61754821   1.19415910   2.07139002  -2.16141073
  0.77844850   0.41056460  -0.02517570   1.11035939   0.78539816   0.61743318   1.19365917   2.07126485  -2.16322671
  0.78011712   0.41049176  -0.02496210   1.10991179   0.78539816   0.61737447   1.19319565   2.07116468  -2.16490297
  0.78241392   0.41059995  -0.02441891   1.10951438   0.78524098   0.61697275   1.19279876   2.07083655  -2.16715293
  0.78467649   0.41064842  -0.02346260   1.10926527   0.78513652   0.61636861   1.19269602   2.07056071  -2.16940642
  0.78656059   0.41102244  -0.02299305   1.10890699   0.78525298   0.61595856   1.19251472   2.07023854  -2.17111362
  0.78843028   0.41100941  -0.02235213   1.10880355   0.78530456   0.61534509   1.19208707   2.07030653  -2.17326018
  0.78977651   0.41102049  -0.02234735   1.10838971   0.78539623   0.61548609   1.19156081   2.07030452  -2.17441133
  0.79241376   0.41117119  -0.02125813   1.10798670   0.78500639   0.61483687   1.19155052   2.06989165  -2.17694875
  0.79389730   0.41131999  -0.02088943   1.10785465   0.78519273   0.61446551   1.19117878   2.06986030  -2.17842977
  0.79562066   0.41141742  -0.02027559   1.10756232   0.78533075   0.61406964   1.19102870   2.06975182  -2.18015621
  0.79772393   0.41174615  -0.01968643   1.10733766   0.78533757   0.61350519   1.19072102   2.06946987  -2.18214523
  0.79927995   0.41187556  -0.01918879   1.10718476   0.78539816   0.61318199   1.19045866   2.06938686  -2.18356271
  0.80106135   0.41179674  -0.01863748   1.10687807   0.78534773   0.61276841   1.19007618   2.06952919  -2.18561873
  0.80273777   0.41195780  -0.01844182   1.10649392   0.78538556   0.61268180   1.18964486   2.06933521  -2.18705836
  0.80506746   0.41206971  -0.01744542   1.10619803   0.78514633   0.61209075   1.18960347   2.06901781  -2.18928778
  0.80686102   0.41231029  -0.01688703   1.10595090   0.78527375   0.61162987   1.18938764   2.06885878  -2.19101798
  0.80823093   0.41223698  -0.01662738   1.10592018   0.78518852   0.61137793   1.18874853   2.06906751  -2.19246189
  0.81037029   0.41248226  -0.01572617   1.10532630   0.78517606   0.61089971   1.18899947   2.06864848  -2.19450791
  0.81205311   0.41265635  -0.01538503   1.10527567   0.78528046   0.61051427   1.18841938   2.06865068  -2.19609710
  0.81391464   0.41271557  -0.01502658   1.10485840   0.78535422   0.61026436   1.18801575   2.06851284  -2.19796287
  0.81611963   0.41287797  -0.01403829   1.10457472   0.78520589   0.60965886   1.18805541   2.06817257  -2.20005859
  0.81790476   0.41317058  -0.01345696   1.10453073   0.78526488   0.60907026   1.18774762   2.06801954  -2.20175858
  0.81923558   0.41323522  -0.01312987   1.10426071   0.78526943   0.60896009   1.18742422   2.06813568  -2.20295894
  0.82089843   0.41332821  -0.01261455   1.10395939   0.78519700   0.60868504   1.18717509   2.06811985  -2.20453394
  0.82304236   0.41358546  -0.01187092   1.10372210   0.78507131   0.60810346   1.18698050   2.06784161  -2.20656545
  0.82524717   0.41373524  -0.01079804   1.10354695   0.78501364   0.60738040   1.18700335   2.06757348  -2.20873672
  0.82659999   0.41396640  -0.01049102   1.10346989   0.78506762   0.60707624   1.18659263   2.06763608  -2.20994539
  0.82908467   0.41405752  -0.00919406   1.10330183   0.78487056   0.60619092   1.18662161   2.06744971  -2.21252590
  0.83032479   0.41447348  -0.00903609   1.10305725   0.78504835   0.60602522   1.18635235   2.06735025  -2.21344057
  0.83255827   0.41474258  -0.00797448   1.10280080   0.78496451   0.60530479   1.18646404   2.06700610  -2.21557245
  0.83422394   0.41501980  -0.00731594   1.10283956   0.78511021   0.60463326   1.18621191   2.06694526  -2.21723461
  0.83573605   0.41527331  -0.00665174   1.10261663   0.78527687   0.60420725   1.18624106   2.06681698  -2.21861097
  0.83736717   0.41550274  -0.00601979   1.10267523   0.78522514   0.60361596   1.18589210   2.06691092  -2.22020248
  0.83913178   0.41583884  -0.00533900   1.10239943   0.78518841   0.60320017   1.18585055   2.06676239  -2.22170959
  0.84138594   0.41604145  -0.00416486   1.10225317   0.78500963   0.60241955   1.18593531   2.06651113  -2.22388599
  0.84279429   0.41638244  -0.00361238   1.10215850   0.78514282   0.60202128   1.18586835   2.06634608  -2.22501360
  0.84478432   0.41669661  -0.00268493   1.10218457   0.78507167   0.60122747   1.18573561   2.06622171  -2.22693267
  0.84649746   0.41698545  -0.00185243   1.10199852   0.78509615   0.60065488   1.18577321   2.06616558  -2.22855450
  0.84849132   0.41743988  -0.00099316   1.10188306   0.78518065   0.59990237   1.18573275   2.06596400  -2.23041356
  0.84971037   0.41767316  -0.00046162   1.10188432   0.78523303   0.59949871   1.18553937   2.06612123  -2.23151288
  0.85202636   0.41803236   0.00073295   1.10166015   0.78506102   0.59870417   1.18574398   2.06576766  -2.23364250
  0.85348321   0.41836491   0.00136797   1.10189757   0.78512686   0.59800284   1.18547100   2.06573160  -2.23500779
  0.85529803   0.41873706   0.00234695   1.10183621   0.78518110   0.59725775   1.18557153   2.06559635  -2.23670717
  0.85676713   0.41899385   0.00332247   1.10185846   0.78524563   0.59650524   1.18572997   2.06561293  -2.23823155
  0.85831496   0.41947642   0.00429444   1.10197253   0.78518843   0.59579924   1.18590703   2.06543934  -2.23943567
  0.85934702   0.42011815   0.00521015   1.10223735   0.78504517   0.59522262   1.18621715   2.06539560  -2.23986198
  0.86122997   0.42051754   0.00668389   1.10250835   0.78473690   0.59418839   1.18661546   2.06512173  -2.24149880
  0.86200267   0.42147973   0.00812005   1.10306386   0.78436790   0.59329744   1.18742665   2.06524188  -2.24149360
  0.86370627   0.42209866   0.00978666   1.10351503   0.78441040   0.59190031   1.18812091   2.06486244  -2.24309894
  0.86372530   0.42798873   0.01798033   1.10781836   0.78133657   0.58690660   1.19438137   2.06634016  -2.23869320
  0.86482964   0.42822961   0.01889178   1.10807059   0.78167546   0.58603427   1.19471844   2.06594828  -2.23990523
  0.86506776   0.42827611   0.01903606   1.10823201   0.78179343   0.58606131   1.19463132   2.06591734  -2.23980559
  0.86510424   0.43446837   0.02833703   1.11331228   0.77883553   0.57997805   1.20182788   2.06672286  -2.23573166
  0.86510424   0.43446837   0.02833703   1.11331228   0.77883553   0.57997805   1.20182788   2.06672286  -2.23573166
  0.86585047   0.43959009   0.03614754   1.11764031   0.77670236   0.57478251   1.20748155   2.06714887  -2.23310391
  0.86585047   0.43959009   0.03614754   1.11764031   0.77670236   0.57478251   1.20748155   2.06714887  -2.23310391
  0.86585047   0.43959009   0.03614754   1.11764031   0.77670236   0.57478251   1.20748155   2.06714887  -2.23310391
  0.86539694   0.44954278   0.05111990   1.12619390   0.77169862   0.56559642   1.21916237   2.06799632  -2.22552295
  0.86539694   0.44954278   0.05111990   1.12619390   0.77169862   0.56559642   1.21916237   2.06799632  -2.22552295
  0.86445377   0.45712975   0.06190451   1.13242089   0.76776554   0.55928112   1.22779300   2.06894981  -2.21920846
  0.86445377   0.45712975   0.06190451   1.13242089   0.76776554   0.55928112   1.22779300   2.06894981  -2.21920846
  0.86341352   0.46437665   0.07279662   1.13893298   0.76375134   0.55300741   1.23652767   2.06924574  -2.21293497
  0.86341352   0.46437665   0.07279662   1.13893298   0.76375134   0.55300741   1.23652767   2.06924574  -2.21293497
  0.86341352   0.46437665   0.07279662   1.13893298   0.76375134   0.55300741   1.23652767   2.06924574  -2.21293497
  0.86158797   0.47588076   0.08886657   1.14858244   0.75756624   0.54385742   1.24940177   2.07044635  -2.20318076
  0.86158797   0.47588076   0.08886657   1.14858244   0.75756624   0.54385742   1.24940177   2.07044635  -2.20318076
  0.86019275   0.48371270   0.10052536   1.15576431   0.75312136   0.53751367   1.25885806   2.07017825  -2.19609948
  0.86019275   0.48371270   0.10052536   1.15576431   0.75312136   0.53751367   1.25885806   2.07017825  -2.19609948
  0.85892953   0.49087849   0.11078409   1.16212548   0.74911865   0.53187164   1.26703228   2.07043232  -2.18999329
  0.85892953   0.49087849   0.11078409   1.16212548   0.74911865   0.53187164   1.26703228   2.07043232  -2.18999329
  0.85760380   0.50015077   0.12320282   1.16966124   0.74441874   0.52517846   1.27692385   2.07085275  -2.18256311
  0.85760380   0.50015077   0.12320282   1.16966124   0.74441874   0.52517846   1.27692385   2.07085275  -2.18256311
  0.85760380   0.50015077   0.12320282   1.16966124   0.74441874   0.52517846   1.27692385   2.07085275  -2.18256311
  0.85568519   0.51246265   0.13989644   1.18001320   0.73795537   0.51627380   1.29017915   2.07115807  -2.17261763
  0.85568519   0.51246265   0.13989644   1.18001320   0.73795537   0.51627380   1.29017915   2.07115807  -2.17261763
  0.85453163   0.51948794   0.14937330   1.18597998   0.73422854   0.51128098   1.29771245   2.07105762  -2.16700275
  0.85453163   0.51948794   0.14937330   1.18597998   0.73422854   0.51128098   1.29771245   2.07105762  -2.16700275
  0.85368007   0.52345663   0.15625778   1.19070462   0.73140540   0.50763761   1.30326384   2.06979407  -2.16281932
  0.85385474   0.52357212   0.15914542   1.19281126   0.72961758   0.50514737   1.30639712   2.06802746  -2.15984294
  0.85385474   0.52357212   0.15914542   1.19281126   0.72961758   0.50514737   1.30639712   2.06802746  -2.15984294
  0.85385474   0.52357212   0.15914542   1.19281126   0.72961758   0.50514737   1.30639712   2.06802746  -2.15984294
  0.88127936   0.52359878   0.16917321   1.19086523   0.70648259   0.45736093   1.33650242   2.07891522  -2.11605432
  0.88127936   0.52359878   0.16917321   1.19086523   0.70648259   0.45736093   1.33650242   2.07891522  -2.11605432
  0.88123823   0.52359878   0.17135219   1.19290922   0.70498419   0.45543575   1.33888186   2.07707607  -2.11386996
  0.88123823   0.52359878   0.17135219   1.19290922   0.70498419   0.45543575   1.33888186   2.07707607  -2.11386996
  0.90424538   0.52359878   0.17965973   1.19160550   0.68576793   0.41571841   1.36476623   2.08475261  -2.07694929
  0.90424538   0.52359878   0.17965973   1.19160550   0.68576793   0.41571841   1.36476623   2.08475261  -2.07694929
  0.90408798   0.52359878   0.18167981   1.19379821   0.68449365   0.41419462   1.36681172   2.08276603  -2.07514267
  0.92425372   0.52359878   0.18779422   1.19169065   0.66836712   0.38033206   1.38885807   2.08920199  -2.04356135
  0.92425372   0.52359878   0.18779422   1.19169065   0.66836712   0.38033206   1.38885807   2.08920199  -2.04356135
  0.92386137   0.52359878   0.18979838   1.19402100   0.66721565   0.37910321   1.39075265   2.08727009  -2.04208702
  0.94654558   0.52359878   0.19578260   1.19142242   0.64963603   0.34181293   1.41533667   2.09371448  -2.00707994
  0.94654558   0.52359878   0.19578260   1.19142242   0.64963603   0.34181293   1.41533667   2.09371448  -2.00707994
  0.94604488   0.52359878   0.19796715   1.19421711   0.64829818   0.34050094   1.41750342   2.09119925  -2.00521556
  0.94604488   0.52359878   0.19796715   1.19421711   0.64829818   0.34050094   1.41750342   2.09119925  -2.00521556
  0.97050941   0.52359878   0.20679838   1.19377666   0.62781200   0.29815082   1.44635907   2.09439510  -1.96496173
  0.97050941   0.52359878   0.20679838   1.19377666   0.62781200   0.29815082   1.44635907   2.09439510  -1.96496173
  0.97050941   0.52359878   0.20679838   1.19377666   0.62781200   0.29815082   1.44635907   2.09439510  -1.96496173
  0.99230324   0.52359878   0.21725893   1.19412472   0.60850136   0.25782529   1.47256478   2.09439510  -1.92701081
  0.99230324   0.52359878   0.21725893   1.19412472   0.60850136   0.25782529   1.47256478   2.09439510  -1.92701081
  0.99230324   0.52359878   0.21725893   1.19412472   0.60850136   0.25782529   1.47256478   2.09439510  -1.92701081
  1.01975873   0.52359878   0.23092150   1.19223561   0.58458270   0.20597747   1.50310256   2.09439510  -1.87910872
  1.01975873   0.52359878   0.23092150   1.19223561   0.58458270   0.20597747   1.50310256   2.09439510  -1.87910872
  1.01975873   0.52359878   0.23092150   1.19223561   0.58458270   0.20597747   1.50310256   2.09439510  -1.87910872
  1.06308665   0.52359878   0.26535191   1.18015298   0.54383444   0.10918315   1.54331312   2.09439510  -1.79468852
  1.06308665   0.52359878   0.26535191   1.18015298   0.54383444   0.10918315   1.54331312   2.09439510  -1.79468852
  1.06308665   0.52359878   0.26535191   1.18015298   0.54383444   0.10918315   1.54331312   2.09439510  -1.79468852
  1.06266086   0.52359878   0.26581738   1.18077928   0.54326972   0.10879070   1.54368858   2.09439510  -1.79364274
  1.06266086   0.52359878   0.26581738   1.18077928   0.54326972   0.10879070   1.54368858   2.09439510  -1.79364274
  1.06239792   0.52359878   0.26588511   1.18124552   0.54298517   0.10858260   1.54379273   2.09439510  -1.79362133
  1.13888215   0.52359878   0.27574924   1.17484683   0.48059056   0.00781338   1.62572567   2.09439510  -1.68983122
  1.13888215   0.52359878   0.27574924   1.17484683   0.48059056   0.00781338   1.62572567   2.09439510  -1.68983122
  1.13848761   0.52359878   0.27629238   1.17638820   0.48039189   0.00771175   1.62603687   2.09309599  -1.68981691
  1.13742895   0.52359878   0.27663549   1.17761894   0.48005285   0.00814524   1.62636141   2.09176685  -1.68893801
  1.13753163   0.52359878   0.27718097   1.17921812   0.47995315   0.00780422   1.62653400   2.08989207  -1.68937487
  1.13753163   0.52359878   0.27718097   1.17921812   0.47995315   0.00780422   1.62653400   2.08989207  -1.68937487
  1.13678081   0.52359878   0.27783757   1.18135565   0.47960562   0.00785249   1.62690250   2.08785003  -1.68898187
  1.13678081   0.52359878   0.27783757   1.18135565   0.47960562   0.00785249   1.62690250   2.08785003  -1.68898187
  1.13541942   0.52359878   0.27884159   1.18406087   0.47909817   0.00819666   1.62769448   2.08516578  -1.68828775
  1.13541942   0.52359878   0.27884159   1.18406087   0.47909817   0.00819666   1.62769448   2.08516578  -1.68828775
  1.13536748   0.52359878   0.27943898   1.18611002   0.47888983   0.00789843   1.62785293   2.08263040  -1.68852174
  1.13515026   0.52359878   0.27955977   1.18660976   0.47874412   0.00782867   1.62795946   2.08284882  -1.68852750
  1.13418915   0.52359878   0.28021608   1.18891252   0.47833795   0.00811203   1.62830703   2.08016498  -1.68769751
  1.13405504   0.52359878   0.28043131   1.18888064   0.47832102   0.00803864   1.62865042   2.08003343  -1.68793436
  1.13388052   0.52359878   0.28108502   1.19083807   0.47813604   0.00774144   1.62890006   2.07802758  -1.68775034
  1.13388052   0.52359878   0.28108502   1.19083807   0.47813604   0.00774144   1.62890006   2.07802758  -1.68775034
  1.13291849   0.52359878   0.28197050   1.19335961   0.47769692   0.00788035   1.62950370   2.07551478  -1.68720498
  1.13291849   0.52359878   0.28197050   1.19335961   0.47769692   0.00788035   1.62950370   2.07551478  -1.68720498
  1.13291849   0.52359878   0.28197050   1.19335961   0.47769692   0.00788035   1.62950370   2.07551478  -1.68720498
  1.13240406   0.52359878   0.28282283   1.19618919   0.47722992   0.00755304   1.62994301   2.07246534  -1.68705663
  1.13167569   0.52359878   0.28350879   1.19792887   0.47690024   0.00760798   1.63048983   2.07051728  -1.68654475
  1.13167569   0.52359878   0.28350879   1.19792887   0.47690024   0.00760798   1.63048983   2.07051728  -1.68654475
  1.13129663   0.52359878   0.28423781   1.19994792   0.47660273   0.00744154   1.63092921   2.06861876  -1.68643880
  1.13129663   0.52359878   0.28423781   1.19994792   0.47660273   0.00744154   1.63092921   2.06861876  -1.68643880
  1.13100222   0.52359878   0.28471812   1.20167562   0.47624404   0.00710943   1.63121526   2.06658647  -1.68614889
  1.12996063   0.52359878   0.28523177   1.20288135   0.47589180   0.00747053   1.63177732   2.06545444  -1.68518698
  1.12985672   0.52359878   0.28509157   1.20306816   0.47571992   0.00731300   1.63168218   2.06541508  -1.68523751
  1.12985672   0.52359878   0.28509157   1.20306816   0.47571992   0.00731300   1.63168218   2.06541508  -1.68523751
  1.12893083   0.52359878   0.28598366   1.20588270   0.47516549   0.00733477   1.63226673   2.06228658  -1.68439949
  1.12757877   0.52359878   0.28622085   1.20667593   0.47470569   0.00783347   1.63274112   2.06141715  -1.68296576
  1.12757877   0.52359878   0.28622085   1.20667593   0.47470569   0.00783347   1.63274112   2.06141715  -1.68296576
  1.12604260   0.52359878   0.28658695   1.20830879   0.47404818   0.00821703   1.63322650   2.06012893  -1.68158107
  1.12604260   0.52359878   0.28658695   1.20830879   0.47404818   0.00821703   1.63322650   2.06012893  -1.68158107
  1.12513437   0.52359878   0.28688567   1.20943098   0.47355135   0.00804756   1.63367582   2.05857280  -1.68071587
  1.12392635   0.52359878   0.28693630   1.21002962   0.47309910   0.00832187   1.63396354   2.05814446  -1.67928910
  1.12248810   0.52359878   0.28686687   1.21032783   0.47263565   0.00885707   1.63423297   2.05775785  -1.67771587
  1.12171973   0.52359878   0.28697301   1.21090881   0.47231936   0.00881995   1.63445932   2.05731106  -1.67677639
  1.12037041   0.52359878   0.28695055   1.21125079   0.47188593   0.00894128   1.63474145   2.05691149  -1.67495990
  1.11901631   0.52359878   0.28686111   1.21161061   0.47144159   0.00937727   1.63493110   2.05701750  -1.67350143
  1.11788669   0.52359878   0.28666321   1.21163936   0.47107813   0.00968708   1.63503506   2.05669816  -1.67224286
  1.11657088   0.52359878   0.28659597   1.21166413   0.47073565   0.00999419   1.63530081   2.05642584  -1.67076137
  1.11517000   0.52359878   0.28654682   1.21182124   0.47033979   0.01041673   1.63558683   2.05659141  -1.66935974
  1.11385274   0.52359878   0.28633682   1.21178527   0.46996360   0.01081991   1.63571573   2.05653388  -1.66793956
  1.11231443   0.52359878   0.28614593   1.21172668   0.46956052   0.01133189   1.63591029   2.05654582  -1.66629007
  1.11086300   0.52359878   0.28587657   1.21187631   0.46913889   0.01178008   1.63591880   2.05673336  -1.66461466
  1.10977788   0.52359878   0.28578075   1.21176534   0.46893301   0.01174477   1.63605732   2.05671790  -1.66341313
  1.10803685   0.52359878   0.28577777   1.21159392   0.46871181   0.01187933   1.63636963   2.05681572  -1.66139771
  1.10632976   0.52359878   0.28546606   1.21155683   0.46827627   0.01246498   1.63641944   2.05693908  -1.65946447
  1.10529074   0.52359878   0.28529322   1.21150606   0.46810105   0.01236680   1.63638955   2.05693893  -1.65823603
  1.10337569   0.52359878   0.28512100   1.21144892   0.46764952   0.01299954   1.63666082   2.05715322  -1.65629714
  1.10150557   0.52359878   0.28501523   1.21159001   0.46725663   0.01363879   1.63687006   2.05751542  -1.65424326
  1.10125670   0.52359878   0.28485129   1.21146798   0.46707278   0.01350189   1.63689571   2.05742284  -1.65430809
  1.09894747   0.52359878   0.28471561   1.21132887   0.46686301   0.01386046   1.63699419   2.05746682  -1.65147725
  1.09791410   0.52359878   0.28478462   1.21120775   0.46687848   0.01351016   1.63712850   2.05747342  -1.65042350
  1.09619757   0.52359878   0.28462946   1.21124654   0.46671320   0.01361351   1.63706966   2.05761412  -1.64832353
  1.09471322   0.52359878   0.28450257   1.21107427   0.46654197   0.01365591   1.63715480   2.05759166  -1.64676676
  1.09304595   0.52359878   0.28443171   1.21105496   0.46633290   0.01386356   1.63728968   2.05774858  -1.64499040
  1.09121397   0.52359878   0.28432151   1.21094186   0.46609959   0.01422481   1.63743774   2.05782673  -1.64300188
  1.08951587   0.52359878   0.28437338   1.21090901   0.46604982   0.01414573   1.63757727   2.05796851  -1.64118882
  1.08766554   0.52359878   0.28431512   1.21077455   0.46603486   0.01406817   1.63757155   2.05797469  -1.63904068
  1.08640574   0.52359878   0.28429935   1.21074635   0.46595768   0.01396354   1.63764458   2.05805571  -1.63778158
  1.08447660   0.52359878   0.28436344   1.21066166   0.46607053   0.01365295   1.63764877   2.05812453  -1.63557579
  1.08237680   0.52359878   0.28436047   1.21053607   0.46604040   0.01368838   1.63773249   2.05819680  -1.63323771
  1.08121439   0.52359878   0.28445047   1.21064311   0.46598405   0.01351571   1.63786899   2.05842131  -1.63219221
  1.07988928   0.52359878   0.28431452   1.21040161   0.46595912   0.01343225   1.63781614   2.05822612  -1.63074516
  1.07828784   0.52359878   0.28416512   1.21044961   0.46588282   0.01344158   1.63766543   2.05829025  -1.62886651
  1.07641862   0.52359878   0.28415817   1.21041992   0.46569497   0.01367586   1.63787109   2.05846663  -1.62702584
  1.07409416   0.52359878   0.28411171   1.21032151   0.46563682   0.01386495   1.63791265   2.05853588  -1.62442222
  1.07273645   0.52359878   0.28389498   1.21015407   0.46538582   0.01418466   1.63795669   2.05846141  -1.62305269
  1.07122713   0.52359878   0.28385256   1.21022207   0.46511400   0.01453357   1.63815920   2.05867481  -1.62164146
  1.06972715   0.52359878   0.28366796   1.21013261   0.46484336   0.01491398   1.63823364   2.05866683  -1.62012547
  1.06803963   0.52359878   0.28346761   1.21013418   0.46453488   0.01537580   1.63828496   2.05873807  -1.61836255
  1.06684333   0.52359878   0.28348091   1.21014664   0.46453629   0.01518569   1.63829573   2.05874376  -1.61721894
  1.06478786   0.52359878   0.28360256   1.21011231   0.46475608   0.01482529   1.63824177   2.05880209  -1.61498510
  1.06268872   0.52359878   0.28323484   1.21014608   0.46433229   0.01554884   1.63816789   2.05892105  -1.61260921
  1.06240686   0.52359878   0.28315620   1.21006821   0.46415773   0.01541327   1.63828260   2.05891027  -1.61271223
  1.05988541   0.52359878   0.28328261   1.21008386   0.46418202   0.01560898   1.63842458   2.05898724  -1.61000595
  1.05865058   0.52359878   0.28332167   1.20995291   0.46427259   0.01534279   1.63844052   2.05889746  -1.60883418
  1.05659312   0.52359878   0.28328420   1.21004502   0.46406560   0.01571956   1.63856753   2.05913198  -1.60671621
  1.05491070   0.52359878   0.28299853   1.20993974   0.46376039   0.01620541   1.63854479   2.05908531  -1.60491011
  1.05300984   0.52359878   0.28284220   1.21014845   0.46340534   0.01672866   1.63861275   2.05935493  -1.60294534
  1.05166151   0.52359878   0.28268014   1.20999971   0.46324008   0.01691283   1.63863239   2.05920631  -1.60161813
  1.04998633   0.52359878   0.28292495   1.20996471   0.46354174   0.01640656   1.63866338   2.05918527  -1.59998094
  1.04873377   0.52359878   0.28294245   1.21010736   0.46359606   0.01608411   1.63856214   2.05930839  -1.59875881
  1.04686064   0.52359878   0.28290292   1.20992452   0.46358572   0.01619891   1.63859981   2.05919945  -1.59680463
  1.04474469   0.52359878   0.28314452   1.20984029   0.46394958   0.01568323   1.63858030   2.05921384  -1.59462217
  1.04285303   0.52359878   0.28307660   1.20995583   0.46376831   0.01597382   1.63862652   2.05941082  -1.59266285
  1.04154304   0.52359878   0.28303718   1.20975513   0.46384727   0.01577086   1.63857759   2.05918178  -1.59136874
  1.03955458   0.52359878   0.28314519   1.20980625   0.46388754   0.01572612   1.63866039   2.05931281  -1.58938236
  1.03754315   0.52359878   0.28313754   1.20970828   0.46401583   0.01559831   1.63855376   2.05922890  -1.58719510
  1.03620737   0.52359878   0.28312798   1.20970939   0.46400803   0.01546249   1.63854748   2.05922998  -1.58592841
  1.03440274   0.52359878   0.28304772   1.20964627   0.46406353   0.01536557   1.63840261   2.05912129  -1.58397246
  1.03240676   0.52359878   0.28301212   1.20967001   0.46372398   0.01593841   1.63870853   2.05934436  -1.58210872
  1.03090700   0.52359878   0.28287669   1.20963837   0.46351235   0.01629078   1.63876191   2.05931187  -1.58057625
  1.02925809   0.52359878   0.28273228   1.20971005   0.46324457   0.01667587   1.63881602   2.05937248  -1.57891292
  1.02793073   0.52359878   0.28284015   1.20980744   0.46328888   0.01647175   1.63887427   2.05938788  -1.57771778
  1.02592185   0.52359878   0.28261668   1.20971722   0.46293989   0.01705817   1.63897925   2.05938430  -1.57568325
  1.02429834   0.52359878   0.28243553   1.20975150   0.46271311   0.01743033   1.63895468   2.05935999  -1.57395431
  1.02309890   0.52359878   0.28238499   1.20978990   0.46278922   0.01714792   1.63878412   2.05920625  -1.57272874
  1.02096141   0.52359878   0.28236553   1.20983368   0.46245288   0.01776169   1.63909967   2.05942996  -1.57070401
  1.01935025   0.52359878   0.28240544   1.21000998   0.46240174   0.01781243   1.63912931   2.05951875  -1.56909555
  1.01808531   0.52359878   0.28239362   1.20987147   0.46257848   0.01744610   1.63898511   2.05924883  -1.56781860
  1.01583652   0.52359878   0.28263939   1.20987835   0.46295502   0.01693552   1.63891665   2.05927128  -1.56550209
  1.01369624   0.52359878   0.28234309   1.20999947   0.46256696   0.01760505   1.63886427   2.05941368  -1.56314512
  1.01341795   0.52359878   0.28225440   1.20990327   0.46239706   0.01747056   1.63896838   2.05937520  -1.56324151
  1.01133906   0.52359878   0.28226312   1.20991268   0.46236492   0.01769005   1.63901187   2.05914877  -1.56105481
  1.00908349   0.52359878   0.28214863   1.20984830   0.46200992   0.01836957   1.63926424   2.05922526  -1.55884080
  1.00772926   0.52359878   0.28214879   1.21000199   0.46208096   0.01818529   1.63911700   2.05916101  -1.55740505
  1.00557055   0.52359878   0.28241065   1.21005054   0.46233578   0.01786145   1.63918467   2.05921366  -1.55528486
  1.00382889   0.52359878   0.28240882   1.21019203   0.46223754   0.01796390   1.63922206   2.05934996  -1.55356304
  1.00190212   0.52359878   0.28223669   1.21025900   0.46199800   0.01834100   1.63920848   2.05936548  -1.55154843
  1.00041514   0.52359878   0.28210403   1.21015517   0.46189952   0.01850079   1.63917692   2.05914783  -1.55001464
  0.99913771   0.52359878   0.28224390   1.20999173   0.46208993   0.01815521   1.63924238   2.05888924  -1.54889232
  0.99710591   0.52359878   0.28244630   1.21021834   0.46229977   0.01779605   1.63919335   2.05905438  -1.54684411
  0.99507678   0.52359878   0.28256785   1.21016972   0.46256749   0.01743123   1.63909465   2.05894512  -1.54473207
  0.99373106   0.52359878   0.28258426   1.21019424   0.46262505   0.01721141   1.63904375   2.05888128  -1.54343842
  0.99153595   0.52359878   0.28285114   1.21023788   0.46302122   0.01665822   1.63896760   2.05886258  -1.54117663
  0.98939971   0.52359878   0.28257439   1.21037918   0.46263233   0.01732418   1.63893448   2.05899319  -1.53884154
  0.98798272   0.52359878   0.28270637   1.21032966   0.46255816   0.01744045   1.63922254   2.05892724  -1.53766048
  0.98661539   0.52359878   0.28250168   1.21031446   0.46234700   0.01765840   1.63917135   2.05880147  -1.53628031
  0.98528620   0.52359878   0.28245537   1.21039886   0.46239839   0.01741340   1.63901338   2.05859647  -1.53493171
  0.98300660   0.52359878   0.28245730   1.21048281   0.46204443   0.01809569   1.63935955   2.05880975  -1.53275280
  0.98133308   0.52359878   0.28264282   1.21054791   0.46242037   0.01748300   1.63918299   2.05857080  -1.53100469
  0.97997906   0.52359878   0.28261707   1.21057110   0.46248567   0.01724134   1.63906551   2.05846189  -1.52965206
  0.97739565   0.52359878   0.28286296   1.21063307   0.46265604   0.01721453   1.63919691   2.05852283  -1.52699880
  0.97643253   0.52359878   0.28302106   1.21062907   0.46298114   0.01642768   1.63906873   2.05833208  -1.52619269
  0.97432519   0.52359878   0.28299576   1.21073630   0.46281666   0.01677364   1.63916081   2.05842047  -1.52402417
  0.97232638   0.52359878   0.28309282   1.21074717   0.46302209   0.01646980   1.63906861   2.05826110  -1.52194318
  0.97096295   0.52359878   0.28313633   1.21079777   0.46306660   0.01627236   1.63905819   2.05819286  -1.52065228
  0.96907712   0.52359878   0.28309432   1.21079483   0.46315471   0.01613727   1.63890529   2.05799527  -1.51861849
  0.96703683   0.52359878   0.28312147   1.21089561   0.46282849   0.01669690   1.63924923   2.05821278  -1.51673786
  0.96558985   0.52359878   0.28295184   1.21092670   0.46262271   0.01699595   1.63922035   2.05807612  -1.51522079
  0.96429795   0.52359878   0.28291476   1.21103830   0.46266284   0.01674683   1.63907569   2.05783856  -1.51392648
  0.96205906   0.52359878   0.28291961   1.21113752   0.46230796   0.01741254   1.63942002   2.05802229  -1.51179476
  0.96064458   0.52359878   0.28281682   1.21117248   0.46213483   0.01765352   1.63944782   2.05789001  -1.51037486
  0.95893149   0.52359878   0.28273801   1.21126392   0.46189547   0.01801465   1.63955470   2.05783841  -1.50869014
  0.95733555   0.52359878   0.28263163   1.21141810   0.46167016   0.01829998   1.63957909   2.05779849  -1.50708784
  0.95594298   0.52359878   0.28277574   1.21156925   0.46177814   0.01799777   1.63959637   2.05764038  -1.50580951
  0.95360795   0.52359878   0.28290334   1.21160698   0.46200552   0.01776991   1.63951163   2.05749336  -1.50331647
  0.95229937   0.52359878   0.28291636   1.21166185   0.46208819   0.01746865   1.63941586   2.05735436  -1.50204946
  0.95059519   0.52359878   0.28307410   1.21174379   0.46214218   0.01736301   1.63954112   2.05733018  -1.50045112
  0.94823047   0.52359878   0.28318142   1.21184693   0.46232382   0.01719220   1.63944762   2.05723282  -1.49790318
  0.94661024   0.52359878   0.28308747   1.21202865   0.46205841   0.01749984   1.63951880   2.05735924  -1.49632786
  0.94516357   0.52359878   0.28296491   1.21198402   0.46187938   0.01773843   1.63956178   2.05715339  -1.49490394
  0.94389070   0.52359878   0.28306362   1.21225339   0.46203698   0.01724414   1.63940857   2.05698300  -1.49366966
  0.94211804   0.52359878   0.28331365   1.21218391   0.46225097   0.01702919   1.63955932   2.05677648  -1.49196377
  0.94000967   0.52359878   0.28327668   1.21223215   0.46231286   0.01690367   1.63941867   2.05663449  -1.48971984
  0.93804918   0.52359878   0.28324415   1.21227942   0.46201091   0.01738723   1.63967691   2.05671689  -1.48788185
  0.93636488   0.52359878   0.28320256   1.21234338   0.46181352   0.01772140   1.63980317   2.05661346  -1.48621966
  0.93490782   0.52359878   0.28334865   1.21263864   0.46185576   0.01752380   1.63982769   2.05657303  -1.48483631
  0.93309203   0.52359878   0.28316556   1.21262106   0.46157506   0.01793808   1.63988251   2.05645279  -1.48300720
  0.93139297   0.52359878   0.28309581   1.21270008   0.46137694   0.01826658   1.63996332   2.05632351  -1.48129382
  0.92988049   0.52359878   0.28300643   1.21298532   0.46116978   0.01849647   1.63993164   2.05634375  -1.47972804
  0.92842646   0.52359878   0.28321041   1.21312749   0.46129464   0.01817528   1.64001895   2.05614171  -1.47843803
  0.92620928   0.52359878   0.28337214   1.21316513   0.46159705   0.01778413   1.63990228   2.05590823  -1.47606754
  0.92440847   0.52359878   0.28321731   1.21344623   0.46129141   0.01816828   1.63988559   2.05606917  -1.47419562
  0.92290825   0.52359878   0.28319696   1.21339263   0.46116364   0.01833746   1.64002048   2.05582958  -1.47279910
  0.92113320   0.52359878   0.28318807   1.21342319   0.46095860   0.01872215   1.64021566   2.05570084  -1.47107818
  0.91975376   0.52359878   0.28308377   1.21360997   0.46078417   0.01883447   1.64017340   2.05559860  -1.46970722
  0.91782975   0.52359878   0.28308406   1.21386169   0.46052053   0.01924881   1.64034283   2.05563971  -1.46782006
  0.91615568   0.52359878   0.28305550   1.21409815   0.46040195   0.01932017   1.64032412   2.05548228  -1.46614198
  0.91447864   0.52359878   0.28299134   1.21408024   0.46031898   0.01946764   1.64033337   2.05518896  -1.46442236
  0.91298140   0.52359878   0.28324857   1.21417242   0.46022234   0.01962318   1.64075427   2.05526689  -1.46324069
  0.91142839   0.52359878   0.28296701   1.21412448   0.46003865   0.01982337   1.64058293   2.05487395  -1.46155214
  0.90970880   0.52359878   0.28339011   1.21447850   0.46057407   0.01881748   1.64043817   2.05471233  -1.45985944
  0.90752817   0.52359878   0.28360774   1.21449440   0.46095474   0.01828654   1.64032514   2.05452974  -1.45754269
  0.90615108   0.52359878   0.28367001   1.21458054   0.46107176   0.01793943   1.64024789   2.05435785  -1.45619856
  0.90434007   0.52359878   0.28385627   1.21471786   0.46113658   0.01782322   1.64037628   2.05430115  -1.45446123
  0.90201077   0.52359878   0.28398571   1.21484399   0.46138009   0.01751996   1.64023844   2.05409069  -1.45191021
  0.90035476   0.52359878   0.28402246   1.21517817   0.46112761   0.01777877   1.64040722   2.05434797  -1.45037646
  0.89896521   0.52359878   0.28378018   1.21513633   0.46095074   0.01795209   1.64028019   2.05398231  -1.44889662
  0.89727560   0.52359878   0.28384205   1.21529309   0.46075146   0.01824435   1.64050958   2.05394248  -1.44733173
  0.89545492   0.52359878   0.28415429   1.21546551   0.46120922   0.01743956   1.64037757   2.05352437  -1.44546712
  0.89418410   0.52359878   0.28436900   1.21544630   0.46150436   0.01683796   1.64037038   2.05325128  -1.44430557
  0.89205028   0.52359878   0.28430266   1.21561952   0.46136189   0.01709974   1.64035166   2.05320399  -1.44201415
  0.88994781   0.52359878   0.28464091   1.21578698   0.46166696   0.01661641   1.64042078   2.05307260  -1.43993044
  0.88813872   0.52359878   0.28483216   1.21586899   0.46199943   0.01601513   1.64029408   2.05284122  -1.43803806
  0.88679581   0.52359878   0.28485527   1.21596940   0.46206969   0.01572894   1.64020636   2.05264216  -1.43669691
  0.88501548   0.52359878   0.28505663   1.21599728   0.46212081   0.01566457   1.64042194   2.05247176  -1.43503464
  0.88310753   0.52359878   0.28512924   1.21631621   0.46201250   0.01577932   1.64049446   2.05250826  -1.43310508
  0.88121217   0.52359878   0.28493492   1.21633115   0.46169622   0.01624550   1.64055631   2.05234073  -1.43117320
  0.87955443   0.52359878   0.28488698   1.21651719   0.46148772   0.01654919   1.64062947   2.05219372  -1.42948998
  0.87805035   0.52359878   0.28486225   1.21669328   0.46130275   0.01675923   1.64071419   2.05205590  -1.42802395
  0.87644215   0.52359878   0.28482953   1.21682294   0.46109958   0.01702269   1.64082848   2.05188004  -1.42646206
  0.87482083   0.52359878   0.28474207   1.21713669   0.46086039   0.01728871   1.64082081   2.05180976  -1.42478972
  0.87306923   0.52359878   0.28475047   1.21719129   0.46065209   0.01764167   1.64103224   2.05157412  -1.42311569
  0.87163073   0.52359878   0.28496328   1.21756361   0.46073836   0.01728921   1.64106870   2.05141104  -1.42179533
  0.86995555   0.52359878   0.28478621   1.21759091   0.46050712   0.01763734   1.64105769   2.05122111  -1.42002802
  0.86856202   0.52359878   0.28491036   1.21780456   0.46063011   0.01725131   1.64100468   2.05090051  -1.41868105
  0.86600607   0.52359878   0.28525926   1.21802752   0.46089770   0.01696695   1.64110376   2.05079591  -1.41602079
  0.86441923   0.52359878   0.28551004   1.21811298   0.46137400   0.01603398   1.64090594   2.05047610  -1.41438075
  0.86307951   0.52359878   0.28550825   1.21822310   0.46145469   0.01571043   1.64076857   2.05024529  -1.41300525
  0.86087599   0.52359878   0.28551649   1.21835939   0.46111304   0.01630935   1.64108265   2.05031362  -1.41088079
  0.85959811   0.52359878   0.28582877   1.21869904   0.46126867   0.01588853   1.64119812   2.05016861  -1.40976453
  0.85803935   0.52359878   0.28582620   1.21870509   0.46139605   0.01561561   1.64105862   2.04971996  -1.40808637
  0.85606193   0.52359878   0.28580906   1.21892907   0.46128089   0.01577225   1.64105650   2.04960360  -1.40599618
  0.85394963   0.52359878   0.28615360   1.21911679   0.46157773   0.01528046   1.64113478   2.04940195  -1.40388359
  0.85218376   0.52359878   0.28633318   1.21925362   0.46187996   0.01468795   1.64100101   2.04914626  -1.40201160
  0.85089446   0.52359878   0.28633207   1.21939840   0.46194684   0.01436383   1.64086396   2.04889638  -1.40068755
  0.84869174   0.52359878   0.28632370   1.21955155   0.46157994   0.01499096   1.64117352   2.04896219  -1.39855541
  0.84703958   0.52359878   0.28619855   1.21981959   0.46133361   0.01534246   1.64114176   2.04877304  -1.39676675
  0.84570060   0.52359878   0.28632671   1.21997046   0.46119104   0.01545080   1.64140424   2.04865737  -1.39565395
  0.84389622   0.52359878   0.28658299   1.22020589   0.46151484   0.01482369   1.64131163   2.04817625  -1.39377757
  0.84255463   0.52359878   0.28669432   1.22034835   0.46160443   0.01450007   1.64130735   2.04798536  -1.39249138
  0.84048369   0.52359878   0.28685416   1.22057469   0.46171273   0.01430093   1.64131191   2.04780701  -1.39031890
  0.83870919   0.52359878   0.28704480   1.22062327   0.46165260   0.01442630   1.64161917   2.04765334  -1.38869172
  0.83702668   0.52359878   0.28711603   1.22090879   0.46186813   0.01387960   1.64136103   2.04734539  -1.38682584
  0.83528441   0.52359878   0.28728614   1.22107694   0.46202596   0.01352769   1.64135402   2.04712807  -1.38504760
  0.83351851   0.52359878   0.28747227   1.22124901   0.46217460   0.01320720   1.64137704   2.04694515  -1.38325349
  0.83178338   0.52359878   0.28753825   1.22145691   0.46206010   0.01331425   1.64149583   2.04692019  -1.38154130
  0.83019923   0.52359878   0.28736533   1.22149337   0.46180006   0.01369190   1.64151593   2.04677852  -1.37988352
  0.82839701   0.52359878   0.28722440   1.22160089   0.46151536   0.01415169   1.64157438   2.04665522  -1.37799003
  0.82728866   0.52359878   0.28740812   1.22166550   0.46170075   0.01368431   1.64160402   2.04646575  -1.37699392
  0.82604193   0.52359878   0.28742910   1.22165629   0.46180588   0.01338579   1.64152521   2.04642693  -1.37572165
  0.82450956   0.52359878   0.28726477   1.22159656   0.46178705   0.01337175   1.64134384   2.04643220  -1.37398650
  0.82318745   0.52359878   0.28748839   1.22152023   0.46199037   0.01300226   1.64147030   2.04668511  -1.37277835
  0.82138478   0.52359878   0.28731771   1.22117557   0.46171151   0.01363234   1.64168367   2.04677707  -1.37094502
  0.82023883   0.52359878   0.28727217   1.22101672   0.46184699   0.01345591   1.64154368   2.04720242  -1.36963229
  0.81928377   0.52359878   0.28730267   1.22081979   0.46211178   0.01293636   1.64138851   2.04769103  -1.36864297
  0.81808377   0.52359878   0.28718587   1.22016077   0.46235065   0.01278124   1.64126666   2.04786755  -1.36725019
  0.81638006   0.52359878   0.28721522   1.21960155   0.46272505   0.01245247   1.64115460   2.04859921  -1.36533730
  0.81638006   0.52359878   0.28721522   1.21960155   0.46272505   0.01245247   1.64115460   2.04859921  -1.36533730
  0.81510236   0.52359878   0.28690833   1.21843342   0.46290269   0.01232260   1.64105779   2.04960352  -1.36399837
  0.81368401   0.52359878   0.28652605   1.21761960   0.46288547   0.01268184   1.64090517   2.05034867  -1.36225660
  0.81354001   0.52359878   0.28639167   1.21768556   0.46274623   0.01250927   1.64083604   2.05052767  -1.36231275
  0.81299138   0.52359878   0.28620668   1.21610905   0.46336101   0.01216550   1.64061807   2.05232689  -1.36141707
  0.81232088   0.52359878   0.28589218   1.21528516   0.46368816   0.01185843   1.64019268   2.05321240  -1.36042928
  0.81232088   0.52359878   0.28589218   1.21528516   0.46368816   0.01185843   1.64019268   2.05321240  -1.36042928
  0.81174288   0.52359878   0.28538127   1.21337088   0.46420633   0.01146150   1.63977415   2.05499577  -1.35955819
  0.81072039   0.52359878   0.28503704   1.21233108   0.46432958   0.01172177   1.63962107   2.05613038  -1.35823096
  0.81072039   0.52359878   0.28503704   1.21233108   0.46432958   0.01172177   1.63962107   2.05613038  -1.35823096
  0.81038634   0.52359878   0.28451331   1.20998931   0.46517488   0.01099553   1.63901609   2.05844979  -1.35754687
  0.81038634   0.52359878   0.28451331   1.20998931   0.46517488   0.01099553   1.63901609   2.05844979  -1.35754687
  0.80947847   0.52359878   0.28380776   1.20808212   0.46536078   0.01125221   1.63867214   2.06051584  -1.35620561
  0.80947847   0.52359878   0.28380776   1.20808212   0.46536078   0.01125221   1.63867214   2.06051584  -1.35620561
  0.80932212   0.52359878   0.28334788   1.20576262   0.46600931   0.01081605   1.63835306   2.06303543  -1.35587652
  0.80932212   0.52359878   0.28334788   1.20576262   0.46600931   0.01081605   1.63835306   2.06303543  -1.35587652
  0.80902522   0.52359878   0.28264991   1.20373479   0.46649919   0.01053159   1.63773736   2.06473516  -1.35518473
  0.80801403   0.52359878   0.28229269   1.20288653   0.46650250   0.01086470   1.63760407   2.06617375  -1.35396762
  0.80796513   0.52359878   0.28211184   1.20222540   0.46654127   0.01079711   1.63760655   2.06593992  -1.35403228
  0.80768638   0.52359878   0.28155491   1.20039192   0.46692030   0.01082402   1.63721488   2.06855806  -1.35329598
  0.80768638   0.52359878   0.28155491   1.20039192   0.46692030   0.01082402   1.63721488   2.06855806  -1.35329598
  0.80721925   0.52359878   0.28060533   1.19822283   0.46718480   0.01098431   1.63654437   2.07075468  -1.35218062
  0.80706077   0.52359878   0.28061176   1.19797860   0.46714207   0.01090675   1.63671211   2.07077740  -1.35231463
  0.80666798   0.52359878   0.27999941   1.19557288   0.46788417   0.01067442   1.63608883   2.07342675  -1.35145490
  0.80666798   0.52359878   0.27999941   1.19557288   0.46788417   0.01067442   1.63608883   2.07342675  -1.35145490
  0.80652048   0.52359878   0.27943152   1.19378192   0.46833566   0.01040890   1.63557708   2.07499845  -1.35105688
  0.80588211   0.52359878   0.27911534   1.19239050   0.46862958   0.01051551   1.63541901   2.07642881  -1.35027419
  0.80588211   0.52359878   0.27911534   1.19239050   0.46862958   0.01051551   1.63541901   2.07642881  -1.35027419
  0.80543937   0.52359878   0.27853180   1.19041480   0.46897206   0.01047014   1.63508298   2.07905038  -1.34963117
  0.80526681   0.52359878   0.27808006   1.18986801   0.46885198   0.01041960   1.63481983   2.07877451  -1.34945430
  0.80426579   0.52359878   0.27746942   1.18766133   0.46908675   0.01107104   1.63466702   2.08130965  -1.34792618
  0.80446208   0.52359878   0.27731881   1.18782036   0.46910711   0.01096570   1.63435193   2.08163784  -1.34788937
  0.80441172   0.52359878   0.27677600   1.18562000   0.46955982   0.01079794   1.63404668   2.08372420  -1.34767872
  0.80441172   0.52359878   0.27677600   1.18562000   0.46955982   0.01079794   1.63404668   2.08372420  -1.34767872
  0.80352386   0.52359878   0.27585489   1.18353450   0.46960073   0.01133327   1.63360771   2.08573512  -1.34622766
  0.80352386   0.52359878   0.27585489   1.18353450   0.46960073   0.01133327   1.63360771   2.08573512  -1.34622766
  0.80352019   0.52359878   0.27527979   1.18121742   0.47002745   0.01114245   1.63333078   2.08818939  -1.34611965
  0.80275488   0.52359878   0.27464530   1.17956350   0.47012080   0.01159743   1.63304705   2.08982506  -1.34493242
  0.80275488   0.52359878   0.27464530   1.17956350   0.47012080   0.01159743   1.63304705   2.08982506  -1.34493242
  0.80283058   0.52359878   0.27391753   1.17771463   0.47039316   0.01138510   1.63250626   2.09194156  -1.34472796
  0.80208667   0.52359878   0.27325774   1.17630221   0.47040323   0.01182566   1.63216588   2.09338261  -1.34353961
  0.80208667   0.52359878   0.27325774   1.17630221   0.47040323   0.01182566   1.63216588   2.09338261  -1.34353961
  0.80180409   0.52359878   0.27309577   1.17539155   0.47053285   0.01178034   1.63216495   2.09439510  -1.34325929
  0.80170502   0.52359878   0.27276475   1.17437129   0.47059207   0.01187930   1.63207581   2.09439510  -1.34304827
  0.80170502   0.52359878   0.27276475   1.17437129   0.47059207   0.01187930   1.63207581   2.09439510  -1.34304827
  0.80170502   0.52359878   0.27276475   1.17437129   0.47059207   0.01187930   1.63207581   2.09439510  -1.34304827
  0.80038380   0.52359878   0.27242872   1.17377472   0.47033831   0.01244122   1.63209513   2.09439510  -1.34144009
  0.80038380   0.52359878   0.27242872   1.17377472   0.47033831   0.01244122   1.63209513   2.09439510  -1.34144009
  0.80038380   0.52359878   0.27242872   1.17377472   0.47033831   0.01244122   1.63209513   2.09439510  -1.34144009
  0.79957766   0.52324826   0.27193370   1.17290463   0.47015096   0.01259497   1.63190087   2.09439510  -1.34028644
  0.79957766   0.52324826   0.27193370   1.17290463   0.47015096   0.01259497   1.63190087   2.09439510  -1.34028644
  0.79957766   0.52324826   0.27193370   1.17290463   0.47015096   0.01259497   1.63190087   2.09439510  -1.34028644
  0.80403609   0.50803156   0.26548649   1.16444329   0.47073450   0.00430019   1.62393051   2.09439510  -1.33683516
  0.80403609   0.50803156   0.26548649   1.16444329   0.47073450   0.00430019   1.62393051   2.09439510  -1.33683516
  0.80867584   0.49532868   0.26052100   1.15701246   0.47219808  -0.00540943   1.61750475   2.09439510  -1.33377635
  0.80867584   0.49532868   0.26052100   1.15701246   0.47219808  -0.00540943   1.61750475   2.09439510  -1.33377635
  0.81291458   0.48241546   0.25530374   1.14994865   0.47434020  -0.01645976   1.61204094   2.09439510  -1.32887090
  0.81291458   0.48241546   0.25530374   1.14994865   0.47434020  -0.01645976   1.61204094   2.09439510  -1.32887090
  0.81729326   0.47069538   0.24954896   1.14364939   0.47718069  -0.02813992   1.60868655   2.09439510  -1.32327382
  0.81729326   0.47069538   0.24954896   1.14364939   0.47718069  -0.02813992   1.60868655   2.09439510  -1.32327382
  0.88108311   0.48450748   0.16901087   1.14416252   0.58474981  -0.29647174   1.79977228   2.09157413  -1.11732834
  0.88043792   0.48381463   0.16816587   1.14261475   0.58464863  -0.29621508   1.79955675   2.09306801  -1.11565075
  0.88622207   0.47258053   0.16272443   1.13598995   0.58490314  -0.30367665   1.79543784   2.09439510  -1.11331001
  0.88622207   0.47258053   0.16272443   1.13598995   0.58490314  -0.30367665   1.79543784   2.09439510  -1.11331001
  0.89572352   0.46099037   0.15361431   1.12906583   0.58518868  -0.31750041   1.79822248   2.09439510  -1.10372058
  0.89572352   0.46099037   0.15361431   1.12906583   0.58518868  -0.31750041   1.79822248   2.09439510  -1.10372058
  0.91177151   0.45196927   0.13961142   1.12120946   0.58604690  -0.34103030   1.81411755   2.09439510  -1.08402185
  0.91177151   0.45196927   0.13961142   1.12120946   0.58604690  -0.34103030   1.81411755   2.09439510  -1.08402185
  0.92336355   0.44576878   0.12960999   1.11506833   0.58651373  -0.35807633   1.82603232   2.09439510  -1.06915929
  0.92336355   0.44576878   0.12960999   1.11506833   0.58651373  -0.35807633   1.82603232   2.09439510  -1.06915929
  0.93321005   0.43692141   0.12051545   1.10867505   0.58647871  -0.37320007   1.83344865   2.09439510  -1.05633603
  0.93321005   0.43692141   0.12051545   1.10867505   0.58647871  -0.37320007   1.83344865   2.09439510  -1.05633603
  0.94444508   0.42964522   0.11152627   1.10248119   0.58666465  -0.38964281   1.84273397   2.09439510  -1.04355675
  0.94480698   0.42926498   0.11087586   1.10195362   0.58660254  -0.39046475   1.84359988   2.09439510  -1.04225459
  0.95406234   0.42179376   0.10273794   1.09612921   0.58645346  -0.40469138   1.85122407   2.09439510  -1.02980386
  0.95406234   0.42179376   0.10273794   1.09612921   0.58645346  -0.40469138   1.85122407   2.09439510  -1.02980386
  0.96587186   0.41303380   0.09363607   1.08910880   0.58649115  -0.42208764   1.85969249   2.09439510  -1.01647143
  0.96587186   0.41303380   0.09363607   1.08910880   0.58649115  -0.42208764   1.85969249   2.09439510  -1.01647143
  0.97639307   0.40602816   0.08554270   1.08254337   0.58646853  -0.43789025   1.86869852   2.09439510  -1.00379479
  0.97639307   0.40602816   0.08554270   1.08254337   0.58646853  -0.43789025   1.86869852   2.09439510  -1.00379479
  0.98730557   0.39576515   0.07619930   1.07502789   0.58591090  -0.45542640   1.87653085   2.09439510  -0.98867979
  0.99419026   0.39195270   0.07131618   1.07043694   0.58595779  -0.46569643   1.88270078   2.09439510  -0.98064814
  0.99419026   0.39195270   0.07131618   1.07043694   0.58595779  -0.46569643   1.88270078   2.09439510  -0.98064814
  1.01059872   0.37685728   0.05935360   1.05974362   0.58539805  -0.49150207   1.89247366   2.09439510  -0.96143878
  1.01678015   0.37405975   0.05490508   1.05561747   0.58533645  -0.50095057   1.89923598   2.09439510  -0.95314808
  1.01678015   0.37405975   0.05490508   1.05561747   0.58533645  -0.50095057   1.89923598   2.09439510  -0.95314808
  1.02913313   0.36249367   0.04604198   1.04715418   0.58475568  -0.52118914   1.90681908   2.09439510  -0.93771680
  1.02913313   0.36249367   0.04604198   1.04715418   0.58475568  -0.52118914   1.90681908   2.09439510  -0.93771680
  1.03362722   0.35937129   0.04291002   1.04384087   0.58464112  -0.52847404   1.91087080   2.09439510  -0.93173179
  1.03362722   0.35937129   0.04291002   1.04384087   0.58464112  -0.52847404   1.91087080   2.09439510  -0.93173179
  1.03362722   0.35937129   0.04291002   1.04384087   0.58464112  -0.52847404   1.91087080   2.09439510  -0.93173179
