0.417	-0.417	0.454	-0.785398163397448	0	0	0	0	0	0	0	0	9.8	0.3	0.3	0.3	0.3	0.3	0.3	0.3	0.3	0.3	0.3	0.3	0.3	0.3	0.3	0.3	0.3	0	0	0	0	0	0	0	0	0	0	0	0	0	0	0	0
0.417	-0.416999469437436	0.454	-0.785398163397448	0	0	-0.000112323585542091	0.000112323585542091	0	0	0	0	9.8	0.3	0.3	0.3	0.3	0.3	0.3	0.3	0.3	0.3	0.3	0.3	0.3	0.3	0.3	0.3	0.3	0	0	0	0	0	0	0	0	0	0	0	0	0	0	0	0
0.417	-0.416995780996989	0.454	-0.785398163397448	0	0	-0.000445692798837489	0.000445692798837489	0	0	0	0	9.8	0.3	0.3	0.3	0.3	0.3	0.3	0.3	0.3	0.3	0.3	0.3	0.3	0.3	0.3	0.3	0.3	0	0	0	0	0	0	0	0	0	0	0	0	0	0	0	0
0.417	-0.416985846642205	0.454	-0.785398163397448	0	0	-0.000994737934437138	0.000994737934437138	0	0	0	0	9.8	0.3	0.3	0.3	0.3	0.3	0.3	0.3	0.3	0.3	0.3	0.3	0.3	0.3	0.3	0.3	0.3	0	0	0	0	0	0	0	0	0	0	0	0	0	0	0	0
0.417	-0.416966653968286	0.454	-0.785398163397448	0	0	-0.00175413276628834	0.00175413276628834	0	0	0	0	9.8	0.3	0.3	0.3	0.3	0.3	0.3	0.3	0.3	0.3	0.3	0.3	0.3	0.3	0.3	0.3	0.3	0	0	0	0	0	0	0	0	0	0	0	0	0	0	0	0
0.417	-0.4169352655872	0.454	-0.785398163397448	0	0	-0.00271859454773473	0.00271859454773473	0	0	0	0	9.8	0.3	0.3	0.3	0.3	0.3	0.3	0.3	0.3	0.3	0.3	0.3	0.3	0.3	0.3	0.3	0.3	0	0	0	0	0	0	0	0	0	0	0	0	0	0	0	0
0.417	-0.416888818512789	0.454	-0.785398163397448	0	0	-0.0038828840115163	0.0038828840115163	0	0	0	0	9.8	0.3	0.3	0.3	0.3	0.3	0.3	0.3	0.3	0.3	0.3	0.3	0.3	0.3	0.3	0.3	0.3	0	0	0	0	0	0	0	0	0	0	0	0	0	0	0	0
0.417	-0.416824523545879	0.454	-0.785398163397448	0	0	-0.0052418053697694	0.0052418053697694	0	0	0	0	9.8	0.3	0.3	0.3	0.3	0.3	0.3	0.3	0.3	0.3	0.3	0.3	0.3	0.3	0.3	0.3	0.3	0	0	0	0	0	0	0	0	0	0	0	0	0	0	0	0
0.417	-0.416739664659382	0.454	-0.785398163397448	0	0	-0.00679020631402671	0.00679020631402671	0	0	0	0	9.8	0.3	0.3	0.3	0.3	0.3	0.3	0.3	0.3	0.3	0.3	0.3	0.3	0.3	0.3	0.3	0.3	0	0	0	0	0	0	0	0	0	0	0	0	0	0	0	0
0.417	-0.416631598383415	0.454	-0.785398163397448	0	0	-0.00852297801521728	0.00852297801521728	0	0	0	0	9.8	0.3	0.3	0.3	0.3	0.3	0.3	0.3	0.3	0.3	0.3	0.3	0.3	0.3	0.3	0.3	0.3	0	0	0	0	0	0	0	0	0	0	0	0	0	0	0	0
0.417	-0.4164977531904	0.454	-0.785398163397448	0	0	-0.0104350551236665	0.0104350551236665	0	0	0	0	9.8	0.3	0.3	0.3	0.3	0.3	0.3	0.3	0.3	0.3	0.3	0.3	0.3	0.3	0.3	0.3	0.3	0	0	0	0	0	0	0	0	0	0	0	0	0	0	0	0
0.417	-0.416335628880175	0.454	-0.785398163397448	0	0	-0.0125214157690961	0.0125214157690961	0	0	0	0	9.8	0.3	0.3	0.3	0.3	0.3	0.3	0.3	0.3	0.3	0.3	0.3	0.3	0.3	0.3	0.3	0.3	0	0	0	0	0	0	0	0	0	0	0	0	0	0	0	0
0.417	-0.416142795965104	0.454	-0.785398163397448	0	0	-0.0147770815606241	0.0147770815606241	0	0	0	0	9.8	0.3	0.3	0.3	0.3	0.3	0.3	0.3	0.3	0.3	0.3	0.3	0.3	0.3	0.3	0.3	0.3	0	0	0	0	0	0	0	0	0	0	0	0	0	0	0	0
0.417	-0.415916895055184	0.454	-0.785398163397448	0	0	-0.017197117586765	0.017197117586765	0	0	0	0	9.8	0.3	0.3	0.3	0.3	0.3	0.3	0.3	0.3	0.3	0.3	0.3	0.3	0.3	0.3	0.3	0.3	0	0	0	0	0	0	0	0	0	0	0	0	0	0	0	0
0.417	-0.415655636243153	0.454	-0.785398163397448	0	0	-0.0197766324154297	0.0197766324154297	0	0	0	0	9.8	0.3	0.3	0.3	0.3	0.3	0.3	0.3	0.3	0.3	0.3	0.3	0.3	0.3	0.3	0.3	0.3	0	0	0	0	0	0	0	0	0	0	0	0	0	0	0	0
0.417	-0.4153567984896	0.454	-0.785398163397448	0	0	-0.0225107780939251	0.0225107780939251	0	0	0	0	9.8	0.3	0.3	0.3	0.3	0.3	0.3	0.3	0.3	0.3	0.3	0.3	0.3	0.3	0.3	0.3	0.3	0	0	0	0	0	0	0	0	0	0	0	0	0	0	0	0
0.417	-0.415018229008073	0.454	-0.785398163397448	0	0	-0.0253947501489548	0.0253947501489548	0	0	0	0	9.8	0.3	0.3	0.3	0.3	0.3	0.3	0.3	0.3	0.3	0.3	0.3	0.3	0.3	0.3	0.3	0.3	0	0	0	0	0	0	0	0	0	0	0	0	0	0	0	0
0.417	-0.414637842650186	0.454	-0.785398163397448	0	0	-0.0284237875866186	0.0284237875866186	0	0	0	0	9.8	0.3	0.3	0.3	0.3	0.3	0.3	0.3	0.3	0.3	0.3	0.3	0.3	0.3	0.3	0.3	0.3	0	0	0	0	0	0	0	0	0	0	0	0	0	0	0	0
0.417	-0.414213621290729	0.454	-0.785398163397448	0	0	-0.0315931728924127	0.0315931728924127	0	0	0	0	9.8	0.3	0.3	0.3	0.3	0.3	0.3	0.3	0.3	0.3	0.3	0.3	0.3	0.3	0.3	0.3	0.3	0	0	0	0	0	0	0	0	0	0	0	0	0	0	0	0
0.417	-0.413743613212778	0.454	-0.785398163397448	0	0	-0.0348982320312295	0.0348982320312295	0	0	0	0	9.8	0.3	0.3	0.3	0.3	0.3	0.3	0.3	0.3	0.3	0.3	0.3	0.3	0.3	0.3	0.3	0.3	0	0	0	0	0	0	0	0	0	0	0	0	0	0	0	0
0.417	-0.4132259324928	0.454	-0.785398163397448	0	0	-0.0383343344473581	0.0383343344473581	0	0	0	0	9.8	0.3	0.3	0.3	0.3	0.3	0.3	0.3	0.3	0.3	0.3	0.3	0.3	0.3	0.3	0.3	0.3	0	0	0	0	0	0	0	0	0	0	0	0	0	0	0	0
0.417	-0.412658758385762	0.454	-0.785398163397448	0	0	-0.0418968930644836	0.0418968930644836	0	0	0	0	9.8	0.3	0.3	0.3	0.3	0.3	0.3	0.3	0.3	0.3	0.3	0.3	0.3	0.3	0.3	0.3	0.3	0	0	0	0	0	0	0	0	0	0	0	0	0	0	0	0
0.417	-0.412040334710243	0.454	-0.785398163397448	0	0	-0.0455813642856876	0.0455813642856876	0	0	0	0	9.8	0.3	0.3	0.3	0.3	0.3	0.3	0.3	0.3	0.3	0.3	0.3	0.3	0.3	0.3	0.3	0.3	0	0	0	0	0	0	0	0	0	0	0	0	0	0	0	0
0.417	-0.411368969233539	0.454	-0.785398163397448	0	0	-0.0493832479934479	0.0493832479934479	0	0	0	0	9.8	0.3	0.3	0.3	0.3	0.3	0.3	0.3	0.3	0.3	0.3	0.3	0.3	0.3	0.3	0.3	0.3	0	0	0	0	0	0	0	0	0	0	0	0	0	0	0	0
0.417	-0.410643033056772	0.454	-0.785398163397448	0	0	-0.0532980875496389	0.053298087549639	0	0	0	0	9.8	0.3	0.3	0.3	0.3	0.3	0.3	0.3	0.3	0.3	0.3	0.3	0.3	0.3	0.3	0.3	0.3	0	0	0	0	0	0	0	0	0	0	0	0	0	0	0	0
0.417	-0.40986096	0.454	-0.785398163397448	0	0	-0.0573214697955312	0.0573214697955312	0	0	0	0	9.8	0.3	0.3	0.3	0.3	0.3	0.3	0.3	0.3	0.3	0.3	0.3	0.3	0.3	0.3	0.3	0.3	0	0	0	0	0	0	0	0	0	0	0	0	0	0	0	0
0.417	-0.409021245987324	0.454	-0.785398163397448	0	0	-0.0614490250517918	0.0614490250517918	0	0	0	0	9.8	0.3	0.3	0.3	0.3	0.3	0.3	0.3	0.3	0.3	0.3	0.3	0.3	0.3	0.3	0.3	0.3	0	0	0	0	0	0	0	0	0	0	0	0	0	0	0	0
0.417	-0.408122448431997	0.454	-0.785398163397448	0	0	-0.0656764271184838	0.0656764271184839	0	0	0	0	9.8	0.3	0.3	0.3	0.3	0.3	0.3	0.3	0.3	0.3	0.3	0.3	0.3	0.3	0.3	0.3	0.3	0	0	0	0	0	0	0	0	0	0	0	0	0	0	0	0
0.417	-0.407163185621533	0.454	-0.785398163397448	0	0	-0.0699993932750672	0.0699993932750672	0	0	0	0	9.8	0.3	0.3	0.3	0.3	0.3	0.3	0.3	0.3	0.3	0.3	0.3	0.3	0.3	0.3	0.3	0.3	0	0	0	0	0	0	0	0	0	0	0	0	0	0	0	0
0.417	-0.406142136102814	0.454	-0.785398163397448	0	0	-0.0744136842803977	0.0744136842803977	0	0	0	0	9.8	0.3	0.3	0.3	0.3	0.3	0.3	0.3	0.3	0.3	0.3	0.3	0.3	0.3	0.3	0.3	0.3	0	0	0	0	0	0	0	0	0	0	0	0	0	0	0	0
0.417	-0.4050580380672	0.454	-0.785398163397448	0	0	-0.0789151043727278	0.0789151043727278	0	0	0	0	9.8	0.3	0.3	0.3	0.3	0.3	0.3	0.3	0.3	0.3	0.3	0.3	0.3	0.3	0.3	0.3	0.3	0	0	0	0	0	0	0	0	0	0	0	0	0	0	0	0
0.417	-0.403909688735637	0.454	-0.785398163397448	0	0	-0.0834995012697062	0.0834995012697062	0	0	0	0	9.8	0.3	0.3	0.3	0.3	0.3	0.3	0.3	0.3	0.3	0.3	0.3	0.3	0.3	0.3	0.3	0.3	0	0	0	0	0	0	0	0	0	0	0	0	0	0	0	0
0.417	-0.402695943743766	0.454	-0.785398163397448	0	0	-0.088162766168378	0.088162766168378	0	0	0	0	9.8	0.3	0.3	0.3	0.3	0.3	0.3	0.3	0.3	0.3	0.3	0.3	0.3	0.3	0.3	0.3	0.3	0	0	0	0	0	0	0	0	0	0	0	0	0	0	0	0
0.417	-0.40141571652703	0.454	-0.785398163397448	0	0	-0.0929008337451845	0.0929008337451845	0	0	0	0	9.8	0.3	0.3	0.3	0.3	0.3	0.3	0.3	0.3	0.3	0.3	0.3	0.3	0.3	0.3	0.3	0.3	0	0	0	0	0	0	0	0	0	0	0	0	0	0	0	0
0.417	-0.400067977705783	0.454	-0.785398163397448	0	0	-0.0977096821559635	0.0977096821559635	0	0	0	0	9.8	0.3	0.3	0.3	0.3	0.3	0.3	0.3	0.3	0.3	0.3	0.3	0.3	0.3	0.3	0.3	0.3	0	0	0	0	0	0	0	0	0	0	0	0	0	0	0	0
0.417	-0.3986517544704	0.454	-0.785398163397448	0	0	-0.102585333035949	0.102585333035949	0	0	0	0	9.8	0.3	0.3	0.3	0.3	0.3	0.3	0.3	0.3	0.3	0.3	0.3	0.3	0.3	0.3	0.3	0.3	0	0	0	0	0	0	0	0	0	0	0	0	0	0	0	0
0.417	-0.397166129966383	0.454	-0.785398163397448	0	0	-0.107523851499772	0.107523851499772	0	0	0	0	9.8	0.3	0.3	0.3	0.3	0.3	0.3	0.3	0.3	0.3	0.3	0.3	0.3	0.3	0.3	0.3	0.3	0	0	0	0	0	0	0	0	0	0	0	0	0	0	0	0
0.417	-0.395610242679472	0.454	-0.785398163397448	0	0	-0.112521346141458	0.112521346141458	0	0	0	0	9.8	0.3	0.3	0.3	0.3	0.3	0.3	0.3	0.3	0.3	0.3	0.3	0.3	0.3	0.3	0.3	0.3	0	0	0	0	0	0	0	0	0	0	0	0	0	0	0	0
0.417	-0.393983285820752	0.454	-0.785398163397448	0	0	-0.117573969034432	0.117573969034432	0	0	0	0	9.8	0.3	0.3	0.3	0.3	0.3	0.3	0.3	0.3	0.3	0.3	0.3	0.3	0.3	0.3	0.3	0.3	0	0	0	0	0	0	0	0	0	0	0	0	0	0	0	0
0.417	-0.392284506711761	0.454	-0.785398163397448	0	0	-0.122677915731512	0.122677915731512	0	0	0	0	9.8	0.3	0.3	0.3	0.3	0.3	0.3	0.3	0.3	0.3	0.3	0.3	0.3	0.3	0.3	0.3	0.3	0	0	0	0	0	0	0	0	0	0	0	0	0	0	0	0
0.417	-0.3905132061696	0.454	-0.785398163397448	0	0	-0.127829425264914	0.127829425264914	0	0	0	0	9.8	0.3	0.3	0.3	0.3	0.3	0.3	0.3	0.3	0.3	0.3	0.3	0.3	0.3	0.3	0.3	0.3	0	0	0	0	0	0	0	0	0	0	0	0	0	0	0	0
0.417	-0.388668737892041	0.454	-0.785398163397448	0	0	-0.133024780146251	0.133024780146251	0	0	0	0	9.8	0.3	0.3	0.3	0.3	0.3	0.3	0.3	0.3	0.3	0.3	0.3	0.3	0.3	0.3	0.3	0.3	0	0	0	0	0	0	0	0	0	0	0	0	0	0	0	0
0.417	-0.386750507842634	0.454	-0.785398163397448	0	0	-0.138260306366531	0.138260306366531	0	0	0	0	9.8	0.3	0.3	0.3	0.3	0.3	0.3	0.3	0.3	0.3	0.3	0.3	0.3	0.3	0.3	0.3	0.3	0	0	0	0	0	0	0	0	0	0	0	0	0	0	0	0
0.417	-0.384757973635817	0.454	-0.785398163397448	0	0	-0.143532373396159	0.143532373396159	0	0	0	0	9.8	0.3	0.3	0.3	0.3	0.3	0.3	0.3	0.3	0.3	0.3	0.3	0.3	0.3	0.3	0.3	0.3	0	0	0	0	0	0	0	0	0	0	0	0	0	0	0	0
0.417	-0.382690643922026	0.454	-0.785398163397448	0	0	-0.148837394184937	0.148837394184937	0	0	0	0	9.8	0.3	0.3	0.3	0.3	0.3	0.3	0.3	0.3	0.3	0.3	0.3	0.3	0.3	0.3	0.3	0.3	0	0	0	0	0	0	0	0	0	0	0	0	0	0	0	0
0.417	-0.3805480777728	0.454	-0.785398163397448	0	0	-0.154171825162061	0.154171825162061	0	0	0	0	9.8	0.3	0.3	0.3	0.3	0.3	0.3	0.3	0.3	0.3	0.3	0.3	0.3	0.3	0.3	0.3	0.3	0	0	0	0	0	0	0	0	0	0	0	0	0	0	0	0
0.417	-0.37832988406589	0.454	-0.785398163397448	0	0	-0.159532166236126	0.159532166236126	0	0	0	0	9.8	0.3	0.3	0.3	0.3	0.3	0.3	0.3	0.3	0.3	0.3	0.3	0.3	0.3	0.3	0.3	0.3	0	0	0	0	0	0	0	0	0	0	0	0	0	0	0	0
0.417	-0.376035720870371	0.454	-0.785398163397448	0	0	-0.164914960795121	0.164914960795121	0	0	0	0	9.8	0.3	0.3	0.3	0.3	0.3	0.3	0.3	0.3	0.3	0.3	0.3	0.3	0.3	0.3	0.3	0.3	0	0	0	0	0	0	0	0	0	0	0	0	0	0	0	0
0.417	-0.373665294831747	0.454	-0.785398163397448	0	0	-0.170316795706435	0.170316795706435	0	0	0	0	9.8	0.3	0.3	0.3	0.3	0.3	0.3	0.3	0.3	0.3	0.3	0.3	0.3	0.3	0.3	0.3	0.3	0	0	0	0	0	0	0	0	0	0	0	0	0	0	0	0
0.417	-0.37121836055706	0.454	-0.785398163397448	0	0	-0.175734301316849	0.175734301316849	0	0	0	0	9.8	0.3	0.3	0.3	0.3	0.3	0.3	0.3	0.3	0.3	0.3	0.3	0.3	0.3	0.3	0.3	0.3	0	0	0	0	0	0	0	0	0	0	0	0	0	0	0	0
0.417	-0.36869472	0.454	-0.785398163397448	0	0	-0.181164151452543	0.181164151452543	0	0	0	0	9.8	0.3	0.3	0.3	0.3	0.3	0.3	0.3	0.3	0.3	0.3	0.3	0.3	0.3	0.3	0.3	0.3	0	0	0	0	0	0	0	0	0	0	0	0	0	0	0	0
0.417	-0.366094221846012	0.454	-0.785398163397448	0	0	-0.186603063419093	0.186603063419093	0	0	0	0	9.8	0.3	0.3	0.3	0.3	0.3	0.3	0.3	0.3	0.3	0.3	0.3	0.3	0.3	0.3	0.3	0.3	0	0	0	0	0	0	0	0	0	0	0	0	0	0	0	0
0.417	-0.363416760897405	0.454	-0.785398163397448	0	0	-0.19204779800147	0.19204779800147	0	0	0	0	9.8	0.3	0.3	0.3	0.3	0.3	0.3	0.3	0.3	0.3	0.3	0.3	0.3	0.3	0.3	0.3	0.3	0	0	0	0	0	0	0	0	0	0	0	0	0	0	0	0
0.417	-0.360662277458461	0.454	-0.785398163397448	0	0	-0.197495159464044	0.197495159464044	0	0	0	0	9.8	0.3	0.3	0.3	0.3	0.3	0.3	0.3	0.3	0.3	0.3	0.3	0.3	0.3	0.3	0.3	0.3	0	0	0	0	0	0	0	0	0	0	0	0	0	0	0	0
0.417	-0.357830756720542	0.454	-0.785398163397448	0	0	-0.202941995550578	0.202941995550578	0	0	0	0	9.8	0.3	0.3	0.3	0.3	0.3	0.3	0.3	0.3	0.3	0.3	0.3	0.3	0.3	0.3	0.3	0.3	0	0	0	0	0	0	0	0	0	0	0	0	0	0	0	0
0.417	-0.3549222281472	0.454	-0.785398163397448	0	0	-0.208385197484234	0.208385197484234	0	0	0	0	9.8	0.3	0.3	0.3	0.3	0.3	0.3	0.3	0.3	0.3	0.3	0.3	0.3	0.3	0.3	0.3	0.3	0	0	0	0	0	0	0	0	0	0	0	0	0	0	0	0
0.417	-0.351936764859285	0.454	-0.785398163397448	0	0	-0.21382169996757	0.21382169996757	0	0	0	0	9.8	0.3	0.3	0.3	0.3	0.3	0.3	0.3	0.3	0.3	0.3	0.3	0.3	0.3	0.3	0.3	0.3	0	0	0	0	0	0	0	0	0	0	0	0	0	0	0	0
0.417	-0.348874483020055	0.454	-0.785398163397448	0	0	-0.219248481182538	0.219248481182538	0	0	0	0	9.8	0.3	0.3	0.3	0.3	0.3	0.3	0.3	0.3	0.3	0.3	0.3	0.3	0.3	0.3	0.3	0.3	0	0	0	0	0	0	0	0	0	0	0	0	0	0	0	0
0.417	-0.345735541220278	0.454	-0.785398163397448	0	0	-0.22466256279049	0.22466256279049	0	0	0	0	9.8	0.3	0.3	0.3	0.3	0.3	0.3	0.3	0.3	0.3	0.3	0.3	0.3	0.3	0.3	0.3	0.3	0	0	0	0	0	0	0	0	0	0	0	0	0	0	0	0
0.417	-0.342520139863351	0.454	-0.785398163397448	0	0	-0.230061009932171	0.230061009932171	0	0	0	0	9.8	0.3	0.3	0.3	0.3	0.3	0.3	0.3	0.3	0.3	0.3	0.3	0.3	0.3	0.3	0.3	0.3	0	0	0	0	0	0	0	0	0	0	0	0	0	0	0	0
0.417	-0.3392285205504	0.454	-0.785398163397448	0	0	-0.235440931227725	0.235440931227725	0	0	0	0	9.8	0.3	0.3	0.3	0.3	0.3	0.3	0.3	0.3	0.3	0.3	0.3	0.3	0.3	0.3	0.3	0.3	0	0	0	0	0	0	0	0	0	0	0	0	0	0	0	0
0.417	-0.335860965465391	0.454	-0.785398163397448	0	0	-0.240799478776691	0.240799478776691	0	0	0	0	9.8	0.3	0.3	0.3	0.3	0.3	0.3	0.3	0.3	0.3	0.3	0.3	0.3	0.3	0.3	0.3	0.3	0	0	0	0	0	0	0	0	0	0	0	0	0	0	0	0
0.417	-0.33241779676024	0.454	-0.785398163397448	0	0	-0.246133848158003	0.246133848158003	0	0	0	0	9.8	0.3	0.3	0.3	0.3	0.3	0.3	0.3	0.3	0.3	0.3	0.3	0.3	0.3	0.3	0.3	0.3	0	0	0	0	0	0	0	0	0	0	0	0	0	0	0	0
0.417	-0.32889937593992	0.454	-0.785398163397448	0	0	-0.251441278429995	0.251441278429995	0	0	0	0	9.8	0.3	0.3	0.3	0.3	0.3	0.3	0.3	0.3	0.3	0.3	0.3	0.3	0.3	0.3	0.3	0.3	0	0	0	0	0	0	0	0	0	0	0	0	0	0	0	0
0.417	-0.325306103247569	0.454	-0.785398163397448	0	0	-0.256719052130393	0.256719052130393	0	0	0	0	9.8	0.3	0.3	0.3	0.3	0.3	0.3	0.3	0.3	0.3	0.3	0.3	0.3	0.3	0.3	0.3	0.3	0	0	0	0	0	0	0	0	0	0	0	0	0	0	0	0
0.417	-0.3216384170496	0.454	-0.785398163397448	0	0	-0.261964495276324	0.261964495276324	0	0	0	0	9.8	0.3	0.3	0.3	0.3	0.3	0.3	0.3	0.3	0.3	0.3	0.3	0.3	0.3	0.3	0.3	0.3	0	0	0	0	0	0	0	0	0	0	0	0	0	0	0	0
0.417	-0.317896793220809	0.454	-0.785398163397448	0	0	-0.267174977364307	0.267174977364307	0	0	0	0	9.8	0.3	0.3	0.3	0.3	0.3	0.3	0.3	0.3	0.3	0.3	0.3	0.3	0.3	0.3	0.3	0.3	0	0	0	0	0	0	0	0	0	0	0	0	0	0	0	0
0.417	-0.314081744529482	0.454	-0.785398163397448	0	0	-0.27234791137026	0.27234791137026	0	0	0	0	9.8	0.3	0.3	0.3	0.3	0.3	0.3	0.3	0.3	0.3	0.3	0.3	0.3	0.3	0.3	0.3	0.3	0	0	0	0	0	0	0	0	0	0	0	0	0	0	0	0
0.417	-0.310193820022505	0.454	-0.785398163397448	0	0	-0.277480753749497	0.277480753749497	0	0	0	0	9.8	0.3	0.3	0.3	0.3	0.3	0.3	0.3	0.3	0.3	0.3	0.3	0.3	0.3	0.3	0.3	0.3	0	0	0	0	0	0	0	0	0	0	0	0	0	0	0	0
0.417	-0.306233604410474	0.454	-0.785398163397448	0	0	-0.282571004436727	0.282571004436727	0	0	0	0	9.8	0.3	0.3	0.3	0.3	0.3	0.3	0.3	0.3	0.3	0.3	0.3	0.3	0.3	0.3	0.3	0.3	0	0	0	0	0	0	0	0	0	0	0	0	0	0	0	0
0.417	-0.3022017174528	0.454	-0.785398163397448	0	0	-0.287616206846057	0.287616206846058	0	0	0	0	9.8	0.3	0.3	0.3	0.3	0.3	0.3	0.3	0.3	0.3	0.3	0.3	0.3	0.3	0.3	0.3	0.3	0	0	0	0	0	0	0	0	0	0	0	0	0	0	0	0
0.417	-0.298098813342818	0.454	-0.785398163397448	0	0	-0.29261394787099	0.29261394787099	0	0	0	0	9.8	0.3	0.3	0.3	0.3	0.3	0.3	0.3	0.3	0.3	0.3	0.3	0.3	0.3	0.3	0.3	0.3	0	0	0	0	0	0	0	0	0	0	0	0	0	0	0	0
0.417	-0.293925580092899	0.454	-0.785398163397448	0	0	-0.297561857884424	0.297561857884424	0	0	0	0	9.8	0.3	0.3	0.3	0.3	0.3	0.3	0.3	0.3	0.3	0.3	0.3	0.3	0.3	0.3	0.3	0.3	0	0	0	0	0	0	0	0	0	0	0	0	0	0	0	0
0.417	-0.289682738919555	0.454	-0.785398163397448	0	0	-0.302457610738655	0.302457610738655	0	0	0	0	9.8	0.3	0.3	0.3	0.3	0.3	0.3	0.3	0.3	0.3	0.3	0.3	0.3	0.3	0.3	0.3	0.3	0	0	0	0	0	0	0	0	0	0	0	0	0	0	0	0
0.417	-0.285371043628548	0.454	-0.785398163397448	0	0	-0.307298923765374	0.307298923765374	0	0	0	0	9.8	0.3	0.3	0.3	0.3	0.3	0.3	0.3	0.3	0.3	0.3	0.3	0.3	0.3	0.3	0.3	0.3	0	0	0	0	0	0	0	0	0	0	0	0	0	0	0	0
0.417	-0.28099128	0.454	-0.785398163397448	0	0	-0.31208355777567	0.31208355777567	0	0	0	0	9.8	0.3	0.3	0.3	0.3	0.3	0.3	0.3	0.3	0.3	0.3	0.3	0.3	0.3	0.3	0.3	0.3	0	0	0	0	0	0	0	0	0	0	0	0	0	0	0	0
0.417	-0.2765442651735	0.454	-0.785398163397448	0	0	-0.316809317060027	0.316809317060027	0	0	0	0	9.8	0.3	0.3	0.3	0.3	0.3	0.3	0.3	0.3	0.3	0.3	0.3	0.3	0.3	0.3	0.3	0.3	0	0	0	0	0	0	0	0	0	0	0	0	0	0	0	0
0.417	-0.272030847033213	0.454	-0.785398163397448	0	0	-0.321474049388325	0.321474049388325	0	0	0	0	9.8	0.3	0.3	0.3	0.3	0.3	0.3	0.3	0.3	0.3	0.3	0.3	0.3	0.3	0.3	0.3	0.3	0	0	0	0	0	0	0	0	0	0	0	0	0	0	0	0
0.417	-0.267451903592989	0.454	-0.785398163397448	0	0	-0.326075646009843	0.326075646009843	0	0	0	0	9.8	0.3	0.3	0.3	0.3	0.3	0.3	0.3	0.3	0.3	0.3	0.3	0.3	0.3	0.3	0.3	0.3	0	0	0	0	0	0	0	0	0	0	0	0	0	0	0	0
0.417	-0.26280834238147	0.454	-0.785398163397448	0	0	-0.330612041653252	0.330612041653252	0	0	0	0	9.8	0.3	0.3	0.3	0.3	0.3	0.3	0.3	0.3	0.3	0.3	0.3	0.3	0.3	0.3	0.3	0.3	0	0	0	0	0	0	0	0	0	0	0	0	0	0	0	0
0.417	-0.2581010998272	0.454	-0.785398163397448	0	0	-0.335081214526624	0.335081214526624	0	0	0	0	9.8	0.3	0.3	0.3	0.3	0.3	0.3	0.3	0.3	0.3	0.3	0.3	0.3	0.3	0.3	0.3	0.3	0	0	0	0	0	0	0	0	0	0	0	0	0	0	0	0
0.417	-0.253331140643733	0.454	-0.785398163397448	0	0	-0.339481186317424	0.339481186317424	0	0	0	0	9.8	0.3	0.3	0.3	0.3	0.3	0.3	0.3	0.3	0.3	0.3	0.3	0.3	0.3	0.3	0.3	0.3	0	0	0	0	0	0	0	0	0	0	0	0	0	0	0	0
0.417	-0.248499457214742	0.454	-0.785398163397448	0	0	-0.343810022192514	0.343810022192514	0	0	0	0	9.8	0.3	0.3	0.3	0.3	0.3	0.3	0.3	0.3	0.3	0.3	0.3	0.3	0.3	0.3	0.3	0.3	0	0	0	0	0	0	0	0	0	0	0	0	0	0	0	0
0.417	-0.243607068979126	0.454	-0.785398163397448	0	0	-0.348065830798154	0.348065830798154	0	0	0	0	9.8	0.3	0.3	0.3	0.3	0.3	0.3	0.3	0.3	0.3	0.3	0.3	0.3	0.3	0.3	0.3	0.3	0	0	0	0	0	0	0	0	0	0	0	0	0	0	0	0
0.417	-0.238655021816119	0.454	-0.785398163397448	0	0	-0.352246764259998	0.352246764259998	0	0	0	0	9.8	0.3	0.3	0.3	0.3	0.3	0.3	0.3	0.3	0.3	0.3	0.3	0.3	0.3	0.3	0.3	0.3	0	0	0	0	0	0	0	0	0	0	0	0	0	0	0	0
0.417	-0.2336443874304	0.454	-0.785398163397448	0	0	-0.356351018183099	0.356351018183099	0	0	0	0	9.8	0.3	0.3	0.3	0.3	0.3	0.3	0.3	0.3	0.3	0.3	0.3	0.3	0.3	0.3	0.3	0.3	0	0	0	0	0	0	0	0	0	0	0	0	0	0	0	0
0.417	-0.228576262737199	0.454	-0.785398163397448	0	0	-0.360376831651904	0.360376831651904	0	0	0	0	9.8	0.3	0.3	0.3	0.3	0.3	0.3	0.3	0.3	0.3	0.3	0.3	0.3	0.3	0.3	0.3	0.3	0	0	0	0	0	0	0	0	0	0	0	0	0	0	0	0
0.417	-0.223451769247408	0.454	-0.785398163397448	0	0	-0.364322487230257	0.364322487230257	0	0	0	0	9.8	0.3	0.3	0.3	0.3	0.3	0.3	0.3	0.3	0.3	0.3	0.3	0.3	0.3	0.3	0.3	0.3	0	0	0	0	0	0	0	0	0	0	0	0	0	0	0	0
0.417	-0.218272052452688	0.454	-0.785398163397448	0	0	-0.368186310961399	0.368186310961399	0	0	0	0	9.8	0.3	0.3	0.3	0.3	0.3	0.3	0.3	0.3	0.3	0.3	0.3	0.3	0.3	0.3	0.3	0.3	0	0	0	0	0	0	0	0	0	0	0	0	0	0	0	0
0.417	-0.213038281210577	0.454	-0.785398163397448	0	0	-0.371966672367967	0.371966672367967	0	0	0	0	9.8	0.3	0.3	0.3	0.3	0.3	0.3	0.3	0.3	0.3	0.3	0.3	0.3	0.3	0.3	0.3	0.3	0	0	0	0	0	0	0	0	0	0	0	0	0	0	0	0
0.417	-0.2077516471296	0.454	-0.785398163397448	0	0	-0.375661984451993	0.375661984451994	0	0	0	0	9.8	0.3	0.3	0.3	0.3	0.3	0.3	0.3	0.3	0.3	0.3	0.3	0.3	0.3	0.3	0.3	0.3	0	0	0	0	0	0	0	0	0	0	0	0	0	0	0	0
0.417	-0.202413363954377	0.454	-0.785398163397448	0	0	-0.379270703694909	0.379270703694909	0	0	0	0	9.8	0.3	0.3	0.3	0.3	0.3	0.3	0.3	0.3	0.3	0.3	0.3	0.3	0.3	0.3	0.3	0.3	0	0	0	0	0	0	0	0	0	0	0	0	0	0	0	0
0.417	-0.19702466695073	0.454	-0.785398163397448	0	0	-0.382791330057539	0.382791330057539	0	0	0	0	9.8	0.3	0.3	0.3	0.3	0.3	0.3	0.3	0.3	0.3	0.3	0.3	0.3	0.3	0.3	0.3	0.3	0	0	0	0	0	0	0	0	0	0	0	0	0	0	0	0
0.417	-0.191586812290793	0.454	-0.785398163397448	0	0	-0.386222406980107	0.386222406980107	0	0	0	0	9.8	0.3	0.3	0.3	0.3	0.3	0.3	0.3	0.3	0.3	0.3	0.3	0.3	0.3	0.3	0.3	0.3	0	0	0	0	0	0	0	0	0	0	0	0	0	0	0	0
0.417	-0.186101076438122	0.454	-0.785398163397448	0	0	-0.389562521382229	0.389562521382229	0	0	0	0	9.8	0.3	0.3	0.3	0.3	0.3	0.3	0.3	0.3	0.3	0.3	0.3	0.3	0.3	0.3	0.3	0.3	0	0	0	0	0	0	0	0	0	0	0	0	0	0	0	0
0.417	-0.1805687555328	0.454	-0.785398163397448	0	0	-0.392810303662923	0.392810303662923	0	0	0	0	9.8	0.3	0.3	0.3	0.3	0.3	0.3	0.3	0.3	0.3	0.3	0.3	0.3	0.3	0.3	0.3	0.3	0	0	0	0	0	0	0	0	0	0	0	0	0	0	0	0
0.417	-0.174991164776546	0.454	-0.785398163397448	0	0	-0.395964427700599	0.395964427700599	0	0	0	0	9.8	0.3	0.3	0.3	0.3	0.3	0.3	0.3	0.3	0.3	0.3	0.3	0.3	0.3	0.3	0.3	0.3	0	0	0	0	0	0	0	0	0	0	0	0	0	0	0	0
0.417	-0.169369637817827	0.454	-0.785398163397448	0	0	-0.399023610853065	0.399023610853065	0	0	0	0	9.8	0.3	0.3	0.3	0.3	0.3	0.3	0.3	0.3	0.3	0.3	0.3	0.3	0.3	0.3	0.3	0.3	0	0	0	0	0	0	0	0	0	0	0	0	0	0	0	0
0.417	-0.163705526136963	0.454	-0.785398163397448	0	0	-0.401986613957524	0.401986613957524	0	0	0	0	9.8	0.3	0.3	0.3	0.3	0.3	0.3	0.3	0.3	0.3	0.3	0.3	0.3	0.3	0.3	0.3	0.3	0	0	0	0	0	0	0	0	0	0	0	0	0	0	0	0
0.417	-0.158000198431236	0.454	-0.785398163397448	0	0	-0.404852241330577	0.404852241330577	0	0	0	0	9.8	0.3	0.3	0.3	0.3	0.3	0.3	0.3	0.3	0.3	0.3	0.3	0.3	0.3	0.3	0.3	0.3	0	0	0	0	0	0	0	0	0	0	0	0	0	0	0	0
0.417	-0.15225504	0.454	-0.785398163397448	0	0	-0.407619340768222	0.407619340768222	0	0	0	0	9.8	0.3	0.3	0.3	0.3	0.3	0.3	0.3	0.3	0.3	0.3	0.3	0.3	0.3	0.3	0.3	0.3	0	0	0	0	0	0	0	0	0	0	0	0	0	0	0	0
0.417	-0.146471452129788	0.454	-0.785398163397448	0	0	-0.410286803545851	0.410286803545851	0	0	0	0	9.8	0.3	0.3	0.3	0.3	0.3	0.3	0.3	0.3	0.3	0.3	0.3	0.3	0.3	0.3	0.3	0.3	0	0	0	0	0	0	0	0	0	0	0	0	0	0	0	0
0.417	-0.140650851479421	0.454	-0.785398163397448	0	0	-0.412853564418253	0.412853564418253	0	0	0	0	9.8	0.3	0.3	0.3	0.3	0.3	0.3	0.3	0.3	0.3	0.3	0.3	0.3	0.3	0.3	0.3	0.3	0	0	0	0	0	0	0	0	0	0	0	0	0	0	0	0
0.417	-0.134794669465117	0.454	-0.785398163397448	0	0	-0.415318601619615	0.415318601619615	0	0	0	0	9.8	0.3	0.3	0.3	0.3	0.3	0.3	0.3	0.3	0.3	0.3	0.3	0.3	0.3	0.3	0.3	0.3	0	0	0	0	0	0	0	0	0	0	0	0	0	0	0	0
0.417	-0.128904351645598	0.454	-0.785398163397448	0	0	-0.417680936863518	0.417680936863518	0	0	0	0	9.8	0.3	0.3	0.3	0.3	0.3	0.3	0.3	0.3	0.3	0.3	0.3	0.3	0.3	0.3	0.3	0.3	0	0	0	0	0	0	0	0	0	0	0	0	0	0	0	0
0.417	-0.1229813571072	0.454	-0.785398163397448	0	0	-0.419939635342942	0.419939635342942	0	0	0	0	9.8	0.3	0.3	0.3	0.3	0.3	0.3	0.3	0.3	0.3	0.3	0.3	0.3	0.3	0.3	0.3	0.3	0	0	0	0	0	0	0	0	0	0	0	0	0	0	0	0
0.417	-0.117027157848981	0.454	-0.785398163397448	0	0	-0.42209380573026	0.42209380573026	0	0	0	0	9.8	0.3	0.3	0.3	0.3	0.3	0.3	0.3	0.3	0.3	0.3	0.3	0.3	0.3	0.3	0.3	0.3	0	0	0	0	0	0	0	0	0	0	0	0	0	0	0	0
0.417	-0.111043238167831	0.454	-0.785398163397448	0	0	-0.424142600177244	0.424142600177244	0	0	0	0	9.8	0.3	0.3	0.3	0.3	0.3	0.3	0.3	0.3	0.3	0.3	0.3	0.3	0.3	0.3	0.3	0.3	0	0	0	0	0	0	0	0	0	0	0	0	0	0	0	0
0.417	-0.105031094043574	0.454	-0.785398163397448	0	0	-0.426085214315062	0.426085214315062	0	0	0	0	9.8	0.3	0.3	0.3	0.3	0.3	0.3	0.3	0.3	0.3	0.3	0.3	0.3	0.3	0.3	0.3	0.3	0	0	0	0	0	0	0	0	0	0	0	0	0	0	0	0
0.417	-0.0989922325240872	0.454	-0.785398163397448	0	0	-0.427920887254278	0.427920887254278	0	0	0	0	9.8	0.3	0.3	0.3	0.3	0.3	0.3	0.3	0.3	0.3	0.3	0.3	0.3	0.3	0.3	0.3	0.3	0	0	0	0	0	0	0	0	0	0	0	0	0	0	0	0
0.417	-0.0929281711104	0.454	-0.785398163397448	0	0	-0.429648901584851	0.429648901584851	0	0	0	0	9.8	0.3	0.3	0.3	0.3	0.3	0.3	0.3	0.3	0.3	0.3	0.3	0.3	0.3	0.3	0.3	0.3	0	0	0	0	0	0	0	0	0	0	0	0	0	0	0	0
0.417	-0.086840437141807	0.454	-0.785398163397448	0	0	-0.431268583376139	0.431268583376139	0	0	0	0	9.8	0.3	0.3	0.3	0.3	0.3	0.3	0.3	0.3	0.3	0.3	0.3	0.3	0.3	0.3	0.3	0.3	0	0	0	0	0	0	0	0	0	0	0	0	0	0	0	0
0.417	-0.080730567180976	0.454	-0.785398163397448	0	0	-0.432779302176894	0.432779302176894	0	0	0	0	9.8	0.3	0.3	0.3	0.3	0.3	0.3	0.3	0.3	0.3	0.3	0.3	0.3	0.3	0.3	0.3	0.3	0	0	0	0	0	0	0	0	0	0	0	0	0	0	0	0
0.417	-0.0746001063990557	0.454	-0.785398163397448	0	0	-0.434180471015266	0.434180471015266	0	0	0	0	9.8	0.3	0.3	0.3	0.3	0.3	0.3	0.3	0.3	0.3	0.3	0.3	0.3	0.3	0.3	0.3	0.3	0	0	0	0	0	0	0	0	0	0	0	0	0	0	0	0
0.417	-0.0684506079607849	0.454	-0.785398163397448	0	0	-0.4354715463988	0.4354715463988	0	0	0	0	9.8	0.3	0.3	0.3	0.3	0.3	0.3	0.3	0.3	0.3	0.3	0.3	0.3	0.3	0.3	0.3	0.3	0	0	0	0	0	0	0	0	0	0	0	0	0	0	0	0
0.417	-0.0622836324095999	0.454	-0.785398163397448	0	0	-0.436652028314439	0.436652028314439	0	0	0	0	9.8	0.3	0.3	0.3	0.3	0.3	0.3	0.3	0.3	0.3	0.3	0.3	0.3	0.3	0.3	0.3	0.3	0	0	0	0	0	0	0	0	0	0	0	0	0	0	0	0
0.417	-0.0561007470527448	0.454	-0.785398163397448	0	0	-0.43772146022852	0.43772146022852	0	0	0	0	9.8	0.3	0.3	0.3	0.3	0.3	0.3	0.3	0.3	0.3	0.3	0.3	0.3	0.3	0.3	0.3	0.3	0	0	0	0	0	0	0	0	0	0	0	0	0	0	0	0
0.417	-0.0499035253463778	0.454	-0.785398163397448	0	0	-0.438679429086778	0.438679429086778	0	0	0	0	9.8	0.3	0.3	0.3	0.3	0.3	0.3	0.3	0.3	0.3	0.3	0.3	0.3	0.3	0.3	0.3	0.3	0	0	0	0	0	0	0	0	0	0	0	0	0	0	0	0
0.417	-0.0436935462806815	0.454	-0.785398163397448	0	0	-0.439525565314345	0.439525565314345	0	0	0	0	9.8	0.3	0.3	0.3	0.3	0.3	0.3	0.3	0.3	0.3	0.3	0.3	0.3	0.3	0.3	0.3	0.3	0	0	0	0	0	0	0	0	0	0	0	0	0	0	0	0
0.417	-0.0374723937649706	0.454	-0.785398163397448	0	0	-0.440259542815747	0.440259542815747	0	0	0	0	9.8	0.3	0.3	0.3	0.3	0.3	0.3	0.3	0.3	0.3	0.3	0.3	0.3	0.3	0.3	0.3	0.3	0	0	0	0	0	0	0	0	0	0	0	0	0	0	0	0
0.417	-0.0312416560128	0.454	-0.785398163397448	0	0	-0.440881078974909	0.440881078974909	0	0	0	0	9.8	0.3	0.3	0.3	0.3	0.3	0.3	0.3	0.3	0.3	0.3	0.3	0.3	0.3	0.3	0.3	0.3	0	0	0	0	0	0	0	0	0	0	0	0	0	0	0	0
0.417	-0.0250029249270743	0.454	-0.785398163397448	0	0	-0.44138993465515	0.44138993465515	0	0	0	0	9.8	0.3	0.3	0.3	0.3	0.3	0.3	0.3	0.3	0.3	0.3	0.3	0.3	0.3	0.3	0.3	0.3	0	0	0	0	0	0	0	0	0	0	0	0	0	0	0	0
0.417	-0.0187577954851553	0.454	-0.785398163397448	0	0	-0.441785914199188	0.441785914199188	0	0	0	0	9.8	0.3	0.3	0.3	0.3	0.3	0.3	0.3	0.3	0.3	0.3	0.3	0.3	0.3	0.3	0.3	0.3	0	0	0	0	0	0	0	0	0	0	0	0	0	0	0	0
0.417	-0.0125078651239711	0.454	-0.785398163397448	0	0	-0.442068865429134	0.442068865429134	0	0	0	0	9.8	0.3	0.3	0.3	0.3	0.3	0.3	0.3	0.3	0.3	0.3	0.3	0.3	0.3	0.3	0.3	0.3	0	0	0	0	0	0	0	0	0	0	0	0	0	0	0	0
0.417	-0.0062547331251242	0.454	-0.785398163397448	0	0	-0.442238679646498	0.442238679646498	0	0	0	0	9.8	0.3	0.3	0.3	0.3	0.3	0.3	0.3	0.3	0.3	0.3	0.3	0.3	0.3	0.3	0.3	0.3	0	0	0	0	0	0	0	0	0	0	0	0	0	0	0	0
0.417	0	0.454	-0.785398163397448	0	0	-0.442295291632185	0.442295291632185	0	0	0	0	9.8	0.3	0.3	0.3	0.3	0.3	0.3	0.3	0.3	0.3	0.3	0.3	0.3	0.3	0.3	0.3	0.3	0	0	0	0	0	0	0	0	0	0	0	0	0	0	0	0
0.417	0.00625473312512409	0.454	-0.785398163397448	0	0	-0.442238679646498	0.442238679646498	0	0	0	0	9.8	0.3	0.3	0.3	0.3	0.3	0.3	0.3	0.3	0.3	0.3	0.3	0.3	0.3	0.3	0.3	0.3	0	0	0	0	0	0	0	0	0	0	0	0	0	0	0	0
0.417	0.0125078651239711	0.454	-0.785398163397448	0	0	-0.442068865429134	0.442068865429134	0	0	0	0	9.8	0.3	0.3	0.3	0.3	0.3	0.3	0.3	0.3	0.3	0.3	0.3	0.3	0.3	0.3	0.3	0.3	0	0	0	0	0	0	0	0	0	0	0	0	0	0	0	0
0.417	0.0187577954851553	0.454	-0.785398163397448	0	0	-0.441785914199188	0.441785914199188	0	0	0	0	9.8	0.3	0.3	0.3	0.3	0.3	0.3	0.3	0.3	0.3	0.3	0.3	0.3	0.3	0.3	0.3	0.3	0	0	0	0	0	0	0	0	0	0	0	0	0	0	0	0
0.417	0.0250029249270743	0.454	-0.785398163397448	0	0	-0.44138993465515	0.44138993465515	0	0	0	0	9.8	0.3	0.3	0.3	0.3	0.3	0.3	0.3	0.3	0.3	0.3	0.3	0.3	0.3	0.3	0.3	0.3	0	0	0	0	0	0	0	0	0	0	0	0	0	0	0	0
0.417	0.0312416560128	0.454	-0.785398163397448	0	0	-0.440881078974909	0.440881078974909	0	0	0	0	9.8	0.3	0.3	0.3	0.3	0.3	0.3	0.3	0.3	0.3	0.3	0.3	0.3	0.3	0.3	0.3	0.3	0	0	0	0	0	0	0	0	0	0	0	0	0	0	0	0
0.417	0.0374723937649705	0.454	-0.785398163397448	0	0	-0.440259542815747	0.440259542815747	0	0	0	0	9.8	0.3	0.3	0.3	0.3	0.3	0.3	0.3	0.3	0.3	0.3	0.3	0.3	0.3	0.3	0.3	0.3	0	0	0	0	0	0	0	0	0	0	0	0	0	0	0	0
0.417	0.0436935462806815	0.454	-0.785398163397448	0	0	-0.439525565314345	0.439525565314345	0	0	0	0	9.8	0.3	0.3	0.3	0.3	0.3	0.3	0.3	0.3	0.3	0.3	0.3	0.3	0.3	0.3	0.3	0.3	0	0	0	0	0	0	0	0	0	0	0	0	0	0	0	0
0.417	0.0499035253463778	0.454	-0.785398163397448	0	0	-0.438679429086778	0.438679429086778	0	0	0	0	9.8	0.3	0.3	0.3	0.3	0.3	0.3	0.3	0.3	0.3	0.3	0.3	0.3	0.3	0.3	0.3	0.3	0	0	0	0	0	0	0	0	0	0	0	0	0	0	0	0
0.417	0.0561007470527448	0.454	-0.785398163397448	0	0	-0.43772146022852	0.43772146022852	0	0	0	0	9.8	0.3	0.3	0.3	0.3	0.3	0.3	0.3	0.3	0.3	0.3	0.3	0.3	0.3	0.3	0.3	0.3	0	0	0	0	0	0	0	0	0	0	0	0	0	0	0	0
0.417	0.0622836324095999	0.454	-0.785398163397448	0	0	-0.436652028314439	0.436652028314439	0	0	0	0	9.8	0.3	0.3	0.3	0.3	0.3	0.3	0.3	0.3	0.3	0.3	0.3	0.3	0.3	0.3	0.3	0.3	0	0	0	0	0	0	0	0	0	0	0	0	0	0	0	0
0.417	0.0684506079607848	0.454	-0.785398163397448	0	0	-0.4354715463988	0.4354715463988	0	0	0	0	9.8	0.3	0.3	0.3	0.3	0.3	0.3	0.3	0.3	0.3	0.3	0.3	0.3	0.3	0.3	0.3	0.3	0	0	0	0	0	0	0	0	0	0	0	0	0	0	0	0
0.417	0.0746001063990558	0.454	-0.785398163397448	0	0	-0.434180471015266	0.434180471015266	0	0	0	0	9.8	0.3	0.3	0.3	0.3	0.3	0.3	0.3	0.3	0.3	0.3	0.3	0.3	0.3	0.3	0.3	0.3	0	0	0	0	0	0	0	0	0	0	0	0	0	0	0	0
0.417	0.0807305671809759	0.454	-0.785398163397448	0	0	-0.432779302176894	0.432779302176894	0	0	0	0	9.8	0.3	0.3	0.3	0.3	0.3	0.3	0.3	0.3	0.3	0.3	0.3	0.3	0.3	0.3	0.3	0.3	0	0	0	0	0	0	0	0	0	0	0	0	0	0	0	0
0.417	0.0868404371418069	0.454	-0.785398163397448	0	0	-0.431268583376139	0.431268583376139	0	0	0	0	9.8	0.3	0.3	0.3	0.3	0.3	0.3	0.3	0.3	0.3	0.3	0.3	0.3	0.3	0.3	0.3	0.3	0	0	0	0	0	0	0	0	0	0	0	0	0	0	0	0
0.417	0.0929281711103999	0.454	-0.785398163397448	0	0	-0.429648901584851	0.429648901584851	0	0	0	0	9.8	0.3	0.3	0.3	0.3	0.3	0.3	0.3	0.3	0.3	0.3	0.3	0.3	0.3	0.3	0.3	0.3	0	0	0	0	0	0	0	0	0	0	0	0	0	0	0	0
0.417	0.0989922325240871	0.454	-0.785398163397448	0	0	-0.427920887254278	0.427920887254278	0	0	0	0	9.8	0.3	0.3	0.3	0.3	0.3	0.3	0.3	0.3	0.3	0.3	0.3	0.3	0.3	0.3	0.3	0.3	0	0	0	0	0	0	0	0	0	0	0	0	0	0	0	0
0.417	0.105031094043574	0.454	-0.785398163397448	0	0	-0.426085214315062	0.426085214315062	0	0	0	0	9.8	0.3	0.3	0.3	0.3	0.3	0.3	0.3	0.3	0.3	0.3	0.3	0.3	0.3	0.3	0.3	0.3	0	0	0	0	0	0	0	0	0	0	0	0	0	0	0	0
0.417	0.11104323816783	0.454	-0.785398163397448	0	0	-0.424142600177244	0.424142600177244	0	0	0	0	9.8	0.3	0.3	0.3	0.3	0.3	0.3	0.3	0.3	0.3	0.3	0.3	0.3	0.3	0.3	0.3	0.3	0	0	0	0	0	0	0	0	0	0	0	0	0	0	0	0
0.417	0.117027157848981	0.454	-0.785398163397448	0	0	-0.42209380573026	0.42209380573026	0	0	0	0	9.8	0.3	0.3	0.3	0.3	0.3	0.3	0.3	0.3	0.3	0.3	0.3	0.3	0.3	0.3	0.3	0.3	0	0	0	0	0	0	0	0	0	0	0	0	0	0	0	0
0.417	0.1229813571072	0.454	-0.785398163397448	0	0	-0.419939635342942	0.419939635342942	0	0	0	0	9.8	0.3	0.3	0.3	0.3	0.3	0.3	0.3	0.3	0.3	0.3	0.3	0.3	0.3	0.3	0.3	0.3	0	0	0	0	0	0	0	0	0	0	0	0	0	0	0	0
0.417	0.128904351645597	0.454	-0.785398163397448	0	0	-0.417680936863518	0.417680936863518	0	0	0	0	9.8	0.3	0.3	0.3	0.3	0.3	0.3	0.3	0.3	0.3	0.3	0.3	0.3	0.3	0.3	0.3	0.3	0	0	0	0	0	0	0	0	0	0	0	0	0	0	0	0
0.417	0.134794669465117	0.454	-0.785398163397448	0	0	-0.415318601619615	0.415318601619615	0	0	0	0	9.8	0.3	0.3	0.3	0.3	0.3	0.3	0.3	0.3	0.3	0.3	0.3	0.3	0.3	0.3	0.3	0.3	0	0	0	0	0	0	0	0	0	0	0	0	0	0	0	0
0.417	0.140650851479421	0.454	-0.785398163397448	0	0	-0.412853564418253	0.412853564418253	0	0	0	0	9.8	0.3	0.3	0.3	0.3	0.3	0.3	0.3	0.3	0.3	0.3	0.3	0.3	0.3	0.3	0.3	0.3	0	0	0	0	0	0	0	0	0	0	0	0	0	0	0	0
0.417	0.146471452129788	0.454	-0.785398163397448	0	0	-0.41028680354585	0.410286803545851	0	0	0	0	9.8	0.3	0.3	0.3	0.3	0.3	0.3	0.3	0.3	0.3	0.3	0.3	0.3	0.3	0.3	0.3	0.3	0	0	0	0	0	0	0	0	0	0	0	0	0	0	0	0
0.417	0.15225504	0.454	-0.785398163397448	0	0	-0.407619340768222	0.407619340768222	0	0	0	0	9.8	0.3	0.3	0.3	0.3	0.3	0.3	0.3	0.3	0.3	0.3	0.3	0.3	0.3	0.3	0.3	0.3	0	0	0	0	0	0	0	0	0	0	0	0	0	0	0	0
0.417	0.158000198431236	0.454	-0.785398163397448	0	0	-0.404852241330577	0.404852241330577	0	0	0	0	9.8	0.3	0.3	0.3	0.3	0.3	0.3	0.3	0.3	0.3	0.3	0.3	0.3	0.3	0.3	0.3	0.3	0	0	0	0	0	0	0	0	0	0	0	0	0	0	0	0
0.417	0.163705526136963	0.454	-0.785398163397448	0	0	-0.401986613957524	0.401986613957524	0	0	0	0	9.8	0.3	0.3	0.3	0.3	0.3	0.3	0.3	0.3	0.3	0.3	0.3	0.3	0.3	0.3	0.3	0.3	0	0	0	0	0	0	0	0	0	0	0	0	0	0	0	0
0.417	0.169369637817827	0.454	-0.785398163397448	0	0	-0.399023610853064	0.399023610853064	0	0	0	0	9.8	0.3	0.3	0.3	0.3	0.3	0.3	0.3	0.3	0.3	0.3	0.3	0.3	0.3	0.3	0.3	0.3	0	0	0	0	0	0	0	0	0	0	0	0	0	0	0	0
0.417	0.174991164776546	0.454	-0.785398163397448	0	0	-0.395964427700599	0.395964427700599	0	0	0	0	9.8	0.3	0.3	0.3	0.3	0.3	0.3	0.3	0.3	0.3	0.3	0.3	0.3	0.3	0.3	0.3	0.3	0	0	0	0	0	0	0	0	0	0	0	0	0	0	0	0
0.417	0.1805687555328	0.454	-0.785398163397448	0	0	-0.392810303662923	0.392810303662923	0	0	0	0	9.8	0.3	0.3	0.3	0.3	0.3	0.3	0.3	0.3	0.3	0.3	0.3	0.3	0.3	0.3	0.3	0.3	0	0	0	0	0	0	0	0	0	0	0	0	0	0	0	0
0.417	0.186101076438123	0.454	-0.785398163397448	0	0	-0.38956252138223	0.38956252138223	0	0	0	0	9.8	0.3	0.3	0.3	0.3	0.3	0.3	0.3	0.3	0.3	0.3	0.3	0.3	0.3	0.3	0.3	0.3	0	0	0	0	0	0	0	0	0	0	0	0	0	0	0	0
0.417	0.191586812290793	0.454	-0.785398163397448	0	0	-0.386222406980106	0.386222406980106	0	0	0	0	9.8	0.3	0.3	0.3	0.3	0.3	0.3	0.3	0.3	0.3	0.3	0.3	0.3	0.3	0.3	0.3	0.3	0	0	0	0	0	0	0	0	0	0	0	0	0	0	0	0
0.417	0.19702466695073	0.454	-0.785398163397448	0	0	-0.382791330057539	0.382791330057539	0	0	0	0	9.8	0.3	0.3	0.3	0.3	0.3	0.3	0.3	0.3	0.3	0.3	0.3	0.3	0.3	0.3	0.3	0.3	0	0	0	0	0	0	0	0	0	0	0	0	0	0	0	0
0.417	0.202413363954377	0.454	-0.785398163397448	0	0	-0.379270703694909	0.379270703694909	0	0	0	0	9.8	0.3	0.3	0.3	0.3	0.3	0.3	0.3	0.3	0.3	0.3	0.3	0.3	0.3	0.3	0.3	0.3	0	0	0	0	0	0	0	0	0	0	0	0	0	0	0	0
0.417	0.2077516471296	0.454	-0.785398163397448	0	0	-0.375661984451993	0.375661984451993	0	0	0	0	9.8	0.3	0.3	0.3	0.3	0.3	0.3	0.3	0.3	0.3	0.3	0.3	0.3	0.3	0.3	0.3	0.3	0	0	0	0	0	0	0	0	0	0	0	0	0	0	0	0
0.417	0.213038281210577	0.454	-0.785398163397448	0	0	-0.371966672367966	0.371966672367966	0	0	0	0	9.8	0.3	0.3	0.3	0.3	0.3	0.3	0.3	0.3	0.3	0.3	0.3	0.3	0.3	0.3	0.3	0.3	0	0	0	0	0	0	0	0	0	0	0	0	0	0	0	0
0.417	0.218272052452688	0.454	-0.785398163397448	0	0	-0.368186310961398	0.368186310961398	0	0	0	0	9.8	0.3	0.3	0.3	0.3	0.3	0.3	0.3	0.3	0.3	0.3	0.3	0.3	0.3	0.3	0.3	0.3	0	0	0	0	0	0	0	0	0	0	0	0	0	0	0	0
0.417	0.223451769247408	0.454	-0.785398163397448	0	0	-0.364322487230256	0.364322487230257	0	0	0	0	9.8	0.3	0.3	0.3	0.3	0.3	0.3	0.3	0.3	0.3	0.3	0.3	0.3	0.3	0.3	0.3	0.3	0	0	0	0	0	0	0	0	0	0	0	0	0	0	0	0
0.417	0.228576262737199	0.454	-0.785398163397448	0	0	-0.360376831651903	0.360376831651904	0	0	0	0	9.8	0.3	0.3	0.3	0.3	0.3	0.3	0.3	0.3	0.3	0.3	0.3	0.3	0.3	0.3	0.3	0.3	0	0	0	0	0	0	0	0	0	0	0	0	0	0	0	0
0.417	0.2336443874304	0.454	-0.785398163397448	0	0	-0.356351018183098	0.356351018183099	0	0	0	0	9.8	0.3	0.3	0.3	0.3	0.3	0.3	0.3	0.3	0.3	0.3	0.3	0.3	0.3	0.3	0.3	0.3	0	0	0	0	0	0	0	0	0	0	0	0	0	0	0	0
0.417	0.238655021816119	0.454	-0.785398163397448	0	0	-0.352246764259998	0.352246764259998	0	0	0	0	9.8	0.3	0.3	0.3	0.3	0.3	0.3	0.3	0.3	0.3	0.3	0.3	0.3	0.3	0.3	0.3	0.3	0	0	0	0	0	0	0	0	0	0	0	0	0	0	0	0
0.417	0.243607068979126	0.454	-0.785398163397448	0	0	-0.348065830798153	0.348065830798153	0	0	0	0	9.8	0.3	0.3	0.3	0.3	0.3	0.3	0.3	0.3	0.3	0.3	0.3	0.3	0.3	0.3	0.3	0.3	0	0	0	0	0	0	0	0	0	0	0	0	0	0	0	0
0.417	0.248499457214742	0.454	-0.785398163397448	0	0	-0.343810022192514	0.343810022192514	0	0	0	0	9.8	0.3	0.3	0.3	0.3	0.3	0.3	0.3	0.3	0.3	0.3	0.3	0.3	0.3	0.3	0.3	0.3	0	0	0	0	0	0	0	0	0	0	0	0	0	0	0	0
0.417	0.253331140643733	0.454	-0.785398163397448	0	0	-0.339481186317424	0.339481186317424	0	0	0	0	9.8	0.3	0.3	0.3	0.3	0.3	0.3	0.3	0.3	0.3	0.3	0.3	0.3	0.3	0.3	0.3	0.3	0	0	0	0	0	0	0	0	0	0	0	0	0	0	0	0
0.417	0.2581010998272	0.454	-0.785398163397448	0	0	-0.335081214526624	0.335081214526624	0	0	0	0	9.8	0.3	0.3	0.3	0.3	0.3	0.3	0.3	0.3	0.3	0.3	0.3	0.3	0.3	0.3	0.3	0.3	0	0	0	0	0	0	0	0	0	0	0	0	0	0	0	0
0.417	0.26280834238147	0.454	-0.785398163397448	0	0	-0.330612041653252	0.330612041653252	0	0	0	0	9.8	0.3	0.3	0.3	0.3	0.3	0.3	0.3	0.3	0.3	0.3	0.3	0.3	0.3	0.3	0.3	0.3	0	0	0	0	0	0	0	0	0	0	0	0	0	0	0	0
0.417	0.267451903592989	0.454	-0.785398163397448	0	0	-0.326075646009842	0.326075646009842	0	0	0	0	9.8	0.3	0.3	0.3	0.3	0.3	0.3	0.3	0.3	0.3	0.3	0.3	0.3	0.3	0.3	0.3	0.3	0	0	0	0	0	0	0	0	0	0	0	0	0	0	0	0
0.417	0.272030847033213	0.454	-0.785398163397448	0	0	-0.321474049388325	0.321474049388325	0	0	0	0	9.8	0.3	0.3	0.3	0.3	0.3	0.3	0.3	0.3	0.3	0.3	0.3	0.3	0.3	0.3	0.3	0.3	0	0	0	0	0	0	0	0	0	0	0	0	0	0	0	0
0.417	0.2765442651735	0.454	-0.785398163397448	0	0	-0.316809317060026	0.316809317060026	0	0	0	0	9.8	0.3	0.3	0.3	0.3	0.3	0.3	0.3	0.3	0.3	0.3	0.3	0.3	0.3	0.3	0.3	0.3	0	0	0	0	0	0	0	0	0	0	0	0	0	0	0	0
0.417	0.28099128	0.454	-0.785398163397448	0	0	-0.31208355777567	0.31208355777567	0	0	0	0	9.8	0.3	0.3	0.3	0.3	0.3	0.3	0.3	0.3	0.3	0.3	0.3	0.3	0.3	0.3	0.3	0.3	0	0	0	0	0	0	0	0	0	0	0	0	0	0	0	0
0.417	0.285371043628548	0.454	-0.785398163397448	0	0	-0.307298923765374	0.307298923765374	0	0	0	0	9.8	0.3	0.3	0.3	0.3	0.3	0.3	0.3	0.3	0.3	0.3	0.3	0.3	0.3	0.3	0.3	0.3	0	0	0	0	0	0	0	0	0	0	0	0	0	0	0	0
0.417	0.289682738919555	0.454	-0.785398163397448	0	0	-0.302457610738655	0.302457610738655	0	0	0	0	9.8	0.3	0.3	0.3	0.3	0.3	0.3	0.3	0.3	0.3	0.3	0.3	0.3	0.3	0.3	0.3	0.3	0	0	0	0	0	0	0	0	0	0	0	0	0	0	0	0
0.417	0.293925580092899	0.454	-0.785398163397448	0	0	-0.297561857884423	0.297561857884423	0	0	0	0	9.8	0.3	0.3	0.3	0.3	0.3	0.3	0.3	0.3	0.3	0.3	0.3	0.3	0.3	0.3	0.3	0.3	0	0	0	0	0	0	0	0	0	0	0	0	0	0	0	0
0.417	0.298098813342818	0.454	-0.785398163397448	0	0	-0.29261394787099	0.29261394787099	0	0	0	0	9.8	0.3	0.3	0.3	0.3	0.3	0.3	0.3	0.3	0.3	0.3	0.3	0.3	0.3	0.3	0.3	0.3	0	0	0	0	0	0	0	0	0	0	0	0	0	0	0	0
0.417	0.3022017174528	0.454	-0.785398163397448	0	0	-0.287616206846057	0.287616206846057	0	0	0	0	9.8	0.3	0.3	0.3	0.3	0.3	0.3	0.3	0.3	0.3	0.3	0.3	0.3	0.3	0.3	0.3	0.3	0	0	0	0	0	0	0	0	0	0	0	0	0	0	0	0
0.417	0.306233604410474	0.454	-0.785398163397448	0	0	-0.282571004436727	0.282571004436727	0	0	0	0	9.8	0.3	0.3	0.3	0.3	0.3	0.3	0.3	0.3	0.3	0.3	0.3	0.3	0.3	0.3	0.3	0.3	0	0	0	0	0	0	0	0	0	0	0	0	0	0	0	0
0.417	0.310193820022506	0.454	-0.785398163397448	0	0	-0.277480753749497	0.277480753749497	0	0	0	0	9.8	0.3	0.3	0.3	0.3	0.3	0.3	0.3	0.3	0.3	0.3	0.3	0.3	0.3	0.3	0.3	0.3	0	0	0	0	0	0	0	0	0	0	0	0	0	0	0	0
0.417	0.314081744529482	0.454	-0.785398163397448	0	0	-0.27234791137026	0.27234791137026	0	0	0	0	9.8	0.3	0.3	0.3	0.3	0.3	0.3	0.3	0.3	0.3	0.3	0.3	0.3	0.3	0.3	0.3	0.3	0	0	0	0	0	0	0	0	0	0	0	0	0	0	0	0
0.417	0.317896793220808	0.454	-0.785398163397448	0	0	-0.267174977364307	0.267174977364307	0	0	0	0	9.8	0.3	0.3	0.3	0.3	0.3	0.3	0.3	0.3	0.3	0.3	0.3	0.3	0.3	0.3	0.3	0.3	0	0	0	0	0	0	0	0	0	0	0	0	0	0	0	0
0.417	0.3216384170496	0.454	-0.785398163397448	0	0	-0.261964495276323	0.261964495276323	0	0	0	0	9.8	0.3	0.3	0.3	0.3	0.3	0.3	0.3	0.3	0.3	0.3	0.3	0.3	0.3	0.3	0.3	0.3	0	0	0	0	0	0	0	0	0	0	0	0	0	0	0	0
0.417	0.325306103247569	0.454	-0.785398163397448	0	0	-0.256719052130393	0.256719052130393	0	0	0	0	9.8	0.3	0.3	0.3	0.3	0.3	0.3	0.3	0.3	0.3	0.3	0.3	0.3	0.3	0.3	0.3	0.3	0	0	0	0	0	0	0	0	0	0	0	0	0	0	0	0
0.417	0.32889937593992	0.454	-0.785398163397448	0	0	-0.251441278429994	0.251441278429994	0	0	0	0	9.8	0.3	0.3	0.3	0.3	0.3	0.3	0.3	0.3	0.3	0.3	0.3	0.3	0.3	0.3	0.3	0.3	0	0	0	0	0	0	0	0	0	0	0	0	0	0	0	0
0.417	0.33241779676024	0.454	-0.785398163397448	0	0	-0.246133848158003	0.246133848158003	0	0	0	0	9.8	0.3	0.3	0.3	0.3	0.3	0.3	0.3	0.3	0.3	0.3	0.3	0.3	0.3	0.3	0.3	0.3	0	0	0	0	0	0	0	0	0	0	0	0	0	0	0	0
0.417	0.335860965465391	0.454	-0.785398163397448	0	0	-0.24079947877669	0.24079947877669	0	0	0	0	9.8	0.3	0.3	0.3	0.3	0.3	0.3	0.3	0.3	0.3	0.3	0.3	0.3	0.3	0.3	0.3	0.3	0	0	0	0	0	0	0	0	0	0	0	0	0	0	0	0
0.417	0.3392285205504	0.454	-0.785398163397448	0	0	-0.235440931227725	0.235440931227725	0	0	0	0	9.8	0.3	0.3	0.3	0.3	0.3	0.3	0.3	0.3	0.3	0.3	0.3	0.3	0.3	0.3	0.3	0.3	0	0	0	0	0	0	0	0	0	0	0	0	0	0	0	0
0.417	0.342520139863351	0.454	-0.785398163397448	0	0	-0.23006100993217	0.23006100993217	0	0	0	0	9.8	0.3	0.3	0.3	0.3	0.3	0.3	0.3	0.3	0.3	0.3	0.3	0.3	0.3	0.3	0.3	0.3	0	0	0	0	0	0	0	0	0	0	0	0	0	0	0	0
0.417	0.345735541220278	0.454	-0.785398163397448	0	0	-0.224662562790489	0.22466256279049	0	0	0	0	9.8	0.3	0.3	0.3	0.3	0.3	0.3	0.3	0.3	0.3	0.3	0.3	0.3	0.3	0.3	0.3	0.3	0	0	0	0	0	0	0	0	0	0	0	0	0	0	0	0
0.417	0.348874483020054	0.454	-0.785398163397448	0	0	-0.219248481182538	0.219248481182538	0	0	0	0	9.8	0.3	0.3	0.3	0.3	0.3	0.3	0.3	0.3	0.3	0.3	0.3	0.3	0.3	0.3	0.3	0.3	0	0	0	0	0	0	0	0	0	0	0	0	0	0	0	0
0.417	0.351936764859286	0.454	-0.785398163397448	0	0	-0.213821699967569	0.213821699967569	0	0	0	0	9.8	0.3	0.3	0.3	0.3	0.3	0.3	0.3	0.3	0.3	0.3	0.3	0.3	0.3	0.3	0.3	0.3	0	0	0	0	0	0	0	0	0	0	0	0	0	0	0	0
0.417	0.3549222281472	0.454	-0.785398163397448	0	0	-0.208385197484234	0.208385197484234	0	0	0	0	9.8	0.3	0.3	0.3	0.3	0.3	0.3	0.3	0.3	0.3	0.3	0.3	0.3	0.3	0.3	0.3	0.3	0	0	0	0	0	0	0	0	0	0	0	0	0	0	0	0
0.417	0.357830756720542	0.454	-0.785398163397448	0	0	-0.202941995550578	0.202941995550578	0	0	0	0	9.8	0.3	0.3	0.3	0.3	0.3	0.3	0.3	0.3	0.3	0.3	0.3	0.3	0.3	0.3	0.3	0.3	0	0	0	0	0	0	0	0	0	0	0	0	0	0	0	0
0.417	0.360662277458461	0.454	-0.785398163397448	0	0	-0.197495159464043	0.197495159464043	0	0	0	0	9.8	0.3	0.3	0.3	0.3	0.3	0.3	0.3	0.3	0.3	0.3	0.3	0.3	0.3	0.3	0.3	0.3	0	0	0	0	0	0	0	0	0	0	0	0	0	0	0	0
0.417	0.363416760897404	0.454	-0.785398163397448	0	0	-0.192047798001469	0.19204779800147	0	0	0	0	9.8	0.3	0.3	0.3	0.3	0.3	0.3	0.3	0.3	0.3	0.3	0.3	0.3	0.3	0.3	0.3	0.3	0	0	0	0	0	0	0	0	0	0	0	0	0	0	0	0
0.417	0.366094221846012	0.454	-0.785398163397448	0	0	-0.186603063419092	0.186603063419092	0	0	0	0	9.8	0.3	0.3	0.3	0.3	0.3	0.3	0.3	0.3	0.3	0.3	0.3	0.3	0.3	0.3	0.3	0.3	0	0	0	0	0	0	0	0	0	0	0	0	0	0	0	0
0.417	0.36869472	0.454	-0.785398163397448	0	0	-0.181164151452543	0.181164151452543	0	0	0	0	9.8	0.3	0.3	0.3	0.3	0.3	0.3	0.3	0.3	0.3	0.3	0.3	0.3	0.3	0.3	0.3	0.3	0	0	0	0	0	0	0	0	0	0	0	0	0	0	0	0
0.417	0.37121836055706	0.454	-0.785398163397448	0	0	-0.175734301316849	0.175734301316849	0	0	0	0	9.8	0.3	0.3	0.3	0.3	0.3	0.3	0.3	0.3	0.3	0.3	0.3	0.3	0.3	0.3	0.3	0.3	0	0	0	0	0	0	0	0	0	0	0	0	0	0	0	0
0.417	0.373665294831747	0.454	-0.785398163397448	0	0	-0.170316795706434	0.170316795706434	0	0	0	0	9.8	0.3	0.3	0.3	0.3	0.3	0.3	0.3	0.3	0.3	0.3	0.3	0.3	0.3	0.3	0.3	0.3	0	0	0	0	0	0	0	0	0	0	0	0	0	0	0	0
0.417	0.376035720870372	0.454	-0.785398163397448	0	0	-0.164914960795121	0.164914960795121	0	0	0	0	9.8	0.3	0.3	0.3	0.3	0.3	0.3	0.3	0.3	0.3	0.3	0.3	0.3	0.3	0.3	0.3	0.3	0	0	0	0	0	0	0	0	0	0	0	0	0	0	0	0
0.417	0.37832988406589	0.454	-0.785398163397448	0	0	-0.159532166236125	0.159532166236125	0	0	0	0	9.8	0.3	0.3	0.3	0.3	0.3	0.3	0.3	0.3	0.3	0.3	0.3	0.3	0.3	0.3	0.3	0.3	0	0	0	0	0	0	0	0	0	0	0	0	0	0	0	0
0.417	0.380548077772799	0.454	-0.785398163397448	0	0	-0.15417182516206	0.15417182516206	0	0	0	0	9.8	0.3	0.3	0.3	0.3	0.3	0.3	0.3	0.3	0.3	0.3	0.3	0.3	0.3	0.3	0.3	0.3	0	0	0	0	0	0	0	0	0	0	0	0	0	0	0	0
0.417	0.382690643922026	0.454	-0.785398163397448	0	0	-0.148837394184936	0.148837394184936	0	0	0	0	9.8	0.3	0.3	0.3	0.3	0.3	0.3	0.3	0.3	0.3	0.3	0.3	0.3	0.3	0.3	0.3	0.3	0	0	0	0	0	0	0	0	0	0	0	0	0	0	0	0
0.417	0.384757973635817	0.454	-0.785398163397448	0	0	-0.143532373396159	0.143532373396159	0	0	0	0	9.8	0.3	0.3	0.3	0.3	0.3	0.3	0.3	0.3	0.3	0.3	0.3	0.3	0.3	0.3	0.3	0.3	0	0	0	0	0	0	0	0	0	0	0	0	0	0	0	0
0.417	0.386750507842634	0.454	-0.785398163397448	0	0	-0.138260306366531	0.138260306366531	0	0	0	0	9.8	0.3	0.3	0.3	0.3	0.3	0.3	0.3	0.3	0.3	0.3	0.3	0.3	0.3	0.3	0.3	0.3	0	0	0	0	0	0	0	0	0	0	0	0	0	0	0	0
0.417	0.388668737892041	0.454	-0.785398163397448	0	0	-0.133024780146251	0.133024780146251	0	0	0	0	9.8	0.3	0.3	0.3	0.3	0.3	0.3	0.3	0.3	0.3	0.3	0.3	0.3	0.3	0.3	0.3	0.3	0	0	0	0	0	0	0	0	0	0	0	0	0	0	0	0
0.417	0.3905132061696	0.454	-0.785398163397448	0	0	-0.127829425264914	0.127829425264914	0	0	0	0	9.8	0.3	0.3	0.3	0.3	0.3	0.3	0.3	0.3	0.3	0.3	0.3	0.3	0.3	0.3	0.3	0.3	0	0	0	0	0	0	0	0	0	0	0	0	0	0	0	0
0.417	0.39228450671176	0.454	-0.785398163397448	0	0	-0.122677915731511	0.122677915731511	0	0	0	0	9.8	0.3	0.3	0.3	0.3	0.3	0.3	0.3	0.3	0.3	0.3	0.3	0.3	0.3	0.3	0.3	0.3	0	0	0	0	0	0	0	0	0	0	0	0	0	0	0	0
0.417	0.393983285820752	0.454	-0.785398163397448	0	0	-0.117573969034431	0.117573969034431	0	0	0	0	9.8	0.3	0.3	0.3	0.3	0.3	0.3	0.3	0.3	0.3	0.3	0.3	0.3	0.3	0.3	0.3	0.3	0	0	0	0	0	0	0	0	0	0	0	0	0	0	0	0
0.417	0.395610242679471	0.454	-0.785398163397448	0	0	-0.112521346141458	0.112521346141458	0	0	0	0	9.8	0.3	0.3	0.3	0.3	0.3	0.3	0.3	0.3	0.3	0.3	0.3	0.3	0.3	0.3	0.3	0.3	0	0	0	0	0	0	0	0	0	0	0	0	0	0	0	0
0.417	0.397166129966382	0.454	-0.785398163397448	0	0	-0.107523851499771	0.107523851499771	0	0	0	0	9.8	0.3	0.3	0.3	0.3	0.3	0.3	0.3	0.3	0.3	0.3	0.3	0.3	0.3	0.3	0.3	0.3	0	0	0	0	0	0	0	0	0	0	0	0	0	0	0	0
0.417	0.3986517544704	0.454	-0.785398163397448	0	0	-0.102585333035949	0.102585333035949	0	0	0	0	9.8	0.3	0.3	0.3	0.3	0.3	0.3	0.3	0.3	0.3	0.3	0.3	0.3	0.3	0.3	0.3	0.3	0	0	0	0	0	0	0	0	0	0	0	0	0	0	0	0
0.417	0.400067977705783	0.454	-0.785398163397448	0	0	-0.097709682155963	0.097709682155963	0	0	0	0	9.8	0.3	0.3	0.3	0.3	0.3	0.3	0.3	0.3	0.3	0.3	0.3	0.3	0.3	0.3	0.3	0.3	0	0	0	0	0	0	0	0	0	0	0	0	0	0	0	0
0.417	0.401415716527031	0.454	-0.785398163397448	0	0	-0.0929008337451834	0.0929008337451834	0	0	0	0	9.8	0.3	0.3	0.3	0.3	0.3	0.3	0.3	0.3	0.3	0.3	0.3	0.3	0.3	0.3	0.3	0.3	0	0	0	0	0	0	0	0	0	0	0	0	0	0	0	0
0.417	0.402695943743767	0.454	-0.785398163397448	0	0	-0.0881627661683771	0.0881627661683771	0	0	0	0	9.8	0.3	0.3	0.3	0.3	0.3	0.3	0.3	0.3	0.3	0.3	0.3	0.3	0.3	0.3	0.3	0.3	0	0	0	0	0	0	0	0	0	0	0	0	0	0	0	0
0.417	0.403909688735638	0.454	-0.785398163397448	0	0	-0.0834995012697052	0.0834995012697052	0	0	0	0	9.8	0.3	0.3	0.3	0.3	0.3	0.3	0.3	0.3	0.3	0.3	0.3	0.3	0.3	0.3	0.3	0.3	0	0	0	0	0	0	0	0	0	0	0	0	0	0	0	0
0.417	0.4050580380672	0.454	-0.785398163397448	0	0	-0.0789151043727269	0.0789151043727269	0	0	0	0	9.8	0.3	0.3	0.3	0.3	0.3	0.3	0.3	0.3	0.3	0.3	0.3	0.3	0.3	0.3	0.3	0.3	0	0	0	0	0	0	0	0	0	0	0	0	0	0	0	0
0.417	0.406142136102814	0.454	-0.785398163397448	0	0	-0.074413684280397	0.074413684280397	0	0	0	0	9.8	0.3	0.3	0.3	0.3	0.3	0.3	0.3	0.3	0.3	0.3	0.3	0.3	0.3	0.3	0.3	0.3	0	0	0	0	0	0	0	0	0	0	0	0	0	0	0	0
0.417	0.407163185621533	0.454	-0.785398163397448	0	0	-0.0699993932750664	0.0699993932750664	0	0	0	0	9.8	0.3	0.3	0.3	0.3	0.3	0.3	0.3	0.3	0.3	0.3	0.3	0.3	0.3	0.3	0.3	0.3	0	0	0	0	0	0	0	0	0	0	0	0	0	0	0	0
0.417	0.408122448431996	0.454	-0.785398163397448	0	0	-0.0656764271184826	0.0656764271184826	0	0	0	0	9.8	0.3	0.3	0.3	0.3	0.3	0.3	0.3	0.3	0.3	0.3	0.3	0.3	0.3	0.3	0.3	0.3	0	0	0	0	0	0	0	0	0	0	0	0	0	0	0	0
0.417	0.409021245987324	0.454	-0.785398163397448	0	0	-0.0614490250517908	0.0614490250517908	0	0	0	0	9.8	0.3	0.3	0.3	0.3	0.3	0.3	0.3	0.3	0.3	0.3	0.3	0.3	0.3	0.3	0.3	0.3	0	0	0	0	0	0	0	0	0	0	0	0	0	0	0	0
0.417	0.409860959999999	0.454	-0.785398163397448	0	0	-0.0573214697955302	0.0573214697955302	0	0	0	0	9.8	0.3	0.3	0.3	0.3	0.3	0.3	0.3	0.3	0.3	0.3	0.3	0.3	0.3	0.3	0.3	0.3	0	0	0	0	0	0	0	0	0	0	0	0	0	0	0	0
0.417	0.410643033056771	0.454	-0.785398163397448	0	0	-0.0532980875496381	0.0532980875496381	0	0	0	0	9.8	0.3	0.3	0.3	0.3	0.3	0.3	0.3	0.3	0.3	0.3	0.3	0.3	0.3	0.3	0.3	0.3	0	0	0	0	0	0	0	0	0	0	0	0	0	0	0	0
0.417	0.411368969233539	0.454	-0.785398163397448	0	0	-0.0493832479934475	0.0493832479934475	0	0	0	0	9.8	0.3	0.3	0.3	0.3	0.3	0.3	0.3	0.3	0.3	0.3	0.3	0.3	0.3	0.3	0.3	0.3	0	0	0	0	0	0	0	0	0	0	0	0	0	0	0	0
0.417	0.412040334710243	0.454	-0.785398163397448	0	0	-0.0455813642856871	0.0455813642856871	0	0	0	0	9.8	0.3	0.3	0.3	0.3	0.3	0.3	0.3	0.3	0.3	0.3	0.3	0.3	0.3	0.3	0.3	0.3	0	0	0	0	0	0	0	0	0	0	0	0	0	0	0	0
0.417	0.412658758385761	0.454	-0.785398163397448	0	0	-0.0418968930644834	0.0418968930644834	0	0	0	0	9.8	0.3	0.3	0.3	0.3	0.3	0.3	0.3	0.3	0.3	0.3	0.3	0.3	0.3	0.3	0.3	0.3	0	0	0	0	0	0	0	0	0	0	0	0	0	0	0	0
0.417	0.413225932492799	0.454	-0.785398163397448	0	0	-0.038334334447357	0.038334334447357	0	0	0	0	9.8	0.3	0.3	0.3	0.3	0.3	0.3	0.3	0.3	0.3	0.3	0.3	0.3	0.3	0.3	0.3	0.3	0	0	0	0	0	0	0	0	0	0	0	0	0	0	0	0
0.417	0.413743613212778	0.454	-0.785398163397448	0	0	-0.0348982320312284	0.0348982320312284	0	0	0	0	9.8	0.3	0.3	0.3	0.3	0.3	0.3	0.3	0.3	0.3	0.3	0.3	0.3	0.3	0.3	0.3	0.3	0	0	0	0	0	0	0	0	0	0	0	0	0	0	0	0
0.417	0.414213621290729	0.454	-0.785398163397448	0	0	-0.0315931728924118	0.0315931728924118	0	0	0	0	9.8	0.3	0.3	0.3	0.3	0.3	0.3	0.3	0.3	0.3	0.3	0.3	0.3	0.3	0.3	0.3	0.3	0	0	0	0	0	0	0	0	0	0	0	0	0	0	0	0
0.417	0.414637842650184	0.454	-0.785398163397448	0	0	-0.0284237875866175	0.0284237875866175	0	0	0	0	9.8	0.3	0.3	0.3	0.3	0.3	0.3	0.3	0.3	0.3	0.3	0.3	0.3	0.3	0.3	0.3	0.3	0	0	0	0	0	0	0	0	0	0	0	0	0	0	0	0
0.417	0.415018229008072	0.454	-0.785398163397448	0	0	-0.0253947501489538	0.0253947501489538	0	0	0	0	9.8	0.3	0.3	0.3	0.3	0.3	0.3	0.3	0.3	0.3	0.3	0.3	0.3	0.3	0.3	0.3	0.3	0	0	0	0	0	0	0	0	0	0	0	0	0	0	0	0
0.417	0.415356798489599	0.454	-0.785398163397448	0	0	-0.0225107780939244	0.0225107780939244	0	0	0	0	9.8	0.3	0.3	0.3	0.3	0.3	0.3	0.3	0.3	0.3	0.3	0.3	0.3	0.3	0.3	0.3	0.3	0	0	0	0	0	0	0	0	0	0	0	0	0	0	0	0
0.417	0.415655636243152	0.454	-0.785398163397448	0	0	-0.0197766324154282	0.0197766324154282	0	0	0	0	9.8	0.3	0.3	0.3	0.3	0.3	0.3	0.3	0.3	0.3	0.3	0.3	0.3	0.3	0.3	0.3	0.3	0	0	0	0	0	0	0	0	0	0	0	0	0	0	0	0
0.417	0.415916895055184	0.454	-0.785398163397448	0	0	-0.0171971175867637	0.0171971175867637	0	0	0	0	9.8	0.3	0.3	0.3	0.3	0.3	0.3	0.3	0.3	0.3	0.3	0.3	0.3	0.3	0.3	0.3	0.3	0	0	0	0	0	0	0	0	0	0	0	0	0	0	0	0
0.417	0.416142795965104	0.454	-0.785398163397448	0	0	-0.0147770815606231	0.0147770815606231	0	0	0	0	9.8	0.3	0.3	0.3	0.3	0.3	0.3	0.3	0.3	0.3	0.3	0.3	0.3	0.3	0.3	0.3	0.3	0	0	0	0	0	0	0	0	0	0	0	0	0	0	0	0
0.417	0.416335628880174	0.454	-0.785398163397448	0	0	-0.012521415769095	0.012521415769095	0	0	0	0	9.8	0.3	0.3	0.3	0.3	0.3	0.3	0.3	0.3	0.3	0.3	0.3	0.3	0.3	0.3	0.3	0.3	0	0	0	0	0	0	0	0	0	0	0	0	0	0	0	0
0.417	0.4164977531904	0.454	-0.785398163397448	0	0	-0.0104350551236656	0.0104350551236656	0	0	0	0	9.8	0.3	0.3	0.3	0.3	0.3	0.3	0.3	0.3	0.3	0.3	0.3	0.3	0.3	0.3	0.3	0.3	0	0	0	0	0	0	0	0	0	0	0	0	0	0	0	0
0.417	0.416631598383415	0.454	-0.785398163397448	0	0	-0.0085229780152161	0.0085229780152161	0	0	0	0	9.8	0.3	0.3	0.3	0.3	0.3	0.3	0.3	0.3	0.3	0.3	0.3	0.3	0.3	0.3	0.3	0.3	0	0	0	0	0	0	0	0	0	0	0	0	0	0	0	0
0.417	0.416739664659382	0.454	-0.785398163397448	0	0	-0.0067902063140255	0.0067902063140255	0	0	0	0	9.8	0.3	0.3	0.3	0.3	0.3	0.3	0.3	0.3	0.3	0.3	0.3	0.3	0.3	0.3	0.3	0.3	0	0	0	0	0	0	0	0	0	0	0	0	0	0	0	0
0.417	0.416824523545878	0.454	-0.785398163397448	0	0	-0.00524180536976765	0.00524180536976765	0	0	0	0	9.8	0.3	0.3	0.3	0.3	0.3	0.3	0.3	0.3	0.3	0.3	0.3	0.3	0.3	0.3	0.3	0.3	0	0	0	0	0	0	0	0	0	0	0	0	0	0	0	0
0.417	0.416888818512789	0.454	-0.785398163397448	0	0	-0.00388288401151507	0.00388288401151507	0	0	0	0	9.8	0.3	0.3	0.3	0.3	0.3	0.3	0.3	0.3	0.3	0.3	0.3	0.3	0.3	0.3	0.3	0.3	0	0	0	0	0	0	0	0	0	0	0	0	0	0	0	0
0.417	0.4169352655872	0.454	-0.785398163397448	0	0	-0.00271859454773351	0.00271859454773352	0	0	0	0	9.8	0.3	0.3	0.3	0.3	0.3	0.3	0.3	0.3	0.3	0.3	0.3	0.3	0.3	0.3	0.3	0.3	0	0	0	0	0	0	0	0	0	0	0	0	0	0	0	0
0.417	0.416966653968284	0.454	-0.785398163397448	0	0	-0.00175413276628743	0.00175413276628743	0	0	0	0	9.8	0.3	0.3	0.3	0.3	0.3	0.3	0.3	0.3	0.3	0.3	0.3	0.3	0.3	0.3	0.3	0.3	0	0	0	0	0	0	0	0	0	0	0	0	0	0	0	0
0.417	0.416985846642204	0.454	-0.785398163397448	0	0	-0.000994737934436024	0.000994737934436025	0	0	0	0	9.8	0.3	0.3	0.3	0.3	0.3	0.3	0.3	0.3	0.3	0.3	0.3	0.3	0.3	0.3	0.3	0.3	0	0	0	0	0	0	0	0	0	0	0	0	0	0	0	0
0.417	0.416995780996989	0.454	-0.785398163397448	0	0	-0.000445692798836452	0.000445692798836453	0	0	0	0	9.8	0.3	0.3	0.3	0.3	0.3	0.3	0.3	0.3	0.3	0.3	0.3	0.3	0.3	0.3	0.3	0.3	0	0	0	0	0	0	0	0	0	0	0	0	0	0	0	0
0.417	0.416999469437435	0.454	-0.785398163397448	0	0	-0.000112323585541424	0.000112323585541424	0	0	0	0	9.8	0.3	0.3	0.3	0.3	0.3	0.3	0.3	0.3	0.3	0.3	0.3	0.3	0.3	0.3	0.3	0.3	0	0	0	0	0	0	0	0	0	0	0	0	0	0	0	0
0.417	0.416999999999999	0.454	-0.785398163397448	0	0	1.63682138817784e-15	-1.63682138817784e-15	-0	0	0	0	9.8	0.3	0.3	0.3	0.3	0.3	0.3	0.3	0.3	0.3	0.3	0.3	0.3	0.3	0.3	0.3	0.3	0	0	0	0	0	0	0	0	0	0	0	0	0	0	0	0
